#!ascii label  , from subject 3551 vox2ras=TkReg
1144
39353  -7.838  -47.612  66.317 0.0000000000
52879  -30.017  -36.519  57.627 0.0000000000
62228  -30.549  -29.181  53.932 0.0000000000
50264  -25.430  -37.051  62.310 0.0000000000
71460  -38.199  -21.375  47.059 0.0000000000
61143  -35.265  -29.164  45.636 0.0000000000
52794  -30.957  -35.451  63.787 0.0000000000
50307  -28.413  -38.753  60.495 0.0000000000
73829  -43.944  -18.016  49.934 0.0000000000
77689  -47.976  -15.554  47.251 0.0000000000
81258  -51.113  -12.941  43.837 0.0000000000
64717  -35.220  -26.040  55.568 0.0000000000
63587  -32.600  -27.659  48.681 0.0000000000
62253  -37.823  -27.297  51.567 0.0000000000
61113  -40.668  -28.884  49.123 0.0000000000
47933  -19.667  -40.058  61.172 0.0000000000
35498  -6.302  -50.340  68.732 0.0000000000
57530  -29.532  -33.264  56.752 0.0000000000
62173  -31.779  -28.653  60.033 0.0000000000
51696  -21.279  -38.650  58.228 0.0000000000
52892  -25.524  -37.415  55.906 0.0000000000
79053  -50.732  -15.659  39.140 0.0000000000
84520  -53.900  -10.876  42.712 0.0000000000
64856  -37.475  -27.455  45.487 0.0000000000
69240  -42.142  -23.059  50.497 0.0000000000
43102  -9.951  -44.230  63.673 0.0000000000
28927  -5.266  -55.719  65.208 0.0000000000
77676  -46.511  -16.175  48.738 0.0000000000
64744  -36.452  -25.841  53.208 0.0000000000
47972  -18.382  -40.710  59.046 0.0000000000
38161  -7.138  -49.053  66.939 0.0000000000
55190  -29.411  -35.668  54.666 0.0000000000
56342  -29.903  -34.650  57.519 0.0000000000
52839  -22.768  -36.539  60.077 0.0000000000
52875  -23.336  -36.720  57.174 0.0000000000
51684  -25.722  -36.924  59.741 0.0000000000
51686  -29.970  -38.220  59.477 0.0000000000
50385  -28.337  -39.317  57.302 0.0000000000
50439  -30.210  -38.476  55.717 0.0000000000
51605  -24.359  -36.384  63.445 0.0000000000
51618  -21.250  -36.772  62.063 0.0000000000
77777  -44.688  -16.115  42.020 0.0000000000
79042  -49.521  -15.447  39.922 0.0000000000
81267  -52.771  -12.890  42.926 0.0000000000
62312  -33.872  -27.803  47.096 0.0000000000
62355  -36.658  -29.012  44.770 0.0000000000
64819  -40.953  -26.583  49.158 0.0000000000
46823  -14.470  -41.321  61.734 0.0000000000
45606  -12.967  -42.119  63.199 0.0000000000
44344  -11.377  -43.067  64.525 0.0000000000
44378  -11.438  -43.741  61.206 0.0000000000
31540  -6.406  -54.682  62.967 0.0000000000
52842  -30.825  -36.371  60.481 0.0000000000
55116  -30.840  -34.858  60.852 0.0000000000
55092  -31.620  -33.994  64.002 0.0000000000
50232  -26.664  -37.661  64.388 0.0000000000
50305  -26.934  -38.095  60.788 0.0000000000
50252  -28.319  -37.412  63.458 0.0000000000
51642  -29.934  -37.712  61.903 0.0000000000
73848  -41.206  -19.748  48.493 0.0000000000
75116  -43.376  -17.762  46.793 0.0000000000
77736  -45.630  -16.222  44.942 0.0000000000
77752  -47.317  -15.630  43.645 0.0000000000
79000  -48.833  -15.354  42.510 0.0000000000
78946  -48.637  -14.108  46.041 0.0000000000
63510  -32.380  -27.238  55.111 0.0000000000
63557  -31.263  -27.702  51.299 0.0000000000
64765  -33.846  -26.328  52.529 0.0000000000
63560  -35.543  -26.592  50.663 0.0000000000
62297  -36.829  -28.240  49.174 0.0000000000
59887  -38.115  -29.399  47.709 0.0000000000
59831  -39.106  -29.166  50.173 0.0000000000
46805  -18.478  -40.470  62.467 0.0000000000
47949  -16.452  -40.528  60.350 0.0000000000
85628  -49.701  -9.010  40.479 0.0000000000
34119  -4.655  -50.502  68.518 0.0000000000
57566  -28.521  -33.791  54.178 0.0000000000
59743  -29.090  -30.921  56.038 0.0000000000
57488  -30.693  -33.042  59.793 0.0000000000
59736  -30.074  -30.867  58.034 0.0000000000
62208  -31.030  -28.576  56.346 0.0000000000
63488  -33.141  -26.744  57.656 0.0000000000
51701  -26.878  -38.497  57.702 0.0000000000
50228  -20.101  -38.004  63.581 0.0000000000
50301  -20.873  -39.244  60.007 0.0000000000
79016  -50.915  -14.581  41.403 0.0000000000
81291  -52.352  -13.799  40.945 0.0000000000
83438  -50.984  -12.105  41.100 0.0000000000
85611  -51.772  -8.949  42.490 0.0000000000
40673  -8.029  -48.431  62.833 0.0000000000
36906  -7.555  -50.072  64.025 0.0000000000
68196  -37.256  -24.715  46.439 0.0000000000
62346  -39.103  -28.244  47.269 0.0000000000
67064  -40.070  -25.608  48.194 0.0000000000
70351  -39.655  -22.513  48.731 0.0000000000
72583  -42.766  -20.506  51.110 0.0000000000
41869  -9.037  -45.981  64.272 0.0000000000
34188  -6.497  -51.688  65.129 0.0000000000
32789  -5.414  -52.096  66.444 0.0000000000
32787  -4.249  -52.613  66.625 0.0000000000
38162  -7.464  -48.258  67.187 0.0000000000
52895  -30.059  -36.657  56.453 0.0000000000
54069  -30.183  -36.217  55.946 0.0000000000
54050  -29.724  -35.641  57.485 0.0000000000
50281  -24.801  -36.568  61.833 0.0000000000
52850  -24.040  -36.664  59.148 0.0000000000
51663  -25.503  -36.946  60.762 0.0000000000
51703  -30.609  -37.391  57.959 0.0000000000
50387  -30.075  -38.646  57.260 0.0000000000
51717  -30.303  -37.161  56.927 0.0000000000
51753  -30.256  -38.066  54.877 0.0000000000
50212  -25.517  -37.295  64.669 0.0000000000
51577  -25.101  -36.904  65.266 0.0000000000
50247  -25.030  -36.700  62.895 0.0000000000
51620  -24.055  -36.225  62.596 0.0000000000
79040  -47.903  -15.562  40.238 0.0000000000
61045  -29.260  -30.251  52.691 0.0000000000
62249  -29.812  -29.722  51.823 0.0000000000
61126  -34.776  -28.966  46.051 0.0000000000
61161  -34.855  -29.745  44.631 0.0000000000
61145  -36.752  -29.390  45.891 0.0000000000
46844  -13.728  -41.789  60.990 0.0000000000
46800  -14.064  -41.740  62.690 0.0000000000
45617  -12.846  -42.308  61.975 0.0000000000
45605  -12.085  -42.633  62.306 0.0000000000
45625  -11.840  -43.326  60.618 0.0000000000
52824  -30.917  -36.189  61.632 0.0000000000
53963  -31.103  -35.101  62.651 0.0000000000
53950  -31.275  -34.779  63.639 0.0000000000
50216  -27.676  -37.522  65.296 0.0000000000
50234  -27.657  -37.485  64.342 0.0000000000
50235  -28.393  -37.421  64.515 0.0000000000
51607  -30.354  -36.500  65.007 0.0000000000
51621  -29.885  -37.131  63.156 0.0000000000
51622  -30.263  -36.614  63.724 0.0000000000
51643  -30.307  -36.823  62.136 0.0000000000
73840  -42.357  -19.079  49.521 0.0000000000
73857  -41.902  -18.892  47.741 0.0000000000
75101  -43.944  -17.696  48.801 0.0000000000
77677  -47.397  -15.977  48.369 0.0000000000
76402  -45.940  -16.388  47.089 0.0000000000
77718  -46.751  -16.256  45.566 0.0000000000
77737  -46.541  -16.034  44.634 0.0000000000
76421  -47.889  -15.445  45.293 0.0000000000
76422  -48.203  -15.230  44.810 0.0000000000
77691  -48.396  -14.877  46.856 0.0000000000
64715  -33.111  -26.604  55.241 0.0000000000
64727  -32.886  -26.777  54.224 0.0000000000
64728  -34.008  -26.186  54.373 0.0000000000
63545  -37.569  -26.626  52.106 0.0000000000
63544  -36.468  -26.290  51.762 0.0000000000
63561  -36.610  -27.041  50.632 0.0000000000
63590  -36.169  -27.659  49.093 0.0000000000
62283  -37.469  -28.017  50.373 0.0000000000
61092  -37.709  -28.714  49.079 0.0000000000
61062  -38.390  -28.322  51.008 0.0000000000
47900  -19.521  -39.530  62.920 0.0000000000
47899  -19.085  -39.658  63.602 0.0000000000
46806  -19.240  -40.287  62.009 0.0000000000
47950  -17.405  -40.544  60.281 0.0000000000
86707  -50.142  -8.074  40.540 0.0000000000
87824  -50.590  -7.309  39.734 0.0000000000
34121  -5.787  -50.247  68.954 0.0000000000
56362  -29.334  -34.363  55.652 0.0000000000
56379  -29.130  -34.598  54.880 0.0000000000
57548  -28.944  -33.428  55.272 0.0000000000
58649  -28.725  -32.273  54.642 0.0000000000
58625  -29.220  -32.113  56.794 0.0000000000
56265  -31.201  -33.777  61.870 0.0000000000
56293  -30.698  -34.159  60.036 0.0000000000
57477  -31.246  -33.200  61.046 0.0000000000
60974  -31.368  -30.011  60.696 0.0000000000
59727  -31.076  -30.951  59.933 0.0000000000
60984  -30.942  -29.693  59.381 0.0000000000
60994  -30.355  -29.474  57.223 0.0000000000
62192  -31.232  -28.706  58.585 0.0000000000
62202  -31.699  -27.881  58.097 0.0000000000
63454  -32.416  -27.700  59.278 0.0000000000
54048  -24.157  -36.838  55.807 0.0000000000
50306  -27.388  -38.688  60.663 0.0000000000
50356  -26.712  -38.427  59.397 0.0000000000
50332  -27.752  -39.145  59.633 0.0000000000
50413  -27.544  -39.009  56.208 0.0000000000
52778  -21.088  -36.407  64.139 0.0000000000
51661  -21.381  -37.403  60.091 0.0000000000
50280  -20.615  -38.393  60.675 0.0000000000
51681  -21.220  -38.821  58.867 0.0000000000
49136  -21.147  -40.214  58.173 0.0000000000
78988  -49.775  -14.600  43.104 0.0000000000
79015  -50.091  -15.147  41.624 0.0000000000
80146  -51.334  -13.997  42.622 0.0000000000
82372  -53.608  -12.285  42.675 0.0000000000
80157  -52.921  -13.523  41.979 0.0000000000
82382  -52.708  -12.770  41.675 0.0000000000
82393  -51.424  -12.970  40.635 0.0000000000
83427  -52.539  -11.938  41.919 0.0000000000
84531  -51.242  -10.524  42.000 0.0000000000
84519  -53.000  -10.463  42.539 0.0000000000
63573  -31.789  -27.614  49.877 0.0000000000
62293  -30.877  -29.623  49.145 0.0000000000
66011  -37.138  -26.364  43.706 0.0000000000
67099  -37.210  -26.413  45.733 0.0000000000
59889  -39.458  -29.321  48.547 0.0000000000
61129  -38.653  -29.145  47.600 0.0000000000
62333  -39.876  -28.397  48.150 0.0000000000
67038  -41.417  -25.213  49.702 0.0000000000
67065  -40.296  -26.044  48.380 0.0000000000
68167  -40.921  -24.855  49.126 0.0000000000
68165  -39.728  -24.430  48.693 0.0000000000
69256  -40.938  -23.302  49.749 0.0000000000
71430  -41.441  -21.311  49.685 0.0000000000
70327  -42.044  -22.470  50.549 0.0000000000
43103  -10.499  -43.565  64.083 0.0000000000
43094  -9.790  -44.242  64.783 0.0000000000
41857  -9.537  -44.873  65.714 0.0000000000
43093  -9.623  -44.981  64.183 0.0000000000
41886  -9.320  -46.213  62.891 0.0000000000
43117  -9.808  -45.399  62.083 0.0000000000
35595  -7.010  -51.216  62.467 0.0000000000
35576  -6.945  -50.841  64.239 0.0000000000
34202  -6.857  -51.824  64.196 0.0000000000
30218  -5.850  -55.353  64.496 0.0000000000
32811  -6.095  -53.327  64.679 0.0000000000
31504  -5.221  -53.417  65.670 0.0000000000
31491  -4.997  -52.967  66.313 0.0000000000
30195  -4.748  -54.721  65.497 0.0000000000
50219  -30.090  -37.192  65.952 0.0000000000
76369  -45.604  -17.365  51.273 0.0000000000
76385  -44.997  -17.027  49.261 0.0000000000
77658  -46.704  -16.511  50.539 0.0000000000
64729  -35.202  -25.915  54.433 0.0000000000
47974  -20.303  -40.843  59.706 0.0000000000
46869  -19.481  -41.051  59.854 0.0000000000
36849  -7.110  -49.175  68.894 0.0000000000
36859  -6.728  -49.775  68.308 0.0000000000
54087  -29.905  -36.435  54.565 0.0000000000
55179  -29.929  -35.493  56.122 0.0000000000
56341  -29.746  -34.243  56.827 0.0000000000
63436  -33.237  -27.469  60.048 0.0000000000
52848  -21.905  -36.830  59.449 0.0000000000
52874  -22.171  -37.249  57.487 0.0000000000
52861  -23.103  -36.719  58.293 0.0000000000
52862  -24.397  -36.851  58.134 0.0000000000
52863  -25.155  -37.221  57.652 0.0000000000
50334  -29.604  -39.136  59.198 0.0000000000
50358  -28.062  -39.302  58.483 0.0000000000
50360  -29.873  -38.889  58.299 0.0000000000
50415  -29.759  -39.079  56.119 0.0000000000
51752  -29.738  -38.522  54.509 0.0000000000
52780  -23.444  -36.190  64.577 0.0000000000
51603  -21.487  -36.495  62.732 0.0000000000
51604  -22.921  -35.962  63.073 0.0000000000
52822  -22.405  -36.425  60.836 0.0000000000
77775  -42.919  -16.562  42.577 0.0000000000
79043  -50.437  -15.442  39.762 0.0000000000
83389  -51.917  -11.716  44.814 0.0000000000
81259  -52.056  -12.951  43.375 0.0000000000
63602  -33.472  -27.892  48.029 0.0000000000
61176  -36.249  -29.334  43.694 0.0000000000
62370  -37.230  -28.214  45.099 0.0000000000
63591  -41.859  -27.506  50.335 0.0000000000
63606  -41.183  -27.414  49.368 0.0000000000
64794  -42.390  -26.360  50.588 0.0000000000
46802  -15.962  -40.781  62.964 0.0000000000
45588  -15.317  -41.242  64.348 0.0000000000
45567  -14.051  -41.626  65.399 0.0000000000
44353  -12.154  -42.544  64.111 0.0000000000
44352  -11.285  -43.074  63.103 0.0000000000
43118  -10.490  -44.257  62.594 0.0000000000
43136  -10.149  -45.862  60.919 0.0000000000
43137  -10.603  -44.819  61.301 0.0000000000
52852  -30.600  -36.282  59.405 0.0000000000
54014  -30.417  -35.689  58.879 0.0000000000
53982  -31.104  -35.887  60.939 0.0000000000
55105  -31.096  -34.631  61.776 0.0000000000
50248  -25.720  -37.064  63.135 0.0000000000
50283  -25.713  -37.417  61.764 0.0000000000
50266  -26.622  -37.473  62.374 0.0000000000
50267  -27.393  -37.472  62.320 0.0000000000
50286  -27.937  -38.078  61.454 0.0000000000
50253  -29.036  -37.540  63.686 0.0000000000
50270  -29.475  -37.399  62.817 0.0000000000
51641  -29.717  -38.237  61.627 0.0000000000
51665  -29.907  -38.314  60.915 0.0000000000
51687  -30.570  -37.539  59.143 0.0000000000
50213  -26.201  -37.570  64.987 0.0000000000
72608  -39.595  -20.237  47.208 0.0000000000
72620  -38.678  -20.049  45.520 0.0000000000
73855  -40.584  -18.683  46.933 0.0000000000
75126  -41.731  -17.757  46.044 0.0000000000
76439  -42.145  -17.510  45.074 0.0000000000
76392  -45.199  -16.925  48.018 0.0000000000
76417  -44.110  -17.169  45.952 0.0000000000
76460  -43.801  -16.544  44.314 0.0000000000
77763  -44.610  -15.996  43.087 0.0000000000
77764  -45.746  -15.686  42.931 0.0000000000
79011  -46.957  -15.385  41.959 0.0000000000
79013  -48.322  -15.450  41.780 0.0000000000
77768  -48.400  -15.252  43.170 0.0000000000
78977  -48.957  -14.592  43.699 0.0000000000
80131  -49.515  -13.481  44.677 0.0000000000
80095  -49.684  -13.677  47.916 0.0000000000
82342  -50.352  -12.175  46.229 0.0000000000
62229  -31.094  -28.418  54.110 0.0000000000
62266  -30.747  -28.272  52.302 0.0000000000
63519  -31.842  -27.601  53.338 0.0000000000
63541  -32.389  -27.097  52.321 0.0000000000
63558  -32.565  -26.714  50.907 0.0000000000
64743  -35.036  -25.878  53.454 0.0000000000
63543  -34.750  -26.267  51.665 0.0000000000
63588  -34.004  -27.388  48.818 0.0000000000
63603  -34.506  -27.727  48.057 0.0000000000
62295  -35.607  -27.923  48.144 0.0000000000
61109  -36.193  -28.735  47.389 0.0000000000
59885  -36.898  -29.336  46.879 0.0000000000
61111  -37.496  -28.972  48.482 0.0000000000
59849  -38.763  -29.454  49.213 0.0000000000
59851  -40.337  -29.334  49.741 0.0000000000
59813  -40.434  -29.393  51.036 0.0000000000
61077  -41.903  -29.106  50.729 0.0000000000
46782  -17.983  -40.466  63.437 0.0000000000
46848  -18.240  -40.561  60.850 0.0000000000
46847  -17.619  -40.495  61.197 0.0000000000
46803  -16.849  -40.680  62.968 0.0000000000
47930  -15.540  -40.574  61.508 0.0000000000
59754  -28.897  -31.013  54.300 0.0000000000
61007  -29.679  -29.592  55.022 0.0000000000
55148  -30.445  -35.121  59.223 0.0000000000
56326  -30.260  -34.443  58.269 0.0000000000
57516  -30.183  -33.542  58.210 0.0000000000
58616  -30.390  -32.035  59.062 0.0000000000
58619  -29.428  -32.019  57.463 0.0000000000
59739  -29.554  -30.949  57.024 0.0000000000
60998  -29.912  -30.066  56.059 0.0000000000
62216  -30.870  -28.752  55.201 0.0000000000
63498  -31.650  -27.816  55.597 0.0000000000
63499  -32.559  -27.458  55.909 0.0000000000
64705  -33.864  -26.307  56.614 0.0000000000
63455  -33.249  -27.141  59.344 0.0000000000
64667  -34.243  -26.664  58.528 0.0000000000
51664  -26.275  -37.355  60.333 0.0000000000
51685  -26.451  -37.563  59.485 0.0000000000
51714  -26.428  -37.776  57.127 0.0000000000
50384  -27.424  -39.043  57.516 0.0000000000
51715  -26.911  -38.525  56.747 0.0000000000
50227  -19.966  -37.730  64.199 0.0000000000
49067  -20.111  -39.117  61.999 0.0000000000
50246  -20.689  -37.552  62.650 0.0000000000
49076  -20.344  -38.749  61.524 0.0000000000
47954  -20.521  -40.402  59.996 0.0000000000
49117  -20.642  -40.663  58.418 0.0000000000
79027  -49.398  -15.373  40.836 0.0000000000
79028  -50.306  -15.136  40.697 0.0000000000
79029  -51.163  -14.684  40.585 0.0000000000
80147  -52.105  -13.878  42.407 0.0000000000
79030  -51.989  -14.478  40.954 0.0000000000
80166  -51.496  -14.371  40.465 0.0000000000
81290  -51.672  -13.899  40.390 0.0000000000
81289  -50.818  -13.438  39.893 0.0000000000
82391  -49.610  -12.039  39.881 0.0000000000
84538  -49.864  -10.520  40.887 0.0000000000
85626  -51.069  -9.275  41.840 0.0000000000
39389  -8.033  -48.264  64.237 0.0000000000
38184  -7.871  -48.839  64.831 0.0000000000
38199  -7.757  -49.335  63.612 0.0000000000
62265  -30.306  -28.787  51.395 0.0000000000
69277  -37.134  -23.379  46.440 0.0000000000
61146  -37.325  -29.402  46.150 0.0000000000
61165  -37.778  -28.797  46.154 0.0000000000
63641  -38.393  -27.874  46.606 0.0000000000
63631  -40.109  -27.182  48.241 0.0000000000
64842  -39.670  -27.068  47.822 0.0000000000
65977  -38.455  -27.138  47.191 0.0000000000
67062  -38.143  -25.399  47.264 0.0000000000
69279  -38.412  -23.493  48.005 0.0000000000
70366  -38.572  -22.108  47.851 0.0000000000
71443  -40.760  -21.057  48.795 0.0000000000
72592  -41.394  -19.881  49.661 0.0000000000
73828  -43.327  -18.846  50.493 0.0000000000
40583  -8.978  -46.294  66.777 0.0000000000
41856  -8.958  -45.814  65.659 0.0000000000
40604  -8.301  -46.715  65.512 0.0000000000
40626  -8.688  -46.835  63.441 0.0000000000
40674  -8.659  -48.050  62.115 0.0000000000
38183  -7.548  -49.441  65.273 0.0000000000
35545  -6.725  -50.489  66.171 0.0000000000
35528  -6.369  -50.813  66.585 0.0000000000
32828  -6.501  -52.592  64.432 0.0000000000
32812  -6.194  -52.303  65.272 0.0000000000
34160  -6.082  -51.127  66.874 0.0000000000
34145  -5.319  -51.600  67.368 0.0000000000
32769  -4.601  -51.648  67.386 0.0000000000
30194  -4.328  -55.472  65.516 0.0000000000
31501  -3.924  -54.433  65.670 0.0000000000
52880  -29.773  -36.081  57.975 0.0000000000
51640  -25.090  -36.671  61.422 0.0000000000
50282  -25.212  -36.815  61.816 0.0000000000
51733  -30.200  -37.079  56.349 0.0000000000
50230  -25.334  -36.900  63.781 0.0000000000
50263  -24.850  -36.608  62.156 0.0000000000
77790  -47.268  -15.864  40.070 0.0000000000
61046  -29.429  -29.718  53.365 0.0000000000
62250  -29.845  -28.972  52.908 0.0000000000
61162  -35.878  -29.333  44.944 0.0000000000
45626  -12.997  -42.478  60.748 0.0000000000
46822  -13.620  -42.058  61.764 0.0000000000
45616  -12.151  -42.702  61.474 0.0000000000
52808  -30.587  -36.122  63.020 0.0000000000
52809  -30.968  -35.728  62.374 0.0000000000
50200  -28.071  -37.499  66.306 0.0000000000
50217  -28.605  -37.432  65.506 0.0000000000
52793  -30.598  -36.044  64.459 0.0000000000
73841  -43.556  -18.230  49.257 0.0000000000
73851  -42.944  -18.533  48.728 0.0000000000
73842  -43.978  -17.831  49.524 0.0000000000
77688  -47.425  -16.062  47.437 0.0000000000
77701  -47.433  -15.926  46.426 0.0000000000
76419  -47.245  -16.049  45.367 0.0000000000
77702  -47.920  -15.370  46.218 0.0000000000
76403  -48.060  -15.223  45.717 0.0000000000
77690  -48.221  -15.201  46.926 0.0000000000
64716  -34.027  -26.065  55.425 0.0000000000
62230  -38.220  -26.979  52.197 0.0000000000
62252  -37.190  -27.172  51.036 0.0000000000
62267  -37.130  -27.599  50.505 0.0000000000
62268  -37.597  -27.737  50.893 0.0000000000
61061  -37.938  -28.183  50.629 0.0000000000
61047  -38.063  -27.950  51.158 0.0000000000
47919  -19.638  -39.947  61.960 0.0000000000
47908  -19.417  -39.957  62.723 0.0000000000
87818  -50.848  -7.529  40.806 0.0000000000
86713  -50.064  -7.815  39.995 0.0000000000
87819  -51.326  -6.975  40.342 0.0000000000
36848  -6.739  -49.835  69.009 0.0000000000
35484  -6.622  -50.191  69.359 0.0000000000
35483  -6.189  -50.419  69.562 0.0000000000
35497  -6.076  -50.465  68.786 0.0000000000
57549  -29.254  -33.795  56.168 0.0000000000
58634  -28.909  -32.399  55.752 0.0000000000
57469  -31.271  -32.871  61.843 0.0000000000
60980  -31.312  -29.410  59.762 0.0000000000
60985  -31.286  -29.121  59.331 0.0000000000
62182  -31.325  -28.821  59.076 0.0000000000
62183  -31.664  -28.451  59.228 0.0000000000
62193  -31.637  -28.222  58.713 0.0000000000
50383  -21.176  -39.591  57.562 0.0000000000
51711  -21.493  -38.365  57.299 0.0000000000
51682  -21.538  -37.980  59.043 0.0000000000
50329  -21.212  -38.661  59.224 0.0000000000
79054  -51.190  -15.450  38.763 0.0000000000
78979  -50.430  -13.835  43.385 0.0000000000
78989  -50.500  -14.114  43.043 0.0000000000
80138  -51.031  -13.713  43.122 0.0000000000
83413  -53.922  -11.666  42.764 0.0000000000
82383  -53.189  -12.845  42.000 0.0000000000
83428  -53.245  -12.208  42.228 0.0000000000
83412  -53.188  -11.387  42.396 0.0000000000
83411  -52.227  -11.035  42.306 0.0000000000
63656  -36.978  -27.877  44.304 0.0000000000
63671  -37.063  -27.955  43.257 0.0000000000
64855  -37.215  -27.452  44.684 0.0000000000
65993  -37.274  -26.801  44.837 0.0000000000
65994  -37.485  -27.031  45.957 0.0000000000
61112  -40.020  -29.118  48.775 0.0000000000
61130  -39.421  -29.011  48.094 0.0000000000
62315  -40.513  -28.548  48.699 0.0000000000
69258  -42.088  -24.014  50.313 0.0000000000
68168  -41.180  -24.783  49.434 0.0000000000
68157  -41.176  -24.230  49.658 0.0000000000
69270  -40.689  -24.221  49.465 0.0000000000
69257  -41.727  -23.362  50.172 0.0000000000
70339  -41.592  -22.614  50.242 0.0000000000
43101  -9.607  -45.115  63.269 0.0000000000
34216  -6.707  -51.815  63.103 0.0000000000
28939  -5.625  -56.041  64.976 0.0000000000
30207  -5.262  -54.930  65.151 0.0000000000
30196  -5.006  -54.222  65.505 0.0000000000
30206  -4.899  -55.537  65.357 0.0000000000
64718  -36.415  -25.928  55.683 0.0000000000
47973  -19.459  -40.607  59.103 0.0000000000
38147  -7.184  -48.751  68.056 0.0000000000
38130  -7.500  -48.497  68.964 0.0000000000
36860  -6.795  -49.502  67.713 0.0000000000
54088  -29.986  -36.625  55.249 0.0000000000
55169  -29.775  -35.279  57.486 0.0000000000
55168  -29.762  -35.039  56.824 0.0000000000
56363  -29.646  -34.708  56.207 0.0000000000
52860  -22.062  -37.029  58.560 0.0000000000
52849  -22.953  -36.702  59.276 0.0000000000
51683  -24.874  -36.408  59.941 0.0000000000
51698  -24.993  -36.704  59.115 0.0000000000
51699  -25.653  -37.175  58.588 0.0000000000
50416  -30.239  -38.400  56.477 0.0000000000
50438  -29.688  -38.697  55.084 0.0000000000
51767  -30.134  -37.884  53.910 0.0000000000
51591  -24.762  -36.667  64.324 0.0000000000
51576  -24.163  -36.510  64.874 0.0000000000
51590  -23.449  -36.192  63.984 0.0000000000
52823  -23.550  -36.131  60.711 0.0000000000
52838  -21.911  -36.687  60.151 0.0000000000
77776  -43.635  -16.426  42.122 0.0000000000
62328  -32.861  -29.558  46.252 0.0000000000
62329  -33.509  -28.686  46.436 0.0000000000
61163  -36.533  -29.245  44.997 0.0000000000
62369  -36.644  -28.638  43.883 0.0000000000
62356  -37.206  -28.715  45.327 0.0000000000
63579  -42.602  -27.071  51.266 0.0000000000
63592  -42.424  -26.972  50.571 0.0000000000
68144  -42.995  -24.394  51.245 0.0000000000
46778  -15.637  -41.015  63.668 0.0000000000
46801  -15.075  -41.190  62.827 0.0000000000
45607  -13.946  -41.573  63.408 0.0000000000
45587  -14.137  -41.457  64.258 0.0000000000
45586  -13.027  -41.942  64.638 0.0000000000
44364  -11.594  -43.373  61.832 0.0000000000
44351  -11.180  -43.743  62.313 0.0000000000
44363  -11.132  -44.035  61.666 0.0000000000
53972  -31.103  -35.488  61.528 0.0000000000
55098  -31.229  -34.321  62.799 0.0000000000
50249  -26.304  -37.377  63.310 0.0000000000
50251  -27.616  -37.453  63.344 0.0000000000
50268  -28.252  -37.454  62.356 0.0000000000
50237  -29.754  -37.131  65.070 0.0000000000
50236  -29.138  -37.325  64.753 0.0000000000
50288  -29.485  -37.807  62.021 0.0000000000
51667  -30.704  -36.761  61.065 0.0000000000
51666  -30.361  -37.413  60.615 0.0000000000
52841  -30.629  -36.838  60.491 0.0000000000
52851  -30.612  -36.873  59.817 0.0000000000
49038  -27.004  -37.630  65.264 0.0000000000
50214  -26.763  -37.581  65.287 0.0000000000
50231  -25.905  -37.519  64.064 0.0000000000
72599  -40.885  -19.965  48.196 0.0000000000
72609  -40.412  -19.655  47.380 0.0000000000
72610  -40.964  -19.570  47.669 0.0000000000
75115  -42.318  -18.342  47.218 0.0000000000
75127  -42.758  -17.833  46.241 0.0000000000
76415  -42.460  -17.662  45.742 0.0000000000
76416  -43.043  -17.580  45.652 0.0000000000
76386  -45.976  -16.573  49.275 0.0000000000
77717  -45.570  -16.535  45.994 0.0000000000
76418  -44.879  -16.670  46.169 0.0000000000
77735  -44.743  -16.550  45.307 0.0000000000
76441  -43.919  -16.730  44.839 0.0000000000
77749  -44.460  -16.361  44.183 0.0000000000
77751  -46.691  -15.804  43.869 0.0000000000
77765  -46.765  -15.692  43.117 0.0000000000
79010  -46.408  -15.467  42.030 0.0000000000
78997  -46.905  -15.523  42.571 0.0000000000
78998  -47.490  -15.446  42.558 0.0000000000
77753  -47.676  -15.497  43.503 0.0000000000
77721  -48.332  -14.775  45.202 0.0000000000
77738  -48.508  -14.918  44.341 0.0000000000
78963  -48.665  -14.338  44.492 0.0000000000
78978  -49.584  -13.976  43.800 0.0000000000
80124  -49.001  -13.661  45.661 0.0000000000
82341  -49.968  -12.522  46.499 0.0000000000
63509  -31.785  -27.604  54.476 0.0000000000
64741  -32.841  -26.694  53.139 0.0000000000
64764  -33.093  -26.517  52.454 0.0000000000
63542  -33.429  -26.413  51.766 0.0000000000
64730  -36.404  -25.784  54.562 0.0000000000
64767  -35.753  -25.722  52.686 0.0000000000
63559  -34.070  -26.490  50.716 0.0000000000
63575  -34.796  -26.907  49.700 0.0000000000
62281  -36.549  -27.855  49.296 0.0000000000
62296  -36.275  -28.120  48.627 0.0000000000
62314  -35.890  -28.375  47.804 0.0000000000
61090  -36.478  -28.577  48.052 0.0000000000
61110  -36.960  -28.849  47.834 0.0000000000
61091  -37.006  -28.591  48.660 0.0000000000
59830  -38.342  -28.921  49.556 0.0000000000
59850  -39.529  -29.407  49.525 0.0000000000
59832  -39.959  -29.370  50.325 0.0000000000
59774  -41.193  -29.466  52.080 0.0000000000
59795  -41.327  -29.375  51.533 0.0000000000
59814  -41.140  -29.431  50.920 0.0000000000
62285  -41.880  -28.156  51.090 0.0000000000
46783  -18.756  -40.235  63.299 0.0000000000
46764  -18.069  -40.337  64.313 0.0000000000
47952  -18.936  -40.894  59.672 0.0000000000
46849  -19.042  -40.836  60.412 0.0000000000
47951  -18.264  -40.850  59.943 0.0000000000
47932  -17.037  -40.510  61.029 0.0000000000
46826  -17.155  -40.547  61.907 0.0000000000
47931  -16.353  -40.503  61.265 0.0000000000
46825  -16.218  -40.486  62.191 0.0000000000
35480  -4.182  -50.047  69.134 0.0000000000
56392  -28.822  -35.179  53.658 0.0000000000
58663  -28.513  -32.910  52.898 0.0000000000
58650  -28.876  -31.925  55.191 0.0000000000
59755  -28.752  -31.087  55.123 0.0000000000
61006  -29.163  -30.246  54.444 0.0000000000
53997  -30.588  -35.582  60.226 0.0000000000
55132  -30.384  -35.076  60.077 0.0000000000
56292  -30.612  -33.683  59.450 0.0000000000
56308  -30.543  -34.230  59.115 0.0000000000
57500  -30.419  -33.181  58.944 0.0000000000
59731  -30.563  -30.805  59.250 0.0000000000
58620  -29.816  -32.345  58.181 0.0000000000
59735  -29.638  -31.559  57.690 0.0000000000
60999  -30.446  -29.385  56.160 0.0000000000
61008  -30.263  -29.430  55.596 0.0000000000
63487  -32.494  -27.368  57.082 0.0000000000
64704  -33.340  -26.986  56.031 0.0000000000
63417  -33.429  -27.206  60.628 0.0000000000
64651  -34.112  -26.714  59.587 0.0000000000
64687  -35.416  -26.254  57.711 0.0000000000
52888  -21.864  -37.753  56.894 0.0000000000
52889  -22.557  -37.391  56.308 0.0000000000
50284  -26.351  -37.613  61.594 0.0000000000
50304  -26.202  -37.578  61.083 0.0000000000
51700  -26.428  -38.048  58.400 0.0000000000
51713  -25.891  -37.434  57.724 0.0000000000
49057  -19.721  -39.181  62.603 0.0000000000
50245  -20.093  -38.571  62.593 0.0000000000
50279  -20.597  -39.196  60.500 0.0000000000
49075  -20.329  -39.291  61.043 0.0000000000
49103  -20.806  -40.070  59.567 0.0000000000
47975  -20.692  -40.576  59.621 0.0000000000
49118  -21.034  -40.143  58.860 0.0000000000
79026  -48.508  -15.453  40.942 0.0000000000
79014  -49.172  -15.389  41.725 0.0000000000
81260  -52.730  -12.638  43.423 0.0000000000
81266  -52.247  -13.260  42.991 0.0000000000
80148  -52.635  -13.500  42.337 0.0000000000
81280  -52.687  -13.503  41.567 0.0000000000
80156  -52.349  -14.036  41.664 0.0000000000
80167  -52.295  -14.140  40.924 0.0000000000
82392  -50.406  -12.600  40.348 0.0000000000
82401  -49.878  -12.983  39.524 0.0000000000
83437  -50.108  -11.585  40.669 0.0000000000
84518  -51.981  -9.974  42.378 0.0000000000
86703  -51.407  -8.377  41.858 0.0000000000
86689  -51.841  -8.040  42.211 0.0000000000
40651  -7.948  -48.403  63.381 0.0000000000
39405  -7.963  -48.586  63.774 0.0000000000
39404  -7.845  -48.784  63.444 0.0000000000
63556  -30.624  -28.354  50.704 0.0000000000
67098  -37.008  -25.551  44.929 0.0000000000
68195  -36.986  -24.597  45.688 0.0000000000
69286  -36.905  -23.431  45.884 0.0000000000
68177  -37.131  -24.038  46.475 0.0000000000
59886  -37.503  -29.323  47.270 0.0000000000
59901  -37.200  -29.419  46.623 0.0000000000
59902  -37.789  -29.367  46.980 0.0000000000
61148  -38.774  -28.765  47.432 0.0000000000
62345  -38.311  -28.639  46.793 0.0000000000
62357  -37.916  -28.242  46.236 0.0000000000
62358  -38.755  -28.022  46.748 0.0000000000
63620  -40.810  -27.089  48.879 0.0000000000
63619  -40.501  -27.426  48.514 0.0000000000
64818  -40.596  -26.834  48.698 0.0000000000
65962  -39.991  -26.502  48.131 0.0000000000
65961  -39.661  -26.350  47.797 0.0000000000
65978  -39.355  -26.894  47.623 0.0000000000
67081  -39.052  -26.520  47.543 0.0000000000
67080  -38.286  -26.242  47.217 0.0000000000
67063  -39.149  -25.722  47.674 0.0000000000
69269  -40.176  -23.371  49.326 0.0000000000
69280  -39.147  -24.285  48.282 0.0000000000
69268  -39.313  -23.469  48.557 0.0000000000
70350  -38.998  -22.764  48.386 0.0000000000
70368  -39.819  -21.740  48.585 0.0000000000
70352  -40.267  -21.953  48.838 0.0000000000
71416  -41.780  -21.353  50.366 0.0000000000
71431  -41.665  -20.459  50.116 0.0000000000
72582  -42.382  -20.142  50.529 0.0000000000
72593  -41.768  -19.739  50.115 0.0000000000
72572  -43.148  -19.864  51.131 0.0000000000
41870  -9.406  -45.167  64.913 0.0000000000
41868  -8.574  -46.470  64.780 0.0000000000
40625  -8.287  -47.103  64.351 0.0000000000
40675  -9.186  -47.496  61.698 0.0000000000
40653  -8.891  -47.160  62.503 0.0000000000
38192  -7.744  -49.462  64.431 0.0000000000
36897  -7.282  -50.077  64.797 0.0000000000
34203  -6.604  -51.286  64.792 0.0000000000
35561  -6.658  -50.750  65.229 0.0000000000
35560  -6.477  -51.262  65.405 0.0000000000
35544  -6.495  -51.126  65.712 0.0000000000
32827  -6.280  -53.573  63.663 0.0000000000
32799  -5.742  -52.825  65.492 0.0000000000
32800  -5.820  -51.832  66.005 0.0000000000
34159  -5.623  -51.531  66.834 0.0000000000
34146  -5.682  -51.460  67.448 0.0000000000
32780  -5.360  -51.675  67.001 0.0000000000
31480  -4.546  -52.681  66.577 0.0000000000
31481  -4.717  -52.401  66.678 0.0000000000
32778  -4.424  -52.023  66.915 0.0000000000
34144  -4.336  -51.527  67.505 0.0000000000
28916  -4.020  -56.335  65.447 0.0000000000
54049  -29.806  -35.854  56.901 0.0000000000
52840  -23.853  -36.071  59.959 0.0000000000
51662  -24.548  -36.306  60.799 0.0000000000
51702  -30.468  -38.207  58.235 0.0000000000
51716  -30.445  -37.922  57.153 0.0000000000
51732  -30.348  -37.624  56.103 0.0000000000
52894  -30.101  -37.045  55.977 0.0000000000
50196  -25.835  -37.233  65.613 0.0000000000
51639  -24.025  -36.157  61.678 0.0000000000
77787  -44.583  -16.350  40.977 0.0000000000
79041  -48.598  -15.438  40.021 0.0000000000
59790  -28.843  -31.611  52.004 0.0000000000
62330  -34.673  -28.429  46.586 0.0000000000
62344  -34.109  -28.929  46.021 0.0000000000
61142  -34.252  -29.451  45.415 0.0000000000
46799  -13.385  -42.078  62.394 0.0000000000
44377  -11.318  -44.243  60.601 0.0000000000
45624  -11.609  -43.839  60.225 0.0000000000
53971  -31.176  -35.892  61.439 0.0000000000
49039  -27.144  -37.630  65.119 0.0000000000
50233  -27.193  -37.600  64.165 0.0000000000
49040  -27.326  -37.600  64.845 0.0000000000
51606  -29.947  -36.889  64.440 0.0000000000
50199  -27.358  -37.479  66.201 0.0000000000
73839  -41.708  -19.452  48.846 0.0000000000
73850  -42.385  -18.771  48.223 0.0000000000
75107  -42.696  -18.375  47.815 0.0000000000
75108  -43.350  -18.079  48.038 0.0000000000
76393  -45.721  -16.469  47.563 0.0000000000
77687  -46.509  -16.225  47.716 0.0000000000
77700  -46.542  -16.349  46.685 0.0000000000
76461  -47.111  -15.854  44.502 0.0000000000
76462  -47.418  -15.670  44.213 0.0000000000
76463  -47.830  -15.530  43.912 0.0000000000
76444  -47.875  -15.524  44.532 0.0000000000
76404  -48.173  -15.134  45.376 0.0000000000
77704  -48.430  -14.613  46.162 0.0000000000
64742  -33.941  -26.345  53.404 0.0000000000
63521  -37.118  -26.302  52.456 0.0000000000
63576  -36.194  -27.279  49.734 0.0000000000
63577  -36.761  -27.506  50.202 0.0000000000
61073  -37.270  -28.405  49.330 0.0000000000
61074  -37.742  -28.411  49.885 0.0000000000
61075  -38.443  -28.587  50.381 0.0000000000
59811  -39.006  -28.700  51.139 0.0000000000
49036  -19.010  -39.057  64.634 0.0000000000
47971  -17.517  -40.646  59.208 0.0000000000
49099  -15.809  -40.649  59.991 0.0000000000
85629  -49.889  -8.603  40.648 0.0000000000
85637  -49.465  -9.236  39.522 0.0000000000
86712  -49.767  -8.290  39.843 0.0000000000
87823  -50.005  -7.729  39.717 0.0000000000
87828  -50.251  -7.013  38.662 0.0000000000
34120  -5.282  -50.355  68.687 0.0000000000
55178  -29.608  -35.151  55.516 0.0000000000
58633  -28.894  -32.705  55.246 0.0000000000
56277  -30.936  -34.028  61.017 0.0000000000
56309  -30.469  -34.613  59.674 0.0000000000
57489  -30.951  -33.461  60.461 0.0000000000
58613  -31.054  -32.760  60.457 0.0000000000
60973  -31.266  -30.786  60.510 0.0000000000
60979  -31.089  -30.389  60.124 0.0000000000
60990  -30.653  -29.589  58.398 0.0000000000
62201  -31.277  -28.415  57.488 0.0000000000
63471  -32.306  -27.547  58.374 0.0000000000
63472  -33.214  -26.944  58.472 0.0000000000
64636  -34.416  -26.581  60.475 0.0000000000
52890  -23.734  -36.785  56.079 0.0000000000
50285  -27.045  -37.783  61.432 0.0000000000
50331  -26.890  -38.904  59.976 0.0000000000
50357  -26.995  -39.069  58.728 0.0000000000
50414  -28.683  -39.323  56.119 0.0000000000
51588  -20.422  -37.126  63.878 0.0000000000
51637  -21.136  -36.959  61.050 0.0000000000
50302  -21.139  -38.517  59.719 0.0000000000
50328  -21.076  -39.308  59.250 0.0000000000
50355  -21.187  -39.499  58.505 0.0000000000
50382  -21.011  -40.073  57.184 0.0000000000
79001  -49.667  -15.123  42.467 0.0000000000
79002  -50.609  -14.570  42.351 0.0000000000
80155  -51.574  -14.247  41.967 0.0000000000
81273  -53.088  -12.908  42.424 0.0000000000
81281  -53.141  -13.071  42.097 0.0000000000
82394  -52.188  -13.312  41.105 0.0000000000
82381  -51.937  -12.484  41.370 0.0000000000
83426  -51.581  -11.568  41.741 0.0000000000
83425  -50.653  -11.066  41.373 0.0000000000
85612  -52.691  -9.496  42.742 0.0000000000
39413  -8.391  -48.825  62.070 0.0000000000
62280  -31.127  -28.407  49.701 0.0000000000
62294  -31.508  -28.908  48.952 0.0000000000
67079  -37.390  -25.530  46.403 0.0000000000
59888  -38.818  -29.373  48.075 0.0000000000
59903  -38.286  -29.286  47.444 0.0000000000
62332  -39.330  -28.615  47.724 0.0000000000
62347  -39.768  -28.031  47.849 0.0000000000
65937  -41.412  -25.818  49.637 0.0000000000
65952  -40.923  -26.003  49.174 0.0000000000
67051  -41.065  -25.376  49.227 0.0000000000
67050  -40.538  -25.498  48.660 0.0000000000
67049  -40.367  -25.359  48.484 0.0000000000
68181  -40.048  -24.982  48.317 0.0000000000
68166  -40.372  -24.854  48.758 0.0000000000
69255  -40.675  -22.977  49.586 0.0000000000
70337  -40.808  -22.200  49.472 0.0000000000
70338  -41.232  -22.488  50.021 0.0000000000
70326  -41.447  -21.987  50.249 0.0000000000
71417  -42.497  -21.425  51.185 0.0000000000
43095  -10.609  -43.564  65.169 0.0000000000
41907  -9.468  -46.604  61.613 0.0000000000
35587  -7.187  -50.491  63.594 0.0000000000
35586  -6.847  -51.017  63.393 0.0000000000
35575  -6.889  -51.407  63.818 0.0000000000
31527  -6.006  -54.454  64.028 0.0000000000
31514  -5.687  -54.076  64.946 0.0000000000
31492  -5.208  -52.735  66.262 0.0000000000
31503  -4.726  -53.763  65.727 0.0000000000
31490  -4.369  -53.304  66.292 0.0000000000
50202  -29.685  -37.182  66.573 0.0000000000
52781  -30.942  -36.151  65.621 0.0000000000
75095  -44.563  -17.690  50.043 0.0000000000
76377  -45.283  -17.183  50.470 0.0000000000
76378  -45.974  -16.790  50.001 0.0000000000
77666  -46.703  -16.298  49.663 0.0000000000
77678  -48.082  -15.728  48.197 0.0000000000
77679  -48.571  -15.484  48.493 0.0000000000
78922  -48.343  -15.346  47.915 0.0000000000
64745  -37.260  -26.177  53.805 0.0000000000
63522  -37.717  -26.642  52.926 0.0000000000
62254  -38.486  -27.564  52.077 0.0000000000
47953  -20.031  -40.536  60.383 0.0000000000
46829  -19.426  -40.441  60.854 0.0000000000
46870  -19.835  -41.047  59.759 0.0000000000
35512  -6.534  -50.457  67.863 0.0000000000
55191  -29.820  -35.988  55.386 0.0000000000
57531  -29.967  -33.877  57.485 0.0000000000
63435  -32.759  -28.171  59.996 0.0000000000
51697  -21.639  -37.794  58.031 0.0000000000
52876  -24.449  -37.025  56.963 0.0000000000
52877  -25.504  -37.227  56.789 0.0000000000
50333  -28.780  -39.258  59.425 0.0000000000
50359  -29.080  -39.367  58.329 0.0000000000
50386  -29.329  -39.136  57.235 0.0000000000
52779  -22.513  -36.047  64.286 0.0000000000
51619  -22.639  -36.236  62.312 0.0000000000
51638  -22.210  -36.349  61.619 0.0000000000
52821  -21.587  -36.757  60.506 0.0000000000
77761  -42.864  -16.535  43.374 0.0000000000
82353  -50.879  -12.499  44.226 0.0000000000
82354  -51.618  -12.305  44.122 0.0000000000
82355  -52.538  -12.389  43.820 0.0000000000
62311  -32.462  -28.657  47.342 0.0000000000
63657  -37.357  -27.824  45.176 0.0000000000
62298  -41.497  -28.583  49.914 0.0000000000
62316  -41.008  -28.339  49.212 0.0000000000
62317  -41.347  -28.040  49.857 0.0000000000
64793  -41.896  -26.994  50.073 0.0000000000
64803  -41.576  -26.560  49.800 0.0000000000
65938  -41.774  -25.630  50.184 0.0000000000
67039  -41.819  -25.082  50.247 0.0000000000
68143  -42.499  -24.389  50.721 0.0000000000
69241  -42.459  -23.275  51.041 0.0000000000
46777  -14.731  -41.361  63.548 0.0000000000
44345  -12.194  -42.510  65.123 0.0000000000
43119  -10.534  -43.775  63.351 0.0000000000
52864  -30.580  -36.793  58.724 0.0000000000
52865  -30.191  -36.162  58.451 0.0000000000
53996  -30.663  -35.798  60.005 0.0000000000
53983  -30.865  -35.519  60.627 0.0000000000
50265  -25.976  -37.344  62.400 0.0000000000
50250  -26.949  -37.568  63.342 0.0000000000
50218  -29.427  -37.369  65.722 0.0000000000
50254  -29.585  -37.349  63.994 0.0000000000
50269  -28.971  -37.508  62.566 0.0000000000
50287  -29.091  -38.215  61.462 0.0000000000
50308  -29.333  -38.674  60.156 0.0000000000
50197  -26.444  -37.319  65.863 0.0000000000
71461  -38.903  -20.953  47.751 0.0000000000
72607  -38.772  -20.481  46.690 0.0000000000
72621  -39.515  -19.833  46.334 0.0000000000
73856  -41.218  -18.993  47.501 0.0000000000
75113  -40.770  -18.452  46.601 0.0000000000
75125  -40.563  -18.347  46.064 0.0000000000
76384  -44.356  -17.397  48.957 0.0000000000
76391  -44.359  -17.428  48.398 0.0000000000
76400  -44.275  -17.368  47.326 0.0000000000
76401  -45.115  -16.589  46.857 0.0000000000
75128  -43.362  -17.675  46.120 0.0000000000
76440  -43.188  -17.216  44.929 0.0000000000
77747  -42.951  -16.515  43.939 0.0000000000
77762  -43.661  -16.334  43.203 0.0000000000
77750  -45.671  -16.108  43.924 0.0000000000
77778  -45.607  -15.739  41.732 0.0000000000
77779  -46.327  -15.645  41.314 0.0000000000
79024  -47.010  -15.521  41.304 0.0000000000
79025  -47.588  -15.505  40.941 0.0000000000
79012  -47.598  -15.444  41.870 0.0000000000
78999  -48.105  -15.390  42.532 0.0000000000
76464  -48.183  -15.342  43.663 0.0000000000
77754  -48.559  -15.085  43.697 0.0000000000
78987  -49.090  -15.077  43.156 0.0000000000
81257  -50.189  -12.880  44.611 0.0000000000
78931  -48.452  -15.045  47.504 0.0000000000
78932  -48.781  -14.480  47.319 0.0000000000
80112  -48.950  -13.727  46.781 0.0000000000
80123  -49.251  -13.336  46.197 0.0000000000
81249  -50.047  -12.591  45.665 0.0000000000
82346  -50.819  -12.207  44.944 0.0000000000
83379  -51.141  -11.737  45.548 0.0000000000
62251  -30.985  -28.411  53.212 0.0000000000
63540  -31.436  -27.787  52.521 0.0000000000
64726  -32.311  -27.136  53.703 0.0000000000
63520  -32.385  -27.177  53.024 0.0000000000
63574  -33.315  -27.108  49.789 0.0000000000
64766  -34.942  -25.918  52.552 0.0000000000
63589  -35.392  -27.504  48.755 0.0000000000
63604  -35.192  -27.692  48.082 0.0000000000
62313  -35.101  -27.939  47.472 0.0000000000
62331  -35.538  -28.518  47.143 0.0000000000
61127  -35.636  -28.818  46.571 0.0000000000
61144  -36.294  -29.128  46.204 0.0000000000
61128  -36.486  -29.047  47.085 0.0000000000
59867  -37.107  -29.162  47.427 0.0000000000
59868  -37.673  -29.293  48.023 0.0000000000
59848  -38.091  -29.206  48.794 0.0000000000
59869  -38.464  -29.409  48.430 0.0000000000
59870  -39.164  -29.552  48.774 0.0000000000
59871  -39.844  -29.361  49.067 0.0000000000
61093  -40.422  -29.182  49.267 0.0000000000
61048  -38.542  -28.201  51.688 0.0000000000
59791  -39.101  -28.556  51.708 0.0000000000
59812  -39.748  -29.175  51.073 0.0000000000
59772  -40.224  -29.269  52.464 0.0000000000
59793  -40.258  -29.438  51.774 0.0000000000
59833  -40.624  -29.358  50.387 0.0000000000
59852  -40.781  -29.296  50.028 0.0000000000
61095  -41.677  -29.037  50.071 0.0000000000
62284  -41.900  -28.679  50.525 0.0000000000
63578  -42.074  -27.674  51.078 0.0000000000
46828  -18.795  -40.471  61.397 0.0000000000
46827  -18.036  -40.495  61.779 0.0000000000
46804  -17.672  -40.552  62.697 0.0000000000
46824  -15.361  -40.760  62.202 0.0000000000
47929  -15.043  -40.845  61.663 0.0000000000
47948  -15.543  -40.705  60.454 0.0000000000
47947  -14.844  -40.783  61.140 0.0000000000
87825  -51.236  -6.838  39.766 0.0000000000
88907  -50.923  -6.556  38.967 0.0000000000
59770  -28.857  -31.358  53.405 0.0000000000
61024  -29.088  -30.274  53.733 0.0000000000
61025  -29.765  -29.728  53.911 0.0000000000
54031  -29.815  -35.667  58.055 0.0000000000
55159  -30.097  -35.116  58.240 0.0000000000
55149  -30.427  -34.811  59.501 0.0000000000
57515  -29.743  -32.915  57.452 0.0000000000
58612  -30.744  -31.869  60.109 0.0000000000
59740  -29.969  -30.293  57.248 0.0000000000
60993  -29.964  -29.964  56.728 0.0000000000
62215  -30.650  -29.023  54.529 0.0000000000
63486  -31.742  -27.841  56.493 0.0000000000
64686  -34.229  -26.583  57.593 0.0000000000
64706  -35.278  -26.207  56.645 0.0000000000
50303  -25.528  -37.233  61.441 0.0000000000
50330  -26.954  -37.864  60.258 0.0000000000
52878  -26.062  -37.525  56.332 0.0000000000
50211  -19.400  -38.609  64.206 0.0000000000
49048  -19.539  -39.061  63.304 0.0000000000
47920  -19.895  -39.647  61.512 0.0000000000
51589  -21.459  -36.407  63.475 0.0000000000
50229  -20.808  -37.073  63.039 0.0000000000
50262  -20.487  -38.059  61.849 0.0000000000
50261  -20.223  -38.659  62.151 0.0000000000
47934  -20.098  -39.920  60.647 0.0000000000
49101  -20.263  -40.528  59.039 0.0000000000
79044  -51.125  -15.039  39.713 0.0000000000
80139  -51.862  -13.603  42.960 0.0000000000
79017  -51.714  -14.424  41.284 0.0000000000
80176  -51.266  -14.579  39.574 0.0000000000
81298  -51.120  -14.091  39.333 0.0000000000
83436  -49.450  -10.992  40.088 0.0000000000
84529  -49.724  -9.556  40.957 0.0000000000
84530  -50.353  -9.980  41.460 0.0000000000
85624  -49.767  -9.138  40.894 0.0000000000
86702  -50.813  -8.142  41.322 0.0000000000
87812  -51.058  -7.683  41.198 0.0000000000
87813  -51.595  -7.464  41.427 0.0000000000
39371  -7.978  -47.900  65.174 0.0000000000
38193  -7.979  -48.961  64.128 0.0000000000
38207  -8.118  -49.341  62.101 0.0000000000
38206  -7.681  -49.635  62.569 0.0000000000
36915  -7.375  -50.034  63.170 0.0000000000
62264  -29.938  -29.813  50.718 0.0000000000
71458  -37.503  -22.231  46.220 0.0000000000
61164  -37.312  -29.193  45.678 0.0000000000
61147  -38.032  -29.148  46.782 0.0000000000
62371  -37.509  -28.116  45.603 0.0000000000
63658  -37.667  -27.859  45.984 0.0000000000
62334  -40.550  -28.112  48.540 0.0000000000
63618  -40.144  -27.899  48.163 0.0000000000
63630  -39.808  -27.511  47.917 0.0000000000
64829  -40.263  -26.791  48.389 0.0000000000
64828  -39.939  -27.008  48.132 0.0000000000
63643  -39.461  -27.417  47.618 0.0000000000
64840  -38.663  -27.602  46.992 0.0000000000
64857  -37.942  -27.576  46.458 0.0000000000
65995  -37.867  -27.224  46.574 0.0000000000
65976  -37.726  -26.693  46.553 0.0000000000
67061  -37.750  -25.207  46.941 0.0000000000
68180  -39.549  -24.995  48.111 0.0000000000
68179  -38.667  -24.803  47.837 0.0000000000
68178  -37.687  -24.621  47.146 0.0000000000
69278  -37.525  -23.443  46.981 0.0000000000
70365  -37.938  -22.483  47.112 0.0000000000
71462  -39.950  -20.825  48.246 0.0000000000
71429  -41.173  -21.236  49.128 0.0000000000
72591  -41.155  -20.220  48.979 0.0000000000
73838  -41.373  -19.630  48.636 0.0000000000
75094  -44.146  -18.252  50.728 0.0000000000
70328  -42.414  -22.433  51.162 0.0000000000
40582  -8.413  -46.887  66.659 0.0000000000
40605  -8.613  -46.363  66.183 0.0000000000
40652  -8.211  -47.824  63.306 0.0000000000
38174  -7.583  -48.678  65.946 0.0000000000
38173  -7.373  -49.448  66.100 0.0000000000
36884  -7.240  -50.068  65.720 0.0000000000
36870  -6.847  -49.735  66.605 0.0000000000
35529  -6.498  -50.137  67.137 0.0000000000
35513  -6.639  -50.002  67.820 0.0000000000
32843  -6.624  -52.722  63.380 0.0000000000
34174  -6.260  -51.495  65.902 0.0000000000
34147  -6.301  -51.054  68.097 0.0000000000
34134  -5.873  -50.811  68.521 0.0000000000
34133  -5.153  -51.369  68.036 0.0000000000
32779  -4.855  -51.937  66.930 0.0000000000
32770  -4.825  -51.539  67.605 0.0000000000
34132  -4.558  -51.248  67.969 0.0000000000
34118  -4.301  -50.573  68.371 0.0000000000
28938  -5.114  -56.799  64.563 0.0000000000
28925  -4.465  -56.479  65.166 0.0000000000
30205  -4.667  -55.967  65.357 0.0000000000
31502  -4.302  -54.214  65.704 0.0000000000
31489  -4.015  -53.675  66.084 0.0000000000
27670  -4.343  -56.905  64.755 0.0000000000
28926  -5.033  -56.135  65.183 0.0000000000
28937  -4.590  -56.859  64.703 0.0000000000
32788  -5.124  -52.436  66.501 0.0000000000
32790  -5.705  -51.639  66.543 0.0000000000
34135  -6.167  -50.700  68.532 0.0000000000
34189  -6.491  -51.282  65.177 0.0000000000
38200  -7.930  -48.953  63.828 0.0000000000
39412  -7.863  -48.997  62.773 0.0000000000
41855  -8.764  -46.237  65.054 0.0000000000
46850  -19.796  -41.035  60.205 0.0000000000
47909  -19.709  -39.576  62.293 0.0000000000
47969  -15.734  -40.875  59.696 0.0000000000
49049  -26.913  -37.684  64.977 0.0000000000
49050  -27.064  -37.670  64.723 0.0000000000
49051  -27.280  -37.594  64.569 0.0000000000
49068  -20.293  -38.701  61.923 0.0000000000
49085  -16.012  -40.551  60.094 0.0000000000
49087  -20.523  -39.712  60.241 0.0000000000
49100  -16.021  -40.621  59.787 0.0000000000
49102  -20.707  -40.507  59.237 0.0000000000
50210  -19.378  -38.230  64.818 0.0000000000
50215  -27.118  -37.554  65.523 0.0000000000
51712  -21.731  -37.766  57.533 0.0000000000
52825  -31.090  -35.857  61.703 0.0000000000
52873  -21.774  -37.754  57.287 0.0000000000
52907  -30.239  -37.213  55.407 0.0000000000
54030  -29.733  -35.936  57.605 0.0000000000
55131  -30.422  -35.507  59.904 0.0000000000
59773  -40.792  -29.515  52.336 0.0000000000
59794  -40.863  -29.577  51.627 0.0000000000
59815  -41.504  -29.353  51.187 0.0000000000
59834  -41.031  -29.303  50.290 0.0000000000
59900  -36.820  -29.410  46.415 0.0000000000
61063  -41.634  -29.319  50.918 0.0000000000
61076  -41.471  -29.245  50.432 0.0000000000
61094  -41.011  -29.152  49.784 0.0000000000
61114  -41.214  -28.828  49.610 0.0000000000
61131  -40.133  -28.805  48.588 0.0000000000
62282  -37.017  -27.936  49.826 0.0000000000
62299  -41.686  -28.140  50.440 0.0000000000
63572  -30.888  -28.086  50.233 0.0000000000
63605  -40.874  -27.870  48.832 0.0000000000
63629  -39.497  -27.869  47.558 0.0000000000
63642  -39.143  -27.737  47.250 0.0000000000
64740  -32.356  -27.171  53.292 0.0000000000
64804  -41.826  -26.012  50.181 0.0000000000
64841  -39.099  -27.305  47.430 0.0000000000
65951  -40.572  -26.197  48.731 0.0000000000
65963  -40.254  -26.380  48.390 0.0000000000
65979  -39.731  -26.729  47.865 0.0000000000
67078  -37.021  -25.253  45.668 0.0000000000
68158  -41.500  -24.576  49.884 0.0000000000
68159  -41.936  -24.499  50.278 0.0000000000
69267  -38.922  -23.252  48.327 0.0000000000
70367  -39.271  -21.758  48.371 0.0000000000
71415  -41.495  -21.572  50.086 0.0000000000
71459  -37.677  -21.885  46.352 0.0000000000
72600  -41.184  -19.522  47.820 0.0000000000
72606  -38.196  -21.035  46.063 0.0000000000
72622  -39.853  -19.681  46.893 0.0000000000
73830  -44.209  -17.753  49.674 0.0000000000
73849  -41.542  -19.414  48.130 0.0000000000
73867  -40.000  -19.112  46.579 0.0000000000
75102  -44.235  -17.630  49.343 0.0000000000
75114  -41.182  -18.395  46.751 0.0000000000
76420  -47.526  -15.801  45.297 0.0000000000
76442  -47.173  -16.036  44.994 0.0000000000
76443  -47.530  -15.741  44.792 0.0000000000
76445  -48.231  -15.339  44.168 0.0000000000
76459  -43.274  -16.685  44.354 0.0000000000
76474  -47.934  -15.431  43.556 0.0000000000
76475  -48.106  -15.338  43.401 0.0000000000
77668  -48.010  -15.827  48.871 0.0000000000
77675  -45.689  -16.580  48.700 0.0000000000
77686  -45.886  -16.381  48.154 0.0000000000
77699  -45.808  -16.473  46.648 0.0000000000
77703  -48.242  -15.040  46.071 0.0000000000
77716  -44.807  -16.661  45.862 0.0000000000
77719  -47.424  -15.852  45.760 0.0000000000
77720  -47.736  -15.551  45.754 0.0000000000
77722  -48.465  -14.301  45.334 0.0000000000
77748  -43.504  -16.424  43.906 0.0000000000
77766  -47.366  -15.557  43.115 0.0000000000
77767  -47.871  -15.361  43.146 0.0000000000
78923  -48.769  -14.991  48.184 0.0000000000
78930  -48.261  -15.293  47.445 0.0000000000
78944  -47.616  -15.674  46.134 0.0000000000
78945  -47.824  -15.493  46.191 0.0000000000
78961  -47.601  -15.685  45.891 0.0000000000
78962  -47.746  -15.525  46.004 0.0000000000
78964  -48.782  -13.852  44.922 0.0000000000
78996  -46.291  -15.542  42.501 0.0000000000
80130  -49.363  -13.382  45.402 0.0000000000
80132  -50.471  -13.470  43.760 0.0000000000
80133  -51.363  -13.385  43.376 0.0000000000
80140  -52.332  -13.453  42.695 0.0000000000
81242  -49.639  -12.799  46.495 0.0000000000
81243  -49.981  -12.544  46.246 0.0000000000
81248  -49.633  -13.043  45.549 0.0000000000
81256  -49.629  -13.209  45.017 0.0000000000
82327  -49.977  -12.491  46.878 0.0000000000
82347  -51.402  -12.010  44.656 0.0000000000
83388  -51.326  -11.944  44.987 0.0000000000
84537  -49.485  -9.936  40.237 0.0000000000
85625  -50.079  -8.931  41.104 0.0000000000
86706  -49.846  -8.490  40.382 0.0000000000
87814  -52.139  -7.057  41.570 0.0000000000
87827  -49.859  -7.647  39.178 0.0000000000
88902  -51.147  -6.746  39.501 0.0000000000
