#!ascii label  , from subject 3551 vox2ras=TkReg
1132
72210  -27.166  -20.921  -8.298 0.4285714328
74597  -27.833  -19.553  -8.727 0.2857142985
74596  -27.019  -19.466  -8.664 0.4285714328
74598  -28.221  -19.539  -8.551 0.4285714328
75820  -28.088  -18.455  -8.082 0.4285714328
75819  -27.429  -18.114  -8.259 0.2857142985
77120  -28.177  -17.719  -7.389 0.4285714328
78457  -27.190  -16.473  -9.219 0.4285714328
78437  -27.414  -16.806  -8.422 0.4285714328
79662  -27.264  -15.868  -9.284 0.4285714328
80806  -27.584  -15.138  -9.445 0.4285714328
80822  -27.451  -14.430  -10.124 0.5714285970
80807  -28.300  -14.533  -9.834 0.4285714328
81898  -27.674  -14.094  -10.632 0.7142857313
80824  -28.525  -14.199  -10.612 0.7142857313
82980  -29.557  -13.269  -11.316 0.7142857313
82981  -29.816  -12.974  -10.792 0.4285714328
81900  -29.032  -13.916  -11.071 0.7142857313
84009  -30.239  -12.432  -11.432 0.5714285970
84018  -31.088  -12.105  -12.042 0.5714285970
84010  -31.201  -11.983  -11.555 0.5714285970
84008  -29.459  -12.441  -11.638 0.5714285970
85150  -31.272  -11.025  -10.872 0.4285714328
85169  -31.685  -11.343  -12.104 0.5714285970
86229  -32.462  -10.081  -11.796 0.5714285970
85168  -30.817  -11.266  -12.090 0.7142857313
86238  -32.515  -10.072  -12.302 0.7142857313
86239  -33.141  -9.613  -12.091 0.7142857313
87302  -33.487  -8.891  -11.947 0.5714285970
86234  -28.902  -9.844  -11.200 0.5714285970
86237  -31.467  -10.277  -12.211 0.8571428657
87314  -33.524  -8.832  -12.325 0.7142857313
87315  -34.389  -8.831  -12.566 0.5714285970
87312  -31.036  -9.050  -11.970 0.7142857313
87311  -29.986  -8.809  -11.417 0.5714285970
87334  -34.788  -8.547  -13.683 0.7142857313
87316  -35.428  -9.022  -12.389 0.5714285970
87322  -32.708  -9.086  -12.477 0.7142857313
87324  -34.149  -8.746  -13.181 0.7142857313
88468  -35.362  -8.153  -13.862 0.5714285970
87323  -33.314  -8.756  -12.493 0.7142857313
88460  -35.831  -8.205  -13.152 0.5714285970
88456  -32.347  -8.560  -12.425 0.5714285970
88457  -32.862  -8.001  -12.453 0.7142857313
89531  -34.365  -7.240  -13.493 0.7142857313
89523  -35.658  -6.757  -12.943 0.7142857313
89513  -33.921  -6.929  -12.074 0.7142857313
89522  -34.499  -6.757  -13.094 0.7142857313
89514  -35.010  -6.548  -11.986 0.7142857313
90552  -36.444  -5.532  -12.611 0.7142857313
90560  -36.401  -6.071  -12.939 0.5714285970
89511  -31.781  -6.783  -12.110 0.5714285970
91660  -36.965  -4.920  -12.741 0.5714285970
92754  -37.630  -3.969  -13.096 0.5714285970
90550  -34.276  -6.340  -11.397 0.8571428657
90549  -33.253  -6.326  -11.517 0.8571428657
92753  -37.077  -3.861  -11.784 0.7142857313
92739  -36.352  -4.274  -11.286 0.7142857313
90532  -35.178  -5.875  -10.999 0.8571428657
91646  -35.888  -4.861  -10.937 0.7142857313
93851  -35.869  -2.460  -11.117 0.8571428657
93863  -37.372  -3.308  -13.219 0.5714285970
92738  -35.773  -3.584  -10.809 0.8571428657
91645  -34.527  -4.496  -10.315 0.8571428657
94919  -35.371  -1.450  -10.552 0.8571428657
96054  -35.350  -0.577  -11.965 0.8571428657
97134  -34.906  0.815  -11.568 0.8571428657
92752  -36.439  -3.116  -11.398 0.8571428657
96039  -35.126  -0.597  -11.097 0.8571428657
97102  -34.326  0.536  -9.746 1.0000000000
97116  -34.787  0.504  -10.735 1.0000000000
96038  -34.845  -0.454  -10.121 1.0000000000
98147  -34.416  1.550  -10.138 1.0000000000
100267  -32.958  3.494  -8.075 0.7142857313
98146  -33.793  1.517  -9.322 1.0000000000
99214  -34.063  2.629  -9.600 1.0000000000
103575  -33.451  6.587  -9.023 1.0000000000
103574  -32.818  6.593  -8.371 0.8571428657
105484  -33.300  8.558  -9.078 0.8571428657
104537  -33.129  7.599  -8.617 1.0000000000
109092  -33.434  12.565  -10.503 0.8571428657
108214  -33.291  10.985  -9.415 0.8571428657
107343  -33.454  10.415  -9.758 1.0000000000
110940  -32.914  14.368  -10.486 0.8571428657
109997  -33.332  13.529  -10.944 0.8571428657
111925  -32.541  15.524  -11.058 0.7142857313
109988  -31.434  13.752  -8.981 0.5714285970
112798  -32.338  16.569  -10.395 0.7142857313
112804  -32.666  16.569  -11.280 0.5714285970
111913  -29.975  15.462  -8.796 0.5714285970
110927  -30.887  14.309  -8.951 0.5714285970
112775  -29.311  15.757  -8.867 0.4285714328
114381  -29.929  18.622  -9.340 0.4285714328
115163  -31.016  19.447  -10.134 0.4285714328
113582  -27.011  16.921  -9.972 0.2857142985
113594  -26.480  17.623  -10.436 0.2857142985
113583  -27.461  17.254  -9.951 0.2857142985
113593  -25.740  17.575  -10.630 0.2857142985
75833  -27.465  -18.696  -8.451 0.2857142985
84019  -31.595  -12.026  -11.985 0.5714285970
93853  -37.304  -3.490  -12.684 0.5714285970
90533  -35.918  -5.424  -11.899 0.7142857313
91647  -36.550  -4.790  -11.765 0.7142857313
94934  -36.100  -1.858  -12.300 0.8571428657
94945  -35.671  -1.322  -12.491 0.8571428657
97117  -35.089  0.114  -11.511 0.8571428657
100284  -33.563  3.597  -9.043 0.8571428657
113569  -25.783  17.101  -7.909 0.1428571492
75832  -26.781  -18.307  -8.443 0.2857142985
77131  -26.329  -17.254  -8.682 0.2857142985
77132  -27.111  -17.474  -8.767 0.2857142985
80775  -27.768  -15.575  -7.663 0.4285714328
77146  -26.976  -16.832  -9.272 0.2857142985
80794  -27.615  -15.394  -8.194 0.4285714328
80805  -26.793  -14.610  -9.551 0.5714285970
80823  -28.014  -14.546  -10.472 0.5714285970
81888  -28.836  -14.050  -10.197 0.4285714328
81887  -27.707  -13.488  -10.561 0.2857142985
81899  -28.302  -13.914  -10.999 0.7142857313
82979  -28.867  -13.299  -11.484 0.7142857313
84007  -28.631  -12.131  -10.819 0.5714285970
85151  -31.622  -9.827  -10.258 0.4285714328
85159  -29.565  -11.690  -11.706 0.7142857313
85167  -29.784  -10.922  -11.660 0.7142857313
85160  -31.629  -11.443  -11.748 0.7142857313
85170  -32.146  -10.865  -11.952 0.5714285970
86220  -32.153  -9.649  -11.101 0.4285714328
86235  -29.484  -9.828  -11.522 0.5714285970
86236  -30.404  -10.049  -11.871 0.5714285970
89524  -36.587  -6.662  -12.787 0.5714285970
88450  -35.983  -8.268  -12.271 0.5714285970
89521  -33.417  -7.120  -13.080 0.7142857313
88458  -33.647  -7.989  -13.026 0.7142857313
88447  -31.795  -7.816  -12.206 0.8571428657
89502  -35.399  -5.868  -11.909 0.7142857313
93852  -36.745  -2.657  -12.209 0.5714285970
92737  -34.606  -3.237  -9.986 1.0000000000
98160  -34.495  1.518  -11.157 1.0000000000
96024  -34.260  -0.412  -9.298 1.0000000000
99213  -33.399  2.509  -8.697 0.8571428657
101356  -32.398  4.493  -7.788 0.7142857313
101357  -33.231  4.580  -8.353 1.0000000000
101392  -33.904  4.679  -10.059 1.0000000000
102468  -32.603  5.557  -8.135 0.7142857313
102490  -33.850  5.317  -9.860 1.0000000000
104538  -33.682  7.563  -9.363 0.8571428657
108227  -33.437  11.549  -9.872 0.8571428657
106423  -33.689  9.550  -10.149 1.0000000000
105497  -33.887  8.547  -9.795 1.0000000000
110937  -32.774  14.183  -9.958 0.7142857313
113585  -29.857  17.559  -9.150 0.7142857313
110935  -31.658  14.406  -9.238 0.5714285970
111914  -30.891  15.334  -8.979 0.7142857313
112797  -31.678  16.914  -9.845 0.7142857313
111900  -28.483  14.908  -9.082 0.4285714328
114380  -28.650  18.432  -9.825 0.4285714328
114391  -31.815  18.624  -10.497 0.4285714328
115162  -30.125  19.483  -9.672 0.4285714328
114389  -26.424  18.164  -10.646 0.2857142985
82968  -28.090  -12.842  -10.648 0.4285714328
113584  -28.580  17.398  -9.546 0.4285714328
112786  -29.766  16.390  -8.894 0.7142857313
113595  -26.817  17.907  -10.389 0.2857142985
73381  -27.708  -20.486  -8.549 0.4285714328
73382  -28.293  -19.936  -8.622 0.4285714328
74595  -26.535  -18.846  -8.347 0.2857142985
74585  -28.613  -19.480  -7.993 0.4285714328
75834  -28.086  -19.137  -8.496 0.4285714328
77119  -27.549  -17.638  -8.053 0.4285714328
78456  -26.750  -16.261  -9.280 0.2857142985
78481  -27.149  -16.078  -9.379 0.4285714328
79647  -27.468  -15.977  -8.802 0.4285714328
79661  -26.999  -15.668  -9.431 0.4285714328
81886  -27.085  -13.630  -9.989 0.2857142985
84017  -30.187  -12.018  -12.032 0.5714285970
85161  -31.776  -10.467  -11.370 0.4285714328
86230  -32.785  -9.254  -11.491 0.5714285970
85166  -29.192  -10.366  -11.371 0.7142857313
85158  -28.784  -10.940  -11.080 0.7142857313
87313  -32.003  -9.231  -12.499 0.5714285970
88459  -35.883  -9.156  -13.102 0.5714285970
89532  -35.151  -7.402  -13.591 0.7142857313
89512  -32.673  -6.981  -12.225 0.8571428657
89515  -35.516  -6.072  -12.449 0.7142857313
90548  -32.227  -6.254  -11.759 0.8571428657
93839  -35.230  -2.385  -10.161 0.8571428657
94933  -35.710  -1.571  -11.673 0.8571428657
94918  -34.755  -1.373  -9.704 1.0000000000
109087  -33.145  12.631  -9.813 0.8571428657
109993  -33.039  13.444  -10.238 0.8571428657
111916  -32.707  14.817  -9.782 0.7142857313
111915  -32.100  15.317  -9.472 0.5714285970
112787  -31.086  16.485  -9.360 0.5714285970
112774  -28.771  15.537  -8.969 0.4285714328
112785  -28.497  16.355  -9.237 0.4285714328
112795  -25.816  16.987  -10.115 0.2857142985
112784  -27.707  16.250  -9.899 0.2857142985
113592  -25.273  17.514  -10.324 0.2857142985
113578  -25.588  17.646  -8.548 0.1428571492
77145  -26.742  -16.900  -9.118 0.2857142985
102469  -33.278  5.600  -8.758 1.0000000000
113586  -30.973  17.685  -9.417 0.5714285970
117799  -28.849  23.081  -11.448 0.2857142985
116890  -27.096  22.648  -11.201 0.1428571492
115997  -29.263  20.875  -10.444 0.2857142985
117800  -30.111  22.541  -11.753 0.2857142985
116891  -27.977  22.759  -11.258 0.1428571492
117797  -26.404  23.175  -11.973 0.1428571492
115160  -27.322  19.345  -10.087 0.1428571492
115170  -28.542  20.320  -10.212 0.2857142985
115169  -27.458  20.167  -10.413 0.1428571492
116903  -31.878  22.169  -12.849 0.2857142985
117792  -29.925  22.109  -11.239 0.2857142985
113635  -30.759  17.228  -15.051 0.2857142985
115210  -31.762  19.213  -14.142 0.2857142985
116889  -25.970  22.349  -11.559 0.1428571492
115989  -30.335  20.262  -9.975 0.2857142985
112824  -32.487  16.871  -12.859 0.2857142985
116894  -31.694  21.400  -12.169 0.2857142985
115998  -30.581  20.909  -10.587 0.2857142985
110974  -31.203  14.576  -14.395 0.1428571492
113628  -32.289  17.751  -13.275 0.2857142985
115196  -32.390  19.951  -12.804 0.2857142985
115995  -26.401  20.870  -10.729 0.1428571492
115179  -31.853  19.674  -11.565 0.2857142985
116006  -31.080  21.050  -11.198 0.2857142985
108249  -30.429  11.388  -16.086 0.1428571492
109108  -30.917  12.611  -14.811 0.1428571492
111959  -31.423  15.598  -14.033 0.4285714328
113603  -32.730  17.630  -11.534 0.2857142985
107362  -32.888  10.595  -13.305 0.2857142985
110009  -32.362  13.575  -13.288 0.4285714328
112815  -32.763  16.675  -12.163 0.2857142985
114382  -30.999  18.621  -9.775 0.2857142985
105549  -31.789  8.599  -14.234 0.1428571492
109110  -32.135  12.422  -14.178 0.2857142985
111948  -32.329  15.747  -12.775 0.4285714328
109101  -33.510  12.650  -12.229 0.5714285970
111936  -32.965  14.874  -11.725 0.7142857313
103636  -31.968  6.441  -13.658 0.1428571492
105539  -32.516  8.596  -13.587 0.1428571492
110003  -33.498  13.611  -11.772 0.7142857313
107359  -33.394  10.593  -12.404 0.4285714328
102546  -31.758  5.397  -13.971 0.2857142985
103637  -32.735  6.765  -13.115 0.7142857313
109096  -33.601  12.601  -11.371 0.7142857313
105498  -34.197  8.227  -10.298 0.8571428657
105528  -33.658  8.609  -12.195 0.8571428657
107355  -33.684  10.509  -11.360 0.5714285970
100349  -31.549  3.572  -14.697 0.2857142985
101436  -31.781  4.248  -14.208 0.2857142985
106438  -33.810  9.622  -11.761 0.7142857313
108213  -32.856  11.537  -9.060 0.5714285970
107352  -33.796  10.146  -10.970 0.8571428657
100364  -31.871  2.854  -15.053 0.1428571492
103627  -32.926  6.040  -12.718 0.7142857313
99272  -32.408  2.085  -14.867 0.1428571492
96020  -30.328  -0.919  -9.681 0.5714285970
97088  -33.124  0.463  -8.597 0.8571428657
98134  -33.152  1.392  -8.456 0.8571428657
97087  -32.530  0.759  -8.291 0.4285714328
98133  -32.283  1.616  -8.045 0.5714285970
102489  -33.696  5.617  -9.515 0.8571428657
101407  -33.977  4.014  -11.831 0.8571428657
103605  -33.793  6.487  -10.781 0.8571428657
99273  -32.812  1.743  -14.323 0.2857142985
101420  -33.398  4.405  -12.279 0.8571428657
103619  -33.642  6.587  -11.652 0.8571428657
106435  -33.846  9.628  -10.928 0.8571428657
98215  -33.422  0.761  -16.218 0.4285714328
100338  -32.909  3.289  -13.161 0.7142857313
102529  -32.926  5.245  -12.598 0.7142857313
96037  -29.687  -1.078  -10.545 0.2857142985
96022  -32.377  -0.655  -8.620 0.5714285970
96021  -31.142  -0.520  -8.654 0.5714285970
100300  -34.060  3.308  -10.178 0.8571428657
100315  -33.764  3.938  -10.439 0.8571428657
101406  -33.644  4.470  -11.069 0.8571428657
102504  -33.809  5.457  -10.300 0.8571428657
98195  -33.715  1.145  -13.811 0.4285714328
99250  -33.445  2.571  -13.023 0.8571428657
97164  -33.740  0.514  -15.441 0.4285714328
90528  -30.445  -5.521  -11.423 0.7142857313
91641  -30.227  -4.585  -11.275 0.4285714328
90529  -31.477  -5.707  -11.559 0.7142857313
91644  -33.140  -4.815  -10.342 0.8571428657
92719  -31.723  -3.671  -10.110 0.5714285970
93822  -30.875  -2.991  -9.886 0.5714285970
94899  -30.176  -2.141  -10.202 0.4285714328
92720  -32.654  -3.354  -9.578 0.8571428657
93823  -31.764  -2.741  -9.351 0.5714285970
94900  -30.910  -1.933  -9.221 0.5714285970
93838  -34.338  -2.243  -9.547 0.8571428657
93825  -33.583  -2.090  -9.200 0.7142857313
94901  -31.981  -1.658  -8.859 0.5714285970
96059  -35.449  -0.445  -12.797 0.7142857313
97135  -35.109  0.386  -12.251 0.7142857313
98175  -34.668  1.365  -12.219 0.7142857313
99240  -34.201  2.440  -11.648 0.8571428657
96084  -36.543  -0.461  -16.090 0.2857142985
96073  -35.328  -0.388  -14.772 0.4285714328
97157  -34.768  -0.092  -14.594 0.5714285970
88446  -30.583  -8.037  -11.787 0.4285714328
89500  -30.635  -6.427  -11.666 0.4285714328
90527  -29.477  -5.414  -11.313 0.4285714328
90531  -33.830  -5.606  -10.867 0.7142857313
92721  -33.715  -3.083  -9.303 0.8571428657
94952  -35.802  -1.224  -13.187 0.7142857313
94967  -36.845  -1.112  -15.362 0.2857142985
96066  -36.158  -0.879  -14.463 0.5714285970
88433  -29.050  -7.418  -11.018 0.5714285970
89501  -31.226  -6.507  -12.147 0.5714285970
90530  -32.669  -5.493  -11.205 0.7142857313
92762  -37.708  -3.368  -13.973 0.4285714328
93868  -37.540  -2.252  -14.367 0.4285714328
94960  -37.378  -1.517  -14.736 0.4285714328
94953  -36.510  -1.584  -13.842 0.4285714328
85157  -28.164  -10.199  -10.612 0.5714285970
87317  -35.612  -8.403  -11.602 0.4285714328
88461  -36.517  -7.430  -12.444 0.4285714328
91661  -37.685  -4.760  -12.821 0.4285714328
91668  -36.859  -5.689  -13.020 0.4285714328
92755  -38.364  -3.902  -12.681 0.4285714328
81862  -28.472  -14.412  -7.795 0.1428571492
89534  -37.160  -6.292  -12.907 0.4285714328
90562  -38.015  -5.530  -12.386 0.4285714328
91662  -38.380  -4.843  -12.271 0.4285714328
81879  -28.400  -13.913  -8.874 0.1428571492
82960  -29.104  -12.629  -8.906 0.1428571492
85137  -30.964  -10.570  -9.609 0.2857142985
87291  -35.664  -7.607  -9.648 0.2857142985
88420  -37.746  -7.371  -9.424 0.2857142985
88418  -36.198  -7.699  -10.482 0.2857142985
87289  -33.783  -8.338  -10.703 0.4285714328
88439  -37.734  -7.208  -10.392 0.2857142985
88438  -36.843  -7.541  -10.878 0.2857142985
87304  -34.871  -8.339  -11.228 0.2857142985
89504  -37.842  -6.460  -11.002 0.2857142985
89516  -37.843  -6.577  -11.812 0.4285714328
81863  -29.048  -13.744  -7.562 0.1428571492
81880  -28.846  -13.290  -8.513 0.1428571492
83990  -29.617  -12.113  -9.264 0.2857142985
85139  -32.787  -9.489  -8.427 0.2857142985
86223  -34.172  -8.248  -9.058 0.2857142985
86222  -33.524  -8.388  -9.637 0.2857142985
85152  -32.230  -9.295  -9.378 0.2857142985
82942  -29.423  -13.130  -7.913 0.1428571492
83975  -31.322  -11.518  -7.509 0.2857142985
82943  -30.172  -12.737  -7.643 0.2857142985
83992  -31.382  -10.590  -8.198 0.2857142985
83991  -30.232  -11.322  -8.846 0.2857142985
82970  -29.484  -12.680  -10.000 0.2857142985
85138  -31.805  -9.932  -8.927 0.2857142985
75821  -28.928  -18.583  -7.188 0.2857142985
80776  -28.198  -15.322  -7.260 0.1428571492
79628  -27.601  -16.087  -7.604 0.2857142985
80777  -28.908  -14.534  -6.771 0.1428571492
73366  -28.122  -20.925  -8.089 0.2857142985
72195  -27.607  -21.335  -7.875 0.2857142985
78418  -28.271  -16.825  -6.755 0.2857142985
72196  -28.467  -21.138  -7.478 0.1428571492
72173  -27.034  -21.927  -7.018 0.2857142985
72172  -26.695  -22.145  -7.290 0.1428571492
83974  -30.435  -11.911  -7.702 0.2857142985
83993  -32.328  -10.232  -8.000 0.2857142985
87270  -34.868  -7.931  -9.041 0.2857142985
86209  -32.881  -8.881  -9.225 0.2857142985
88437  -36.151  -7.980  -11.286 0.4285714328
88452  -37.372  -7.094  -11.528 0.2857142985
90536  -38.328  -5.617  -10.694 0.2857142985
91642  -31.088  -4.705  -11.246 0.7142857313
90554  -38.302  -5.489  -11.735 0.4285714328
93824  -32.795  -2.409  -9.139 0.5714285970
93862  -37.065  -2.630  -13.526 0.4285714328
94961  -37.929  -1.620  -14.604 0.2857142985
94968  -37.185  -0.983  -15.472 0.2857142985
96074  -36.205  -0.807  -15.288 0.5714285970
106410  -32.731  9.503  -9.027 0.7142857313
98185  -34.224  1.280  -13.023 0.7142857313
104553  -34.018  7.528  -10.276 0.8571428657
109989  -32.160  13.472  -9.104 0.4285714328
109086  -32.729  12.618  -9.298 0.5714285970
108234  -33.597  11.556  -10.901 0.7142857313
96082  -34.823  -0.114  -15.242 0.2857142985
104567  -33.947  7.302  -11.106 0.8571428657
107351  -33.654  10.479  -10.543 0.8571428657
101437  -32.258  4.525  -13.491 0.5714285970
114399  -31.954  18.948  -11.183 0.2857142985
106452  -32.643  9.658  -13.857 0.4285714328
108243  -32.566  11.557  -13.905 0.4285714328
115994  -25.954  20.894  -10.570 0.1428571492
110018  -31.166  12.971  -14.601 0.1428571492
143261  -32.123  20.954  -13.193 0.2857142985
73367  -28.573  -20.475  -8.047 0.1428571492
74584  -26.698  -19.959  -8.500 0.2857142985
79629  -28.139  -16.048  -6.986 0.1428571492
78417  -27.639  -17.044  -7.558 0.2857142985
81864  -30.132  -13.566  -7.108 0.1428571492
84002  -29.787  -12.087  -10.240 0.2857142985
86211  -34.714  -8.782  -8.282 0.2857142985
87271  -35.654  -8.005  -8.587 0.2857142985
87301  -29.852  -8.120  -11.262 0.5714285970
86221  -32.691  -8.956  -10.367 0.2857142985
89498  -28.699  -6.391  -11.168 0.2857142985
89505  -38.217  -6.404  -10.097 0.2857142985
91625  -38.807  -4.728  -9.903 0.2857142985
92733  -29.331  -3.458  -11.229 0.4285714328
92735  -30.811  -3.942  -11.068 0.5714285970
91648  -38.736  -4.735  -11.079 0.4285714328
97133  -29.624  -0.516  -10.570 0.2857142985
90568  -37.092  -5.976  -13.162 0.4285714328
93840  -39.139  -3.040  -11.891 0.1428571492
93864  -38.605  -2.641  -13.550 0.4285714328
92769  -38.194  -3.106  -14.215 0.4285714328
94948  -38.700  -1.709  -13.524 0.1428571492
99227  -34.151  2.466  -10.637 0.8571428657
96061  -38.336  -1.193  -13.901 0.1428571492
96065  -35.714  -0.492  -13.740 0.5714285970
96083  -35.492  -0.254  -15.814 0.2857142985
104581  -34.004  7.879  -11.216 0.8571428657
98214  -31.974  1.306  -16.478 0.1428571492
114379  -27.093  18.310  -10.201 0.2857142985
100350  -32.129  3.229  -13.954 0.4285714328
98201  -32.467  1.323  -15.711 0.4285714328
100363  -30.969  3.039  -15.522 0.1428571492
104599  -32.863  7.750  -13.097 0.5714285970
103646  -31.084  6.984  -14.848 0.1428571492
115168  -26.326  20.095  -10.706 0.1428571492
107363  -33.207  10.042  -12.888 0.5714285970
103647  -31.352  6.552  -14.474 0.1428571492
106463  -32.163  9.659  -14.377 0.1428571492
111947  -31.777  15.407  -13.366 0.2857142985
110008  -31.760  14.060  -13.494 0.2857142985
107370  -32.501  10.578  -14.239 0.2857142985
107381  -31.258  10.460  -15.194 0.1428571492
107380  -30.692  10.432  -15.766 0.1428571492
108250  -30.825  11.323  -15.306 0.1428571492
112834  -30.964  16.237  -14.618 0.2857142985
112841  -30.416  16.249  -15.424 0.2857142985
111966  -30.461  15.391  -14.962 0.1428571492
110984  -30.572  14.437  -15.415 0.1428571492
74587  -29.821  -19.446  -7.061 0.1428571492
87292  -36.374  -7.592  -8.978 0.2857142985
97167  -37.093  0.315  -15.865 0.2857142985
109122  -29.939  12.356  -16.335 0.1428571492
112851  -29.946  16.125  -16.155 0.2857142985
73365  -26.594  -20.525  -8.206 0.2857142985
73368  -29.395  -20.162  -7.541 0.1428571492
74586  -29.386  -19.427  -7.344 0.1428571492
77121  -28.729  -17.731  -6.756 0.1428571492
80795  -28.061  -14.773  -8.594 0.1428571492
82969  -29.303  -13.399  -10.410 0.2857142985
82959  -28.780  -13.405  -9.441 0.1428571492
84003  -30.535  -11.534  -10.544 0.2857142985
87303  -34.183  -8.538  -11.754 0.4285714328
90547  -31.632  -6.287  -11.944 0.5714285970
88435  -30.835  -7.149  -12.158 0.4285714328
91624  -34.089  -3.705  -9.790 0.7142857313
97101  -33.659  0.509  -9.053 0.8571428657
94903  -34.005  -1.342  -9.054 0.8571428657
100285  -33.925  3.367  -9.631 0.8571428657
108226  -33.124  12.099  -9.461 0.5714285970
111935  -32.857  15.474  -11.933 0.5714285970
113597  -32.499  17.607  -10.706 0.2857142985
115990  -31.137  20.195  -10.299 0.2857142985
94946  -36.317  -1.884  -12.912 0.4285714328
85149  -28.189  -11.363  -10.618 0.5714285970
89525  -37.331  -6.737  -12.435 0.4285714328
94902  -33.064  -1.461  -8.781 0.5714285970
105518  -33.915  8.560  -11.266 0.8571428657
115161  -28.792  19.492  -9.924 0.2857142985
115171  -31.509  19.522  -10.797 0.2857142985
115988  -29.426  20.103  -9.990 0.2857142985
91623  -33.452  -3.960  -9.806 0.8571428657
117791  -29.436  22.335  -11.121 0.2857142985
116883  -28.359  22.068  -10.792 0.2857142985
116882  -26.712  21.856  -10.680 0.1428571492
117815  -30.831  22.699  -12.455 0.2857142985
115996  -27.727  21.044  -10.329 0.1428571492
116893  -31.040  21.689  -11.773 0.2857142985
113636  -31.410  17.288  -14.425 0.2857142985
114427  -32.134  18.995  -13.406 0.2857142985
113617  -32.648  17.750  -12.395 0.2857142985
113627  -31.839  17.239  -13.864 0.2857142985
112823  -31.994  16.449  -13.486 0.2857142985
115999  -31.298  20.338  -11.031 0.2857142985
116021  -31.975  20.895  -12.483 0.2857142985
110962  -31.978  14.648  -13.125 0.2857142985
110973  -30.733  14.789  -14.764 0.1428571492
110028  -30.848  13.431  -14.927 0.1428571492
115180  -32.306  19.463  -12.171 0.2857142985
109114  -30.556  12.352  -15.411 0.1428571492
109109  -31.460  12.340  -14.591 0.1428571492
110040  -30.354  13.400  -15.930 0.1428571492
111958  -30.945  15.319  -14.546 0.1428571492
110002  -33.118  13.611  -12.514 0.5714285970
109100  -32.978  12.628  -12.915 0.4285714328
110949  -32.698  14.609  -12.643 0.5714285970
105563  -31.189  8.629  -15.004 0.1428571492
105538  -32.036  8.054  -13.800 0.1428571492
110020  -32.191  13.012  -13.848 0.2857142985
108245  -31.392  11.358  -14.871 0.2857142985
109105  -32.543  12.493  -13.584 0.4285714328
108241  -33.227  11.722  -12.559 0.5714285970
108237  -33.557  11.610  -11.820 0.7142857313
105540  -33.167  8.615  -12.896 0.5714285970
102538  -32.345  5.581  -13.252 0.5714285970
103628  -33.376  6.816  -12.498 0.7142857313
104589  -33.310  7.778  -12.558 0.7142857313
106444  -33.449  9.494  -12.596 0.7142857313
101438  -32.326  4.170  -13.164 0.5714285970
99261  -32.553  2.342  -14.029 0.4285714328
102519  -33.587  5.534  -11.393 0.8571428657
96009  -32.697  0.062  -8.542 0.5714285970
97086  -31.666  0.981  -8.268 0.4285714328
96007  -31.417  0.316  -8.462 0.4285714328
100316  -33.722  3.392  -11.132 0.8571428657
100329  -33.508  3.194  -12.573 0.8571428657
99262  -33.046  2.081  -13.596 0.4285714328
97155  -33.627  0.628  -14.965 0.5714285970
101419  -33.000  4.818  -12.529 0.8571428657
99263  -33.717  1.908  -13.219 0.7142857313
89499  -29.795  -6.399  -11.102 0.5714285970
91643  -32.016  -4.631  -10.779 0.7142857313
92736  -31.372  -4.043  -10.846 0.7142857313
91622  -32.576  -4.114  -10.061 0.7142857313
92717  -30.711  -3.462  -10.975 0.4285714328
93821  -30.537  -3.015  -10.755 0.4285714328
93837  -29.832  -2.688  -11.075 0.2857142985
97149  -34.863  -0.016  -14.070 0.5714285970
97141  -34.535  0.756  -13.098 0.7142857313
88434  -30.132  -7.457  -11.185 0.5714285970
92768  -37.875  -2.822  -14.413 0.4285714328
96075  -37.632  -0.862  -14.871 0.2857142985
91670  -37.771  -5.301  -12.724 0.4285714328
92763  -38.246  -3.524  -13.642 0.4285714328
90553  -37.916  -6.089  -12.171 0.4285714328
87305  -35.517  -8.003  -10.719 0.2857142985
87290  -34.498  -7.744  -10.023 0.2857142985
90535  -38.055  -6.050  -11.509 0.4285714328
82961  -29.835  -12.092  -8.419 0.2857142985
86210  -33.618  -8.854  -8.700 0.2857142985
72175  -29.190  -21.221  -6.697 0.1428571492
93869  -38.396  -2.434  -14.134 0.2857142985
115167  -26.002  20.141  -10.527 0.1428571492
73346  -29.631  -20.730  -7.136 0.1428571492
75822  -29.619  -19.107  -6.921 0.1428571492
115159  -26.243  19.396  -10.544 0.1428571492
106408  -31.086  9.598  -8.581 0.5714285970
104535  -31.287  7.638  -8.209 0.4285714328
104534  -30.401  7.716  -8.650 0.4285714328
105482  -31.671  8.621  -8.356 0.5714285970
103572  -30.701  6.559  -8.257 0.4285714328
106409  -32.000  9.566  -8.598 0.4285714328
101355  -31.341  4.400  -7.960 0.4285714328
102467  -31.614  5.487  -8.032 0.4285714328
102488  -29.882  5.332  -8.396 0.4285714328
103573  -31.916  6.593  -7.907 0.5714285970
104536  -32.303  7.640  -8.076 0.5714285970
99198  -31.792  2.453  -7.874 0.5714285970
88421  -38.373  -7.161  -8.950 0.1428571492
88440  -38.258  -7.031  -9.670 0.1428571492
90510  -38.554  -5.596  -9.548 0.1428571492
81885  -26.171  -13.549  -9.296 0.2857142985
88419  -36.832  -7.509  -9.818 0.1428571492
88382  -38.928  -7.753  -7.304 0.1428571492
88399  -38.673  -7.601  -8.196 0.1428571492
89438  -38.983  -7.066  -6.595 0.1428571492
89466  -38.852  -6.618  -8.389 0.1428571492
90445  -38.469  -6.460  -5.746 0.1428571492
86212  -35.822  -8.709  -7.938 0.1428571492
87251  -37.265  -8.584  -7.715 0.1428571492
87272  -36.797  -8.058  -8.255 0.1428571492
87274  -38.514  -8.249  -7.696 0.1428571492
88346  -38.569  -8.196  -5.633 0.1428571492
87253  -38.669  -8.660  -7.054 0.1428571492
89367  -40.275  -7.130  -3.455 0.1428571492
89393  -38.583  -7.558  -4.712 0.1428571492
90428  -39.297  -6.090  -4.188 0.1428571492
79660  -26.385  -15.374  -9.234 0.2857142985
80804  -25.860  -14.475  -9.137 0.2857142985
85122  -33.307  -10.359  -7.706 0.1428571492
85123  -34.365  -10.437  -7.572 0.1428571492
85141  -34.697  -9.685  -7.732 0.1428571492
86193  -35.302  -9.368  -7.709 0.1428571492
86196  -38.045  -9.479  -6.959 0.1428571492
86194  -36.078  -9.438  -7.457 0.1428571492
86197  -38.570  -9.285  -6.598 0.1428571492
86195  -37.114  -9.360  -7.323 0.1428571492
87220  -38.724  -9.103  -5.585 0.1428571492
87203  -39.065  -8.962  -4.094 0.1428571492
88293  -40.367  -8.108  -3.138 0.1428571492
88325  -39.127  -8.027  -4.083 0.1428571492
79646  -25.705  -15.290  -8.825 0.2857142985
78435  -25.757  -16.218  -8.540 0.2857142985
83976  -32.619  -11.208  -7.425 0.1428571492
83977  -33.967  -11.343  -7.357 0.1428571492
85124  -35.399  -10.269  -7.446 0.1428571492
85126  -37.390  -10.230  -6.883 0.1428571492
85113  -38.755  -10.549  -5.742 0.1428571492
86157  -38.925  -9.961  -4.124 0.1428571492
85114  -38.768  -10.761  -5.367 0.1428571492
88294  -41.302  -7.753  -3.317 0.1428571492
82945  -32.459  -12.396  -7.110 0.1428571492
83978  -35.056  -11.349  -7.541 0.1428571492
82947  -34.749  -12.374  -7.474 0.1428571492
83965  -37.540  -11.855  -6.754 0.1428571492
83966  -38.187  -11.595  -6.407 0.1428571492
83979  -36.038  -11.252  -7.205 0.1428571492
85112  -38.398  -10.587  -6.299 0.1428571492
86125  -39.517  -10.504  -3.322 0.1428571492
85102  -38.864  -10.910  -4.957 0.1428571492
87145  -40.630  -9.392  -2.885 0.1428571492
87168  -39.542  -9.458  -3.349 0.1428571492
81869  -35.527  -13.364  -7.642 0.1428571492
81868  -34.439  -13.409  -7.476 0.1428571492
82946  -33.652  -12.361  -7.192 0.1428571492
82948  -35.817  -12.308  -7.458 0.1428571492
82934  -38.017  -12.567  -6.507 0.1428571492
82933  -37.316  -12.772  -6.859 0.1428571492
82935  -38.462  -12.267  -5.927 0.1428571492
82926  -38.942  -12.530  -4.780 0.1428571492
85087  -38.846  -11.026  -4.070 0.1428571492
83967  -38.580  -11.343  -5.899 0.1428571492
80783  -35.141  -14.389  -7.927 0.1428571492
81867  -33.426  -13.417  -6.956 0.1428571492
81870  -36.789  -13.312  -7.305 0.1428571492
80784  -36.220  -14.254  -8.028 0.1428571492
81853  -37.687  -13.471  -6.840 0.1428571492
81854  -38.615  -13.428  -6.004 0.1428571492
82949  -36.728  -12.114  -7.055 0.1428571492
83980  -36.920  -11.115  -6.721 0.1428571492
85140  -33.877  -9.572  -7.974 0.1428571492
87170  -41.278  -8.806  -2.998 0.1428571492
89369  -41.954  -6.768  -3.926 0.1428571492
87237  -38.798  -8.830  -6.308 0.1428571492
88324  -38.591  -8.530  -4.780 0.1428571492
78436  -26.385  -16.524  -8.927 0.2857142985
83947  -39.010  -12.171  -3.886 0.1428571492
83916  -40.005  -12.072  -2.767 0.1428571492
89397  -42.207  -6.243  -4.185 0.1428571492
100266  -32.051  3.398  -7.575 0.4285714328
90408  -41.016  -6.156  -3.762 0.1428571492
89366  -39.612  -7.715  -3.494 0.1428571492
90407  -40.551  -6.452  -3.711 0.1428571492
90427  -38.705  -6.660  -4.812 0.1428571492
90429  -40.255  -5.794  -4.000 0.1428571492
90502  -38.717  -5.696  -8.579 0.1428571492
107329  -31.464  10.557  -8.549 0.4285714328
108212  -31.870  11.521  -8.584 0.4285714328
112850  -29.196  16.117  -16.470 0.1428571492
107330  -32.374  10.518  -8.747 0.4285714328
78455  -26.242  -15.919  -8.899 0.2857142985
114433  -30.586  18.024  -15.397 0.1428571492
82944  -31.279  -12.490  -7.086 0.1428571492
92740  -38.895  -3.872  -11.501 0.1428571492
88397  -37.105  -7.512  -8.964 0.1428571492
88398  -37.807  -7.677  -8.663 0.1428571492
89482  -38.465  -6.425  -9.194 0.1428571492
89455  -38.987  -6.847  -7.501 0.1428571492
88364  -38.839  -7.955  -6.481 0.1428571492
87273  -37.903  -8.249  -8.104 0.1428571492
89420  -38.669  -7.292  -5.724 0.1428571492
90489  -38.784  -5.886  -7.645 0.1428571492
90465  -38.633  -6.163  -6.698 0.1428571492
86213  -36.590  -8.784  -7.677 0.1428571492
87252  -37.944  -8.758  -7.487 0.1428571492
87202  -38.671  -9.403  -4.818 0.1428571492
89394  -39.080  -6.976  -3.777 0.1428571492
86185  -38.379  -9.834  -6.505 0.1428571492
85125  -36.469  -10.283  -7.143 0.1428571492
86186  -38.821  -9.738  -6.163 0.1428571492
86156  -38.724  -10.024  -4.880 0.1428571492
85127  -38.007  -10.202  -6.639 0.1428571492
85111  -37.779  -10.935  -6.642 0.1428571492
83968  -38.796  -11.179  -5.394 0.1428571492
82936  -38.829  -11.939  -5.421 0.1428571492
81846  -38.940  -13.635  -4.813 0.1428571492
72192  -24.731  -21.665  -6.922 0.1428571492
72194  -26.500  -21.749  -7.702 0.1428571492
73345  -24.181  -20.719  -6.582 0.1428571492
73363  -25.012  -20.659  -7.130 0.1428571492
73364  -25.874  -20.618  -7.670 0.1428571492
74583  -26.255  -19.438  -7.981 0.1428571492
75818  -25.283  -18.456  -7.635 0.1428571492
77118  -25.165  -17.609  -7.942 0.1428571492
75831  -25.956  -18.160  -8.262 0.1428571492
77129  -24.770  -16.937  -8.001 0.1428571492
77130  -25.432  -17.092  -8.368 0.1428571492
78434  -24.913  -16.205  -8.156 0.1428571492
79627  -24.357  -15.354  -7.844 0.1428571492
80793  -25.111  -14.411  -8.603 0.1428571492
79645  -25.052  -15.298  -8.286 0.1428571492
81878  -25.348  -13.508  -8.746 0.2857142985
82967  -27.412  -12.560  -9.939 0.2857142985
86227  -27.839  -9.537  -10.435 0.4285714328
87310  -29.048  -9.078  -11.312 0.4285714328
87300  -29.362  -8.233  -11.188 0.4285714328
98132  -31.591  1.797  -8.184 0.2857142985
100283  -30.339  2.998  -8.497 0.2857142985
104551  -28.858  7.582  -9.288 0.2857142985
104552  -29.638  7.711  -8.938 0.2857142985
105481  -30.738  8.638  -8.591 0.2857142985
106407  -30.119  9.634  -8.636 0.4285714328
81877  -24.473  -13.485  -8.469 0.1428571492
74582  -25.274  -19.565  -7.307 0.1428571492
77117  -24.327  -17.407  -7.459 0.1428571492
78416  -24.302  -16.250  -7.631 0.1428571492
80792  -24.238  -14.400  -8.200 0.1428571492
82955  -24.734  -12.570  -8.599 0.2857142985
82966  -26.461  -12.442  -9.387 0.2857142985
82956  -25.529  -12.609  -8.998 0.2857142985
83987  -25.562  -11.861  -9.287 0.2857142985
83988  -27.489  -12.034  -9.742 0.2857142985
85148  -27.600  -10.674  -10.377 0.4285714328
86219  -26.922  -9.558  -10.119 0.2857142985
97100  -30.885  0.696  -8.573 0.2857142985
99211  -29.688  2.321  -9.075 0.2857142985
99212  -30.437  2.471  -8.594 0.2857142985
100281  -29.019  3.184  -9.797 0.2857142985
100264  -30.093  3.811  -8.303 0.2857142985
102466  -30.683  5.357  -8.181 0.2857142985
103590  -29.575  6.530  -8.682 0.2857142985
102485  -27.529  6.018  -10.277 0.2857142985
103571  -30.051  7.144  -8.565 0.2857142985
84000  -27.177  -11.606  -9.678 0.2857142985
98144  -30.221  1.480  -8.783 0.2857142985
98159  -29.161  1.539  -9.811 0.2857142985
100280  -28.587  3.588  -10.008 0.2857142985
101391  -27.674  4.656  -10.187 0.2857142985
101375  -29.558  4.364  -8.425 0.2857142985
102486  -28.063  5.353  -9.883 0.2857142985
103591  -30.203  5.945  -8.362 0.2857142985
100297  -28.062  3.379  -10.188 0.2857142985
101374  -28.771  4.199  -9.078 0.2857142985
87309  -28.684  -9.293  -11.063 0.4285714328
84001  -27.825  -11.790  -10.293 0.4285714328
102487  -29.102  5.374  -9.008 0.2857142985
72193  -25.495  -21.695  -7.506 0.1428571492
103589  -28.583  6.498  -9.443 0.2857142985
85147  -26.548  -10.481  -9.713 0.4285714328
101390  -26.835  4.334  -10.493 0.2857142985
88432  -27.952  -7.480  -10.823 0.2857142985
87299  -28.474  -8.643  -10.802 0.2857142985
143280  -30.139  22.563  -16.765 0.1428571492
116048  -29.716  21.081  -17.362 0.1428571492
116044  -30.520  21.149  -16.238 0.1428571492
116042  -30.829  20.179  -15.086 0.1428571492
115217  -30.665  19.010  -15.297 0.1428571492
143285  -29.902  22.766  -17.538 0.1428571492
118680  -30.990  22.885  -12.960 0.1428571492
119519  -29.430  24.743  -13.661 0.1428571492
114438  -29.952  18.342  -15.901 0.1428571492
116047  -29.241  20.497  -17.508 0.1428571492
114434  -31.182  18.350  -14.690 0.1428571492
115221  -30.097  19.617  -16.172 0.1428571492
114426  -31.701  18.145  -13.907 0.1428571492
143263  -31.692  22.166  -13.637 0.1428571492
115218  -31.277  19.534  -14.660 0.1428571492
143275  -30.643  23.362  -15.022 0.1428571492
143267  -30.886  22.864  -13.937 0.1428571492
118665  -29.317  23.509  -11.919 0.1428571492
118678  -28.651  23.842  -12.178 0.1428571492
118679  -29.939  23.534  -12.711 0.1428571492
143264  -31.697  20.117  -14.286 0.1428571492
143273  -31.572  21.364  -14.259 0.1428571492
143279  -30.333  22.075  -16.519 0.1428571492
143281  -30.209  23.305  -16.849 0.1428571492
143274  -30.734  22.610  -15.714 0.1428571492
143286  -30.231  23.316  -17.626 0.1428571492
98156  -27.220  1.735  -10.614 0.1428571492
99210  -29.306  2.201  -9.677 0.1428571492
100314  -28.639  2.710  -10.152 0.1428571492
102526  -24.300  5.138  -11.496 0.1428571492
102516  -25.223  5.363  -11.241 0.1428571492
97098  -29.479  0.998  -9.607 0.1428571492
101405  -26.582  5.120  -10.914 0.1428571492
103616  -24.542  6.346  -11.231 0.1428571492
104579  -25.857  6.983  -10.665 0.1428571492
104564  -25.513  7.686  -10.674 0.2857142985
92734  -30.141  -3.630  -11.069 0.2857142985
91659  -28.792  -3.925  -11.327 0.1428571492
96052  -29.155  -0.758  -11.073 0.1428571492
97115  -29.857  -0.219  -10.277 0.1428571492
97113  -28.249  0.847  -10.561 0.1428571492
98216  -34.385  0.555  -16.425 0.1428571492
99224  -27.518  2.426  -10.481 0.1428571492
103588  -27.730  6.582  -9.932 0.1428571492
105495  -28.346  8.544  -9.756 0.1428571492
104565  -26.431  7.454  -10.561 0.1428571492
105509  -26.758  8.451  -10.314 0.2857142985
106421  -28.738  9.515  -9.855 0.2857142985
109987  -28.340  13.228  -9.509 0.2857142985
109083  -26.872  12.749  -10.163 0.2857142985
111899  -28.142  14.662  -9.446 0.2857142985
111897  -24.878  15.648  -8.596 0.1428571492
107327  -29.775  10.520  -9.209 0.2857142985
109981  -31.601  13.140  -8.736 0.2857142985
108224  -28.597  11.439  -9.986 0.2857142985
108223  -27.512  11.611  -10.144 0.2857142985
109084  -27.958  12.469  -9.877 0.2857142985
111901  -29.448  14.952  -8.779 0.2857142985
109985  -26.541  13.765  -9.526 0.2857142985
114388  -25.780  18.150  -10.831 0.1428571492
114371  -25.347  17.698  -9.246 0.1428571492
108222  -26.366  11.766  -10.317 0.1428571492
108233  -25.653  11.247  -10.569 0.1428571492
105508  -25.885  8.520  -10.470 0.2857142985
111911  -27.681  15.240  -9.857 0.1428571492
110932  -26.949  14.510  -9.958 0.2857142985
111910  -26.501  15.682  -9.881 0.1428571492
110931  -25.747  14.911  -9.557 0.1428571492
103602  -23.415  6.960  -10.995 0.2857142985
109082  -25.915  12.840  -9.320 0.1428571492
110919  -25.272  14.919  -7.371 0.1428571492
109984  -25.965  14.048  -8.740 0.1428571492
102480  -20.780  5.818  -9.140 0.1428571492
98231  -34.604  1.008  -16.760 0.1428571492
97168  -37.402  -0.228  -15.334 0.1428571492
97130  -27.680  0.518  -11.199 0.1428571492
97112  -27.794  1.020  -10.788 0.1428571492
99237  -26.155  2.312  -11.133 0.1428571492
100295  -26.358  3.008  -10.960 0.1428571492
101389  -26.329  3.741  -10.912 0.1428571492
101416  -24.644  4.615  -11.520 0.1428571492
102501  -26.539  5.821  -10.627 0.1428571492
103614  -23.482  6.264  -11.047 0.1428571492
103604  -27.106  6.582  -10.419 0.1428571492
104563  -24.659  7.640  -10.708 0.2857142985
106420  -27.748  9.551  -10.172 0.1428571492
106419  -26.912  9.923  -10.263 0.1428571492
107341  -28.187  10.533  -10.152 0.2857142985
107339  -26.336  10.601  -10.468 0.1428571492
109069  -25.029  13.054  -8.776 0.1428571492
112783  -26.974  16.287  -9.792 0.1428571492
110923  -24.982  14.873  -8.544 0.1428571492
111908  -25.072  15.924  -9.132 0.1428571492
97180  -36.295  0.301  -16.602 0.1428571492
97179  -35.519  0.273  -16.822 0.1428571492
98232  -35.798  1.024  -16.931 0.1428571492
109980  -30.808  13.379  -8.789 0.2857142985
110926  -30.105  14.149  -8.858 0.2857142985
111920  -26.372  16.506  -9.879 0.1428571492
112794  -25.354  17.025  -9.926 0.1428571492
110934  -28.652  13.815  -9.380 0.2857142985
111912  -28.158  15.666  -9.368 0.2857142985
111909  -25.655  15.957  -9.616 0.1428571492
114376  -25.083  18.004  -10.005 0.1428571492
107328  -30.532  10.590  -8.692 0.2857142985
94917  -29.724  -1.886  -10.943 0.1428571492
94916  -29.286  -2.141  -11.299 0.1428571492
109073  -31.285  12.434  -8.625 0.2857142985
97099  -30.058  0.426  -9.309 0.1428571492
96067  -38.015  -0.574  -14.104 0.1428571492
108211  -30.909  11.541  -8.602 0.2857142985
104550  -28.023  7.534  -9.721 0.1428571492
105496  -28.878  8.649  -8.958 0.1428571492
98158  -28.595  1.550  -10.192 0.1428571492
100296  -26.953  3.198  -10.622 0.1428571492
98173  -26.776  1.359  -10.951 0.1428571492
101404  -25.955  4.642  -11.297 0.1428571492
102528  -25.149  5.059  -11.358 0.1428571492
103617  -25.141  6.262  -10.919 0.1428571492
103603  -26.401  6.341  -10.590 0.1428571492
97114  -29.155  0.595  -10.119 0.1428571492
104577  -24.592  6.940  -11.207 0.1428571492
103618  -25.712  6.429  -10.675 0.1428571492
104566  -27.285  7.519  -10.201 0.1428571492
97131  -28.697  0.098  -10.927 0.1428571492
105494  -27.583  8.465  -10.159 0.2857142985
106434  -27.058  9.189  -10.248 0.2857142985
107342  -29.171  10.430  -9.912 0.2857142985
106422  -29.223  9.625  -8.950 0.2857142985
109986  -27.397  13.488  -9.782 0.2857142985
110925  -29.207  14.099  -9.109 0.2857142985
112772  -24.973  16.323  -8.349 0.1428571492
108225  -29.382  11.259  -9.627 0.2857142985
108210  -30.033  11.609  -9.162 0.2857142985
109072  -30.432  12.480  -8.797 0.2857142985
109085  -29.039  12.258  -9.493 0.2857142985
109071  -29.722  12.576  -9.102 0.2857142985
109978  -29.145  13.210  -9.211 0.2857142985
114377  -25.501  18.644  -10.346 0.1428571492
106433  -26.246  9.514  -10.314 0.1428571492
107340  -27.131  10.662  -10.004 0.2857142985
110922  -25.165  15.372  -9.082 0.1428571492
82954  -23.896  -12.558  -8.423 0.1428571492
83986  -24.948  -11.779  -8.867 0.1428571492
85121  -23.622  -11.094  -8.471 0.1428571492
85135  -23.290  -10.047  -8.632 0.1428571492
86208  -23.570  -9.482  -8.809 0.1428571492
83997  -24.522  -11.061  -8.958 0.1428571492
86216  -24.353  -9.493  -9.025 0.1428571492
85145  -24.812  -10.308  -8.893 0.1428571492
83999  -26.024  -11.311  -9.492 0.1428571492
87285  -24.862  -8.602  -9.397 0.1428571492
86218  -26.085  -9.494  -9.547 0.1428571492
87287  -26.434  -8.645  -10.040 0.1428571492
87284  -23.956  -8.647  -9.235 0.1428571492
87286  -25.742  -8.612  -9.515 0.1428571492
88431  -26.658  -7.532  -10.477 0.1428571492
90526  -28.443  -5.255  -11.242 0.1428571492
83998  -25.171  -11.114  -9.229 0.1428571492
82941  -23.171  -12.561  -8.098 0.1428571492
83973  -23.446  -11.672  -8.278 0.1428571492
85136  -23.884  -10.474  -8.745 0.1428571492
87298  -27.349  -8.562  -10.460 0.1428571492
83985  -24.145  -11.586  -8.576 0.1428571492
86192  -22.572  -10.082  -8.105 0.1428571492
86217  -25.265  -9.438  -9.089 0.1428571492
85146  -25.636  -10.344  -9.254 0.1428571492
88417  -26.128  -8.074  -9.871 0.1428571492
87269  -23.256  -8.678  -8.796 0.1428571492
72197  -29.100  -20.815  -7.461 0.1428571492
72211  -27.508  -20.929  -8.303 0.4285714328
73380  -27.029  -20.301  -8.567 0.2857142985
78480  -26.933  -16.163  -9.386 0.2857142985
79684  -26.947  -15.923  -9.398 0.4285714328
79685  -27.148  -15.839  -9.455 0.4285714328
81852  -37.276  -13.191  -7.015 0.1428571492
81855  -38.795  -12.748  -5.438 0.1428571492
82957  -27.494  -12.236  -9.866 0.2857142985
82958  -27.628  -12.199  -10.062 0.2857142985
83958  -38.982  -11.617  -4.802 0.1428571492
83989  -27.513  -11.866  -9.925 0.2857142985
85086  -38.801  -10.466  -4.668 0.1428571492
85101  -38.770  -10.426  -5.222 0.1428571492
86102  -40.602  -9.631  -2.911 0.1428571492
86103  -40.835  -9.587  -2.872 0.1428571492
86126  -40.480  -9.913  -2.907 0.1428571492
86173  -38.769  -9.874  -5.468 0.1428571492
86228  -28.447  -9.720  -10.843 0.4285714328
86243  -32.964  -9.441  -12.486 0.7142857313
86244  -33.172  -9.455  -12.380 0.7142857313
87146  -40.884  -9.298  -2.837 0.1428571492
87169  -40.332  -9.038  -2.934 0.1428571492
87288  -33.273  -8.643  -11.285 0.5714285970
87325  -35.265  -9.078  -13.441 0.5714285970
87326  -35.550  -8.627  -13.806 0.5714285970
87333  -34.442  -8.440  -13.480 0.7142857313
87335  -35.219  -8.580  -13.913 0.7142857313
87343  -34.859  -8.285  -13.816 0.7142857313
87344  -34.976  -8.457  -13.953 0.7142857313
88292  -39.576  -8.513  -3.397 0.1428571492
88326  -42.388  -7.001  -4.218 0.1428571492
88436  -31.339  -7.010  -12.287 0.5714285970
88445  -30.119  -8.083  -11.364 0.4285714328
88448  -32.520  -7.488  -12.357 0.7142857313
88449  -35.959  -8.934  -12.856 0.5714285970
88451  -36.633  -7.581  -11.764 0.4285714328
88462  -37.026  -7.254  -12.114 0.4285714328
88466  -34.285  -8.001  -13.379 0.7142857313
88467  -34.549  -8.236  -13.572 0.7142857313
88474  -34.400  -7.747  -13.508 0.7142857313
88475  -34.670  -8.003  -13.634 0.7142857313
88476  -35.044  -8.176  -13.939 0.7142857313
89368  -41.287  -6.855  -3.686 0.1428571492
89395  -39.867  -6.439  -3.779 0.1428571492
89396  -41.582  -6.305  -3.886 0.1428571492
89503  -35.654  -5.741  -12.199 0.7142857313
89520  -32.870  -7.294  -12.535 0.7142857313
89530  -34.019  -7.464  -13.356 0.7142857313
89533  -36.976  -6.270  -13.085 0.5714285970
89541  -34.226  -7.607  -13.460 0.7142857313
89542  -34.429  -7.524  -13.551 0.7142857313
89543  -34.871  -7.706  -13.722 0.7142857313
90430  -41.291  -5.553  -4.023 0.1428571492
90534  -36.481  -5.177  -12.281 0.7142857313
90551  -35.934  -5.792  -12.530 0.7142857313
90559  -35.885  -6.164  -12.759 0.7142857313
90561  -37.497  -5.917  -12.764 0.4285714328
90567  -36.876  -6.053  -13.114 0.5714285970
91669  -37.243  -5.482  -13.026 0.4285714328
91674  -36.780  -5.829  -13.150 0.5714285970
91675  -36.996  -5.805  -13.205 0.4285714328
92718  -31.048  -3.480  -10.703 0.4285714328
92761  -37.556  -2.790  -14.068 0.4285714328
92767  -37.593  -2.591  -14.251 0.4285714328
92773  -38.027  -2.602  -14.575 0.4285714328
92774  -38.140  -2.744  -14.420 0.4285714328
93836  -29.170  -2.815  -11.301 0.2857142985
93867  -37.220  -2.317  -14.051 0.4285714328
93873  -37.874  -2.255  -14.567 0.2857142985
93874  -38.137  -2.308  -14.486 0.2857142985
94954  -36.973  -1.907  -14.256 0.4285714328
94955  -38.313  -1.775  -14.229 0.2857142985
94959  -36.711  -1.331  -14.687 0.2857142985
96008  -31.965  0.129  -8.368 0.5714285970
96023  -33.381  -0.405  -8.755 1.0000000000
96036  -29.354  -1.476  -11.101 0.1428571492
96053  -29.483  -0.629  -10.740 0.1428571492
96068  -38.066  -1.220  -14.439 0.1428571492
96072  -34.753  -0.128  -14.838 0.5714285970
96076  -37.910  -1.187  -14.661 0.2857142985
96085  -37.284  -0.493  -15.668 0.2857142985
96096  -35.790  -0.145  -16.502 0.2857142985
96097  -36.069  -0.082  -16.667 0.1428571492
97132  -29.401  -0.201  -10.693 0.1428571492
97142  -35.047  0.393  -13.119 0.7142857313
97148  -34.391  0.590  -13.605 0.7142857313
97156  -34.208  0.266  -14.707 0.5714285970
97159  -37.446  0.235  -14.622 0.1428571492
97165  -34.500  0.228  -15.941 0.2857142985
97166  -35.216  0.045  -16.462 0.1428571492
97178  -34.816  0.312  -16.660 0.1428571492
98143  -29.659  1.493  -9.373 0.2857142985
98145  -31.000  1.626  -8.452 0.2857142985
98157  -27.879  1.591  -10.566 0.1428571492
98174  -27.447  1.219  -10.823 0.1428571492
98176  -34.820  0.732  -12.564 0.7142857313
98186  -34.618  0.878  -12.775 0.7142857313
98194  -33.250  1.384  -14.265 0.2857142985
98202  -33.157  1.129  -15.077 0.5714285970
98203  -33.555  0.864  -14.558 0.5714285970
99197  -31.139  2.322  -8.269 0.2857142985
99199  -32.665  2.459  -7.975 0.5714285970
99223  -26.751  2.307  -10.686 0.1428571492
99225  -28.341  2.423  -10.224 0.1428571492
99226  -28.896  2.381  -10.070 0.1428571492
99236  -25.512  2.394  -11.507 0.1428571492
99238  -28.523  2.595  -10.127 0.1428571492
99239  -28.696  2.607  -10.084 0.1428571492
99251  -33.957  2.318  -12.537 0.7142857313
100265  -30.846  3.288  -8.279 0.2857142985
100282  -29.711  3.255  -8.553 0.2857142985
100298  -28.711  2.953  -10.048 0.1428571492
100299  -33.791  3.925  -9.763 0.8571428657
100313  -28.450  2.825  -10.090 0.1428571492
100328  -25.608  4.317  -11.546 0.1428571492
100330  -33.925  3.438  -12.070 0.8571428657
100337  -32.631  2.723  -13.645 0.4285714328
100351  -32.347  3.858  -13.255 0.5714285970
101354  -30.389  4.420  -8.231 0.2857142985
101373  -28.478  4.094  -10.019 0.2857142985
101376  -33.730  4.730  -9.250 1.0000000000
101377  -33.895  5.093  -9.716 1.0000000000
101393  -33.923  5.102  -9.980 1.0000000000
101403  -25.539  4.916  -11.365 0.1428571492
101415  -23.869  4.677  -11.534 0.1428571492
101417  -25.336  4.736  -11.457 0.1428571492
101418  -25.669  4.561  -11.510 0.1428571492
101421  -33.901  3.989  -12.127 0.8571428657
101427  -32.756  4.797  -12.842 0.8571428657
101428  -32.561  4.161  -12.915 0.8571428657
102502  -27.072  5.515  -10.606 0.1428571492
102503  -27.584  5.181  -10.211 0.2857142985
102505  -33.857  5.302  -10.109 1.0000000000
102517  -26.094  5.601  -10.707 0.1428571492
102518  -26.627  5.366  -10.775 0.1428571492
102527  -24.847  5.100  -11.400 0.1428571492
102530  -33.284  5.778  -12.181 0.8571428657
102537  -31.955  5.809  -13.569 0.5714285970
102547  -32.168  5.177  -13.617 0.5714285970
103592  -33.698  6.541  -9.870 0.8571428657
103615  -24.028  6.511  -11.371 0.1428571492
103638  -33.114  7.267  -12.848 0.4285714328
103658  -31.175  6.256  -14.858 0.1428571492
104554  -34.234  7.948  -10.498 0.8571428657
104568  -34.141  7.821  -10.809 0.8571428657
104576  -24.305  6.865  -11.367 0.1428571492
104578  -25.224  6.985  -10.798 0.1428571492
104580  -33.695  7.639  -11.795 0.8571428657
104597  -31.744  7.470  -14.028 0.1428571492
104598  -32.327  7.506  -13.573 0.1428571492
104609  -31.252  7.636  -14.676 0.1428571492
105480  -29.784  8.670  -8.727 0.2857142985
105483  -32.570  8.597  -8.536 0.5714285970
105510  -33.932  8.790  -10.503 1.0000000000
105511  -34.134  8.247  -10.715 0.8571428657
105519  -34.098  8.122  -11.009 0.8571428657
105550  -32.296  9.116  -14.032 0.4285714328
106411  -33.356  9.487  -9.514 1.0000000000
106436  -33.866  9.931  -11.058 0.8571428657
106439  -33.838  9.932  -11.308 0.8571428657
106453  -33.015  9.495  -13.213 0.5714285970
107331  -33.005  10.409  -9.276 0.8571428657
107356  -33.797  10.133  -11.205 0.8571428657
107358  -33.029  11.144  -12.827 0.5714285970
107369  -31.859  10.520  -14.719 0.1428571492
108240  -32.841  11.688  -13.170 0.4285714328
108246  -32.085  11.487  -14.537 0.2857142985
109074  -32.124  12.467  -8.836 0.5714285970
109115  -30.938  11.981  -14.899 0.1428571492
109979  -29.912  13.319  -8.947 0.2857142985
109990  -32.715  13.437  -9.665 0.8571428657
110019  -31.553  13.490  -14.148 0.1428571492
110029  -31.164  13.946  -14.606 0.1428571492
110924  -28.501  14.334  -9.320 0.2857142985
110930  -25.409  15.543  -9.375 0.1428571492
110933  -27.922  14.180  -9.531 0.2857142985
110936  -32.386  14.279  -9.547 0.7142857313
110939  -32.676  14.920  -10.840 0.8571428657
110943  -32.686  14.988  -11.189 0.8571428657
110944  -33.025  14.489  -11.318 0.8571428657
110950  -33.190  14.495  -12.045 0.7142857313
110961  -31.534  14.619  -13.709 0.2857142985
110985  -30.940  14.249  -14.851 0.1428571492
111898  -24.828  15.713  -7.824 0.1428571492
111902  -30.292  14.838  -8.823 0.5714285970
111919  -26.033  16.370  -9.848 0.2857142985
111921  -32.764  15.379  -10.128 0.7142857313
111922  -32.887  14.730  -10.035 0.7142857313
111926  -32.793  15.071  -11.448 0.5714285970
112773  -24.893  16.172  -7.855 0.1428571492
112781  -25.285  16.629  -9.340 0.1428571492
112782  -25.640  16.619  -9.778 0.2857142985
112788  -32.148  16.185  -9.771 0.7142857313
112796  -26.389  17.031  -10.120 0.2857142985
112835  -31.573  16.557  -14.118 0.4285714328
113581  -25.215  17.361  -9.674 0.2857142985
113596  -31.842  17.702  -10.013 0.4285714328
113641  -29.728  17.689  -16.232 0.1428571492
113642  -30.075  17.186  -15.901 0.1428571492
114387  -25.262  18.019  -10.696 0.1428571492
114390  -26.735  18.138  -10.465 0.2857142985
114392  -32.400  18.342  -11.099 0.2857142985
114400  -32.496  18.707  -11.759 0.2857142985
114415  -32.420  18.775  -12.633 0.2857142985
114437  -29.493  18.047  -16.478 0.1428571492
115195  -32.004  20.137  -12.164 0.2857142985
115211  -32.026  20.119  -13.674 0.2857142985
115226  -29.725  20.390  -16.864 0.1428571492
116007  -31.648  20.764  -11.717 0.2857142985
116884  -29.805  21.675  -10.888 0.2857142985
116885  -30.576  21.441  -11.133 0.2857142985
116892  -30.320  21.906  -11.308 0.2857142985
117798  -27.612  23.263  -11.733 0.1428571492
117801  -30.954  22.247  -12.206 0.2857142985
117814  -28.284  23.486  -11.768 0.1428571492
118666  -29.587  23.183  -11.885 0.2857142985
143262  -31.842  21.931  -13.541 0.1428571492
143266  -31.419  20.308  -14.595 0.1428571492
