#!ascii label  , from subject 3403 vox2ras=TkReg
1387
68759  -47.042  -20.081  48.145 0.0000000000
91161  -59.529  -0.846  42.872 0.0000000000
79290  -52.257  -11.674  44.846 0.0000000000
44843  -16.803  -42.376  68.521 0.0000000000
69891  -40.654  -19.364  52.624 0.0000000000
51483  -31.609  -36.448  64.478 0.0000000000
55913  -40.268  -32.827  60.740 0.0000000000
64331  -39.375  -24.706  59.392 0.0000000000
67463  -41.876  -21.627  57.671 0.0000000000
51520  -23.536  -36.471  62.329 0.0000000000
50377  -27.300  -37.327  66.655 0.0000000000
51569  -27.951  -36.910  60.944 0.0000000000
55965  -35.744  -32.365  56.955 0.0000000000
58833  -38.051  -29.108  58.224 0.0000000000
68672  -47.905  -20.572  53.155 0.0000000000
71091  -51.455  -18.183  51.466 0.0000000000
84754  -56.042  -6.437  43.422 0.0000000000
73771  -49.223  -16.208  45.659 0.0000000000
91216  -58.373  -0.717  37.263 0.0000000000
41493  -13.182  -45.335  70.841 0.0000000000
69812  -44.707  -19.952  55.796 0.0000000000
68730  -43.664  -21.210  50.419 0.0000000000
53840  -32.652  -34.708  58.542 0.0000000000
52663  -35.890  -34.901  61.871 0.0000000000
76100  -54.137  -14.579  50.039 0.0000000000
91222  -67.707  -0.739  37.232 0.0000000000
64356  -38.124  -24.714  56.867 0.0000000000
65447  -38.735  -23.357  57.205 0.0000000000
51546  -26.179  -36.840  61.694 0.0000000000
58864  -36.828  -28.981  54.977 0.0000000000
60927  -37.629  -27.383  56.488 0.0000000000
60905  -38.825  -27.204  58.623 0.0000000000
68734  -47.406  -20.516  50.270 0.0000000000
68723  -49.911  -20.332  51.714 0.0000000000
69925  -49.088  -19.270  49.124 0.0000000000
88052  -56.749  -3.423  43.887 0.0000000000
85857  -59.108  -5.261  45.811 0.0000000000
92230  -62.615  0.598  42.320 0.0000000000
44873  -15.435  -42.646  65.729 0.0000000000
43764  -15.016  -43.618  69.665 0.0000000000
68610  -41.732  -20.545  55.731 0.0000000000
68587  -43.335  -20.425  56.951 0.0000000000
69833  -42.545  -19.919  54.971 0.0000000000
68668  -44.307  -20.398  52.892 0.0000000000
68714  -41.892  -20.226  51.324 0.0000000000
51457  -29.935  -36.671  65.491 0.0000000000
50345  -28.943  -36.967  68.564 0.0000000000
51419  -31.302  -36.475  67.326 0.0000000000
51438  -33.065  -36.227  66.503 0.0000000000
53858  -30.564  -34.757  57.239 0.0000000000
54923  -32.415  -33.699  56.448 0.0000000000
55945  -37.990  -32.709  58.889 0.0000000000
53828  -36.348  -34.524  59.740 0.0000000000
53815  -38.346  -34.533  60.689 0.0000000000
52639  -37.847  -34.968  63.894 0.0000000000
48233  -19.824  -39.173  65.501 0.0000000000
48198  -21.022  -39.013  68.561 0.0000000000
47057  -21.396  -39.728  71.058 0.0000000000
77223  -50.678  -13.445  45.391 0.0000000000
76108  -51.657  -14.997  48.296 0.0000000000
78222  -53.382  -12.923  47.656 0.0000000000
92301  -69.859  0.303  36.277 0.0000000000
44805  -16.024  -42.647  72.122 0.0000000000
64308  -40.893  -24.415  61.694 0.0000000000
66445  -42.363  -22.318  60.576 0.0000000000
65432  -40.390  -23.034  59.052 0.0000000000
67493  -39.542  -21.406  55.985 0.0000000000
50387  -23.189  -36.839  65.827 0.0000000000
50359  -24.785  -37.135  67.428 0.0000000000
51477  -25.519  -36.801  64.501 0.0000000000
51502  -27.383  -37.043  63.667 0.0000000000
51527  -30.177  -36.934  62.646 0.0000000000
55980  -34.005  -32.519  55.672 0.0000000000
57905  -35.407  -30.658  55.190 0.0000000000
57870  -36.885  -30.544  57.360 0.0000000000
57846  -38.264  -30.762  59.986 0.0000000000
59799  -39.443  -28.710  60.811 0.0000000000
62004  -40.257  -26.486  61.271 0.0000000000
50421  -21.269  -36.786  62.797 0.0000000000
69793  -49.751  -19.807  56.455 0.0000000000
67477  -52.061  -21.067  57.110 0.0000000000
67521  -50.843  -20.970  54.874 0.0000000000
67539  -52.420  -20.334  54.036 0.0000000000
81471  -55.036  -9.618  43.937 0.0000000000
80316  -55.592  -10.860  46.568 0.0000000000
82579  -58.078  -8.665  45.847 0.0000000000
36016  -9.127  -49.971  73.423 0.0000000000
71162  -48.408  -18.577  46.341 0.0000000000
76171  -48.457  -14.501  43.533 0.0000000000
81497  -51.565  -9.117  42.660 0.0000000000
82664  -52.593  -7.519  41.837 0.0000000000
87008  -53.799  -4.596  41.154 0.0000000000
88081  -57.019  -3.031  40.656 0.0000000000
90155  -59.181  -1.676  39.617 0.0000000000
89123  -56.544  -2.247  37.772 0.0000000000
42591  -14.172  -44.139  73.141 0.0000000000
40407  -12.177  -46.515  74.056 0.0000000000
38346  -10.990  -48.165  73.815 0.0000000000
68541  -48.476  -20.046  60.827 0.0000000000
68550  -43.955  -20.827  60.400 0.0000000000
69755  -45.794  -19.785  58.987 0.0000000000
69770  -47.491  -19.576  57.576 0.0000000000
68613  -46.765  -20.107  54.721 0.0000000000
68702  -45.599  -20.723  52.137 0.0000000000
68757  -45.202  -21.109  48.549 0.0000000000
50327  -27.032  -37.440  69.346 0.0000000000
51589  -30.820  -35.980  59.931 0.0000000000
51552  -31.930  -36.347  61.655 0.0000000000
53862  -34.238  -34.096  58.081 0.0000000000
52673  -34.172  -35.175  60.709 0.0000000000
52635  -34.032  -35.696  63.094 0.0000000000
52624  -35.785  -35.367  64.472 0.0000000000
45990  -16.892  -41.747  65.697 0.0000000000
47116  -18.713  -40.358  65.515 0.0000000000
47081  -18.576  -41.187  68.631 0.0000000000
72436  -50.922  -17.691  48.610 0.0000000000
73705  -52.929  -16.646  50.328 0.0000000000
73676  -55.772  -16.214  52.495 0.0000000000
78199  -56.462  -12.298  49.652 0.0000000000
91192  -61.382  0.456  39.821 0.0000000000
91206  -63.742  -0.079  38.625 0.0000000000
89111  -66.532  -2.193  38.636 0.0000000000
89148  -65.574  -2.021  35.872 0.0000000000
89115  -69.890  -2.941  38.222 0.0000000000
63227  -37.616  -25.451  56.230 0.0000000000
65445  -37.677  -24.076  56.222 0.0000000000
64379  -36.851  -24.531  54.452 0.0000000000
60971  -37.086  -27.328  54.599 0.0000000000
62075  -37.175  -26.658  55.178 0.0000000000
62058  -37.832  -26.142  56.585 0.0000000000
68747  -46.764  -20.492  49.286 0.0000000000
68735  -48.372  -20.208  50.285 0.0000000000
68760  -47.879  -19.696  48.310 0.0000000000
90127  -58.193  -1.778  43.243 0.0000000000
89044  -58.221  -2.583  44.781 0.0000000000
90111  -59.666  -1.376  45.200 0.0000000000
91140  -60.782  -0.453  44.510 0.0000000000
91163  -60.937  -0.062  42.442 0.0000000000
44851  -16.032  -42.744  67.583 0.0000000000
43780  -15.190  -43.477  68.223 0.0000000000
44831  -15.795  -42.928  69.202 0.0000000000
69832  -41.380  -19.793  54.465 0.0000000000
68642  -42.087  -20.230  55.436 0.0000000000
69861  -42.053  -19.686  53.677 0.0000000000
69893  -42.602  -19.968  52.617 0.0000000000
69892  -41.620  -19.663  52.682 0.0000000000
49323  -23.028  -37.912  69.430 0.0000000000
51458  -30.888  -36.514  65.409 0.0000000000
51435  -30.280  -36.583  66.229 0.0000000000
51436  -31.091  -36.468  66.351 0.0000000000
51420  -32.316  -36.444  67.382 0.0000000000
51460  -32.861  -36.145  65.495 0.0000000000
55931  -39.105  -32.904  59.687 0.0000000000
53831  -38.736  -34.225  60.230 0.0000000000
53816  -39.263  -34.211  60.687 0.0000000000
53802  -39.348  -34.458  61.583 0.0000000000
50356  -21.931  -37.719  67.099 0.0000000000
49334  -21.726  -38.237  68.454 0.0000000000
49322  -22.185  -38.335  69.543 0.0000000000
67437  -51.121  -21.577  60.351 0.0000000000
78267  -51.306  -12.353  45.086 0.0000000000
78234  -51.961  -12.804  46.148 0.0000000000
79278  -53.272  -11.919  45.916 0.0000000000
64332  -39.817  -24.658  59.995 0.0000000000
65412  -41.054  -23.320  60.337 0.0000000000
65420  -40.080  -23.628  59.526 0.0000000000
67473  -39.064  -22.083  56.346 0.0000000000
67492  -38.377  -21.851  55.641 0.0000000000
68607  -39.150  -20.868  55.242 0.0000000000
51474  -22.987  -36.492  63.846 0.0000000000
51453  -24.687  -36.636  65.208 0.0000000000
51499  -24.560  -36.590  63.353 0.0000000000
51568  -26.999  -36.787  60.852 0.0000000000
51524  -27.254  -37.004  62.704 0.0000000000
51548  -28.043  -37.004  61.839 0.0000000000
51526  -29.180  -37.044  62.687 0.0000000000
51549  -28.947  -36.992  61.823 0.0000000000
56984  -34.825  -30.934  54.224 0.0000000000
58840  -37.375  -29.239  57.289 0.0000000000
57885  -36.887  -29.796  56.551 0.0000000000
58832  -37.399  -29.868  58.087 0.0000000000
57852  -37.627  -31.043  59.065 0.0000000000
58826  -38.353  -29.451  59.246 0.0000000000
58822  -38.869  -29.278  60.173 0.0000000000
58827  -38.881  -28.669  59.480 0.0000000000
63207  -38.987  -25.672  58.868 0.0000000000
62015  -39.597  -26.445  60.085 0.0000000000
63193  -39.687  -25.376  60.104 0.0000000000
63167  -40.618  -25.478  61.725 0.0000000000
51496  -22.006  -36.406  62.980 0.0000000000
68615  -48.641  -20.179  54.965 0.0000000000
68617  -50.134  -20.459  55.362 0.0000000000
68649  -50.074  -20.766  54.654 0.0000000000
69895  -50.806  -19.595  52.106 0.0000000000
68675  -51.166  -20.565  53.221 0.0000000000
68676  -51.824  -19.781  53.472 0.0000000000
69865  -52.724  -18.956  53.971 0.0000000000
71051  -52.126  -18.142  52.761 0.0000000000
82629  -55.198  -8.258  43.080 0.0000000000
81473  -56.617  -9.025  44.361 0.0000000000
82631  -57.129  -7.915  43.875 0.0000000000
85848  -60.620  -5.199  46.920 0.0000000000
82644  -51.783  -8.481  42.275 0.0000000000
83734  -51.146  -7.540  41.067 0.0000000000
85907  -52.604  -5.185  40.280 0.0000000000
87037  -53.798  -4.153  39.964 0.0000000000
88079  -55.150  -3.523  40.949 0.0000000000
88091  -55.349  -3.509  39.872 0.0000000000
88104  -56.771  -2.910  39.055 0.0000000000
42624  -13.579  -44.854  68.915 0.0000000000
40422  -11.785  -46.238  70.843 0.0000000000
43723  -15.426  -43.559  74.227 0.0000000000
43722  -14.824  -43.723  73.508 0.0000000000
42577  -15.357  -44.597  75.146 0.0000000000
40402  -13.326  -46.489  75.291 0.0000000000
38332  -12.631  -48.324  75.412 0.0000000000
40406  -11.555  -47.283  73.914 0.0000000000
38339  -12.030  -48.681  75.130 0.0000000000
36007  -11.050  -50.045  74.363 0.0000000000
67454  -42.031  -21.923  58.794 0.0000000000
67434  -42.987  -21.722  60.675 0.0000000000
67455  -43.008  -21.329  58.978 0.0000000000
69788  -44.260  -19.953  57.107 0.0000000000
68575  -44.323  -20.167  58.215 0.0000000000
69768  -45.260  -19.819  58.114 0.0000000000
69757  -47.266  -19.656  58.531 0.0000000000
69790  -46.735  -19.711  56.651 0.0000000000
69791  -47.811  -19.576  56.590 0.0000000000
69813  -45.998  -19.961  55.554 0.0000000000
68700  -43.875  -20.682  52.125 0.0000000000
68669  -45.150  -20.471  52.948 0.0000000000
68718  -45.115  -20.930  51.288 0.0000000000
68732  -45.481  -20.952  50.373 0.0000000000
68744  -44.177  -21.396  49.826 0.0000000000
50376  -26.408  -37.282  66.579 0.0000000000
50342  -25.899  -37.448  68.344 0.0000000000
50343  -26.796  -37.423  68.421 0.0000000000
53859  -31.469  -34.664  57.607 0.0000000000
52708  -30.227  -35.544  58.555 0.0000000000
52691  -31.379  -35.542  59.379 0.0000000000
51573  -31.480  -36.285  60.951 0.0000000000
52671  -32.318  -35.744  60.608 0.0000000000
55964  -35.022  -32.503  56.478 0.0000000000
54925  -34.412  -33.167  56.680 0.0000000000
54912  -35.145  -33.684  57.760 0.0000000000
53813  -36.598  -34.699  60.507 0.0000000000
53827  -35.517  -34.605  59.650 0.0000000000
52662  -35.238  -35.092  61.602 0.0000000000
52661  -34.332  -35.372  61.637 0.0000000000
52652  -34.542  -35.428  62.455 0.0000000000
52623  -34.653  -35.575  64.407 0.0000000000
52637  -35.557  -35.227  63.453 0.0000000000
58803  -40.398  -29.602  63.156 0.0000000000
48232  -19.253  -39.806  65.486 0.0000000000
48207  -19.470  -40.363  67.290 0.0000000000
47093  -18.777  -40.993  67.602 0.0000000000
47043  -21.081  -40.303  71.652 0.0000000000
72487  -49.105  -17.029  45.889 0.0000000000
72449  -49.773  -18.131  47.372 0.0000000000
72468  -50.104  -17.052  46.900 0.0000000000
76110  -53.043  -14.678  49.055 0.0000000000
74980  -52.508  -15.581  49.065 0.0000000000
74950  -53.867  -15.600  50.574 0.0000000000
73691  -53.837  -16.484  51.547 0.0000000000
74952  -55.124  -15.176  51.192 0.0000000000
80303  -57.117  -10.258  47.309 0.0000000000
79252  -56.033  -11.479  48.037 0.0000000000
80278  -57.542  -11.045  49.441 0.0000000000
90166  -58.992  -1.155  38.757 0.0000000000
91191  -60.446  -0.139  39.519 0.0000000000
91203  -59.382  -0.360  38.344 0.0000000000
91219  -62.631  0.010  37.594 0.0000000000
91220  -63.792  -1.064  37.492 0.0000000000
90168  -65.593  -1.585  38.744 0.0000000000
89125  -64.745  -2.073  37.273 0.0000000000
92297  -65.513  0.279  36.458 0.0000000000
91269  -64.890  -0.121  35.069 0.0000000000
90197  -67.076  -1.005  36.763 0.0000000000
89128  -67.623  -2.061  37.645 0.0000000000
90182  -68.264  -1.436  37.471 0.0000000000
90184  -69.861  -1.616  37.414 0.0000000000
90214  -70.463  -1.562  34.943 0.0000000000
64341  -38.713  -25.012  58.276 0.0000000000
64349  -38.833  -24.063  58.027 0.0000000000
65438  -38.568  -23.942  57.403 0.0000000000
65455  -37.741  -23.433  56.128 0.0000000000
51521  -24.443  -36.607  62.433 0.0000000000
59870  -36.908  -28.041  54.298 0.0000000000
59833  -37.373  -28.021  55.954 0.0000000000
59826  -38.113  -28.025  57.405 0.0000000000
59819  -38.759  -27.939  58.644 0.0000000000
60904  -38.500  -27.278  57.944 0.0000000000
63218  -38.345  -25.592  57.484 0.0000000000
68704  -47.481  -20.676  52.198 0.0000000000
68706  -49.695  -20.923  52.624 0.0000000000
68722  -49.063  -20.349  51.342 0.0000000000
69906  -49.729  -19.806  51.011 0.0000000000
69916  -50.130  -19.009  50.370 0.0000000000
85863  -56.523  -5.126  44.101 0.0000000000
84744  -58.017  -6.167  44.593 0.0000000000
86975  -57.468  -4.532  44.738 0.0000000000
88029  -59.324  -3.702  45.964 0.0000000000
92232  -64.372  0.535  42.087 0.0000000000
43779  -14.645  -43.955  68.149 0.0000000000
42617  -13.805  -44.651  70.109 0.0000000000
67476  -42.103  -21.242  56.888 0.0000000000
68573  -42.655  -21.037  57.365 0.0000000000
68586  -42.592  -20.754  56.596 0.0000000000
69811  -43.423  -20.152  55.977 0.0000000000
69834  -43.925  -20.007  54.638 0.0000000000
69835  -45.132  -20.104  54.681 0.0000000000
69863  -43.907  -20.106  53.563 0.0000000000
68699  -43.172  -20.473  52.099 0.0000000000
68716  -43.370  -20.828  51.323 0.0000000000
50378  -28.275  -37.184  66.650 0.0000000000
50363  -28.528  -37.062  67.625 0.0000000000
51434  -29.342  -36.804  66.659 0.0000000000
51409  -30.588  -36.704  68.180 0.0000000000
51421  -33.287  -36.498  67.413 0.0000000000
53875  -31.355  -34.160  56.515 0.0000000000
53860  -32.390  -34.419  57.708 0.0000000000
54914  -36.904  -32.890  58.055 0.0000000000
54913  -36.245  -33.295  57.860 0.0000000000
54893  -37.469  -33.945  59.140 0.0000000000
53814  -37.485  -34.641  60.575 0.0000000000
53800  -37.685  -34.714  61.439 0.0000000000
52638  -36.816  -34.921  63.389 0.0000000000
53787  -37.877  -34.690  62.192 0.0000000000
49375  -20.461  -38.171  64.079 0.0000000000
49363  -20.539  -38.539  65.342 0.0000000000
48197  -20.490  -39.605  68.503 0.0000000000
48185  -20.167  -39.899  69.195 0.0000000000
48186  -20.721  -39.506  69.545 0.0000000000
76142  -50.115  -14.599  45.630 0.0000000000
74989  -50.700  -15.606  47.328 0.0000000000
76133  -51.211  -14.072  46.938 0.0000000000
77191  -52.679  -14.010  48.212 0.0000000000
77193  -54.009  -13.413  48.837 0.0000000000
91249  -57.619  -0.317  35.395 0.0000000000
91217  -59.267  -0.175  37.165 0.0000000000
91250  -58.606  -0.275  35.423 0.0000000000
92284  -66.706  0.723  37.393 0.0000000000
91224  -69.488  -0.672  37.143 0.0000000000
93291  -68.215  1.458  37.366 0.0000000000
93292  -68.883  1.467  36.691 0.0000000000
44823  -17.081  -42.032  70.430 0.0000000000
44814  -15.945  -42.748  71.095 0.0000000000
66425  -42.125  -22.613  62.142 0.0000000000
65402  -41.254  -23.398  61.208 0.0000000000
66454  -41.347  -22.751  59.673 0.0000000000
67453  -41.464  -22.037  58.215 0.0000000000
66471  -39.495  -22.899  57.772 0.0000000000
66472  -40.168  -22.482  57.769 0.0000000000
67475  -41.263  -21.490  56.776 0.0000000000
67494  -40.539  -21.168  56.149 0.0000000000
68640  -40.703  -20.136  54.955 0.0000000000
50372  -22.712  -37.154  66.300 0.0000000000
50358  -23.861  -37.085  67.404 0.0000000000
50373  -23.695  -36.826  66.306 0.0000000000
51433  -25.031  -36.872  66.121 0.0000000000
50389  -26.349  -37.129  65.649 0.0000000000
51500  -25.461  -36.790  63.498 0.0000000000
51501  -26.402  -36.945  63.633 0.0000000000
50407  -27.606  -37.173  65.201 0.0000000000
51480  -28.491  -37.043  64.703 0.0000000000
51481  -29.614  -36.776  64.574 0.0000000000
51506  -31.362  -36.552  63.547 0.0000000000
56967  -34.697  -31.634  55.270 0.0000000000
56949  -35.817  -31.648  56.687 0.0000000000
57906  -36.212  -29.935  55.095 0.0000000000
57869  -36.371  -31.058  56.865 0.0000000000
56932  -36.572  -31.480  57.225 0.0000000000
56915  -37.689  -31.592  58.854 0.0000000000
56900  -38.308  -31.588  59.600 0.0000000000
56889  -39.080  -31.561  60.555 0.0000000000
56882  -40.368  -31.812  61.741 0.0000000000
57840  -39.105  -30.560  61.338 0.0000000000
58809  -39.311  -29.805  61.793 0.0000000000
59792  -40.014  -28.335  62.137 0.0000000000
59806  -39.405  -28.086  60.057 0.0000000000
60894  -39.871  -27.312  60.714 0.0000000000
60872  -40.356  -27.578  62.572 0.0000000000
61998  -40.551  -26.509  62.295 0.0000000000
49376  -21.199  -37.374  64.183 0.0000000000
69760  -50.106  -19.751  58.074 0.0000000000
68577  -50.921  -20.284  57.157 0.0000000000
67497  -51.569  -21.101  55.881 0.0000000000
67498  -52.598  -21.204  55.711 0.0000000000
67558  -50.284  -21.086  53.489 0.0000000000
67538  -51.930  -20.920  53.839 0.0000000000
80353  -53.527  -10.095  43.706 0.0000000000
79292  -54.271  -10.862  45.157 0.0000000000
80343  -55.306  -9.873  44.617 0.0000000000
81441  -56.885  -9.518  45.849 0.0000000000
81429  -58.584  -9.164  47.326 0.0000000000
83683  -59.134  -7.460  45.871 0.0000000000
82581  -59.132  -8.186  46.637 0.0000000000
68781  -46.198  -19.809  46.253 0.0000000000
69946  -47.524  -19.384  46.729 0.0000000000
69969  -46.863  -18.932  45.470 0.0000000000
72485  -47.761  -18.071  45.396 0.0000000000
73770  -48.660  -16.684  45.220 0.0000000000
75020  -49.092  -15.231  44.767 0.0000000000
76172  -49.074  -13.800  44.020 0.0000000000
78277  -50.027  -12.427  44.377 0.0000000000
79301  -51.138  -11.342  44.066 0.0000000000
80352  -52.388  -10.358  43.552 0.0000000000
81480  -52.974  -9.569  43.193 0.0000000000
82646  -54.117  -8.307  42.711 0.0000000000
83722  -54.045  -7.253  42.504 0.0000000000
83750  -51.868  -6.450  40.610 0.0000000000
84785  -53.264  -6.015  41.544 0.0000000000
85887  -54.808  -5.480  42.727 0.0000000000
88060  -55.281  -4.201  42.750 0.0000000000
89074  -56.441  -2.898  41.952 0.0000000000
89077  -58.637  -2.184  41.616 0.0000000000
90137  -59.909  -1.300  41.530 0.0000000000
88094  -58.017  -2.922  40.136 0.0000000000
89109  -58.113  -2.230  39.020 0.0000000000
90176  -57.090  -1.606  37.467 0.0000000000
91231  -56.571  -0.762  36.012 0.0000000000
43759  -15.411  -43.224  70.816 0.0000000000
42601  -14.245  -44.145  72.005 0.0000000000
42609  -13.712  -44.699  71.409 0.0000000000
41470  -14.005  -45.447  75.262 0.0000000000
41474  -13.061  -45.516  74.116 0.0000000000
41478  -12.491  -45.844  72.468 0.0000000000
40412  -11.830  -46.282  72.991 0.0000000000
40415  -10.899  -46.783  72.509 0.0000000000
39341  -9.867  -47.834  73.042 0.0000000000
37192  -9.682  -49.353  73.608 0.0000000000
68553  -49.895  -20.001  59.582 0.0000000000
68538  -45.551  -20.166  60.802 0.0000000000
68574  -43.360  -20.735  58.062 0.0000000000
68552  -45.257  -20.082  59.789 0.0000000000
69736  -46.951  -19.860  60.191 0.0000000000
69747  -47.967  -19.756  59.325 0.0000000000
69759  -49.346  -19.720  58.472 0.0000000000
69771  -48.521  -19.573  57.507 0.0000000000
69815  -48.209  -19.747  55.686 0.0000000000
68646  -47.336  -20.301  53.934 0.0000000000
68644  -45.560  -20.310  53.793 0.0000000000
68645  -46.429  -20.342  53.839 0.0000000000
68671  -46.948  -20.554  53.051 0.0000000000
68720  -46.990  -20.742  51.246 0.0000000000
68733  -46.424  -20.745  50.310 0.0000000000
68758  -46.001  -20.622  48.351 0.0000000000
69903  -40.511  -19.229  51.555 0.0000000000
69914  -40.949  -19.724  50.919 0.0000000000
68742  -41.960  -20.901  50.106 0.0000000000
67583  -42.507  -21.309  49.675 0.0000000000
67584  -43.461  -21.493  49.485 0.0000000000
67594  -44.530  -21.453  48.571 0.0000000000
68769  -45.050  -20.972  47.441 0.0000000000
68770  -46.092  -20.274  47.264 0.0000000000
50328  -28.064  -37.352  69.464 0.0000000000
52688  -28.625  -36.231  59.240 0.0000000000
52707  -29.301  -35.729  58.501 0.0000000000
51587  -28.922  -36.586  60.206 0.0000000000
51572  -30.631  -36.485  60.742 0.0000000000
51551  -30.905  -36.677  61.701 0.0000000000
51529  -32.075  -36.420  62.640 0.0000000000
54942  -33.145  -33.238  55.961 0.0000000000
54924  -33.452  -33.599  56.860 0.0000000000
53841  -33.592  -34.499  58.597 0.0000000000
53843  -35.277  -34.265  58.692 0.0000000000
53842  -34.388  -34.438  58.767 0.0000000000
52693  -33.075  -35.160  59.918 0.0000000000
52672  -33.251  -35.459  60.702 0.0000000000
51530  -32.934  -36.089  62.612 0.0000000000
51484  -32.616  -36.232  64.483 0.0000000000
51485  -33.697  -35.857  64.502 0.0000000000
51462  -34.448  -35.879  66.069 0.0000000000
45989  -16.182  -42.324  65.832 0.0000000000
45960  -17.132  -42.115  67.653 0.0000000000
48245  -18.612  -39.941  64.138 0.0000000000
47129  -17.358  -40.836  64.604 0.0000000000
45991  -17.532  -41.360  66.045 0.0000000000
45961  -17.710  -41.678  67.732 0.0000000000
45949  -17.355  -41.943  68.591 0.0000000000
45940  -18.151  -41.309  69.575 0.0000000000
47055  -19.767  -40.186  70.666 0.0000000000
69936  -49.062  -19.090  48.194 0.0000000000
71132  -50.092  -18.472  48.530 0.0000000000
71107  -50.953  -18.408  50.444 0.0000000000
73734  -51.424  -16.654  48.582 0.0000000000
72421  -52.072  -17.218  49.859 0.0000000000
72390  -52.049  -17.659  51.120 0.0000000000
72372  -52.943  -17.359  52.084 0.0000000000
79264  -54.220  -11.998  46.858 0.0000000000
78224  -54.892  -12.330  48.234 0.0000000000
77181  -55.099  -13.353  49.787 0.0000000000
91172  -61.123  0.051  41.511 0.0000000000
92238  -61.874  0.603  41.468 0.0000000000
92249  -63.914  0.564  40.408 0.0000000000
92268  -60.921  0.361  38.134 0.0000000000
92271  -63.466  0.273  39.104 0.0000000000
91181  -64.983  -0.146  40.208 0.0000000000
90158  -66.533  -1.616  39.685 0.0000000000
89100  -67.768  -2.678  39.576 0.0000000000
89147  -64.746  -2.188  35.804 0.0000000000
89127  -66.539  -2.320  37.604 0.0000000000
89113  -68.603  -2.788  38.636 0.0000000000
90208  -70.328  -1.709  35.876 0.0000000000
63238  -37.099  -25.713  55.194 0.0000000000
64362  -37.321  -24.676  55.655 0.0000000000
62098  -37.012  -26.434  54.478 0.0000000000
68748  -47.775  -19.985  49.242 0.0000000000
90120  -58.756  -1.392  43.849 0.0000000000
91150  -59.284  -0.940  43.651 0.0000000000
91139  -59.730  -0.919  44.669 0.0000000000
91151  -59.975  -0.497  43.607 0.0000000000
91152  -60.749  -0.122  43.414 0.0000000000
91162  -60.171  -0.657  42.500 0.0000000000
44842  -16.215  -42.685  68.440 0.0000000000
44832  -16.372  -42.604  69.343 0.0000000000
69860  -40.991  -19.574  53.589 0.0000000000
50339  -23.189  -37.522  68.329 0.0000000000
51459  -31.849  -36.365  65.439 0.0000000000
55912  -39.649  -32.818  60.216 0.0000000000
54887  -39.621  -33.626  60.285 0.0000000000
54888  -40.194  -33.624  60.849 0.0000000000
49335  -22.462  -37.889  68.779 0.0000000000
78252  -52.360  -12.346  45.766 0.0000000000
79277  -52.640  -11.980  45.493 0.0000000000
65419  -39.454  -24.029  59.208 0.0000000000
67472  -38.682  -22.134  56.096 0.0000000000
51475  -23.745  -36.468  64.103 0.0000000000
51498  -23.691  -36.460  63.200 0.0000000000
51547  -27.131  -36.934  61.772 0.0000000000
51570  -28.698  -36.894  61.131 0.0000000000
57860  -37.728  -29.906  58.756 0.0000000000
59812  -38.628  -28.536  58.785 0.0000000000
63192  -39.367  -25.459  59.587 0.0000000000
51497  -22.848  -36.424  63.076 0.0000000000
68647  -48.280  -20.360  54.077 0.0000000000
68648  -49.161  -20.608  54.333 0.0000000000
69908  -50.839  -18.939  51.498 0.0000000000
68708  -51.120  -19.909  52.726 0.0000000000
69896  -51.240  -18.969  52.484 0.0000000000
69864  -51.926  -18.625  53.129 0.0000000000
71074  -51.786  -18.184  52.359 0.0000000000
83706  -55.882  -7.413  43.235 0.0000000000
82630  -56.509  -8.389  43.680 0.0000000000
83707  -56.803  -7.219  43.635 0.0000000000
85840  -61.123  -5.842  47.391 0.0000000000
83733  -50.476  -7.921  41.104 0.0000000000
88102  -54.226  -3.905  38.963 0.0000000000
88103  -55.644  -3.307  38.682 0.0000000000
41502  -13.120  -45.369  69.717 0.0000000000
41501  -12.450  -45.859  69.339 0.0000000000
41492  -12.512  -45.852  70.339 0.0000000000
42583  -15.233  -44.116  74.717 0.0000000000
37187  -12.298  -49.723  75.165 0.0000000000
67444  -42.655  -21.853  59.763 0.0000000000
67464  -42.605  -21.354  58.148 0.0000000000
69789  -45.553  -19.791  56.822 0.0000000000
69769  -46.435  -19.657  57.729 0.0000000000
68717  -44.226  -20.996  51.312 0.0000000000
68731  -44.603  -21.158  50.461 0.0000000000
50361  -26.593  -37.370  67.514 0.0000000000
50362  -27.534  -37.309  67.571 0.0000000000
53839  -31.916  -34.790  58.257 0.0000000000
52709  -31.183  -35.251  58.533 0.0000000000
52710  -31.897  -35.122  58.834 0.0000000000
52692  -32.276  -35.275  59.522 0.0000000000
55955  -35.655  -32.921  57.210 0.0000000000
54926  -35.086  -33.092  57.011 0.0000000000
53798  -36.021  -34.849  61.203 0.0000000000
52653  -35.335  -35.176  62.544 0.0000000000
52654  -36.219  -34.895  62.511 0.0000000000
47069  -19.592  -40.335  69.552 0.0000000000
73759  -49.613  -16.671  46.345 0.0000000000
76099  -53.569  -14.659  49.590 0.0000000000
74966  -53.440  -15.367  49.930 0.0000000000
74967  -53.970  -15.193  50.357 0.0000000000
74951  -54.552  -15.291  50.794 0.0000000000
76088  -54.726  -14.622  50.484 0.0000000000
81416  -57.874  -9.894  47.904 0.0000000000
80289  -57.180  -10.920  48.657 0.0000000000
91202  -58.576  -1.051  38.111 0.0000000000
91238  -63.428  -1.278  36.871 0.0000000000
90179  -64.636  -1.669  37.716 0.0000000000
90194  -63.752  -1.730  36.672 0.0000000000
91241  -66.989  -0.292  37.052 0.0000000000
91240  -66.218  -0.541  36.325 0.0000000000
90181  -67.555  -1.399  37.218 0.0000000000
90183  -69.135  -1.483  37.501 0.0000000000
91223  -68.580  -0.598  37.294 0.0000000000
64348  -38.602  -24.796  57.862 0.0000000000
65454  -37.299  -23.529  55.434 0.0000000000
60949  -37.295  -27.299  55.588 0.0000000000
59852  -37.204  -27.886  55.209 0.0000000000
59825  -37.690  -28.138  56.880 0.0000000000
60913  -37.830  -27.632  56.870 0.0000000000
60914  -38.114  -27.349  57.250 0.0000000000
63228  -38.043  -25.657  56.850 0.0000000000
62045  -38.141  -26.338  57.122 0.0000000000
63206  -38.671  -25.510  58.248 0.0000000000
68721  -47.991  -20.627  51.268 0.0000000000
68749  -48.589  -19.716  49.518 0.0000000000
69915  -49.212  -19.579  50.179 0.0000000000
86987  -56.145  -4.646  43.886 0.0000000000
86974  -56.692  -4.369  44.260 0.0000000000
88039  -57.199  -3.456  44.413 0.0000000000
88018  -59.921  -3.152  46.241 0.0000000000
86957  -60.072  -4.267  46.522 0.0000000000
88019  -60.711  -3.411  46.670 0.0000000000
92222  -63.300  0.530  43.172 0.0000000000
92223  -64.278  0.418  43.143 0.0000000000
92231  -63.537  0.651  42.238 0.0000000000
43770  -14.885  -43.837  69.011 0.0000000000
42625  -14.293  -44.340  69.029 0.0000000000
42618  -14.532  -44.016  69.869 0.0000000000
67495  -41.287  -20.932  56.110 0.0000000000
68585  -41.919  -20.899  56.311 0.0000000000
69810  -42.850  -20.195  55.566 0.0000000000
69862  -43.103  -19.888  53.712 0.0000000000
68715  -42.553  -20.460  51.515 0.0000000000
51456  -28.934  -36.947  65.633 0.0000000000
51418  -30.200  -36.525  67.254 0.0000000000
54922  -31.848  -33.684  55.998 0.0000000000
53876  -32.093  -34.191  57.076 0.0000000000
54904  -37.889  -33.147  58.815 0.0000000000
54903  -37.075  -33.703  58.693 0.0000000000
54894  -37.969  -33.745  59.247 0.0000000000
53830  -38.184  -34.291  59.938 0.0000000000
53801  -38.547  -34.609  61.465 0.0000000000
53789  -39.564  -34.617  62.380 0.0000000000
49364  -21.168  -37.703  65.078 0.0000000000
49345  -21.127  -38.676  67.433 0.0000000000
48209  -20.734  -39.248  67.853 0.0000000000
48172  -22.064  -39.080  70.642 0.0000000000
77212  -50.894  -13.906  46.205 0.0000000000
78221  -52.944  -12.919  47.101 0.0000000000
77214  -52.114  -13.373  46.931 0.0000000000
77204  -52.559  -13.441  47.436 0.0000000000
77192  -53.367  -13.619  48.494 0.0000000000
78210  -53.915  -13.007  48.302 0.0000000000
92283  -65.975  0.657  37.256 0.0000000000
92285  -67.682  0.337  37.354 0.0000000000
93290  -67.141  1.488  37.577 0.0000000000
44815  -16.612  -42.392  71.301 0.0000000000
43724  -16.618  -43.390  74.647 0.0000000000
65391  -41.460  -23.403  62.424 0.0000000000
65421  -40.727  -23.167  59.598 0.0000000000
66465  -41.613  -22.391  59.217 0.0000000000
66464  -41.067  -22.542  58.738 0.0000000000
65439  -39.007  -23.413  57.644 0.0000000000
65430  -39.315  -23.590  58.370 0.0000000000
67474  -40.041  -21.932  57.017 0.0000000000
66482  -39.711  -22.497  57.401 0.0000000000
67461  -40.387  -22.207  57.459 0.0000000000
68608  -40.099  -20.648  55.470 0.0000000000
51476  -24.622  -36.582  64.319 0.0000000000
51454  -25.459  -36.881  65.522 0.0000000000
50388  -25.824  -37.040  65.744 0.0000000000
51455  -26.018  -37.021  65.429 0.0000000000
51522  -25.361  -36.782  62.539 0.0000000000
50406  -26.942  -37.118  65.204 0.0000000000
51479  -27.548  -37.100  64.530 0.0000000000
51503  -28.372  -37.048  63.646 0.0000000000
51504  -29.374  -36.913  63.627 0.0000000000
51505  -30.383  -36.747  63.574 0.0000000000
57883  -35.338  -31.187  55.962 0.0000000000
56948  -35.080  -31.799  56.086 0.0000000000
57926  -36.275  -29.443  54.353 0.0000000000
58847  -36.722  -29.679  55.774 0.0000000000
56933  -37.122  -31.682  57.953 0.0000000000
57853  -37.879  -30.584  59.375 0.0000000000
56899  -37.831  -31.219  59.273 0.0000000000
56901  -38.946  -32.340  59.848 0.0000000000
57847  -38.648  -30.418  60.539 0.0000000000
58816  -39.080  -29.604  61.084 0.0000000000
59791  -39.572  -29.002  61.610 0.0000000000
59813  -38.999  -27.955  59.176 0.0000000000
60899  -39.270  -27.228  59.545 0.0000000000
62016  -39.944  -26.481  60.678 0.0000000000
60893  -39.570  -27.273  60.092 0.0000000000
60882  -40.223  -27.411  61.692 0.0000000000
64307  -40.651  -24.861  61.462 0.0000000000
63168  -40.904  -25.040  62.214 0.0000000000
50404  -21.545  -36.809  63.662 0.0000000000
50386  -22.695  -36.838  65.433 0.0000000000
69773  -50.309  -19.851  57.329 0.0000000000
69794  -50.423  -20.065  56.650 0.0000000000
68650  -50.456  -20.723  55.114 0.0000000000
68619  -51.124  -20.743  56.126 0.0000000000
67522  -51.785  -21.316  54.764 0.0000000000
67559  -50.572  -20.955  53.069 0.0000000000
67523  -52.709  -20.859  54.711 0.0000000000
67524  -53.284  -20.308  55.009 0.0000000000
68651  -52.971  -19.850  54.447 0.0000000000
69866  -53.350  -18.523  54.147 0.0000000000
80354  -54.312  -9.762  43.683 0.0000000000
80342  -54.384  -10.417  44.534 0.0000000000
81474  -57.017  -8.956  44.813 0.0000000000
81457  -56.683  -9.343  45.115 0.0000000000
81442  -57.678  -9.097  46.139 0.0000000000
81428  -57.770  -9.560  46.976 0.0000000000
81443  -58.152  -9.153  46.684 0.0000000000
85856  -58.551  -5.550  45.216 0.0000000000
84735  -58.720  -6.719  45.046 0.0000000000
84736  -59.186  -6.197  45.790 0.0000000000
83674  -59.714  -7.586  47.031 0.0000000000
38343  -8.821  -48.973  73.152 0.0000000000
38351  -8.523  -48.574  72.815 0.0000000000
37197  -8.554  -49.555  72.949 0.0000000000
72499  -47.310  -17.687  44.726 0.0000000000
72500  -48.006  -17.012  44.885 0.0000000000
73780  -47.531  -16.800  44.300 0.0000000000
73792  -48.093  -15.622  43.716 0.0000000000
76152  -48.815  -14.772  44.108 0.0000000000
76153  -49.291  -14.547  44.632 0.0000000000
78276  -49.415  -12.655  44.063 0.0000000000
79300  -50.047  -11.782  44.123 0.0000000000
79288  -50.370  -12.230  44.448 0.0000000000
80351  -51.295  -10.610  43.507 0.0000000000
80366  -51.420  -9.800  43.097 0.0000000000
80367  -52.173  -9.572  43.056 0.0000000000
82663  -51.901  -7.829  41.753 0.0000000000
82645  -52.798  -8.223  42.372 0.0000000000
83721  -53.311  -7.501  42.237 0.0000000000
82647  -54.664  -7.648  42.766 0.0000000000
87023  -53.318  -4.631  40.597 0.0000000000
85908  -53.064  -5.308  40.979 0.0000000000
85897  -53.608  -5.072  41.447 0.0000000000
84786  -53.876  -5.578  41.882 0.0000000000
85886  -54.409  -5.355  42.249 0.0000000000
86998  -54.897  -4.830  42.595 0.0000000000
87010  -54.708  -4.585  42.069 0.0000000000
88080  -56.036  -3.192  40.692 0.0000000000
88069  -55.786  -3.241  41.720 0.0000000000
88070  -56.500  -3.023  41.322 0.0000000000
89075  -57.106  -2.700  41.662 0.0000000000
89086  -57.649  -2.850  41.035 0.0000000000
89087  -58.260  -2.741  40.764 0.0000000000
88082  -57.716  -2.934  40.450 0.0000000000
89107  -56.243  -2.759  38.251 0.0000000000
88105  -57.325  -2.710  39.233 0.0000000000
89108  -57.387  -2.409  38.707 0.0000000000
90164  -57.437  -1.963  38.190 0.0000000000
40430  -11.022  -46.450  70.223 0.0000000000
43750  -15.418  -43.155  71.855 0.0000000000
43735  -14.828  -43.639  72.516 0.0000000000
42600  -13.606  -44.684  72.552 0.0000000000
41471  -14.879  -45.537  75.442 0.0000000000
40408  -12.916  -46.226  74.655 0.0000000000
41469  -13.352  -45.735  74.865 0.0000000000
41479  -13.038  -45.300  73.040 0.0000000000
41473  -12.506  -45.869  73.360 0.0000000000
39335  -11.349  -47.862  74.002 0.0000000000
39342  -10.855  -47.572  73.393 0.0000000000
39349  -10.346  -47.294  72.752 0.0000000000
38345  -10.416  -48.596  73.656 0.0000000000
38344  -9.332  -48.585  73.215 0.0000000000
36019  -11.199  -50.711  74.121 0.0000000000
68530  -49.887  -20.636  61.223 0.0000000000
68543  -50.363  -20.584  60.530 0.0000000000
68542  -49.350  -20.147  60.480 0.0000000000
66435  -41.894  -22.734  61.396 0.0000000000
66426  -42.644  -22.312  62.449 0.0000000000
66436  -42.710  -22.110  61.561 0.0000000000
67445  -43.367  -21.276  59.991 0.0000000000
67435  -43.612  -21.170  60.984 0.0000000000
68536  -43.974  -20.882  60.869 0.0000000000
68537  -44.413  -20.761  61.250 0.0000000000
68576  -44.881  -20.020  58.627 0.0000000000
68563  -44.710  -20.235  59.159 0.0000000000
69744  -45.740  -19.845  59.600 0.0000000000
69734  -45.668  -19.946  60.094 0.0000000000
69745  -46.354  -19.773  59.508 0.0000000000
69758  -48.244  -19.631  58.472 0.0000000000
69814  -47.193  -19.812  55.659 0.0000000000
68614  -47.730  -20.011  54.816 0.0000000000
68643  -44.667  -20.200  53.750 0.0000000000
68670  -46.034  -20.511  52.987 0.0000000000
68703  -46.519  -20.692  52.150 0.0000000000
68719  -46.033  -20.844  51.259 0.0000000000
68746  -45.807  -20.868  49.397 0.0000000000
69913  -40.432  -19.397  50.475 0.0000000000
67582  -41.507  -21.191  49.431 0.0000000000
68743  -42.417  -21.050  50.053 0.0000000000
67592  -42.811  -21.701  48.670 0.0000000000
67603  -43.169  -21.809  47.680 0.0000000000
67593  -43.750  -21.658  48.537 0.0000000000
50340  -24.139  -37.317  68.311 0.0000000000
50341  -25.018  -37.397  68.317 0.0000000000
50326  -26.094  -37.535  69.209 0.0000000000
50344  -27.796  -37.188  68.521 0.0000000000
52690  -30.554  -35.770  59.288 0.0000000000
52689  -29.618  -36.005  59.313 0.0000000000
51588  -30.040  -36.320  60.035 0.0000000000
51571  -29.547  -36.763  60.918 0.0000000000
54911  -34.058  -33.750  57.383 0.0000000000
53861  -33.364  -34.117  57.689 0.0000000000
53845  -36.748  -34.250  59.224 0.0000000000
54902  -35.927  -33.882  58.361 0.0000000000
53844  -36.180  -34.268  59.021 0.0000000000
53811  -34.967  -34.868  60.309 0.0000000000
53826  -34.560  -34.721  59.655 0.0000000000
53825  -33.746  -34.739  59.379 0.0000000000
52694  -33.758  -34.997  60.092 0.0000000000
52651  -33.749  -35.696  62.487 0.0000000000
51508  -33.341  -36.008  63.479 0.0000000000
52613  -34.394  -35.650  65.101 0.0000000000
52614  -34.939  -35.692  65.449 0.0000000000
53773  -37.410  -34.732  62.711 0.0000000000
56872  -39.994  -31.176  62.213 0.0000000000
45973  -16.752  -42.282  66.705 0.0000000000
48247  -19.900  -38.766  64.684 0.0000000000
49374  -19.668  -38.772  63.958 0.0000000000
48246  -19.231  -39.401  64.427 0.0000000000
47131  -18.810  -40.006  64.804 0.0000000000
47130  -18.150  -40.411  64.511 0.0000000000
47115  -17.972  -40.852  65.624 0.0000000000
47092  -18.261  -41.388  67.889 0.0000000000
47102  -18.080  -41.269  66.868 0.0000000000
45950  -17.943  -41.547  68.657 0.0000000000
45939  -17.531  -41.755  69.537 0.0000000000
47056  -20.607  -39.869  70.724 0.0000000000
47070  -20.126  -39.889  69.949 0.0000000000
67466  -52.744  -21.725  57.823 0.0000000000
69947  -48.276  -19.202  47.014 0.0000000000
69935  -48.396  -19.397  47.870 0.0000000000
71146  -48.805  -18.799  46.975 0.0000000000
72450  -50.341  -17.765  47.677 0.0000000000
71133  -50.567  -18.226  48.868 0.0000000000
71120  -50.820  -18.191  49.448 0.0000000000
76121  -50.839  -15.013  47.347 0.0000000000
73746  -50.936  -16.358  47.882 0.0000000000
74990  -51.149  -15.765  48.069 0.0000000000
73719  -52.558  -16.518  49.656 0.0000000000
73718  -51.944  -16.870  49.298 0.0000000000
72406  -52.465  -17.218  50.501 0.0000000000
72405  -51.736  -17.704  50.479 0.0000000000
72391  -52.593  -17.406  51.439 0.0000000000
72392  -53.228  -16.934  51.506 0.0000000000
73693  -55.187  -15.960  51.814 0.0000000000
73674  -54.226  -16.607  52.093 0.0000000000
73675  -54.855  -16.467  52.236 0.0000000000
79280  -55.108  -10.955  46.138 0.0000000000
79279  -54.460  -11.201  45.795 0.0000000000
79265  -55.048  -11.363  46.693 0.0000000000
79241  -56.215  -11.795  48.677 0.0000000000
79240  -55.622  -11.953  48.398 0.0000000000
78213  -55.940  -12.311  49.149 0.0000000000
78197  -55.026  -12.961  49.251 0.0000000000
78198  -55.632  -12.775  49.608 0.0000000000
90144  -59.505  -1.856  40.697 0.0000000000
91171  -60.539  -0.683  41.544 0.0000000000
90145  -60.021  -1.214  40.640 0.0000000000
91180  -61.197  0.287  40.585 0.0000000000
92247  -62.032  0.776  40.530 0.0000000000
92248  -62.992  0.700  40.453 0.0000000000
92267  -60.026  0.270  37.790 0.0000000000
92295  -61.040  0.112  37.128 0.0000000000
92270  -62.792  0.320  38.640 0.0000000000
91193  -64.205  0.064  39.226 0.0000000000
92260  -64.094  0.261  39.573 0.0000000000
91194  -64.682  -0.185  39.592 0.0000000000
90146  -65.898  -0.875  40.063 0.0000000000
91195  -65.390  -0.916  39.436 0.0000000000
89099  -67.096  -2.133  39.655 0.0000000000
88095  -68.489  -3.250  39.871 0.0000000000
89101  -68.323  -2.958  39.257 0.0000000000
90206  -65.483  -1.350  35.332 0.0000000000
90205  -64.989  -1.851  35.257 0.0000000000
89153  -64.440  -1.972  34.993 0.0000000000
89141  -65.557  -2.300  36.669 0.0000000000
89142  -66.458  -2.047  36.647 0.0000000000
89129  -68.798  -2.167  37.939 0.0000000000
89114  -69.365  -2.851  38.419 0.0000000000
88106  -69.260  -3.387  38.902 0.0000000000
88107  -69.734  -3.663  38.698 0.0000000000
92287  -69.568  -0.104  36.781 0.0000000000
91225  -70.061  -1.026  36.995 0.0000000000
91243  -70.121  -0.831  36.325 0.0000000000
64355  -37.671  -24.734  56.258 0.0000000000
60970  -36.956  -27.557  54.194 0.0000000000
60984  -37.005  -26.848  54.101 0.0000000000
62057  -37.420  -26.484  56.037 0.0000000000
60928  -37.835  -26.742  56.703 0.0000000000
69924  -48.473  -19.522  48.717 0.0000000000
89054  -56.925  -2.863  43.554 0.0000000000
89055  -57.679  -2.220  43.828 0.0000000000
90110  -59.047  -1.757  44.952 0.0000000000
91129  -61.404  -0.807  45.469 0.0000000000
91141  -61.799  -0.258  44.803 0.0000000000
91142  -62.726  -0.253  44.805 0.0000000000
92211  -61.374  0.032  44.071 0.0000000000
92220  -61.498  0.317  43.309 0.0000000000
92229  -61.702  0.443  42.394 0.0000000000
44860  -15.880  -42.724  66.644 0.0000000000
44850  -15.503  -43.100  67.432 0.0000000000
44841  -15.668  -43.017  68.329 0.0000000000
43771  -15.350  -43.372  69.064 0.0000000000
68641  -41.566  -20.157  55.204 0.0000000000
69905  -42.018  -19.971  51.946 0.0000000000
49308  -22.736  -38.465  70.149 0.0000000000
51437  -32.071  -36.327  66.429 0.0000000000
55930  -38.501  -32.802  59.246 0.0000000000
54895  -38.991  -33.657  59.798 0.0000000000
53817  -39.791  -34.196  61.139 0.0000000000
53803  -40.150  -34.270  61.635 0.0000000000
78250  -50.967  -12.820  45.234 0.0000000000
77224  -51.156  -13.363  45.934 0.0000000000
78251  -51.460  -12.801  45.694 0.0000000000
78253  -52.878  -12.411  46.236 0.0000000000
78236  -53.334  -12.448  46.755 0.0000000000
64319  -40.486  -24.703  60.942 0.0000000000
64320  -40.817  -23.931  60.887 0.0000000000
65411  -40.483  -23.884  60.226 0.0000000000
65431  -39.854  -23.280  58.846 0.0000000000
66480  -38.588  -22.502  56.290 0.0000000000
66481  -39.111  -22.736  57.054 0.0000000000
51451  -22.913  -36.603  64.602 0.0000000000
51452  -23.700  -36.575  65.211 0.0000000000
51523  -26.303  -36.906  62.637 0.0000000000
51525  -28.207  -37.071  62.718 0.0000000000
51550  -29.924  -36.932  61.725 0.0000000000
58848  -37.218  -28.933  56.107 0.0000000000
57859  -37.385  -30.739  58.548 0.0000000000
58821  -38.319  -30.067  59.921 0.0000000000
62033  -38.822  -26.261  58.573 0.0000000000
62021  -39.140  -26.382  59.223 0.0000000000
63180  -40.011  -25.671  60.623 0.0000000000
51473  -22.276  -36.516  63.774 0.0000000000
69816  -49.090  -19.963  55.747 0.0000000000
69817  -49.745  -20.119  55.722 0.0000000000
68616  -49.458  -20.374  55.138 0.0000000000
67520  -50.448  -20.893  54.543 0.0000000000
68707  -50.557  -20.377  52.370 0.0000000000
69837  -53.098  -19.313  54.377 0.0000000000
71052  -52.540  -18.103  53.126 0.0000000000
71053  -53.432  -17.844  53.531 0.0000000000
81483  -55.612  -9.019  43.587 0.0000000000
81472  -55.819  -9.402  44.183 0.0000000000
81484  -56.198  -9.028  43.882 0.0000000000
82611  -56.878  -8.615  44.166 0.0000000000
82612  -57.436  -8.366  44.538 0.0000000000
85847  -59.751  -5.484  46.412 0.0000000000
84729  -59.774  -6.659  46.493 0.0000000000
84730  -60.453  -6.165  46.912 0.0000000000
89079  -67.762  -2.610  41.380 0.0000000000
77252  -48.701  -13.281  43.494 0.0000000000
82642  -50.497  -8.732  42.212 0.0000000000
82662  -51.050  -8.165  41.687 0.0000000000
83735  -52.024  -7.087  41.167 0.0000000000
87022  -52.940  -4.712  40.056 0.0000000000
87024  -54.044  -4.270  40.815 0.0000000000
88078  -54.593  -4.047  41.201 0.0000000000
88090  -54.520  -3.868  40.285 0.0000000000
88092  -56.412  -3.189  39.767 0.0000000000
40431  -11.796  -46.193  69.825 0.0000000000
43736  -15.454  -43.054  73.043 0.0000000000
42582  -14.415  -44.476  74.437 0.0000000000
39332  -13.700  -47.392  75.697 0.0000000000
39331  -12.816  -47.586  75.276 0.0000000000
39337  -12.616  -46.877  74.833 0.0000000000
39336  -11.908  -47.628  74.716 0.0000000000
38338  -11.260  -48.603  74.300 0.0000000000
37185  -11.013  -49.358  74.299 0.0000000000
37186  -11.542  -49.501  74.714 0.0000000000
36008  -11.826  -50.563  74.658 0.0000000000
66455  -41.960  -22.349  59.730 0.0000000000
69787  -43.663  -20.148  56.672 0.0000000000
68588  -43.793  -20.271  57.584 0.0000000000
69767  -44.605  -19.952  57.810 0.0000000000
69756  -46.366  -19.700  58.706 0.0000000000
69836  -45.968  -20.205  54.528 0.0000000000
68701  -44.714  -20.739  52.131 0.0000000000
68745  -44.882  -21.260  49.491 0.0000000000
50360  -25.686  -37.286  67.435 0.0000000000
50346  -29.887  -36.972  68.962 0.0000000000
50329  -29.089  -37.480  69.533 0.0000000000
52723  -30.683  -35.093  57.951 0.0000000000
52670  -31.484  -35.863  60.196 0.0000000000
55963  -34.476  -32.711  56.289 0.0000000000
53812  -35.660  -34.808  60.565 0.0000000000
52674  -34.889  -35.106  60.953 0.0000000000
52636  -34.608  -35.524  63.373 0.0000000000
51486  -34.229  -35.722  63.987 0.0000000000
48220  -19.742  -39.698  66.422 0.0000000000
48219  -19.208  -40.209  66.235 0.0000000000
47103  -18.740  -40.713  66.506 0.0000000000
72466  -48.851  -18.144  46.330 0.0000000000
71163  -49.009  -18.404  46.719 0.0000000000
72467  -49.436  -17.749  46.672 0.0000000000
72451  -50.911  -17.063  47.984 0.0000000000
76109  -52.117  -14.798  48.420 0.0000000000
74979  -51.704  -15.526  48.507 0.0000000000
74981  -52.983  -15.365  49.409 0.0000000000
74965  -52.943  -15.818  49.588 0.0000000000
73706  -53.441  -16.276  50.706 0.0000000000
73707  -54.035  -15.937  51.033 0.0000000000
73692  -54.553  -16.088  51.515 0.0000000000
80302  -56.211  -11.041  47.493 0.0000000000
79242  -56.880  -11.549  49.080 0.0000000000
90156  -59.973  -0.881  39.929 0.0000000000
91190  -59.556  -0.813  39.262 0.0000000000
91204  -60.367  0.164  38.569 0.0000000000
91207  -64.751  -1.008  38.466 0.0000000000
91208  -65.256  -1.164  38.863 0.0000000000
90167  -64.972  -1.458  38.313 0.0000000000
90180  -65.292  -2.000  38.108 0.0000000000
89110  -65.688  -2.099  38.285 0.0000000000
92296  -64.749  0.682  36.037 0.0000000000
91255  -65.548  -0.489  35.712 0.0000000000
90207  -66.059  -1.031  35.803 0.0000000000
90196  -66.559  -1.373  36.304 0.0000000000
89143  -67.068  -1.627  36.893 0.0000000000
89130  -69.582  -2.259  37.896 0.0000000000
92311  -70.246  -0.096  35.524 0.0000000000
91257  -70.334  -0.818  35.590 0.0000000000
91271  -70.337  -0.531  34.724 0.0000000000
64342  -38.996  -24.744  58.670 0.0000000000
65446  -38.295  -23.429  56.664 0.0000000000
66492  -37.889  -22.792  56.007 0.0000000000
51567  -26.018  -36.704  60.771 0.0000000000
51586  -27.836  -36.620  60.029 0.0000000000
58891  -36.216  -28.680  53.387 0.0000000000
58881  -36.523  -28.791  53.982 0.0000000000
59871  -37.088  -27.893  54.754 0.0000000000
59851  -37.062  -28.265  54.932 0.0000000000
58865  -37.166  -28.434  55.432 0.0000000000
58841  -37.984  -28.526  57.547 0.0000000000
59818  -38.467  -28.022  58.015 0.0000000000
62032  -38.483  -26.509  57.902 0.0000000000
68673  -48.876  -20.722  53.373 0.0000000000
68705  -48.505  -20.684  52.321 0.0000000000
69907  -50.354  -19.614  51.430 0.0000000000
69917  -50.553  -18.996  50.935 0.0000000000
85874  -56.110  -5.471  43.729 0.0000000000
84755  -56.741  -6.137  43.810 0.0000000000
85875  -56.658  -5.557  43.970 0.0000000000
85865  -57.881  -5.299  44.774 0.0000000000
88040  -58.008  -3.813  45.098 0.0000000000
86966  -58.730  -4.421  45.538 0.0000000000
86967  -59.364  -4.626  46.086 0.0000000000
85849  -61.264  -5.076  47.304 0.0000000000
91143  -63.816  -0.352  44.787 0.0000000000
91164  -65.604  0.006  42.674 0.0000000000
92233  -65.086  0.283  41.922 0.0000000000
43787  -14.957  -43.556  67.323 0.0000000000
43786  -14.365  -43.998  67.233 0.0000000000
42633  -14.014  -44.439  68.046 0.0000000000
68612  -42.967  -20.426  56.333 0.0000000000
69894  -43.503  -20.227  52.831 0.0000000000
50391  -27.952  -37.201  65.773 0.0000000000
51417  -29.314  -36.742  67.747 0.0000000000
51408  -29.695  -36.743  68.172 0.0000000000
53829  -37.272  -34.305  59.579 0.0000000000
53799  -36.716  -34.783  61.480 0.0000000000
53786  -37.110  -34.751  62.288 0.0000000000
53774  -37.884  -34.702  62.959 0.0000000000
53788  -38.660  -34.641  62.293 0.0000000000
53775  -38.757  -34.775  63.157 0.0000000000
49354  -20.520  -39.057  66.516 0.0000000000
48196  -19.874  -40.101  68.418 0.0000000000
48171  -21.225  -39.390  70.316 0.0000000000
48187  -21.426  -38.856  69.545 0.0000000000
75010  -49.858  -15.249  45.896 0.0000000000
75000  -49.720  -15.811  46.104 0.0000000000
75001  -50.223  -15.372  46.412 0.0000000000
76132  -50.725  -14.745  46.819 0.0000000000
76122  -51.296  -14.779  47.771 0.0000000000
77213  -51.615  -13.350  46.473 0.0000000000
77203  -51.772  -13.806  47.269 0.0000000000
76123  -52.067  -14.142  47.842 0.0000000000
77179  -53.736  -14.059  49.273 0.0000000000
91232  -57.412  -0.682  36.239 0.0000000000
91233  -58.456  -0.421  36.278 0.0000000000
91234  -59.438  -0.093  36.293 0.0000000000
91235  -60.245  -0.000  36.191 0.0000000000
92298  -66.376  0.142  37.003 0.0000000000
92299  -66.948  0.228  37.240 0.0000000000
92286  -68.974  0.401  36.954 0.0000000000
92300  -69.271  0.920  36.513 0.0000000000
44833  -16.955  -42.210  69.455 0.0000000000
44822  -16.485  -42.482  70.296 0.0000000000
43737  -16.044  -42.874  73.785 0.0000000000
66444  -41.648  -22.803  60.478 0.0000000000
66462  -39.799  -22.951  58.268 0.0000000000
66473  -40.630  -22.501  58.144 0.0000000000
67462  -40.882  -22.123  57.698 0.0000000000
68609  -40.990  -20.605  55.587 0.0000000000
69831  -40.435  -19.760  54.289 0.0000000000
50374  -24.575  -36.883  66.619 0.0000000000
51431  -24.169  -36.618  65.687 0.0000000000
51432  -24.602  -36.749  65.925 0.0000000000
50375  -25.503  -37.080  66.390 0.0000000000
50390  -27.089  -37.224  65.840 0.0000000000
51478  -26.470  -37.004  64.815 0.0000000000
51482  -30.626  -36.614  64.502 0.0000000000
56983  -33.880  -31.651  54.266 0.0000000000
56966  -34.087  -31.971  55.020 0.0000000000
55981  -34.717  -32.128  55.868 0.0000000000
57925  -35.560  -30.035  54.156 0.0000000000
57884  -36.154  -30.525  56.223 0.0000000000
55956  -36.457  -32.375  57.420 0.0000000000
55957  -37.021  -32.390  57.972 0.0000000000
55944  -37.527  -32.565  58.474 0.0000000000
56916  -38.001  -32.266  59.025 0.0000000000
55891  -39.977  -32.182  61.009 0.0000000000
56881  -39.618  -31.339  61.541 0.0000000000
57832  -39.563  -30.498  62.114 0.0000000000
58810  -39.796  -29.443  62.487 0.0000000000
59807  -39.700  -28.081  60.697 0.0000000000
59800  -39.872  -28.162  61.261 0.0000000000
61991  -40.565  -27.081  63.060 0.0000000000
63158  -40.877  -25.667  62.828 0.0000000000
50403  -20.899  -37.388  63.367 0.0000000000
50385  -21.946  -36.842  64.656 0.0000000000
68566  -50.977  -20.240  58.295 0.0000000000
68590  -50.801  -20.446  56.371 0.0000000000
68591  -51.351  -20.707  56.701 0.0000000000
67478  -52.644  -21.367  56.735 0.0000000000
68674  -49.732  -20.969  53.773 0.0000000000
67536  -50.398  -20.995  54.185 0.0000000000
67537  -51.000  -21.042  53.894 0.0000000000
67499  -53.508  -20.864  55.704 0.0000000000
69838  -53.610  -19.087  54.724 0.0000000000
80341  -53.126  -10.808  44.273 0.0000000000
79291  -53.644  -11.165  45.062 0.0000000000
80331  -54.605  -10.706  45.253 0.0000000000
80332  -55.329  -10.390  45.532 0.0000000000
81456  -55.997  -9.630  44.892 0.0000000000
80333  -56.249  -9.815  45.556 0.0000000000
80317  -56.391  -10.267  46.380 0.0000000000
80318  -57.163  -9.733  46.533 0.0000000000
81417  -58.621  -9.532  48.277 0.0000000000
84743  -57.412  -6.642  44.101 0.0000000000
83694  -58.052  -7.295  44.499 0.0000000000
82592  -58.379  -8.248  45.441 0.0000000000
82593  -58.839  -8.189  46.035 0.0000000000
82566  -58.928  -8.616  46.996 0.0000000000
39347  -9.088  -47.713  72.600 0.0000000000
68771  -46.934  -19.782  47.047 0.0000000000
68782  -46.927  -19.477  46.371 0.0000000000
69956  -47.293  -19.065  46.026 0.0000000000
71161  -47.777  -18.694  46.009 0.0000000000
71180  -47.331  -18.484  45.406 0.0000000000
71181  -47.962  -18.336  45.758 0.0000000000
72486  -48.434  -17.739  45.654 0.0000000000
73781  -48.199  -16.218  44.362 0.0000000000
75008  -48.915  -15.830  44.906 0.0000000000
76141  -49.616  -14.804  45.212 0.0000000000
76154  -50.006  -13.875  44.989 0.0000000000
77253  -49.192  -13.271  44.031 0.0000000000
77237  -49.670  -13.373  44.497 0.0000000000
78266  -50.457  -12.756  44.756 0.0000000000
79289  -50.930  -12.007  44.554 0.0000000000
80350  -50.302  -10.898  43.542 0.0000000000
80340  -52.449  -11.003  44.113 0.0000000000
81481  -53.833  -9.427  43.234 0.0000000000
81498  -52.463  -9.003  42.722 0.0000000000
81499  -53.394  -8.957  42.816 0.0000000000
81500  -54.035  -8.992  42.914 0.0000000000
82628  -54.671  -8.561  42.989 0.0000000000
84753  -55.291  -6.663  43.078 0.0000000000
83749  -51.176  -6.851  40.311 0.0000000000
84784  -52.517  -6.382  41.023 0.0000000000
83736  -52.897  -6.916  41.617 0.0000000000
84770  -53.499  -6.801  42.072 0.0000000000
84772  -54.730  -6.065  42.752 0.0000000000
85873  -55.267  -5.661  43.210 0.0000000000
86986  -55.526  -4.610  43.376 0.0000000000
88051  -56.191  -3.693  43.503 0.0000000000
88068  -54.978  -4.065  41.912 0.0000000000
89062  -56.177  -3.160  42.579 0.0000000000
89053  -56.463  -3.051  43.068 0.0000000000
89064  -57.462  -2.231  42.660 0.0000000000
89065  -58.217  -1.974  42.324 0.0000000000
90128  -58.899  -1.437  42.621 0.0000000000
90129  -59.577  -1.213  42.202 0.0000000000
90136  -59.288  -1.772  41.566 0.0000000000
89088  -58.958  -2.363  40.749 0.0000000000
89098  -59.081  -2.207  40.154 0.0000000000
88093  -57.451  -2.935  39.764 0.0000000000
89097  -58.350  -2.557  39.689 0.0000000000
90154  -58.478  -2.093  39.195 0.0000000000
90165  -58.157  -1.751  38.512 0.0000000000
90177  -57.948  -1.237  37.683 0.0000000000
90192  -56.946  -1.065  36.609 0.0000000000
91215  -57.528  -1.026  37.069 0.0000000000
44821  -15.858  -42.810  70.112 0.0000000000
43765  -15.378  -43.246  69.892 0.0000000000
43758  -14.934  -43.657  70.440 0.0000000000
43749  -14.894  -43.693  71.436 0.0000000000
42610  -14.374  -44.164  70.892 0.0000000000
42576  -14.657  -44.982  75.142 0.0000000000
42581  -13.624  -44.913  74.271 0.0000000000
40403  -14.258  -46.387  75.714 0.0000000000
41475  -13.651  -45.170  74.658 0.0000000000
42590  -13.568  -44.742  73.638 0.0000000000
41484  -13.146  -45.335  71.974 0.0000000000
41483  -12.524  -45.866  71.412 0.0000000000
40416  -11.758  -46.269  71.930 0.0000000000
40411  -11.430  -46.848  73.410 0.0000000000
39340  -9.320  -48.048  72.986 0.0000000000
37191  -9.074  -49.276  73.318 0.0000000000
37193  -10.450  -49.571  74.004 0.0000000000
36017  -9.859  -50.177  73.716 0.0000000000
66427  -43.166  -21.935  62.730 0.0000000000
67425  -43.170  -21.614  61.271 0.0000000000
68562  -43.882  -20.677  59.266 0.0000000000
68551  -44.617  -20.434  60.101 0.0000000000
68540  -47.604  -19.962  60.963 0.0000000000
69737  -47.776  -19.868  60.122 0.0000000000
69746  -47.116  -19.768  59.391 0.0000000000
69738  -48.501  -19.908  60.037 0.0000000000
69748  -48.889  -19.847  59.398 0.0000000000
69772  -49.473  -19.655  57.395 0.0000000000
69792  -48.801  -19.666  56.553 0.0000000000
69904  -41.327  -19.742  51.663 0.0000000000
68727  -41.438  -20.303  50.680 0.0000000000
68728  -42.116  -20.591  50.811 0.0000000000
68729  -42.732  -20.948  50.417 0.0000000000
67577  -43.045  -21.225  49.995 0.0000000000
67591  -41.783  -21.626  48.783 0.0000000000
67585  -44.189  -21.552  49.197 0.0000000000
67604  -44.201  -21.491  47.606 0.0000000000
67605  -44.763  -21.269  48.042 0.0000000000
50323  -23.691  -37.607  69.013 0.0000000000
50324  -24.440  -37.575  69.219 0.0000000000
51528  -31.148  -36.651  62.617 0.0000000000
51507  -32.333  -36.346  63.532 0.0000000000
54943  -33.761  -33.125  56.295 0.0000000000
53877  -32.756  -34.000  57.148 0.0000000000
54901  -35.472  -33.949  58.264 0.0000000000
53863  -34.786  -34.143  58.306 0.0000000000
53824  -33.072  -34.845  59.197 0.0000000000
52659  -32.710  -35.880  61.306 0.0000000000
52660  -33.394  -35.679  61.631 0.0000000000
51553  -32.628  -36.129  61.955 0.0000000000
51461  -33.912  -35.823  65.601 0.0000000000
52622  -34.139  -35.680  64.906 0.0000000000
44861  -16.345  -42.582  67.009 0.0000000000
44852  -16.580  -42.495  67.646 0.0000000000
47114  -17.309  -41.219  65.315 0.0000000000
45974  -17.386  -41.769  66.766 0.0000000000
45930  -17.691  -41.537  70.515 0.0000000000
69934  -47.695  -19.606  47.520 0.0000000000
71147  -49.329  -18.565  47.402 0.0000000000
69937  -49.510  -18.878  48.677 0.0000000000
69926  -49.703  -18.918  49.400 0.0000000000
71119  -50.309  -18.548  49.423 0.0000000000
71106  -50.540  -18.523  49.924 0.0000000000
73760  -50.167  -16.204  46.740 0.0000000000
73745  -50.579  -16.693  47.384 0.0000000000
73735  -52.031  -16.234  49.023 0.0000000000
72420  -51.454  -17.573  49.507 0.0000000000
71092  -52.019  -17.798  51.752 0.0000000000
71076  -52.956  -17.610  52.716 0.0000000000
72355  -53.934  -17.298  53.081 0.0000000000
72373  -53.585  -17.098  52.431 0.0000000000
79263  -53.613  -12.114  46.504 0.0000000000
78237  -53.811  -12.418  47.266 0.0000000000
79251  -55.266  -11.782  47.788 0.0000000000
79250  -54.626  -12.080  47.456 0.0000000000
78223  -54.339  -12.416  47.772 0.0000000000
78211  -54.573  -12.846  48.657 0.0000000000
77180  -54.474  -13.583  49.451 0.0000000000
77170  -55.552  -13.507  50.380 0.0000000000
77169  -54.867  -14.019  50.200 0.0000000000
76089  -55.332  -14.559  50.956 0.0000000000
91179  -60.604  -0.473  40.610 0.0000000000
92239  -62.806  0.728  41.386 0.0000000000
92240  -63.714  0.721  41.294 0.0000000000
92241  -64.505  0.420  41.203 0.0000000000
92257  -61.175  0.362  39.000 0.0000000000
92281  -61.567  0.256  37.569 0.0000000000
92269  -61.804  0.465  38.466 0.0000000000
92258  -62.197  0.605  39.490 0.0000000000
92259  -63.240  0.473  39.616 0.0000000000
92242  -65.139  0.086  41.108 0.0000000000
91183  -66.433  -0.690  41.102 0.0000000000
90147  -66.578  -1.116  40.551 0.0000000000
89089  -67.236  -1.956  40.523 0.0000000000
88083  -68.341  -3.233  40.470 0.0000000000
88084  -68.826  -3.836  40.405 0.0000000000
90204  -63.523  -1.914  35.563 0.0000000000
89140  -64.587  -2.173  36.692 0.0000000000
89126  -65.418  -2.256  37.622 0.0000000000
89112  -67.597  -2.480  38.576 0.0000000000
90198  -70.111  -1.906  36.748 0.0000000000
38337  -10.775  -49.033  74.081 0.0000000000
38352  -9.048  -48.199  72.938 0.0000000000
39330  -12.322  -48.046  75.213 0.0000000000
45972  -16.315  -42.495  66.529 0.0000000000
50405  -26.587  -37.072  65.221 0.0000000000
51407  -29.305  -36.797  68.175 0.0000000000
51450  -22.511  -36.593  64.239 0.0000000000
51509  -33.975  -35.789  63.682 0.0000000000
54910  -33.633  -33.805  57.307 0.0000000000
56888  -38.508  -31.112  60.232 0.0000000000
60983  -36.874  -27.287  53.695 0.0000000000
63157  -40.675  -25.889  62.277 0.0000000000
63179  -39.654  -25.737  60.116 0.0000000000
65392  -42.140  -22.770  62.847 0.0000000000
66463  -40.323  -22.790  58.462 0.0000000000
67496  -51.074  -20.932  55.435 0.0000000000
67576  -42.778  -21.158  50.018 0.0000000000
68564  -45.270  -19.948  59.039 0.0000000000
68589  -50.294  -20.192  56.000 0.0000000000
68611  -42.518  -20.395  55.849 0.0000000000
68618  -50.789  -20.689  55.626 0.0000000000
68652  -53.417  -19.814  54.885 0.0000000000
68677  -52.481  -19.773  53.980 0.0000000000
69735  -46.155  -19.876  60.198 0.0000000000
69948  -48.801  -19.038  47.487 0.0000000000
69957  -47.875  -19.002  46.425 0.0000000000
71075  -52.393  -17.766  52.334 0.0000000000
71131  -49.594  -18.689  48.118 0.0000000000
71148  -49.863  -18.354  47.806 0.0000000000
72407  -52.961  -16.932  50.873 0.0000000000
72435  -50.525  -18.076  48.399 0.0000000000
73720  -53.093  -16.151  50.015 0.0000000000
74934  -55.009  -15.567  51.381 0.0000000000
75009  -49.450  -15.270  45.372 0.0000000000
75019  -48.665  -15.249  44.188 0.0000000000
77205  -52.990  -13.482  47.954 0.0000000000
77238  -50.222  -13.375  44.880 0.0000000000
78212  -55.398  -12.336  48.718 0.0000000000
78235  -52.479  -12.886  46.594 0.0000000000
78265  -49.880  -12.793  44.438 0.0000000000
78268  -51.834  -12.254  45.362 0.0000000000
79229  -56.727  -11.815  49.284 0.0000000000
79302  -51.930  -11.046  43.953 0.0000000000
80288  -56.424  -11.320  48.203 0.0000000000
80301  -55.538  -11.268  47.127 0.0000000000
81458  -57.247  -8.994  45.314 0.0000000000
81482  -54.641  -9.046  43.205 0.0000000000
82580  -58.486  -8.681  46.372 0.0000000000
82591  -57.759  -8.661  45.457 0.0000000000
82613  -58.177  -7.912  44.816 0.0000000000
82643  -50.917  -8.670  42.214 0.0000000000
83682  -58.604  -7.578  45.037 0.0000000000
83693  -57.427  -7.508  44.063 0.0000000000
83705  -55.159  -7.396  42.968 0.0000000000
83723  -54.663  -6.901  42.735 0.0000000000
84771  -54.030  -6.277  42.316 0.0000000000
84794  -52.728  -5.767  40.861 0.0000000000
85864  -57.158  -5.499  44.336 0.0000000000
85898  -54.067  -5.155  41.806 0.0000000000
86976  -58.135  -4.725  45.065 0.0000000000
86997  -54.584  -4.841  42.146 0.0000000000
87009  -54.356  -4.622  41.629 0.0000000000
87036  -53.243  -4.439  39.737 0.0000000000
88038  -56.685  -3.717  44.047 0.0000000000
88050  -55.573  -3.981  43.125 0.0000000000
88061  -55.601  -3.648  42.630 0.0000000000
88067  -54.664  -4.243  41.566 0.0000000000
89030  -58.769  -2.671  45.289 0.0000000000
89045  -58.843  -2.366  45.188 0.0000000000
89063  -56.719  -2.721  42.572 0.0000000000
89076  -57.911  -2.450  41.653 0.0000000000
89090  -67.790  -2.636  40.496 0.0000000000
89096  -57.640  -2.649  39.354 0.0000000000
89139  -64.103  -2.128  36.481 0.0000000000
89146  -64.061  -2.258  36.074 0.0000000000
89149  -66.082  -1.660  35.902 0.0000000000
89152  -64.052  -2.189  35.318 0.0000000000
90109  -58.544  -2.064  44.668 0.0000000000
90119  -58.361  -1.896  44.252 0.0000000000
90157  -66.024  -1.192  39.670 0.0000000000
90169  -66.471  -1.866  39.144 0.0000000000
90178  -64.041  -1.525  37.294 0.0000000000
90195  -64.411  -1.963  37.083 0.0000000000
90212  -64.588  -1.281  34.659 0.0000000000
91138  -59.181  -1.200  44.297 0.0000000000
91182  -65.559  -0.384  40.613 0.0000000000
91205  -63.058  0.124  38.271 0.0000000000
91221  -64.388  -1.261  37.877 0.0000000000
91239  -65.758  -0.270  36.155 0.0000000000
91242  -69.884  -0.429  36.752 0.0000000000
91256  -65.940  -0.714  35.930 0.0000000000
92212  -62.137  0.215  44.109 0.0000000000
92224  -64.938  0.256  42.700 0.0000000000
92250  -64.706  0.070  40.383 0.0000000000
92251  -65.130  -0.064  40.722 0.0000000000
92261  -64.485  0.047  39.898 0.0000000000
92280  -60.672  0.211  37.419 0.0000000000
92282  -62.214  0.388  38.031 0.0000000000
92302  -70.187  -0.338  35.967 0.0000000000
93299  -65.447  1.020  37.185 0.0000000000
