#!ascii label  , from subject 3403 vox2ras=TkReg
1056
63256  -36.895  -25.672  54.166 0.0000000000
52716  -23.945  -34.862  57.272 0.0000000000
56014  -32.101  -32.344  53.540 0.0000000000
89094  -51.145  -2.767  39.668 0.0000000000
94355  -57.461  2.509  35.459 0.0000000000
52620  -17.932  -35.705  64.092 0.0000000000
83720  -47.733  -7.015  42.513 0.0000000000
67491  -37.742  -21.933  55.247 0.0000000000
58907  -35.167  -28.972  52.277 0.0000000000
53809  -19.870  -34.506  60.194 0.0000000000
49385  -19.706  -38.518  63.181 0.0000000000
64396  -33.310  -24.175  52.185 0.0000000000
67532  -33.820  -21.178  52.998 0.0000000000
53886  -28.009  -34.121  55.491 0.0000000000
59882  -31.956  -28.527  52.202 0.0000000000
73801  -44.494  -16.976  41.906 0.0000000000
79309  -46.848  -11.423  42.589 0.0000000000
83747  -49.341  -7.723  40.022 0.0000000000
45988  -13.764  -41.442  65.141 0.0000000000
44838  -10.664  -43.415  68.463 0.0000000000
71083  -36.388  -18.017  51.010 0.0000000000
68776  -38.739  -19.960  47.471 0.0000000000
68819  -42.248  -20.532  44.378 0.0000000000
47142  -16.282  -40.575  63.517 0.0000000000
51582  -23.757  -36.290  59.700 0.0000000000
52686  -26.587  -36.248  59.040 0.0000000000
60983  -36.874  -27.287  53.695 0.0000000000
55949  -22.627  -32.312  57.607 0.0000000000
52700  -21.897  -35.014  58.416 0.0000000000
51563  -22.099  -36.260  60.468 0.0000000000
63255  -33.833  -24.986  53.952 0.0000000000
62124  -33.188  -26.183  52.267 0.0000000000
76182  -43.353  -14.271  42.269 0.0000000000
76192  -45.668  -14.209  41.276 0.0000000000
79306  -43.871  -11.393  42.447 0.0000000000
83755  -46.962  -6.855  39.852 0.0000000000
85922  -48.195  -5.242  38.485 0.0000000000
85917  -51.590  -5.408  39.477 0.0000000000
88120  -51.088  -2.910  37.080 0.0000000000
90188  -53.478  -1.458  36.502 0.0000000000
71045  -33.799  -18.557  53.510 0.0000000000
68697  -34.831  -19.577  52.502 0.0000000000
72364  -34.243  -17.619  52.106 0.0000000000
73726  -37.484  -16.774  47.815 0.0000000000
72477  -38.823  -18.019  45.703 0.0000000000
68796  -39.843  -21.178  45.590 0.0000000000
71175  -40.290  -18.197  44.937 0.0000000000
72507  -41.818  -17.788  43.507 0.0000000000
54961  -30.198  -33.346  54.493 0.0000000000
49362  -16.016  -38.666  64.757 0.0000000000
50419  -17.140  -37.711  63.138 0.0000000000
41520  -9.398  -45.894  68.636 0.0000000000
41500  -8.180  -46.102  70.375 0.0000000000
82603  -45.481  -8.856  44.390 0.0000000000
68667  -39.295  -19.996  54.254 0.0000000000
56993  -34.150  -30.904  53.170 0.0000000000
53785  -18.438  -34.809  62.097 0.0000000000
51537  -17.986  -37.155  61.282 0.0000000000
50453  -19.607  -36.670  60.742 0.0000000000
95435  -59.111  3.412  34.235 0.0000000000
64417  -36.194  -25.172  51.257 0.0000000000
65482  -35.625  -23.242  52.705 0.0000000000
66534  -33.548  -22.878  52.464 0.0000000000
53867  -24.092  -33.260  56.392 0.0000000000
52728  -25.814  -34.956  56.516 0.0000000000
55977  -25.863  -32.256  54.993 0.0000000000
56009  -27.797  -31.746  53.601 0.0000000000
57003  -29.605  -31.361  52.414 0.0000000000
58876  -31.267  -29.520  53.379 0.0000000000
57965  -31.613  -30.178  51.002 0.0000000000
58934  -33.262  -29.288  50.742 0.0000000000
62147  -35.317  -26.507  50.691 0.0000000000
69985  -45.733  -18.881  44.548 0.0000000000
82641  -45.081  -8.535  42.298 0.0000000000
81508  -48.287  -9.196  41.819 0.0000000000
90201  -55.418  -0.743  35.840 0.0000000000
44858  -11.970  -42.518  66.752 0.0000000000
41533  -11.462  -45.561  67.423 0.0000000000
67534  -36.262  -21.471  53.600 0.0000000000
69856  -37.209  -19.316  52.868 0.0000000000
71086  -38.978  -18.610  51.731 0.0000000000
73697  -36.025  -16.768  50.044 0.0000000000
71112  -37.665  -17.834  49.154 0.0000000000
69923  -40.085  -19.563  49.618 0.0000000000
67590  -40.798  -21.114  48.905 0.0000000000
67603  -43.169  -21.809  47.680 0.0000000000
68800  -44.389  -20.397  45.247 0.0000000000
70002  -43.666  -19.011  43.330 0.0000000000
73799  -42.754  -16.592  42.739 0.0000000000
52706  -28.336  -35.871  58.395 0.0000000000
48218  -14.954  -39.494  66.438 0.0000000000
47128  -15.161  -40.828  64.297 0.0000000000
47152  -18.136  -39.748  62.966 0.0000000000
41490  -6.643  -45.853  70.645 0.0000000000
52683  -23.423  -35.859  58.805 0.0000000000
51583  -24.787  -36.402  59.772 0.0000000000
52703  -25.275  -35.760  58.014 0.0000000000
62111  -36.917  -26.318  53.676 0.0000000000
53850  -22.816  -33.560  57.344 0.0000000000
54900  -21.784  -33.444  58.247 0.0000000000
52701  -23.051  -35.127  57.903 0.0000000000
52682  -22.324  -35.694  58.894 0.0000000000
77249  -43.593  -13.331  42.778 0.0000000000
78281  -43.429  -12.584  42.343 0.0000000000
79296  -43.410  -11.382  43.422 0.0000000000
87021  -50.069  -4.485  40.353 0.0000000000
87018  -48.234  -4.785  39.446 0.0000000000
88087  -49.180  -3.644  39.138 0.0000000000
87051  -49.601  -3.911  37.487 0.0000000000
89118  -50.380  -2.427  37.866 0.0000000000
90172  -51.259  -1.763  38.025 0.0000000000
72342  -33.943  -17.994  52.843 0.0000000000
73741  -38.868  -16.835  47.307 0.0000000000
71174  -39.299  -18.784  44.966 0.0000000000
71156  -40.654  -17.880  45.497 0.0000000000
71176  -41.161  -17.965  44.983 0.0000000000
56013  -30.972  -32.741  53.781 0.0000000000
54940  -31.342  -33.589  55.553 0.0000000000
56001  -31.993  -32.938  54.589 0.0000000000
51471  -16.916  -37.662  64.075 0.0000000000
51472  -17.295  -37.009  63.794 0.0000000000
93304  -56.615  1.433  34.691 0.0000000000
41508  -8.885  -45.953  69.591 0.0000000000
66480  -38.588  -22.502  56.290 0.0000000000
67519  -38.325  -21.020  54.957 0.0000000000
57934  -34.638  -30.184  52.687 0.0000000000
57925  -35.560  -30.035  54.156 0.0000000000
55897  -20.756  -33.192  59.924 0.0000000000
54867  -19.953  -33.528  60.836 0.0000000000
54847  -19.066  -33.351  62.125 0.0000000000
53796  -19.048  -34.611  60.992 0.0000000000
51559  -18.822  -35.928  60.905 0.0000000000
52667  -19.841  -35.418  60.222 0.0000000000
51542  -22.380  -36.386  61.350 0.0000000000
51541  -21.421  -36.487  61.210 0.0000000000
64415  -34.647  -24.626  51.097 0.0000000000
65495  -34.545  -23.477  51.912 0.0000000000
65494  -33.718  -23.391  52.067 0.0000000000
56959  -24.656  -31.221  56.201 0.0000000000
54933  -25.030  -32.208  55.547 0.0000000000
56979  -25.685  -31.051  55.045 0.0000000000
56988  -27.513  -31.171  53.745 0.0000000000
56989  -28.299  -31.241  53.306 0.0000000000
56990  -28.945  -31.697  52.999 0.0000000000
57946  -29.285  -30.616  52.600 0.0000000000
58889  -32.517  -28.858  53.380 0.0000000000
58888  -31.811  -28.960  52.825 0.0000000000
58904  -30.639  -29.613  51.669 0.0000000000
58918  -31.303  -29.338  51.003 0.0000000000
57986  -32.149  -29.720  50.689 0.0000000000
59927  -32.169  -28.317  51.247 0.0000000000
63274  -33.545  -25.192  51.438 0.0000000000
62145  -33.281  -26.379  51.089 0.0000000000
63293  -34.578  -25.427  50.742 0.0000000000
63294  -35.795  -25.623  50.834 0.0000000000
71202  -44.954  -18.356  43.388 0.0000000000
72498  -46.676  -18.044  44.405 0.0000000000
72522  -45.979  -17.050  42.703 0.0000000000
78291  -46.173  -12.585  41.770 0.0000000000
76183  -46.999  -14.553  42.108 0.0000000000
83700  -46.797  -7.597  43.240 0.0000000000
83716  -44.626  -8.261  43.263 0.0000000000
84764  -45.769  -7.341  42.228 0.0000000000
82694  -48.023  -7.774  39.713 0.0000000000
82677  -47.103  -8.004  40.468 0.0000000000
82660  -48.746  -8.637  41.286 0.0000000000
81509  -49.249  -9.065  42.095 0.0000000000
90189  -54.363  -1.213  36.217 0.0000000000
92274  -54.257  0.031  36.466 0.0000000000
92290  -54.721  0.282  35.726 0.0000000000
47100  -13.454  -40.997  66.508 0.0000000000
45971  -12.914  -41.446  66.758 0.0000000000
45986  -12.698  -42.357  65.751 0.0000000000
41535  -12.746  -45.104  67.193 0.0000000000
40437  -11.090  -46.391  69.262 0.0000000000
66519  -35.130  -22.375  52.963 0.0000000000
66520  -36.083  -22.788  53.384 0.0000000000
67533  -34.808  -21.280  53.113 0.0000000000
69901  -34.871  -18.509  51.669 0.0000000000
68698  -35.826  -19.550  52.607 0.0000000000
69887  -36.685  -19.032  52.446 0.0000000000
69888  -37.637  -18.910  52.599 0.0000000000
71084  -37.373  -18.068  51.141 0.0000000000
74941  -36.701  -15.812  49.689 0.0000000000
71139  -37.643  -18.277  47.487 0.0000000000
71125  -37.620  -17.983  48.397 0.0000000000
71126  -38.198  -18.472  48.520 0.0000000000
71114  -39.084  -18.565  49.897 0.0000000000
69932  -39.390  -19.683  48.810 0.0000000000
68741  -40.978  -20.685  49.628 0.0000000000
67600  -40.022  -21.018  48.093 0.0000000000
68797  -40.861  -21.341  45.272 0.0000000000
67619  -41.348  -22.010  46.965 0.0000000000
67639  -42.743  -21.672  45.938 0.0000000000
67622  -44.146  -21.448  46.905 0.0000000000
68799  -43.273  -21.089  45.390 0.0000000000
68821  -44.059  -19.875  44.396 0.0000000000
69981  -42.464  -19.707  43.748 0.0000000000
73776  -42.654  -17.137  43.756 0.0000000000
72508  -42.239  -17.424  43.286 0.0000000000
73777  -43.240  -16.710  43.814 0.0000000000
53871  -27.399  -34.561  56.044 0.0000000000
52719  -27.051  -35.549  57.414 0.0000000000
53856  -28.689  -35.023  56.947 0.0000000000
49382  -16.029  -39.305  63.427 0.0000000000
48244  -15.249  -39.976  64.319 0.0000000000
47141  -15.617  -40.692  63.830 0.0000000000
49407  -19.063  -37.741  61.433 0.0000000000
48277  -18.283  -38.772  61.985 0.0000000000
48268  -19.121  -38.774  62.670 0.0000000000
51543  -23.316  -36.490  61.443 0.0000000000
51566  -25.028  -36.630  60.690 0.0000000000
51567  -26.018  -36.704  60.771 0.0000000000
51585  -26.821  -36.547  59.940 0.0000000000
59885  -36.175  -28.366  52.959 0.0000000000
57926  -36.275  -29.443  54.353 0.0000000000
55936  -22.406  -32.064  59.026 0.0000000000
54899  -21.141  -33.561  58.759 0.0000000000
53822  -20.634  -34.478  59.339 0.0000000000
52668  -20.640  -35.715  59.943 0.0000000000
51580  -21.804  -35.968  59.702 0.0000000000
51564  -23.053  -36.402  60.544 0.0000000000
63262  -33.342  -25.094  52.878 0.0000000000
64386  -33.153  -24.061  53.129 0.0000000000
59884  -33.067  -28.120  53.362 0.0000000000
61002  -32.756  -27.744  52.284 0.0000000000
62108  -33.571  -26.120  53.299 0.0000000000
73814  -43.427  -15.881  41.733 0.0000000000
73816  -45.302  -15.813  41.623 0.0000000000
76191  -44.667  -14.319  41.264 0.0000000000
78289  -44.518  -12.761  41.537 0.0000000000
79307  -44.661  -11.353  42.279 0.0000000000
84780  -46.621  -6.746  41.272 0.0000000000
84791  -47.587  -5.779  40.510 0.0000000000
85915  -47.442  -6.013  39.160 0.0000000000
84803  -48.910  -6.523  38.846 0.0000000000
83759  -50.432  -6.839  39.516 0.0000000000
84816  -50.138  -5.868  38.471 0.0000000000
87053  -51.336  -4.455  37.814 0.0000000000
88114  -52.133  -3.742  37.335 0.0000000000
89135  -52.270  -2.489  36.735 0.0000000000
91211  -52.848  -0.986  37.446 0.0000000000
44883  -14.908  -42.331  64.992 0.0000000000
43807  -13.692  -43.106  65.041 0.0000000000
43794  -14.627  -43.574  66.432 0.0000000000
68660  -33.273  -19.672  53.479 0.0000000000
68662  -34.292  -20.371  52.799 0.0000000000
69884  -33.547  -19.225  52.635 0.0000000000
71081  -34.343  -18.134  51.639 0.0000000000
72381  -34.713  -17.571  51.318 0.0000000000
74959  -37.455  -15.642  49.091 0.0000000000
73727  -38.128  -16.338  47.795 0.0000000000
73739  -37.779  -17.239  46.926 0.0000000000
69963  -37.820  -18.984  46.410 0.0000000000
68795  -38.889  -20.704  46.169 0.0000000000
69965  -38.709  -19.744  45.368 0.0000000000
69978  -39.478  -19.857  44.728 0.0000000000
69980  -41.266  -19.515  43.934 0.0000000000
70000  -41.841  -18.973  43.332 0.0000000000
71190  -41.016  -18.401  44.139 0.0000000000
54938  -29.579  -33.686  55.017 0.0000000000
53873  -29.314  -34.584  56.318 0.0000000000
53889  -30.681  -34.023  55.880 0.0000000000
49373  -16.210  -38.703  63.850 0.0000000000
49383  -16.621  -38.946  63.041 0.0000000000
42631  -9.760  -44.587  68.203 0.0000000000
43769  -10.004  -43.837  69.548 0.0000000000
42623  -8.996  -45.143  69.413 0.0000000000
42608  -8.618  -44.806  70.561 0.0000000000
42614  -7.623  -45.539  70.768 0.0000000000
69859  -39.785  -19.579  53.743 0.0000000000
56992  -33.193  -31.548  53.202 0.0000000000
56002  -33.089  -32.295  54.450 0.0000000000
54825  -18.745  -33.177  62.814 0.0000000000
52634  -18.089  -35.372  62.974 0.0000000000
52633  -17.704  -36.339  62.775 0.0000000000
52650  -18.136  -35.910  62.005 0.0000000000
50445  -19.196  -37.101  60.950 0.0000000000
50434  -19.751  -37.538  61.527 0.0000000000
51540  -20.738  -36.552  60.859 0.0000000000
50447  -20.747  -36.803  61.365 0.0000000000
50420  -20.662  -37.288  62.502 0.0000000000
94365  -57.951  2.959  34.891 0.0000000000
63264  -36.780  -25.595  52.859 0.0000000000
64387  -36.598  -24.477  53.389 0.0000000000
65497  -35.913  -23.752  52.415 0.0000000000
66536  -34.960  -23.092  52.402 0.0000000000
66518  -34.226  -21.947  52.867 0.0000000000
65469  -33.198  -23.219  53.744 0.0000000000
66508  -33.114  -22.037  54.013 0.0000000000
67531  -33.283  -21.158  53.585 0.0000000000
69828  -33.362  -19.543  54.184 0.0000000000
53851  -23.525  -33.912  56.952 0.0000000000
52717  -25.015  -35.171  57.052 0.0000000000
53869  -25.373  -34.324  56.208 0.0000000000
54921  -25.892  -33.838  55.715 0.0000000000
53885  -27.086  -33.932  55.492 0.0000000000
56980  -26.182  -31.151  54.624 0.0000000000
55997  -27.139  -31.981  54.014 0.0000000000
54959  -28.198  -33.028  54.328 0.0000000000
54960  -29.256  -33.113  54.166 0.0000000000
56012  -29.940  -32.606  53.364 0.0000000000
56023  -31.194  -32.092  52.865 0.0000000000
57932  -29.690  -30.020  52.961 0.0000000000
57947  -29.886  -30.374  51.962 0.0000000000
57963  -30.316  -30.724  51.714 0.0000000000
57005  -31.358  -31.539  52.244 0.0000000000
57022  -32.408  -30.751  51.521 0.0000000000
57949  -33.688  -30.251  51.700 0.0000000000
58920  -34.357  -29.186  51.195 0.0000000000
61044  -33.224  -27.857  50.604 0.0000000000
61045  -34.024  -27.999  50.452 0.0000000000
59929  -35.027  -28.370  51.502 0.0000000000
61031  -36.409  -26.930  51.808 0.0000000000
62125  -36.638  -26.424  52.149 0.0000000000
55950  -23.071  -32.048  56.928 0.0000000000
73803  -46.416  -16.160  42.296 0.0000000000
81479  -43.301  -9.685  43.427 0.0000000000
81490  -44.626  -9.445  42.491 0.0000000000
80361  -46.258  -10.488  42.381 0.0000000000
83732  -46.104  -7.426  41.228 0.0000000000
81506  -46.360  -8.940  41.660 0.0000000000
80362  -47.332  -10.568  42.655 0.0000000000
80363  -48.444  -10.608  42.996 0.0000000000
91248  -56.483  -0.254  35.315 0.0000000000
93294  -56.009  1.098  35.260 0.0000000000
93285  -56.713  1.579  36.458 0.0000000000
45947  -12.493  -41.614  68.361 0.0000000000
44848  -11.346  -42.988  67.218 0.0000000000
43800  -12.742  -43.438  65.567 0.0000000000
42653  -11.393  -44.037  66.249 0.0000000000
42644  -10.772  -44.771  67.151 0.0000000000
40449  -10.477  -46.110  68.011 0.0000000000
65471  -36.612  -23.571  53.943 0.0000000000
66509  -36.658  -22.349  54.094 0.0000000000
67518  -37.384  -21.673  54.628 0.0000000000
68663  -35.438  -20.367  52.976 0.0000000000
68664  -36.759  -19.940  53.228 0.0000000000
67535  -37.253  -20.715  53.931 0.0000000000
68665  -37.855  -19.966  53.723 0.0000000000
69858  -38.688  -19.448  53.316 0.0000000000
69890  -39.503  -18.962  52.443 0.0000000000
73683  -35.322  -16.813  50.723 0.0000000000
71097  -35.602  -17.542  50.690 0.0000000000
72426  -36.889  -16.877  49.018 0.0000000000
72397  -36.721  -17.381  49.840 0.0000000000
71099  -37.309  -17.694  50.149 0.0000000000
71100  -38.314  -18.059  50.469 0.0000000000
71101  -39.074  -18.461  50.822 0.0000000000
67618  -40.298  -21.688  47.120 0.0000000000
67602  -42.112  -21.961  47.828 0.0000000000
68801  -45.390  -19.859  45.485 0.0000000000
69984  -45.042  -19.017  44.156 0.0000000000
71217  -44.308  -18.008  42.612 0.0000000000
71199  -42.183  -18.175  43.010 0.0000000000
71215  -42.697  -17.716  42.670 0.0000000000
72531  -43.480  -16.582  41.810 0.0000000000
73800  -43.068  -16.026  42.320 0.0000000000
76168  -44.127  -14.259  43.264 0.0000000000
52718  -26.038  -35.555  57.210 0.0000000000
52705  -27.337  -35.900  58.283 0.0000000000
52721  -29.008  -35.436  57.697 0.0000000000
47113  -14.224  -40.861  65.334 0.0000000000
49352  -15.456  -38.977  66.009 0.0000000000
48243  -14.953  -40.384  64.744 0.0000000000
47127  -14.698  -40.945  64.707 0.0000000000
44884  -15.573  -42.158  65.124 0.0000000000
50433  -17.325  -37.936  62.284 0.0000000000
49395  -17.408  -38.719  62.344 0.0000000000
47151  -17.631  -39.903  63.048 0.0000000000
40426  -7.393  -46.791  70.599 0.0000000000
41499  -7.128  -46.223  70.541 0.0000000000
42605  -6.694  -45.215  70.994 0.0000000000
64379  -36.851  -24.531  54.452 0.0000000000
52702  -24.188  -35.560  57.933 0.0000000000
52684  -24.505  -36.009  58.866 0.0000000000
52715  -23.394  -34.627  57.366 0.0000000000
53838  -23.089  -34.489  57.460 0.0000000000
78262  -44.249  -11.884  43.982 0.0000000000
78274  -43.838  -12.338  43.435 0.0000000000
79297  -43.756  -11.675  43.728 0.0000000000
88077  -50.938  -3.641  40.188 0.0000000000
88088  -50.071  -3.857  39.719 0.0000000000
89093  -50.249  -3.111  39.328 0.0000000000
89117  -49.711  -2.793  38.331 0.0000000000
89104  -50.421  -2.564  38.788 0.0000000000
90160  -50.870  -2.311  38.791 0.0000000000
72460  -40.359  -17.572  46.220 0.0000000000
56000  -31.371  -32.981  54.321 0.0000000000
93305  -56.874  2.060  35.281 0.0000000000
94372  -57.337  1.700  34.004 0.0000000000
94364  -57.322  2.317  34.590 0.0000000000
67492  -38.377  -21.851  55.641 0.0000000000
57951  -34.834  -29.612  52.361 0.0000000000
56994  -34.929  -30.377  53.446 0.0000000000
57935  -35.266  -29.613  53.087 0.0000000000
53810  -20.277  -34.086  59.797 0.0000000000
54882  -20.211  -33.692  60.248 0.0000000000
54881  -19.756  -33.897  60.625 0.0000000000
53797  -19.489  -34.163  60.735 0.0000000000
53808  -19.395  -34.985  60.447 0.0000000000
52679  -20.047  -34.967  59.941 0.0000000000
63275  -34.127  -24.780  51.028 0.0000000000
64397  -34.045  -24.144  51.428 0.0000000000
56960  -25.306  -30.885  55.738 0.0000000000
57920  -28.516  -30.409  54.151 0.0000000000
57930  -28.024  -30.664  53.646 0.0000000000
57931  -28.799  -30.526  53.266 0.0000000000
59868  -32.910  -28.506  53.546 0.0000000000
58905  -31.308  -28.851  51.846 0.0000000000
59905  -31.843  -28.479  51.653 0.0000000000
59926  -31.651  -28.689  51.152 0.0000000000
59906  -32.304  -28.158  51.915 0.0000000000
63292  -33.779  -25.818  50.776 0.0000000000
72521  -45.100  -17.550  42.673 0.0000000000
72509  -45.494  -17.947  43.391 0.0000000000
78282  -46.613  -12.137  42.257 0.0000000000
77258  -46.906  -12.806  42.172 0.0000000000
83719  -46.970  -7.159  42.612 0.0000000000
83718  -46.096  -7.347  42.734 0.0000000000
84765  -46.363  -6.958  42.106 0.0000000000
83746  -48.617  -7.880  39.985 0.0000000000
82678  -48.104  -8.254  40.349 0.0000000000
82679  -49.115  -8.178  40.664 0.0000000000
82661  -50.020  -8.487  41.735 0.0000000000
47112  -13.701  -41.093  65.737 0.0000000000
45987  -13.140  -41.792  65.612 0.0000000000
71066  -35.877  -18.356  51.414 0.0000000000
69886  -35.486  -18.762  51.962 0.0000000000
71067  -36.523  -18.442  51.661 0.0000000000
69943  -38.047  -18.941  47.403 0.0000000000
71140  -38.013  -18.586  47.894 0.0000000000
69944  -38.569  -19.368  47.903 0.0000000000
69931  -38.792  -19.046  48.668 0.0000000000
69945  -38.983  -19.616  48.374 0.0000000000
68754  -39.593  -20.122  48.596 0.0000000000
68766  -39.275  -20.230  48.115 0.0000000000
68818  -41.105  -20.618  44.525 0.0000000000
68798  -42.002  -21.321  45.130 0.0000000000
68820  -43.331  -20.253  44.428 0.0000000000
53872  -28.362  -34.626  56.182 0.0000000000
48256  -16.411  -39.838  63.151 0.0000000000
48255  -15.708  -39.947  63.529 0.0000000000
46031  -16.196  -41.197  64.025 0.0000000000
46032  -16.759  -40.876  64.032 0.0000000000
49397  -19.426  -38.176  62.169 0.0000000000
49396  -18.755  -38.668  62.166 0.0000000000
44839  -11.116  -42.941  68.325 0.0000000000
44828  -10.658  -43.315  69.055 0.0000000000
66492  -37.889  -22.792  56.007 0.0000000000
51565  -24.034  -36.541  60.612 0.0000000000
51544  -24.265  -36.610  61.527 0.0000000000
52685  -25.557  -36.151  58.948 0.0000000000
51584  -25.810  -36.464  59.861 0.0000000000
59886  -36.554  -28.112  53.349 0.0000000000
56905  -22.807  -31.805  58.667 0.0000000000
56904  -22.489  -32.042  58.416 0.0000000000
53836  -21.340  -34.326  58.537 0.0000000000
53835  -20.913  -34.060  58.873 0.0000000000
53823  -21.078  -34.815  58.912 0.0000000000
52681  -21.195  -35.421  59.243 0.0000000000
52699  -21.339  -34.925  58.725 0.0000000000
51581  -22.744  -36.116  59.681 0.0000000000
63263  -33.519  -25.022  53.516 0.0000000000
63254  -33.426  -24.543  53.597 0.0000000000
60982  -33.185  -27.369  53.109 0.0000000000
62097  -34.114  -25.874  54.116 0.0000000000
62109  -33.651  -25.428  53.568 0.0000000000
75046  -43.293  -15.163  41.991 0.0000000000
75061  -43.726  -15.393  41.555 0.0000000000
76190  -43.714  -14.468  41.562 0.0000000000
79314  -43.664  -12.085  42.210 0.0000000000
78288  -43.759  -12.706  41.767 0.0000000000
79315  -44.176  -12.046  41.934 0.0000000000
79316  -44.996  -12.143  41.861 0.0000000000
84781  -47.608  -6.199  41.178 0.0000000000
85893  -48.143  -5.619  40.714 0.0000000000
87041  -48.004  -4.985  38.692 0.0000000000
85916  -47.696  -5.504  38.972 0.0000000000
84813  -47.965  -5.728  38.614 0.0000000000
84802  -47.869  -6.363  38.901 0.0000000000
84814  -48.487  -5.787  38.501 0.0000000000
84815  -49.329  -5.840  38.413 0.0000000000
88112  -50.347  -3.204  37.357 0.0000000000
87052  -50.398  -4.123  37.417 0.0000000000
88113  -51.152  -3.588  37.225 0.0000000000
88121  -51.762  -3.042  36.871 0.0000000000
88122  -52.644  -3.113  36.942 0.0000000000
90162  -52.228  -1.574  38.628 0.0000000000
90173  -52.106  -1.378  37.677 0.0000000000
69855  -33.322  -19.315  53.341 0.0000000000
71064  -33.483  -18.704  52.854 0.0000000000
72363  -33.768  -18.237  52.685 0.0000000000
72459  -39.058  -17.358  46.513 0.0000000000
73754  -38.212  -17.242  46.653 0.0000000000
72458  -38.204  -17.747  46.187 0.0000000000
71154  -37.738  -18.421  46.533 0.0000000000
71173  -38.193  -18.655  45.779 0.0000000000
69964  -38.117  -19.530  46.265 0.0000000000
71189  -40.261  -18.979  44.358 0.0000000000
69979  -40.291  -19.852  44.377 0.0000000000
72481  -41.814  -17.856  44.693 0.0000000000
53888  -29.901  -34.165  55.707 0.0000000000
54939  -30.476  -33.681  55.213 0.0000000000
54922  -31.848  -33.684  55.998 0.0000000000
50402  -17.035  -37.636  63.640 0.0000000000
50401  -16.770  -38.152  63.575 0.0000000000
42637  -9.619  -45.413  68.135 0.0000000000
42630  -9.386  -45.037  68.482 0.0000000000
41509  -9.115  -45.526  68.967 0.0000000000
42622  -8.682  -45.593  70.017 0.0000000000
42615  -8.212  -45.505  70.509 0.0000000000
42607  -8.125  -44.948  71.000 0.0000000000
68638  -38.899  -20.446  54.556 0.0000000000
68639  -39.784  -20.105  54.617 0.0000000000
69830  -39.992  -19.756  54.241 0.0000000000
56983  -33.880  -31.651  54.266 0.0000000000
54865  -18.819  -34.028  61.770 0.0000000000
54846  -18.511  -33.862  62.561 0.0000000000
53769  -18.224  -34.498  63.185 0.0000000000
52658  -18.635  -35.533  61.287 0.0000000000
51560  -19.268  -36.205  60.683 0.0000000000
51539  -19.011  -36.641  60.848 0.0000000000
50452  -19.263  -36.665  60.789 0.0000000000
50446  -20.142  -36.997  60.988 0.0000000000
51562  -21.166  -36.135  60.274 0.0000000000
51518  -21.756  -36.435  62.113 0.0000000000
50436  -21.037  -36.814  61.972 0.0000000000
64399  -36.228  -24.433  52.016 0.0000000000
66535  -34.175  -22.706  52.401 0.0000000000
66517  -33.473  -22.287  53.040 0.0000000000
65470  -33.458  -23.314  54.448 0.0000000000
65452  -33.380  -22.660  54.597 0.0000000000
67489  -33.228  -21.125  54.987 0.0000000000
67516  -33.081  -21.126  54.384 0.0000000000
68636  -33.065  -20.318  53.969 0.0000000000
53868  -24.583  -33.716  56.282 0.0000000000
54934  -25.414  -32.621  55.377 0.0000000000
54920  -25.367  -33.438  55.730 0.0000000000
54935  -26.417  -33.213  55.143 0.0000000000
53884  -26.642  -33.826  55.489 0.0000000000
54958  -27.321  -32.788  54.431 0.0000000000
55998  -27.877  -32.377  53.886 0.0000000000
55999  -28.569  -32.603  53.825 0.0000000000
56021  -29.534  -32.121  52.894 0.0000000000
56022  -30.273  -32.199  52.798 0.0000000000
57923  -31.806  -29.916  54.291 0.0000000000
57922  -30.629  -30.117  53.909 0.0000000000
57933  -30.473  -29.653  53.011 0.0000000000
58917  -30.996  -29.875  51.206 0.0000000000
57948  -30.294  -30.043  51.680 0.0000000000
57964  -30.698  -30.368  51.505 0.0000000000
57020  -30.729  -31.084  51.793 0.0000000000
57021  -31.506  -30.976  51.620 0.0000000000
57006  -32.331  -31.437  52.309 0.0000000000
58933  -32.503  -29.220  50.644 0.0000000000
57967  -33.300  -29.897  51.120 0.0000000000
58919  -33.760  -29.515  50.982 0.0000000000
57968  -33.932  -29.797  51.328 0.0000000000
58935  -33.817  -29.213  50.793 0.0000000000
61003  -32.951  -27.084  51.829 0.0000000000
61027  -32.657  -27.764  51.355 0.0000000000
61028  -32.979  -27.178  51.002 0.0000000000
62146  -34.095  -26.544  50.426 0.0000000000
62160  -33.896  -27.396  50.411 0.0000000000
61029  -34.714  -27.538  50.722 0.0000000000
61030  -35.862  -27.411  51.532 0.0000000000
62148  -36.280  -26.343  51.288 0.0000000000
63276  -36.542  -25.595  51.730 0.0000000000
55962  -24.207  -31.833  56.250 0.0000000000
56938  -23.461  -31.427  56.991 0.0000000000
54918  -23.688  -32.645  56.525 0.0000000000
68802  -46.030  -19.485  45.501 0.0000000000
72511  -47.027  -17.059  43.853 0.0000000000
72499  -47.310  -17.687  44.726 0.0000000000
75063  -45.388  -14.984  41.345 0.0000000000
73817  -46.088  -15.426  41.616 0.0000000000
81464  -45.220  -9.540  44.726 0.0000000000
81462  -43.407  -9.724  44.179 0.0000000000
82601  -43.777  -9.104  44.224 0.0000000000
82640  -44.303  -8.637  42.880 0.0000000000
80360  -45.170  -10.421  42.417 0.0000000000
81491  -45.665  -9.319  42.096 0.0000000000
83744  -46.615  -7.179  40.491 0.0000000000
82659  -47.715  -8.629  41.106 0.0000000000
82658  -46.800  -8.460  41.178 0.0000000000
81507  -47.289  -9.137  41.696 0.0000000000
81492  -46.781  -9.665  42.232 0.0000000000
81493  -47.830  -9.808  42.355 0.0000000000
81494  -48.852  -9.745  42.527 0.0000000000
81495  -49.769  -9.558  42.619 0.0000000000
83760  -50.939  -6.371  39.619 0.0000000000
89137  -54.198  -2.123  36.597 0.0000000000
90200  -54.839  -0.783  35.917 0.0000000000
90190  -55.252  -1.346  36.359 0.0000000000
91247  -55.543  -0.251  35.405 0.0000000000
92291  -55.516  0.991  35.885 0.0000000000
92305  -55.705  0.452  35.325 0.0000000000
93295  -56.391  1.493  35.692 0.0000000000
45970  -12.541  -42.113  66.289 0.0000000000
45958  -12.443  -41.870  67.264 0.0000000000
44849  -11.852  -42.336  67.779 0.0000000000
44857  -11.605  -43.153  66.344 0.0000000000
43801  -13.563  -43.616  65.615 0.0000000000
43806  -13.254  -43.109  65.243 0.0000000000
42648  -13.356  -44.191  66.352 0.0000000000
41534  -12.186  -45.453  67.230 0.0000000000
42646  -12.013  -44.710  66.168 0.0000000000
41543  -11.734  -45.171  66.734 0.0000000000
43791  -10.945  -44.328  66.905 0.0000000000
41542  -11.162  -45.143  67.003 0.0000000000
41532  -10.649  -45.483  67.508 0.0000000000
40450  -11.034  -45.854  67.842 0.0000000000
65483  -36.195  -23.719  52.958 0.0000000000
64378  -36.664  -24.204  53.919 0.0000000000
67517  -36.773  -21.822  54.112 0.0000000000
68696  -33.900  -19.636  52.563 0.0000000000
69857  -37.760  -19.385  53.127 0.0000000000
71069  -38.284  -18.598  52.157 0.0000000000
69889  -38.461  -18.950  52.705 0.0000000000
71070  -38.821  -18.761  52.272 0.0000000000
73698  -36.070  -16.280  50.262 0.0000000000
73684  -35.813  -16.329  51.083 0.0000000000
72396  -35.934  -17.181  50.240 0.0000000000
74972  -37.291  -16.453  48.472 0.0000000000
74958  -37.041  -16.181  48.928 0.0000000000
73725  -37.083  -16.690  48.696 0.0000000000
72413  -37.203  -17.447  49.128 0.0000000000
72398  -37.208  -17.539  49.539 0.0000000000
69922  -39.546  -19.223  49.471 0.0000000000
69912  -39.754  -18.894  50.210 0.0000000000
69902  -39.796  -18.779  51.213 0.0000000000
69913  -40.432  -19.397  50.475 0.0000000000
68756  -40.615  -20.769  49.147 0.0000000000
67617  -39.502  -21.114  47.084 0.0000000000
67636  -39.763  -21.388  46.386 0.0000000000
67620  -42.460  -21.971  46.817 0.0000000000
68779  -44.265  -21.148  46.356 0.0000000000
68768  -44.454  -21.311  47.065 0.0000000000
68780  -45.272  -20.453  46.320 0.0000000000
69983  -44.267  -19.394  43.928 0.0000000000
70003  -44.402  -18.887  43.523 0.0000000000
71201  -44.002  -18.516  42.933 0.0000000000
71198  -41.578  -18.322  43.558 0.0000000000
72518  -42.466  -17.164  42.776 0.0000000000
72519  -42.939  -17.069  42.224 0.0000000000
75031  -43.945  -14.943  43.219 0.0000000000
52727  -25.317  -34.837  56.568 0.0000000000
52720  -28.045  -35.540  57.558 0.0000000000
52687  -27.607  -36.304  59.127 0.0000000000
53857  -29.626  -34.885  57.100 0.0000000000
55979  -32.801  -32.866  55.212 0.0000000000
47101  -14.069  -40.560  66.335 0.0000000000
48217  -14.595  -40.152  65.956 0.0000000000
49353  -15.854  -38.689  65.491 0.0000000000
50369  -15.902  -38.542  65.966 0.0000000000
49361  -15.506  -39.191  64.989 0.0000000000
46009  -15.186  -41.611  64.575 0.0000000000
51516  -17.675  -36.932  61.865 0.0000000000
51495  -17.376  -37.181  62.742 0.0000000000
50443  -17.829  -37.736  61.506 0.0000000000
48276  -18.033  -39.102  62.041 0.0000000000
48266  -17.654  -39.391  62.584 0.0000000000
95434  -58.426  3.228  34.536 0.0000000000
40425  -6.300  -47.225  70.483 0.0000000000
60984  -37.005  -26.848  54.101 0.0000000000
54908  -22.394  -33.148  57.686 0.0000000000
53837  -22.461  -34.154  57.773 0.0000000000
63237  -34.366  -25.026  54.732 0.0000000000
77257  -43.410  -13.461  41.917 0.0000000000
78273  -43.429  -12.266  42.934 0.0000000000
79305  -43.416  -11.708  42.669 0.0000000000
85904  -48.620  -5.148  40.388 0.0000000000
87033  -49.228  -4.259  39.668 0.0000000000
87032  -48.625  -4.282  39.145 0.0000000000
87042  -48.516  -4.485  38.485 0.0000000000
85931  -49.272  -4.367  37.711 0.0000000000
88110  -48.873  -3.727  38.203 0.0000000000
88111  -49.417  -3.219  37.795 0.0000000000
89119  -51.059  -2.087  37.422 0.0000000000
90171  -50.827  -2.203  38.467 0.0000000000
72343  -34.409  -17.786  53.050 0.0000000000
72365  -34.889  -17.287  52.566 0.0000000000
72478  -39.648  -17.881  45.569 0.0000000000
72479  -40.229  -17.832  45.517 0.0000000000
54973  -30.599  -33.088  54.196 0.0000000000
54962  -31.095  -33.223  54.636 0.0000000000
54963  -31.670  -33.252  55.065 0.0000000000
54941  -32.225  -33.327  55.464 0.0000000000
92313  -57.168  0.633  34.399 0.0000000000
93312  -57.350  1.333  34.050 0.0000000000
40441  -9.445  -46.471  69.483 0.0000000000
40434  -9.165  -46.444  69.905 0.0000000000
40427  -8.420  -46.572  70.517 0.0000000000
68607  -39.150  -20.868  55.242 0.0000000000
57008  -34.053  -30.453  52.310 0.0000000000
57905  -35.407  -30.658  55.190 0.0000000000
55898  -21.329  -32.680  60.190 0.0000000000
55877  -20.509  -33.104  60.929 0.0000000000
55860  -19.817  -33.102  61.721 0.0000000000
54866  -19.430  -33.705  61.221 0.0000000000
52666  -19.118  -35.447  60.698 0.0000000000
51561  -20.194  -36.285  60.470 0.0000000000
64416  -35.473  -24.821  51.099 0.0000000000
64398  -35.088  -24.108  51.491 0.0000000000
54919  -24.634  -32.694  55.952 0.0000000000
55975  -24.809  -31.740  55.755 0.0000000000
55976  -25.371  -31.758  55.265 0.0000000000
55995  -25.860  -31.632  54.845 0.0000000000
57919  -27.489  -30.519  54.295 0.0000000000
56010  -28.386  -32.036  53.408 0.0000000000
57002  -28.908  -31.052  52.830 0.0000000000
58878  -32.942  -29.002  54.094 0.0000000000
58877  -32.182  -29.370  53.701 0.0000000000
58887  -30.896  -29.328  52.503 0.0000000000
58932  -31.875  -29.253  50.678 0.0000000000
59944  -32.145  -28.710  50.749 0.0000000000
59945  -32.904  -28.665  50.657 0.0000000000
71191  -45.520  -18.565  44.095 0.0000000000
71192  -46.224  -18.430  44.439 0.0000000000
71203  -45.685  -18.193  43.813 0.0000000000
72510  -46.249  -17.669  43.676 0.0000000000
73790  -46.684  -16.904  43.120 0.0000000000
77266  -45.983  -13.406  41.389 0.0000000000
76193  -46.683  -14.190  41.744 0.0000000000
77267  -46.679  -13.324  41.830 0.0000000000
82624  -45.714  -8.327  43.880 0.0000000000
83697  -44.659  -8.350  43.554 0.0000000000
83699  -45.868  -7.782  43.357 0.0000000000
83717  -45.208  -7.872  42.744 0.0000000000
83731  -45.525  -7.765  41.861 0.0000000000
83745  -47.071  -7.405  39.995 0.0000000000
82693  -47.516  -7.764  39.939 0.0000000000
81510  -49.885  -8.990  42.341 0.0000000000
91228  -53.160  -0.920  36.766 0.0000000000
91229  -53.812  -0.572  36.307 0.0000000000
91230  -54.419  -0.412  35.892 0.0000000000
92304  -55.158  0.067  35.453 0.0000000000
92275  -54.965  0.498  36.546 0.0000000000
40445  -11.753  -45.972  68.330 0.0000000000
69885  -34.352  -18.865  52.017 0.0000000000
71068  -37.454  -18.473  51.961 0.0000000000
71085  -38.270  -18.292  51.409 0.0000000000
72441  -37.522  -17.620  47.232 0.0000000000
72427  -37.269  -17.317  48.397 0.0000000000
71113  -38.400  -18.277  49.393 0.0000000000
69921  -39.074  -18.934  49.215 0.0000000000
69933  -39.804  -19.710  49.172 0.0000000000
68740  -40.539  -19.996  49.747 0.0000000000
68755  -40.113  -20.378  48.887 0.0000000000
67589  -40.295  -20.882  48.640 0.0000000000
67637  -40.595  -21.720  46.164 0.0000000000
67638  -41.675  -21.830  45.981 0.0000000000
67621  -43.527  -21.633  46.650 0.0000000000
67640  -43.318  -21.494  45.988 0.0000000000
68778  -43.628  -21.387  46.072 0.0000000000
69982  -43.429  -19.576  43.799 0.0000000000
72495  -42.227  -17.533  44.117 0.0000000000
73787  -42.665  -16.816  43.254 0.0000000000
73788  -43.162  -16.042  43.199 0.0000000000
53854  -26.752  -35.049  56.610 0.0000000000
53855  -27.729  -35.091  56.780 0.0000000000
49372  -15.675  -39.245  64.080 0.0000000000
46030  -15.630  -41.273  64.206 0.0000000000
50444  -18.467  -37.442  61.230 0.0000000000
49406  -18.507  -38.239  61.604 0.0000000000
48267  -18.493  -39.231  62.589 0.0000000000
66491  -37.575  -22.402  55.321 0.0000000000
51520  -23.536  -36.471  62.329 0.0000000000
51545  -25.218  -36.741  61.610 0.0000000000
58890  -35.756  -28.812  52.983 0.0000000000
58880  -35.968  -29.253  53.650 0.0000000000
55918  -21.984  -32.315  59.464 0.0000000000
55935  -22.112  -32.438  58.466 0.0000000000
55934  -21.512  -33.047  58.614 0.0000000000
55917  -21.233  -32.900  59.216 0.0000000000
55916  -20.856  -33.298  59.466 0.0000000000
54891  -20.583  -33.703  59.553 0.0000000000
52680  -20.405  -35.144  59.714 0.0000000000
51579  -21.315  -35.865  59.745 0.0000000000
64376  -33.295  -23.983  53.714 0.0000000000
59883  -32.642  -28.275  52.794 0.0000000000
60981  -32.888  -27.820  52.725 0.0000000000
72532  -43.981  -16.829  41.702 0.0000000000
73802  -45.260  -16.667  42.059 0.0000000000
73815  -44.213  -16.205  41.561 0.0000000000
75062  -44.447  -15.210  41.381 0.0000000000
77264  -44.060  -13.510  41.359 0.0000000000
77265  -45.019  -13.494  41.312 0.0000000000
78290  -45.371  -12.767  41.535 0.0000000000
79317  -45.583  -12.283  41.815 0.0000000000
79308  -45.784  -11.603  42.180 0.0000000000
84766  -47.221  -6.721  41.972 0.0000000000
84790  -47.119  -6.224  40.257 0.0000000000
85903  -47.820  -5.307  39.858 0.0000000000
85902  -47.392  -5.859  39.521 0.0000000000
84801  -47.274  -6.401  39.476 0.0000000000
83756  -47.520  -7.170  39.501 0.0000000000
83757  -48.530  -7.311  39.369 0.0000000000
83758  -49.570  -7.143  39.401 0.0000000000
83748  -50.316  -7.495  40.260 0.0000000000
84804  -49.827  -6.483  38.861 0.0000000000
84805  -50.526  -6.212  39.049 0.0000000000
84817  -50.703  -5.672  38.741 0.0000000000
85932  -49.710  -4.589  37.650 0.0000000000
85925  -50.555  -5.315  38.254 0.0000000000
85926  -51.299  -5.091  38.694 0.0000000000
89136  -53.186  -2.487  36.734 0.0000000000
89134  -51.512  -2.291  36.948 0.0000000000
90187  -52.413  -1.603  36.824 0.0000000000
44882  -14.140  -42.660  64.776 0.0000000000
46007  -13.657  -42.001  64.816 0.0000000000
43802  -14.242  -43.542  65.786 0.0000000000
68661  -33.367  -20.036  53.110 0.0000000000
68695  -33.535  -19.602  52.787 0.0000000000
71065  -33.776  -18.434  52.233 0.0000000000
69900  -34.642  -18.376  51.616 0.0000000000
71082  -35.253  -18.060  51.185 0.0000000000
74973  -37.551  -16.157  48.402 0.0000000000
73740  -38.087  -16.794  47.120 0.0000000000
69953  -37.837  -18.982  46.835 0.0000000000
69954  -38.267  -19.506  47.093 0.0000000000
68777  -38.998  -20.549  47.203 0.0000000000
68794  -38.554  -20.091  46.817 0.0000000000
68816  -39.310  -20.510  45.237 0.0000000000
68817  -40.087  -20.655  44.820 0.0000000000
69999  -41.354  -18.791  43.657 0.0000000000
72494  -41.522  -17.883  44.011 0.0000000000
72480  -41.334  -17.994  44.419 0.0000000000
72496  -43.122  -17.245  44.409 0.0000000000
54937  -28.610  -33.609  54.924 0.0000000000
53887  -28.973  -34.165  55.592 0.0000000000
53874  -30.258  -34.462  56.445 0.0000000000
51448  -16.978  -37.414  64.882 0.0000000000
50384  -16.562  -38.131  64.477 0.0000000000
49386  -20.270  -37.931  62.889 0.0000000000
43777  -10.186  -43.980  68.332 0.0000000000
43776  -9.688  -44.502  68.481 0.0000000000
43768  -9.524  -44.450  69.022 0.0000000000
43762  -9.225  -44.451  70.079 0.0000000000
42616  -8.762  -45.103  70.111 0.0000000000
43755  -8.226  -44.556  71.454 0.0000000000
82625  -46.625  -8.197  43.764 0.0000000000
83701  -47.808  -7.476  43.130 0.0000000000
69860  -40.991  -19.574  53.589 0.0000000000
56991  -32.468  -31.845  53.092 0.0000000000
56015  -32.833  -32.000  53.621 0.0000000000
56982  -33.241  -31.861  53.895 0.0000000000
54824  -18.380  -33.533  63.485 0.0000000000
52649  -17.834  -36.400  62.073 0.0000000000
51517  -17.969  -36.430  61.741 0.0000000000
51538  -18.440  -36.522  61.179 0.0000000000
49398  -20.128  -37.663  62.153 0.0000000000
50435  -20.431  -37.214  61.742 0.0000000000
64388  -36.768  -25.217  53.677 0.0000000000
65496  -35.411  -23.669  52.123 0.0000000000
65481  -33.223  -23.306  52.707 0.0000000000
68635  -33.203  -19.786  53.698 0.0000000000
69806  -33.555  -19.883  54.789 0.0000000000
53852  -24.563  -34.505  56.669 0.0000000000
53853  -25.063  -34.745  56.596 0.0000000000
53870  -26.421  -34.258  55.869 0.0000000000
54936  -27.604  -33.483  54.944 0.0000000000
57896  -25.840  -30.611  55.365 0.0000000000
57917  -26.087  -30.634  54.948 0.0000000000
55996  -26.378  -31.999  54.532 0.0000000000
56981  -26.815  -31.196  54.215 0.0000000000
54957  -26.801  -32.496  54.510 0.0000000000
56011  -29.161  -32.453  53.429 0.0000000000
54971  -29.619  -32.810  53.691 0.0000000000
54972  -30.107  -33.010  53.902 0.0000000000
57921  -29.506  -30.395  53.950 0.0000000000
58903  -30.188  -29.897  51.868 0.0000000000
57019  -30.118  -31.080  51.873 0.0000000000
57004  -30.522  -31.590  52.274 0.0000000000
56024  -31.904  -31.897  52.778 0.0000000000
57007  -33.293  -30.867  52.210 0.0000000000
57966  -32.556  -30.163  51.017 0.0000000000
57023  -33.055  -30.406  51.493 0.0000000000
57950  -34.357  -29.878  51.890 0.0000000000
58906  -34.721  -29.344  51.873 0.0000000000
61043  -32.585  -28.231  50.855 0.0000000000
62159  -33.453  -27.051  50.618 0.0000000000
59946  -33.743  -28.693  50.603 0.0000000000
59928  -34.417  -28.387  50.815 0.0000000000
58921  -34.829  -28.981  51.700 0.0000000000
59907  -35.872  -28.128  52.327 0.0000000000
61004  -36.124  -27.672  52.088 0.0000000000
61005  -36.460  -27.423  52.488 0.0000000000
62110  -36.792  -26.617  52.950 0.0000000000
63265  -36.838  -25.717  53.578 0.0000000000
56921  -23.144  -31.506  57.655 0.0000000000
54909  -22.958  -32.952  57.095 0.0000000000
71179  -46.724  -18.652  45.043 0.0000000000
75047  -46.850  -15.047  42.057 0.0000000000
80338  -44.003  -10.456  44.506 0.0000000000
80347  -43.206  -10.447  43.662 0.0000000000
80358  -43.372  -10.625  42.900 0.0000000000
82639  -43.690  -9.051  43.317 0.0000000000
81489  -43.798  -9.581  42.872 0.0000000000
80359  -44.183  -10.438  42.537 0.0000000000
84779  -45.971  -7.139  41.720 0.0000000000
82656  -45.565  -8.471  41.852 0.0000000000
82676  -46.470  -7.842  40.914 0.0000000000
82657  -46.002  -8.224  41.396 0.0000000000
81505  -45.859  -8.709  41.735 0.0000000000
91260  -57.064  0.092  34.827 0.0000000000
92306  -56.456  0.550  34.824 0.0000000000
93296  -57.065  2.035  36.022 0.0000000000
93286  -57.485  1.900  36.977 0.0000000000
44840  -11.820  -42.241  68.826 0.0000000000
43785  -10.808  -43.533  67.656 0.0000000000
44881  -13.413  -42.571  65.012 0.0000000000
44870  -12.882  -42.680  65.416 0.0000000000
44869  -12.196  -42.840  65.826 0.0000000000
42647  -12.705  -44.523  66.329 0.0000000000
42655  -12.350  -44.127  65.792 0.0000000000
44868  -11.797  -43.310  65.914 0.0000000000
43792  -11.128  -43.790  66.719 0.0000000000
43784  -10.601  -44.210  67.367 0.0000000000
42638  -9.973  -44.896  67.728 0.0000000000
41531  -9.883  -45.757  67.896 0.0000000000
40448  -9.887  -46.305  68.323 0.0000000000
40444  -11.149  -46.156  68.413 0.0000000000
40443  -10.424  -46.473  68.704 0.0000000000
40442  -9.685  -46.561  69.028 0.0000000000
68637  -38.045  -20.586  54.362 0.0000000000
68666  -38.746  -19.960  54.032 0.0000000000
73665  -35.117  -16.769  51.749 0.0000000000
73664  -34.756  -17.162  51.339 0.0000000000
73682  -34.899  -17.214  50.998 0.0000000000
72382  -35.224  -17.385  50.835 0.0000000000
73712  -36.560  -16.555  49.470 0.0000000000
72412  -36.605  -17.052  49.461 0.0000000000
72411  -36.175  -16.964  49.872 0.0000000000
71098  -36.171  -17.602  50.530 0.0000000000
69903  -40.511  -19.229  51.555 0.0000000000
69891  -40.654  -19.364  52.624 0.0000000000
68726  -40.906  -20.008  50.267 0.0000000000
67599  -39.418  -20.781  47.616 0.0000000000
67601  -41.021  -21.731  47.983 0.0000000000
69967  -45.561  -19.333  44.910 0.0000000000
69966  -44.803  -19.659  44.679 0.0000000000
70001  -42.760  -19.023  43.248 0.0000000000
71214  -42.278  -17.602  42.840 0.0000000000
71200  -43.103  -18.420  42.875 0.0000000000
71216  -43.461  -17.894  42.473 0.0000000000
72520  -43.932  -17.371  42.035 0.0000000000
75030  -43.476  -15.037  42.767 0.0000000000
76167  -43.585  -14.231  42.725 0.0000000000
77250  -44.223  -13.238  43.407 0.0000000000
52704  -26.319  -35.876  58.151 0.0000000000
52722  -29.913  -35.244  57.839 0.0000000000
52707  -29.301  -35.729  58.501 0.0000000000
52688  -28.625  -36.231  59.240 0.0000000000
48231  -15.024  -39.771  65.363 0.0000000000
48230  -14.689  -40.414  65.194 0.0000000000
46008  -14.326  -41.680  64.703 0.0000000000
46010  -16.094  -41.762  64.773 0.0000000000
50418  -16.938  -38.225  62.993 0.0000000000
49405  -17.799  -38.456  61.844 0.0000000000
50432  -17.219  -38.412  62.543 0.0000000000
49394  -17.091  -38.691  62.700 0.0000000000
49384  -17.129  -39.085  62.663 0.0000000000
48257  -17.073  -39.621  62.928 0.0000000000
47143  -17.229  -40.360  63.569 0.0000000000
48259  -19.175  -39.104  63.362 0.0000000000
47144  -18.104  -40.084  63.565 0.0000000000
94374  -58.282  2.752  34.014 0.0000000000
39362  -7.632  -47.159  71.056 0.0000000000
39361  -6.707  -47.444  70.953 0.0000000000
41491  -7.195  -45.699  70.707 0.0000000000
42606  -7.349  -45.240  70.977 0.0000000000
41498  -5.440  -46.997  70.071 0.0000000000
158402  -5.503  -46.007  70.255 0.0000000000
41489  -6.030  -45.747  70.636 0.0000000000
158422  -6.125  -45.191  70.961 0.0000000000
41519  -9.301  -46.292  69.282 0.0000000000
41521  -11.483  -45.876  67.964 0.0000000000
41544  -12.375  -45.025  66.678 0.0000000000
41545  -12.742  -44.839  66.767 0.0000000000
42645  -11.346  -44.523  66.563 0.0000000000
42654  -11.723  -44.149  65.960 0.0000000000
42656  -12.956  -44.017  65.854 0.0000000000
43778  -10.684  -43.451  68.177 0.0000000000
43798  -11.580  -43.671  66.085 0.0000000000
43799  -12.003  -43.600  65.679 0.0000000000
44871  -14.110  -43.284  65.231 0.0000000000
52621  -18.156  -35.016  63.651 0.0000000000
52669  -21.076  -35.812  59.795 0.0000000000
53821  -20.239  -34.778  59.801 0.0000000000
54892  -20.893  -33.447  59.200 0.0000000000
54898  -20.774  -33.843  59.101 0.0000000000
55876  -19.925  -33.345  61.184 0.0000000000
55961  -23.646  -31.769  56.619 0.0000000000
55978  -32.345  -33.013  55.089 0.0000000000
56920  -22.585  -31.974  58.152 0.0000000000
57875  -23.527  -31.335  57.218 0.0000000000
57876  -23.680  -31.227  57.020 0.0000000000
57985  -31.698  -29.630  50.773 0.0000000000
57987  -32.754  -29.674  50.799 0.0000000000
58886  -30.232  -29.756  52.302 0.0000000000
59908  -36.310  -28.020  52.764 0.0000000000
59943  -31.675  -28.954  50.804 0.0000000000
63295  -36.298  -25.677  51.202 0.0000000000
67581  -41.095  -21.039  49.325 0.0000000000
68765  -38.851  -19.876  47.816 0.0000000000
68767  -39.782  -20.591  48.376 0.0000000000
69827  -33.246  -19.641  53.833 0.0000000000
69854  -33.264  -19.577  53.694 0.0000000000
71155  -37.889  -18.132  46.191 0.0000000000
71172  -37.838  -18.929  46.152 0.0000000000
71188  -39.792  -19.362  44.536 0.0000000000
71193  -46.876  -18.294  44.791 0.0000000000
72457  -37.774  -17.744  46.543 0.0000000000
73711  -36.319  -16.829  49.722 0.0000000000
73753  -37.940  -17.454  46.532 0.0000000000
73755  -38.514  -17.063  46.893 0.0000000000
75064  -46.196  -14.803  41.458 0.0000000000
77234  -44.554  -12.683  43.795 0.0000000000
77268  -47.043  -13.276  42.173 0.0000000000
79285  -43.314  -10.879  43.855 0.0000000000
79286  -43.711  -11.187  44.115 0.0000000000
80337  -43.392  -10.529  44.133 0.0000000000
81463  -44.263  -9.640  44.596 0.0000000000
82600  -43.480  -9.270  44.102 0.0000000000
82602  -44.570  -8.929  44.354 0.0000000000
82621  -43.501  -9.148  43.834 0.0000000000
82622  -44.139  -8.599  43.692 0.0000000000
82623  -44.901  -8.459  43.914 0.0000000000
83698  -45.120  -8.135  43.447 0.0000000000
84806  -51.055  -5.790  39.285 0.0000000000
85923  -48.946  -4.985  38.000 0.0000000000
85924  -49.837  -5.308  37.960 0.0000000000
85933  -50.445  -4.825  37.789 0.0000000000
85934  -50.900  -4.935  38.118 0.0000000000
87019  -48.600  -4.731  39.800 0.0000000000
87031  -48.042  -4.836  39.076 0.0000000000
87034  -49.676  -4.343  39.995 0.0000000000
87050  -48.952  -4.083  37.783 0.0000000000
88076  -50.683  -4.242  40.520 0.0000000000
88086  -48.803  -3.877  38.984 0.0000000000
88089  -50.607  -3.335  39.690 0.0000000000
88099  -48.801  -3.845  38.713 0.0000000000
88100  -49.183  -3.302  38.488 0.0000000000
89092  -49.751  -3.363  39.269 0.0000000000
89103  -49.667  -3.034  38.896 0.0000000000
89105  -50.923  -2.401  39.046 0.0000000000
89133  -50.830  -2.542  37.276 0.0000000000
90161  -51.361  -2.125  38.990 0.0000000000
90186  -51.576  -1.698  37.279 0.0000000000
91246  -54.954  -0.289  35.618 0.0000000000
92289  -54.146  -0.077  35.961 0.0000000000
93303  -56.120  0.920  34.954 0.0000000000
94363  -57.168  1.794  34.189 0.0000000000
96472  -59.221  3.894  34.646 0.0000000000
