#!ascii label  , from subject 3635 vox2ras=TkReg
1293
129054  -51.648  24.873  45.959 0.0000000000
140739  -46.515  39.604  43.108 0.0000000000
130797  -39.232  26.287  44.034 0.0000000000
131736  -46.912  27.364  37.792 0.0000000000
138056  -49.191  35.861  38.156 0.0000000000
137360  -46.963  34.079  36.771 0.0000000000
133372  -49.781  29.507  32.010 0.0000000000
130880  -44.380  25.775  36.043 0.0000000000
119543  -48.826  13.983  52.669 0.0000000000
124115  -49.038  19.819  50.390 0.0000000000
145899  -43.222  48.006  42.841 0.0000000000
142684  -42.860  42.459  39.447 0.0000000000
142058  -48.646  41.730  36.447 0.0000000000
129909  -46.548  25.714  47.077 0.0000000000
135686  -41.964  32.897  42.381 0.0000000000
132546  -43.762  28.759  39.872 0.0000000000
131685  -47.917  27.764  43.843 0.0000000000
128162  -45.123  23.767  40.943 0.0000000000
126204  -39.975  21.544  39.489 0.0000000000
129950  -51.355  25.061  42.896 0.0000000000
138103  -51.017  35.518  33.811 0.0000000000
136574  -50.878  33.100  34.760 0.0000000000
135814  -49.691  32.350  31.044 0.0000000000
133379  -46.350  29.253  31.289 0.0000000000
122356  -49.530  16.970  51.844 0.0000000000
122315  -46.396  17.795  53.205 0.0000000000
146465  -41.178  48.635  45.532 0.0000000000
141405  -43.997  40.846  36.839 0.0000000000
126143  -44.621  21.931  46.837 0.0000000000
129061  -42.733  24.785  45.253 0.0000000000
140750  -43.504  39.477  41.580 0.0000000000
138016  -44.580  35.139  43.040 0.0000000000
134091  -46.017  30.480  35.106 0.0000000000
134899  -44.084  31.202  37.078 0.0000000000
132560  -45.555  28.555  38.635 0.0000000000
132512  -46.472  28.600  42.537 0.0000000000
131709  -46.527  27.660  40.329 0.0000000000
129949  -46.479  25.757  42.610 0.0000000000
129972  -46.265  25.005  39.338 0.0000000000
129132  -41.952  24.790  38.239 0.0000000000
139348  -48.565  37.454  40.962 0.0000000000
137303  -48.371  34.999  42.215 0.0000000000
136514  -50.431  33.598  38.886 0.0000000000
135777  -48.843  31.670  33.723 0.0000000000
132602  -47.889  27.959  33.854 0.0000000000
130032  -47.101  25.520  35.762 0.0000000000
130934  -46.655  26.580  32.982 0.0000000000
131773  -43.546  27.357  33.221 0.0000000000
121471  -50.541  16.486  49.926 0.0000000000
124124  -50.263  19.535  49.441 0.0000000000
127129  -49.914  22.621  48.688 0.0000000000
143278  -38.682  43.770  43.509 0.0000000000
143292  -41.664  43.678  42.456 0.0000000000
143295  -44.924  43.507  42.736 0.0000000000
142024  -46.126  42.020  41.335 0.0000000000
140064  -46.026  38.293  38.717 0.0000000000
140086  -48.274  38.754  36.810 0.0000000000
140784  -50.512  39.459  34.880 0.0000000000
142715  -49.686  42.923  34.992 0.0000000000
123223  -45.279  18.898  48.979 0.0000000000
127136  -47.824  22.644  48.207 0.0000000000
129898  -49.459  25.687  47.895 0.0000000000
134028  -39.177  29.811  41.475 0.0000000000
137318  -44.077  34.007  39.743 0.0000000000
134876  -41.233  31.531  39.744 0.0000000000
131692  -41.609  27.874  42.503 0.0000000000
131682  -44.563  27.942  43.738 0.0000000000
133235  -47.669  29.120  46.086 0.0000000000
130792  -50.627  27.152  45.418 0.0000000000
129075  -49.029  24.639  44.360 0.0000000000
126168  -46.615  21.913  42.700 0.0000000000
124153  -44.309  20.011  41.080 0.0000000000
129135  -44.676  24.204  38.684 0.0000000000
127197  -43.249  22.380  40.342 0.0000000000
124178  -42.399  19.337  39.419 0.0000000000
127146  -51.272  23.290  45.950 0.0000000000
129078  -52.465  24.522  43.972 0.0000000000
129937  -52.211  25.658  44.274 0.0000000000
138121  -50.680  35.625  32.984 0.0000000000
137413  -51.075  34.702  32.385 0.0000000000
137411  -49.420  34.327  31.831 0.0000000000
135812  -47.464  32.402  31.556 0.0000000000
129071  -40.638  25.002  44.729 0.0000000000
140737  -44.736  39.649  42.410 0.0000000000
133330  -46.325  28.919  36.064 0.0000000000
133329  -45.725  29.335  36.450 0.0000000000
132567  -45.958  28.599  37.796 0.0000000000
132549  -46.167  28.149  39.524 0.0000000000
131730  -46.655  27.457  38.676 0.0000000000
129964  -46.403  26.268  40.138 0.0000000000
130856  -46.866  26.594  38.611 0.0000000000
138725  -48.764  36.472  40.060 0.0000000000
138046  -50.456  34.921  40.444 0.0000000000
138058  -50.584  34.446  38.621 0.0000000000
134951  -50.964  31.139  32.778 0.0000000000
135760  -50.454  32.380  34.309 0.0000000000
134949  -49.275  30.893  33.265 0.0000000000
134112  -47.691  29.850  33.520 0.0000000000
133370  -48.565  28.799  32.668 0.0000000000
131776  -47.841  27.145  33.446 0.0000000000
132622  -48.240  28.049  31.775 0.0000000000
131795  -44.957  28.069  31.447 0.0000000000
123197  -49.009  18.017  51.427 0.0000000000
123214  -50.040  18.246  51.088 0.0000000000
124116  -49.841  19.497  50.483 0.0000000000
126126  -50.019  21.496  49.120 0.0000000000
126119  -49.558  21.321  49.502 0.0000000000
146480  -42.470  48.482  44.179 0.0000000000
144595  -41.641  45.880  44.035 0.0000000000
144596  -42.612  45.994  43.615 0.0000000000
143294  -43.906  43.730  42.547 0.0000000000
144609  -44.235  45.614  42.989 0.0000000000
144007  -42.948  44.527  40.037 0.0000000000
143994  -45.289  44.427  40.720 0.0000000000
142686  -44.611  42.538  40.265 0.0000000000
141392  -45.873  40.140  40.104 0.0000000000
141390  -44.075  40.564  39.368 0.0000000000
142056  -46.437  41.611  36.356 0.0000000000
140776  -46.470  39.490  36.828 0.0000000000
140778  -48.767  39.733  36.599 0.0000000000
140088  -50.137  38.733  36.103 0.0000000000
141411  -49.805  40.671  35.676 0.0000000000
141415  -49.864  40.845  34.899 0.0000000000
142059  -49.484  41.776  36.082 0.0000000000
128062  -43.619  23.441  51.341 0.0000000000
128052  -44.937  23.378  52.622 0.0000000000
125096  -43.598  20.696  50.955 0.0000000000
124102  -44.225  19.189  50.800 0.0000000000
124109  -43.418  19.688  49.422 0.0000000000
128120  -44.925  23.826  46.551 0.0000000000
127134  -46.096  22.242  47.344 0.0000000000
128122  -46.779  24.272  47.434 0.0000000000
129044  -48.712  24.354  48.011 0.0000000000
129896  -47.504  25.601  47.430 0.0000000000
135677  -40.857  32.751  43.468 0.0000000000
134858  -39.442  31.245  42.352 0.0000000000
135691  -40.690  32.112  41.759 0.0000000000
137322  -48.038  34.010  39.700 0.0000000000
137311  -46.353  34.726  40.550 0.0000000000
137345  -45.250  34.247  38.183 0.0000000000
133306  -43.321  29.983  38.877 0.0000000000
134884  -42.404  31.740  38.362 0.0000000000
133291  -42.908  29.581  39.413 0.0000000000
133289  -41.176  29.764  39.916 0.0000000000
132530  -42.659  28.655  40.756 0.0000000000
131681  -43.344  27.952  43.566 0.0000000000
132510  -44.475  28.373  42.547 0.0000000000
132513  -47.184  28.408  42.468 0.0000000000
133265  -47.009  29.071  44.008 0.0000000000
132489  -48.015  28.678  44.722 0.0000000000
132479  -48.749  28.451  45.827 0.0000000000
130790  -48.972  27.122  45.053 0.0000000000
129920  -49.781  26.453  45.149 0.0000000000
130804  -48.234  26.924  44.322 0.0000000000
128149  -45.486  23.796  42.001 0.0000000000
128142  -46.498  24.009  43.275 0.0000000000
127171  -45.434  22.725  42.276 0.0000000000
125162  -45.679  21.538  42.106 0.0000000000
126178  -44.651  21.670  41.617 0.0000000000
130030  -45.922  25.603  35.469 0.0000000000
130001  -45.760  24.786  37.585 0.0000000000
130000  -44.827  25.039  37.241 0.0000000000
128186  -41.330  23.124  39.365 0.0000000000
128187  -42.228  23.095  39.413 0.0000000000
127213  -41.608  22.230  39.829 0.0000000000
125182  -42.220  20.438  40.284 0.0000000000
125198  -40.836  20.036  39.592 0.0000000000
124195  -40.893  19.423  38.525 0.0000000000
125149  -49.580  20.600  45.516 0.0000000000
128153  -50.512  24.100  42.188 0.0000000000
138082  -50.429  35.571  36.243 0.0000000000
137362  -50.704  34.243  36.572 0.0000000000
137375  -51.270  34.170  34.649 0.0000000000
135797  -51.262  32.301  32.193 0.0000000000
134985  -50.099  31.082  30.834 0.0000000000
133387  -48.401  29.487  30.767 0.0000000000
134969  -47.999  31.192  31.132 0.0000000000
121424  -49.246  15.737  52.852 0.0000000000
121422  -48.306  16.342  53.729 0.0000000000
122373  -47.692  17.959  51.307 0.0000000000
147693  -41.406  50.549  42.988 0.0000000000
141395  -42.656  41.196  38.227 0.0000000000
142706  -45.778  42.586  36.139 0.0000000000
143367  -47.470  43.597  36.103 0.0000000000
125137  -42.800  20.439  47.662 0.0000000000
127151  -43.530  23.302  45.958 0.0000000000
129063  -44.423  24.740  46.012 0.0000000000
137289  -44.248  34.165  43.087 0.0000000000
134929  -45.957  31.706  35.251 0.0000000000
136557  -44.962  33.253  36.469 0.0000000000
134082  -45.170  30.492  36.074 0.0000000000
134054  -44.521  29.863  37.680 0.0000000000
133293  -44.390  29.140  38.932 0.0000000000
132532  -44.694  28.525  40.674 0.0000000000
132533  -45.599  28.537  40.577 0.0000000000
132525  -46.531  28.463  41.515 0.0000000000
131703  -47.190  27.844  41.876 0.0000000000
130816  -47.207  26.829  42.845 0.0000000000
130823  -46.513  26.609  41.629 0.0000000000
129955  -46.185  25.951  41.057 0.0000000000
129110  -45.664  24.395  40.137 0.0000000000
129151  -43.026  24.924  37.708 0.0000000000
131675  -37.530  27.466  43.759 0.0000000000
140741  -48.259  38.673  42.720 0.0000000000
138669  -47.953  36.550  43.357 0.0000000000
138688  -48.837  36.349  42.657 0.0000000000
137314  -49.543  33.789  40.538 0.0000000000
136545  -48.365  33.701  37.276 0.0000000000
136548  -50.656  33.435  36.802 0.0000000000
136561  -49.235  33.370  36.051 0.0000000000
135743  -47.831  32.965  35.128 0.0000000000
134940  -47.019  31.447  34.213 0.0000000000
133357  -47.069  29.296  34.277 0.0000000000
132586  -47.313  27.651  35.548 0.0000000000
131742  -47.393  26.533  36.309 0.0000000000
131764  -47.787  26.968  34.617 0.0000000000
130916  -46.807  25.825  34.583 0.0000000000
130915  -45.881  26.048  34.680 0.0000000000
131797  -46.523  27.636  31.797 0.0000000000
131775  -45.290  27.163  33.103 0.0000000000
121453  -50.403  16.681  50.761 0.0000000000
123224  -50.502  18.441  48.939 0.0000000000
124130  -49.855  19.866  47.539 0.0000000000
126135  -49.961  21.280  47.459 0.0000000000
126145  -50.355  22.014  47.172 0.0000000000
128111  -50.847  23.886  47.173 0.0000000000
142659  -38.642  42.408  41.845 0.0000000000
143965  -40.240  44.420  42.982 0.0000000000
142661  -40.761  42.232  41.675 0.0000000000
142021  -42.431  41.380  41.748 0.0000000000
142007  -44.177  41.925  42.563 0.0000000000
142009  -45.664  41.617  42.576 0.0000000000
146508  -43.414  47.953  41.355 0.0000000000
144622  -45.097  45.525  41.245 0.0000000000
143297  -46.208  43.286  42.356 0.0000000000
142011  -47.175  41.031  42.364 0.0000000000
140752  -47.352  39.836  41.321 0.0000000000
139346  -47.167  38.176  40.167 0.0000000000
138741  -47.845  36.638  38.418 0.0000000000
140769  -44.660  39.387  38.069 0.0000000000
140074  -46.878  38.223  37.487 0.0000000000
138753  -48.664  36.761  37.047 0.0000000000
138755  -50.083  36.781  36.179 0.0000000000
139398  -50.721  37.724  34.919 0.0000000000
140139  -49.732  38.611  33.513 0.0000000000
141423  -49.678  40.453  34.087 0.0000000000
143379  -48.730  43.895  35.615 0.0000000000
123209  -45.911  18.296  50.570 0.0000000000
124113  -47.624  19.388  49.747 0.0000000000
125139  -44.659  20.438  47.541 0.0000000000
125132  -46.864  20.500  48.482 0.0000000000
126125  -48.460  21.525  49.135 0.0000000000
128095  -49.005  23.496  48.736 0.0000000000
129029  -49.948  24.547  48.238 0.0000000000
129900  -50.811  25.795  47.150 0.0000000000
131689  -38.815  27.833  42.649 0.0000000000
138686  -46.587  35.788  43.245 0.0000000000
137296  -45.271  34.768  41.908 0.0000000000
136489  -43.430  33.648  40.833 0.0000000000
136541  -43.911  33.477  37.489 0.0000000000
136508  -42.827  33.442  39.202 0.0000000000
135696  -41.392  32.586  40.280 0.0000000000
134033  -40.112  30.313  40.641 0.0000000000
132519  -40.350  28.312  41.697 0.0000000000
130813  -40.509  27.029  43.794 0.0000000000
130800  -42.047  26.649  44.404 0.0000000000
130801  -43.243  26.583  44.948 0.0000000000
130788  -45.399  26.730  45.975 0.0000000000
132496  -45.479  28.384  43.488 0.0000000000
132477  -46.228  28.214  44.967 0.0000000000
131650  -46.960  27.578  46.751 0.0000000000
132450  -49.045  28.041  47.098 0.0000000000
131653  -50.644  27.491  46.991 0.0000000000
130793  -51.333  26.757  45.654 0.0000000000
130819  -51.279  26.107  44.176 0.0000000000
129076  -50.260  24.955  44.250 0.0000000000
128151  -49.155  23.149  42.948 0.0000000000
129082  -47.347  24.939  44.061 0.0000000000
127164  -47.690  23.168  43.440 0.0000000000
127174  -48.413  22.531  42.811 0.0000000000
125174  -47.287  20.735  41.494 0.0000000000
124164  -45.937  19.856  40.597 0.0000000000
130002  -46.872  25.271  37.594 0.0000000000
129121  -45.594  24.441  39.252 0.0000000000
129108  -44.569  23.807  39.794 0.0000000000
129133  -42.917  24.321  38.454 0.0000000000
128189  -43.416  23.336  39.564 0.0000000000
127198  -44.015  23.001  40.653 0.0000000000
126190  -43.305  21.304  40.825 0.0000000000
124162  -43.664  19.710  40.498 0.0000000000
128124  -51.598  23.971  45.724 0.0000000000
128133  -52.005  23.855  44.796 0.0000000000
129065  -52.341  24.532  44.589 0.0000000000
129946  -52.439  25.059  43.728 0.0000000000
129923  -52.309  24.981  44.859 0.0000000000
138120  -50.088  35.970  32.762 0.0000000000
138134  -49.805  35.217  32.164 0.0000000000
129070  -39.814  25.187  44.703 0.0000000000
129928  -39.614  25.737  44.369 0.0000000000
140738  -45.614  39.664  42.728 0.0000000000
140034  -45.963  38.659  42.891 0.0000000000
139328  -46.248  37.882  43.034 0.0000000000
132576  -46.495  28.361  36.971 0.0000000000
132568  -46.503  28.025  37.999 0.0000000000
138051  -49.446  35.664  39.167 0.0000000000
138052  -50.311  35.012  39.422 0.0000000000
138057  -50.048  35.312  38.384 0.0000000000
134123  -50.279  30.208  32.244 0.0000000000
134950  -50.211  30.989  33.187 0.0000000000
134114  -49.659  30.048  32.817 0.0000000000
133360  -48.877  29.383  32.800 0.0000000000
133371  -49.189  29.191  32.292 0.0000000000
132613  -48.497  28.335  32.341 0.0000000000
132623  -48.725  28.563  31.879 0.0000000000
119544  -49.330  14.457  52.345 0.0000000000
124105  -49.186  19.078  50.907 0.0000000000
125127  -49.361  20.490  49.850 0.0000000000
146487  -42.767  48.561  43.178 0.0000000000
145240  -42.299  46.711  44.135 0.0000000000
145891  -43.020  47.570  43.594 0.0000000000
144597  -43.384  45.855  43.321 0.0000000000
145900  -43.863  47.378  42.470 0.0000000000
143341  -42.392  43.532  39.711 0.0000000000
144006  -41.852  44.404  39.770 0.0000000000
143342  -43.633  43.592  40.060 0.0000000000
142685  -43.982  42.524  39.905 0.0000000000
142038  -44.762  41.754  40.217 0.0000000000
142037  -43.420  41.618  39.410 0.0000000000
142057  -47.592  41.671  36.483 0.0000000000
141408  -47.059  40.606  36.543 0.0000000000
141409  -48.196  40.698  36.564 0.0000000000
141410  -49.163  40.736  36.319 0.0000000000
127099  -42.518  22.757  50.258 0.0000000000
127100  -43.170  22.505  50.967 0.0000000000
126094  -43.785  21.718  51.605 0.0000000000
126104  -43.205  21.440  50.761 0.0000000000
124101  -43.638  19.806  50.383 0.0000000000
129052  -45.810  24.794  46.774 0.0000000000
128121  -46.169  23.872  47.125 0.0000000000
129053  -46.575  24.765  47.253 0.0000000000
129042  -47.114  24.703  47.576 0.0000000000
129910  -47.100  26.166  47.244 0.0000000000
136469  -42.343  33.608  43.254 0.0000000000
135681  -41.809  32.851  42.762 0.0000000000
135684  -40.795  32.059  42.564 0.0000000000
135685  -41.330  32.562  42.259 0.0000000000
137347  -46.907  34.204  37.739 0.0000000000
137332  -46.843  34.147  38.731 0.0000000000
137359  -46.277  34.169  37.119 0.0000000000
133292  -43.842  29.363  39.257 0.0000000000
134040  -42.839  30.229  38.878 0.0000000000
133282  -42.418  29.137  39.937 0.0000000000
132545  -43.061  28.748  40.000 0.0000000000
132522  -43.581  28.485  41.706 0.0000000000
132531  -43.807  28.504  40.691 0.0000000000
131684  -47.574  27.971  43.121 0.0000000000
132498  -47.435  28.747  43.690 0.0000000000
132499  -47.918  28.316  44.192 0.0000000000
131661  -48.903  27.843  45.285 0.0000000000
131672  -48.343  27.825  44.556 0.0000000000
130818  -47.949  27.243  43.854 0.0000000000
127186  -44.915  22.764  41.592 0.0000000000
130029  -45.327  25.775  35.652 0.0000000000
130019  -44.896  25.581  36.259 0.0000000000
127212  -40.606  22.357  39.640 0.0000000000
126205  -40.730  21.495  40.032 0.0000000000
126187  -41.158  21.082  40.270 0.0000000000
125180  -40.780  20.845  40.084 0.0000000000
125197  -40.326  20.586  39.446 0.0000000000
125196  -39.809  20.975  39.276 0.0000000000
126149  -49.948  21.360  45.723 0.0000000000
129090  -51.423  24.633  42.068 0.0000000000
138093  -50.869  35.642  34.973 0.0000000000
137383  -51.199  34.853  34.560 0.0000000000
136595  -50.793  33.795  31.688 0.0000000000
136596  -51.262  33.541  32.162 0.0000000000
136610  -50.972  32.685  31.648 0.0000000000
135816  -50.930  31.900  31.656 0.0000000000
134971  -49.965  31.519  30.820 0.0000000000
134970  -49.098  31.213  30.611 0.0000000000
134968  -46.805  31.191  31.286 0.0000000000
121414  -47.847  16.221  54.583 0.0000000000
122354  -47.730  17.479  51.983 0.0000000000
122353  -46.987  17.685  51.710 0.0000000000
147682  -41.063  50.336  43.843 0.0000000000
142705  -44.583  42.709  36.188 0.0000000000
143366  -46.228  43.646  36.019 0.0000000000
143377  -45.240  44.152  35.746 0.0000000000
129060  -41.824  24.330  45.072 0.0000000000
128118  -42.408  23.225  45.806 0.0000000000
128130  -43.094  23.826  45.686 0.0000000000
128131  -44.106  23.980  45.950 0.0000000000
129062  -43.747  24.783  45.658 0.0000000000
140749  -42.551  39.503  41.216 0.0000000000
134928  -45.282  31.687  35.808 0.0000000000
134090  -45.526  31.087  35.497 0.0000000000
133318  -45.439  29.116  37.232 0.0000000000
133328  -45.025  29.682  36.797 0.0000000000
133308  -44.699  29.343  38.240 0.0000000000
132559  -44.893  28.617  38.927 0.0000000000
132548  -45.534  28.348  39.622 0.0000000000
132534  -46.343  28.311  40.437 0.0000000000
132526  -47.145  28.132  41.879 0.0000000000
131702  -46.892  27.781  41.352 0.0000000000
131695  -47.124  27.584  41.931 0.0000000000
130828  -46.560  26.874  41.080 0.0000000000
129973  -46.537  25.936  39.377 0.0000000000
129963  -46.240  25.334  40.211 0.0000000000
129099  -45.710  24.744  41.079 0.0000000000
140036  -48.451  38.111  42.375 0.0000000000
139329  -48.551  37.335  42.752 0.0000000000
138702  -49.259  36.373  42.034 0.0000000000
137325  -50.744  33.758  39.735 0.0000000000
138036  -50.382  34.017  41.163 0.0000000000
136492  -50.258  33.565  40.493 0.0000000000
136512  -49.065  33.660  38.991 0.0000000000
136530  -49.195  33.531  38.099 0.0000000000
136564  -51.083  33.742  34.978 0.0000000000
136563  -50.594  33.679  35.612 0.0000000000
135759  -49.451  32.361  34.355 0.0000000000
136572  -49.238  32.959  35.138 0.0000000000
136571  -48.476  33.069  35.309 0.0000000000
135758  -48.031  32.294  34.386 0.0000000000
135757  -47.029  32.098  34.441 0.0000000000
134941  -47.568  31.221  33.791 0.0000000000
133358  -47.502  28.872  33.995 0.0000000000
134111  -47.255  29.551  33.945 0.0000000000
132595  -47.065  28.515  35.008 0.0000000000
132596  -47.440  27.969  34.882 0.0000000000
131751  -47.524  26.963  35.688 0.0000000000
131790  -47.349  26.902  32.771 0.0000000000
130927  -47.254  26.358  33.661 0.0000000000
130935  -47.028  26.390  33.220 0.0000000000
133380  -47.523  29.183  31.036 0.0000000000
132621  -47.405  28.216  31.446 0.0000000000
132620  -46.471  28.426  31.396 0.0000000000
131787  -44.497  27.762  32.108 0.0000000000
131796  -45.593  27.901  31.658 0.0000000000
122332  -49.256  16.463  52.285 0.0000000000
121433  -49.545  16.047  52.257 0.0000000000
123220  -50.339  18.462  50.025 0.0000000000
124131  -50.233  19.471  48.298 0.0000000000
125142  -49.789  20.591  47.142 0.0000000000
125143  -49.964  20.589  47.960 0.0000000000
126136  -49.991  21.662  48.177 0.0000000000
127137  -50.314  22.845  47.689 0.0000000000
128097  -50.248  23.751  48.137 0.0000000000
143267  -38.473  44.063  44.246 0.0000000000
142603  -37.954  43.472  44.275 0.0000000000
142639  -38.338  43.061  42.846 0.0000000000
143289  -38.948  43.671  42.870 0.0000000000
145865  -40.542  47.847  45.846 0.0000000000
145218  -40.825  46.751  45.958 0.0000000000
143950  -41.504  45.097  43.519 0.0000000000
143949  -40.659  45.012  43.681 0.0000000000
143966  -41.130  44.495  42.921 0.0000000000
142640  -40.245  42.943  42.144 0.0000000000
142641  -41.155  42.991  42.148 0.0000000000
142662  -41.885  42.432  41.859 0.0000000000
143310  -42.124  43.163  42.191 0.0000000000
142644  -44.206  42.538  42.566 0.0000000000
142008  -44.661  41.689  42.590 0.0000000000
142645  -45.257  42.556  42.784 0.0000000000
145262  -44.622  46.540  41.487 0.0000000000
145284  -44.598  45.941  40.829 0.0000000000
142678  -46.039  42.768  40.933 0.0000000000
143312  -46.060  43.981  41.393 0.0000000000
142666  -46.394  42.694  41.518 0.0000000000
142647  -46.419  42.569  42.084 0.0000000000
142025  -46.492  41.669  41.652 0.0000000000
142026  -47.327  40.828  41.887 0.0000000000
141379  -46.863  40.529  41.316 0.0000000000
140762  -45.652  39.711  39.824 0.0000000000
140052  -46.982  38.842  40.392 0.0000000000
139354  -46.760  37.810  39.286 0.0000000000
139355  -47.756  37.218  39.797 0.0000000000
141400  -43.442  40.698  37.523 0.0000000000
141397  -43.980  40.130  38.285 0.0000000000
141401  -44.516  40.161  37.366 0.0000000000
140084  -46.578  38.694  37.221 0.0000000000
139386  -47.911  38.108  37.044 0.0000000000
139378  -48.211  37.004  37.194 0.0000000000
139387  -48.557  37.631  36.782 0.0000000000
138754  -49.349  36.723  36.710 0.0000000000
139388  -49.711  37.736  36.400 0.0000000000
140097  -50.556  38.674  35.338 0.0000000000
140116  -50.587  38.622  34.490 0.0000000000
139413  -50.662  37.726  34.044 0.0000000000
140140  -50.319  38.574  33.746 0.0000000000
140808  -50.232  39.234  33.798 0.0000000000
142066  -49.578  41.952  34.477 0.0000000000
142065  -49.051  41.566  33.900 0.0000000000
143368  -48.467  43.587  36.041 0.0000000000
124074  -45.074  19.939  52.646 0.0000000000
123208  -44.891  18.618  50.156 0.0000000000
123195  -44.959  18.710  51.256 0.0000000000
123217  -45.736  18.755  49.384 0.0000000000
123218  -46.681  18.714  49.856 0.0000000000
124112  -46.639  19.211  49.241 0.0000000000
126130  -43.150  21.012  47.078 0.0000000000
125138  -43.645  20.403  47.497 0.0000000000
126131  -44.193  21.136  47.085 0.0000000000
127135  -46.880  22.516  47.661 0.0000000000
126133  -46.443  21.505  47.682 0.0000000000
126134  -47.264  21.865  47.923 0.0000000000
126124  -47.741  21.496  48.535 0.0000000000
127126  -48.370  22.190  48.774 0.0000000000
127127  -48.866  22.283  49.194 0.0000000000
128094  -48.529  22.892  48.721 0.0000000000
129881  -49.241  24.839  48.000 0.0000000000
129028  -49.408  24.260  48.312 0.0000000000
129882  -49.636  24.996  48.062 0.0000000000
129045  -50.552  24.785  47.649 0.0000000000
129899  -50.147  25.633  47.879 0.0000000000
132504  -38.282  28.499  42.736 0.0000000000
138019  -48.146  35.604  43.005 0.0000000000
138001  -47.285  35.785  43.374 0.0000000000
138033  -47.524  35.119  42.273 0.0000000000
137310  -45.459  34.512  40.465 0.0000000000
138043  -45.918  34.862  41.041 0.0000000000
137309  -44.654  34.187  40.588 0.0000000000
136490  -44.179  33.939  41.020 0.0000000000
137308  -43.950  33.873  40.398 0.0000000000
134914  -44.055  32.254  36.771 0.0000000000
136542  -44.550  33.509  37.064 0.0000000000
135727  -43.860  32.832  37.018 0.0000000000
134883  -41.923  31.678  38.977 0.0000000000
135716  -42.693  32.465  38.253 0.0000000000
135704  -42.237  32.717  38.998 0.0000000000
135697  -41.793  33.008  39.755 0.0000000000
135703  -41.673  32.319  39.514 0.0000000000
134870  -40.923  32.072  40.434 0.0000000000
134875  -40.802  30.959  39.982 0.0000000000
132529  -41.649  28.702  41.033 0.0000000000
132528  -40.891  28.696  41.189 0.0000000000
132507  -40.898  28.098  42.089 0.0000000000
131691  -40.532  27.855  42.365 0.0000000000
131679  -41.044  27.504  43.240 0.0000000000
130814  -41.430  27.078  43.926 0.0000000000
131680  -42.154  27.441  43.511 0.0000000000
131669  -42.788  27.325  44.265 0.0000000000
131670  -44.015  27.514  44.531 0.0000000000
130787  -44.180  26.632  45.337 0.0000000000
131658  -45.149  27.478  45.058 0.0000000000
132524  -45.635  28.676  41.568 0.0000000000
132511  -45.555  28.544  42.542 0.0000000000
133249  -47.481  29.124  45.283 0.0000000000
132487  -46.399  28.673  44.560 0.0000000000
132478  -47.016  28.605  45.723 0.0000000000
131660  -46.985  28.121  46.212 0.0000000000
132464  -47.439  28.490  46.446 0.0000000000
131633  -47.805  27.400  47.263 0.0000000000
132465  -48.345  28.638  46.572 0.0000000000
131662  -49.818  27.747  45.729 0.0000000000
132480  -49.950  28.030  46.246 0.0000000000
131663  -50.693  27.718  45.901 0.0000000000
130783  -51.042  26.757  46.682 0.0000000000
130805  -51.196  26.443  44.807 0.0000000000
129935  -49.581  25.606  44.902 0.0000000000
129084  -49.898  24.253  43.719 0.0000000000
129083  -49.250  24.053  43.751 0.0000000000
129942  -47.008  26.267  43.094 0.0000000000
129943  -47.399  25.802  43.819 0.0000000000
129081  -46.811  25.114  43.455 0.0000000000
127162  -46.486  23.476  43.212 0.0000000000
127163  -46.861  23.353  43.389 0.0000000000
127173  -47.206  22.543  43.118 0.0000000000
126169  -47.601  21.717  42.568 0.0000000000
125165  -47.777  21.027  42.058 0.0000000000
125164  -46.976  21.189  42.168 0.0000000000
125172  -45.487  20.919  41.701 0.0000000000
124155  -45.641  20.254  41.251 0.0000000000
124154  -45.100  20.120  41.193 0.0000000000
124163  -44.775  19.615  40.437 0.0000000000
130882  -47.376  26.032  36.089 0.0000000000
130881  -47.279  26.050  36.805 0.0000000000
130021  -46.866  25.354  36.435 0.0000000000
129154  -45.128  24.445  38.204 0.0000000000
129136  -45.380  24.450  38.561 0.0000000000
129120  -44.941  24.085  39.234 0.0000000000
127214  -42.556  22.557  39.758 0.0000000000
128188  -42.894  23.112  39.384 0.0000000000
127215  -43.031  22.819  39.726 0.0000000000
128171  -43.958  23.396  40.066 0.0000000000
127184  -43.517  21.873  41.021 0.0000000000
124160  -41.939  19.788  39.997 0.0000000000
125183  -43.027  20.466  40.584 0.0000000000
124161  -42.712  19.744  40.189 0.0000000000
124179  -43.252  19.349  39.658 0.0000000000
127152  -51.034  22.715  45.650 0.0000000000
127153  -51.491  23.262  45.241 0.0000000000
129086  -52.475  24.403  43.260 0.0000000000
138104  -51.344  34.900  33.383 0.0000000000
138136  -50.898  35.197  32.630 0.0000000000
137412  -50.469  34.305  31.754 0.0000000000
136608  -49.355  33.369  31.436 0.0000000000
135813  -48.707  32.259  31.298 0.0000000000
136607  -48.327  33.198  31.639 0.0000000000
129059  -40.905  24.294  45.057 0.0000000000
129072  -41.588  24.926  44.756 0.0000000000
140751  -44.150  39.735  42.028 0.0000000000
140033  -45.022  38.667  42.596 0.0000000000
138685  -45.827  36.294  43.184 0.0000000000
133340  -45.981  29.502  35.629 0.0000000000
134083  -45.605  29.890  35.750 0.0000000000
132575  -45.908  28.843  37.117 0.0000000000
132561  -46.303  28.147  38.697 0.0000000000
131723  -46.477  27.571  39.469 0.0000000000
130837  -46.475  26.981  40.169 0.0000000000
130850  -46.610  26.821  39.416 0.0000000000
129982  -46.720  25.613  38.529 0.0000000000
138713  -49.279  36.574  41.303 0.0000000000
138726  -49.864  35.575  40.034 0.0000000000
138053  -50.765  34.275  39.658 0.0000000000
137334  -50.721  33.831  38.796 0.0000000000
135761  -51.237  32.542  34.122 0.0000000000
135779  -50.845  31.690  33.702 0.0000000000
135778  -49.881  31.709  33.698 0.0000000000
134948  -48.210  30.869  33.358 0.0000000000
134113  -48.674  29.985  33.140 0.0000000000
133359  -48.180  28.973  33.220 0.0000000000
131777  -48.148  27.746  32.820 0.0000000000
131791  -47.979  27.560  32.551 0.0000000000
131799  -47.710  27.467  32.269 0.0000000000
132619  -45.497  28.534  31.312 0.0000000000
121470  -50.216  16.060  50.572 0.0000000000
123198  -49.417  17.791  51.461 0.0000000000
123199  -49.822  17.574  51.424 0.0000000000
124106  -49.651  18.891  51.054 0.0000000000
125135  -50.160  20.576  48.833 0.0000000000
125128  -49.939  20.549  49.665 0.0000000000
127115  -49.664  22.044  49.258 0.0000000000
143932  -38.709  44.672  44.734 0.0000000000
147060  -41.891  49.044  45.183 0.0000000000
145882  -41.747  47.035  45.227 0.0000000000
145232  -41.893  46.848  44.795 0.0000000000
143951  -42.350  45.329  43.413 0.0000000000
143293  -42.745  43.707  42.503 0.0000000000
143968  -43.324  44.843  43.097 0.0000000000
143969  -44.561  44.554  42.770 0.0000000000
144655  -42.269  45.143  40.106 0.0000000000
144641  -44.119  45.503  40.471 0.0000000000
143993  -44.360  44.455  40.371 0.0000000000
143327  -44.980  43.708  40.485 0.0000000000
142031  -45.242  42.137  40.591 0.0000000000
141385  -45.790  41.071  40.610 0.0000000000
142039  -45.424  41.330  40.438 0.0000000000
141391  -45.324  40.570  40.101 0.0000000000
140056  -44.976  39.292  39.452 0.0000000000
141407  -45.882  40.581  36.614 0.0000000000
141402  -45.305  40.148  36.978 0.0000000000
140777  -47.699  39.642  36.689 0.0000000000
140087  -49.217  38.726  36.456 0.0000000000
140779  -49.692  39.736  36.256 0.0000000000
140780  -50.253  39.596  35.616 0.0000000000
141412  -50.269  40.174  35.151 0.0000000000
142061  -49.866  41.859  35.356 0.0000000000
142710  -49.472  42.756  35.702 0.0000000000
129007  -42.244  24.569  50.089 0.0000000000
128073  -42.948  23.693  50.644 0.0000000000
128063  -44.309  23.691  52.099 0.0000000000
127091  -43.828  22.785  51.739 0.0000000000
124089  -44.552  19.717  51.797 0.0000000000
124088  -43.958  19.984  51.168 0.0000000000
124110  -44.087  19.018  49.785 0.0000000000
124120  -44.341  19.205  48.719 0.0000000000
127143  -44.352  22.675  46.578 0.0000000000
127144  -45.430  22.708  46.939 0.0000000000
128107  -46.349  23.025  47.353 0.0000000000
128108  -47.170  23.691  47.699 0.0000000000
128109  -48.360  23.653  48.214 0.0000000000
129043  -47.941  24.548  47.723 0.0000000000
129897  -48.685  25.351  47.750 0.0000000000
130768  -49.112  26.536  47.711 0.0000000000
134855  -40.232  31.970  43.351 0.0000000000
134859  -40.196  31.792  42.827 0.0000000000
134862  -39.720  31.093  41.443 0.0000000000
137312  -47.679  34.781  41.105 0.0000000000
138045  -47.160  35.114  41.748 0.0000000000
137321  -46.734  34.347  39.782 0.0000000000
137320  -45.693  34.398  39.697 0.0000000000
137330  -44.922  34.223  38.849 0.0000000000
134069  -43.735  30.922  37.469 0.0000000000
134068  -43.270  31.286  37.570 0.0000000000
134052  -42.972  30.673  38.159 0.0000000000
134051  -42.304  31.153  38.584 0.0000000000
134039  -42.103  30.597  39.038 0.0000000000
134038  -41.232  30.472  39.620 0.0000000000
133290  -41.886  29.737  39.597 0.0000000000
133281  -41.740  29.210  40.264 0.0000000000
132521  -42.481  28.309  41.935 0.0000000000
131693  -42.652  28.071  42.754 0.0000000000
132508  -42.827  28.294  42.459 0.0000000000
132494  -43.506  28.091  43.092 0.0000000000
132495  -44.125  28.125  43.167 0.0000000000
132497  -46.409  28.688  43.418 0.0000000000
133266  -47.324  28.923  44.107 0.0000000000
133257  -47.493  28.908  44.560 0.0000000000
133250  -48.045  29.175  45.152 0.0000000000
133236  -48.188  29.333  45.860 0.0000000000
130791  -49.797  27.187  45.334 0.0000000000
129921  -50.477  26.634  45.105 0.0000000000
129919  -48.939  26.379  45.114 0.0000000000
129934  -48.489  25.798  44.833 0.0000000000
129088  -45.929  25.103  42.070 0.0000000000
129089  -46.330  24.831  42.823 0.0000000000
128150  -45.995  24.178  42.676 0.0000000000
127172  -46.113  23.088  42.976 0.0000000000
125163  -46.153  21.349  42.190 0.0000000000
126179  -45.289  21.919  42.012 0.0000000000
125171  -44.493  20.728  41.435 0.0000000000
130031  -46.753  25.499  35.478 0.0000000000
130020  -45.873  25.277  36.408 0.0000000000
129153  -44.670  24.425  38.015 0.0000000000
128204  -42.072  23.870  38.982 0.0000000000
127196  -42.274  21.882  40.104 0.0000000000
126189  -42.652  21.258  40.386 0.0000000000
126188  -41.811  21.185  40.260 0.0000000000
125181  -41.249  20.372  40.052 0.0000000000
124177  -41.351  19.576  39.411 0.0000000000
124176  -40.625  19.835  39.177 0.0000000000
124194  -40.040  19.953  38.614 0.0000000000
124138  -49.510  19.722  45.762 0.0000000000
138068  -49.711  35.864  37.309 0.0000000000
138069  -50.478  34.857  37.500 0.0000000000
137374  -50.959  34.517  35.400 0.0000000000
136575  -51.356  33.455  34.267 0.0000000000
137398  -51.440  34.409  32.979 0.0000000000
136583  -51.500  33.516  33.369 0.0000000000
135762  -51.433  32.940  33.757 0.0000000000
134952  -51.274  31.811  32.572 0.0000000000
134959  -50.715  30.983  31.937 0.0000000000
134131  -49.738  30.013  31.134 0.0000000000
133388  -48.847  29.484  30.755 0.0000000000
134138  -49.056  30.039  30.443 0.0000000000
134129  -48.397  30.166  30.640 0.0000000000
134128  -47.232  30.155  31.153 0.0000000000
119535  -49.303  14.820  52.978 0.0000000000
120482  -48.660  15.334  53.685 0.0000000000
121423  -48.858  15.899  53.369 0.0000000000
121431  -48.637  16.400  53.051 0.0000000000
122317  -47.659  16.723  54.122 0.0000000000
122330  -47.935  16.861  52.942 0.0000000000
122331  -48.850  16.696  52.417 0.0000000000
122355  -48.653  17.458  51.815 0.0000000000
123212  -48.550  18.340  51.202 0.0000000000
124104  -48.527  19.169  50.598 0.0000000000
147076  -40.908  49.903  44.697 0.0000000000
147077  -41.601  49.882  44.039 0.0000000000
147078  -42.240  49.301  43.667 0.0000000000
147088  -42.420  49.468  42.660 0.0000000000
142043  -42.557  41.694  38.732 0.0000000000
142054  -44.210  41.658  36.522 0.0000000000
142055  -45.295  41.657  36.429 0.0000000000
142707  -46.956  42.632  36.213 0.0000000000
142708  -48.072  42.684  36.386 0.0000000000
143378  -46.020  44.574  35.844 0.0000000000
127150  -42.940  23.019  45.871 0.0000000000
127142  -43.366  22.568  46.267 0.0000000000
128119  -44.065  23.254  46.244 0.0000000000
128132  -44.600  24.368  46.224 0.0000000000
129907  -45.045  25.430  46.236 0.0000000000
137287  -42.984  34.209  43.364 0.0000000000
136475  -43.205  33.452  42.623 0.0000000000
136559  -46.652  33.526  35.968 0.0000000000
136558  -45.656  33.315  36.213 0.0000000000
135741  -45.861  32.615  35.660 0.0000000000
135740  -45.053  32.552  36.131 0.0000000000
134915  -44.473  31.633  36.540 0.0000000000
134070  -44.478  30.426  37.121 0.0000000000
134053  -44.098  30.223  37.910 0.0000000000
133307  -43.931  29.850  38.593 0.0000000000
131721  -44.196  28.230  40.049 0.0000000000
131707  -44.162  28.699  40.337 0.0000000000
132547  -44.516  28.438  39.722 0.0000000000
130817  -47.657  26.971  43.439 0.0000000000
130825  -47.268  27.114  42.709 0.0000000000
130824  -46.854  26.898  42.158 0.0000000000
129948  -46.272  26.181  41.857 0.0000000000
129956  -46.414  26.530  40.610 0.0000000000
130018  -43.896  25.564  36.410 0.0000000000
129998  -43.049  25.629  37.073 0.0000000000
129150  -42.474  25.281  37.656 0.0000000000
128203  -41.096  24.019  38.977 0.0000000000
128185  -40.406  23.184  39.309 0.0000000000
127211  -39.763  22.436  39.434 0.0000000000
140731  -47.943  39.025  43.087 0.0000000000
140026  -47.418  38.360  43.245 0.0000000000
139320  -48.196  37.392  43.202 0.0000000000
138687  -48.417  36.289  43.164 0.0000000000
137297  -48.659  35.278  42.436 0.0000000000
138703  -49.615  35.786  41.729 0.0000000000
138034  -49.309  35.002  41.948 0.0000000000
137304  -49.055  34.651  41.626 0.0000000000
136499  -48.386  33.888  39.436 0.0000000000
136511  -48.374  33.802  39.074 0.0000000000
137348  -47.643  33.885  37.539 0.0000000000
137349  -50.850  33.925  37.738 0.0000000000
136532  -50.518  33.449  37.893 0.0000000000
136573  -50.111  33.098  34.936 0.0000000000
136562  -50.007  33.365  35.927 0.0000000000
136531  -49.985  33.195  38.027 0.0000000000
136546  -49.233  33.476  37.069 0.0000000000
136560  -47.956  33.581  36.031 0.0000000000
137372  -47.365  33.784  36.329 0.0000000000
135742  -46.899  32.671  35.053 0.0000000000
134930  -46.502  31.590  34.695 0.0000000000
134092  -46.577  30.943  34.529 0.0000000000
134102  -47.554  30.554  33.651 0.0000000000
134101  -46.886  30.231  34.164 0.0000000000
134100  -46.407  29.851  34.773 0.0000000000
133341  -46.432  29.084  35.485 0.0000000000
132585  -46.896  28.233  35.698 0.0000000000
131741  -47.253  27.192  36.640 0.0000000000
130900  -47.384  25.999  35.348 0.0000000000
130917  -47.500  26.198  34.394 0.0000000000
130037  -46.333  25.697  34.946 0.0000000000
130898  -45.521  25.846  35.324 0.0000000000
130897  -44.848  26.043  35.501 0.0000000000
133381  -48.297  28.857  31.078 0.0000000000
131789  -46.654  26.994  32.365 0.0000000000
131788  -45.676  27.253  32.446 0.0000000000
130933  -46.241  26.834  32.752 0.0000000000
120503  -49.644  15.318  51.803 0.0000000000
121452  -49.935  16.234  51.335 0.0000000000
122357  -50.190  17.221  51.263 0.0000000000
122375  -50.474  17.448  50.464 0.0000000000
122377  -50.601  17.466  49.449 0.0000000000
123226  -49.912  18.953  47.323 0.0000000000
124135  -49.616  19.738  46.762 0.0000000000
125146  -49.629  20.601  46.286 0.0000000000
126144  -49.986  21.364  46.672 0.0000000000
126150  -50.514  22.068  46.142 0.0000000000
127145  -50.837  22.920  46.631 0.0000000000
128123  -51.201  23.660  46.409 0.0000000000
128112  -51.324  24.261  46.449 0.0000000000
143933  -39.382  45.007  44.409 0.0000000000
144584  -40.778  45.581  44.576 0.0000000000
143934  -40.122  45.207  44.162 0.0000000000
143279  -39.287  44.124  43.254 0.0000000000
143290  -39.677  43.750  42.570 0.0000000000
142660  -39.735  42.288  41.566 0.0000000000
142019  -40.214  41.362  41.162 0.0000000000
142020  -41.302  41.303  41.461 0.0000000000
141376  -42.962  40.428  41.694 0.0000000000
142643  -43.348  42.928  42.314 0.0000000000
142022  -43.679  41.546  42.223 0.0000000000
141377  -43.862  40.413  41.960 0.0000000000
141378  -44.452  40.287  42.226 0.0000000000
141364  -45.156  40.662  42.423 0.0000000000
141365  -46.155  40.613  42.756 0.0000000000
146496  -43.088  48.427  42.116 0.0000000000
145901  -44.508  46.955  42.122 0.0000000000
144610  -44.948  45.294  42.108 0.0000000000
143970  -45.538  44.171  42.395 0.0000000000
144643  -45.462  44.971  40.990 0.0000000000
143979  -45.918  44.243  41.789 0.0000000000
143971  -45.938  43.669  42.429 0.0000000000
142646  -46.015  42.511  42.537 0.0000000000
142010  -46.440  41.475  42.401 0.0000000000
141366  -47.160  40.462  43.058 0.0000000000
141358  -47.783  39.552  42.750 0.0000000000
140754  -48.295  38.826  42.183 0.0000000000
140047  -48.299  38.394  41.556 0.0000000000
140758  -46.883  39.566  40.697 0.0000000000
140053  -47.677  38.762  40.936 0.0000000000
139347  -47.965  37.859  40.516 0.0000000000
139356  -48.264  37.244  40.347 0.0000000000
138734  -48.018  36.679  39.277 0.0000000000
141389  -43.334  40.980  39.174 0.0000000000
140766  -44.460  39.586  38.874 0.0000000000
140072  -45.311  38.710  38.212 0.0000000000
140770  -45.513  39.356  37.380 0.0000000000
140073  -46.176  38.399  37.730 0.0000000000
139365  -46.711  37.783  38.301 0.0000000000
138742  -48.433  36.436  37.712 0.0000000000
138067  -49.115  36.153  37.626 0.0000000000
138081  -49.935  36.240  36.624 0.0000000000
138768  -50.541  36.700  35.403 0.0000000000
139389  -50.449  37.743  35.807 0.0000000000
138780  -50.747  36.700  34.421 0.0000000000
138795  -50.375  36.735  33.556 0.0000000000
141424  -50.190  39.947  34.068 0.0000000000
141432  -49.782  39.728  33.719 0.0000000000
142709  -48.999  42.709  36.261 0.0000000000
143369  -49.086  43.394  35.882 0.0000000000
143380  -49.091  43.678  35.327 0.0000000000
123181  -45.824  18.420  52.867 0.0000000000
124090  -45.245  19.070  52.300 0.0000000000
123196  -45.668  18.262  51.753 0.0000000000
122328  -46.284  17.786  52.235 0.0000000000
122372  -47.009  18.028  50.955 0.0000000000
123219  -47.208  18.795  50.149 0.0000000000
124103  -48.097  19.252  50.273 0.0000000000
124119  -43.391  19.647  48.570 0.0000000000
124128  -43.996  19.794  47.974 0.0000000000
124129  -44.885  19.755  48.049 0.0000000000
126132  -45.351  21.447  47.234 0.0000000000
125140  -45.837  20.424  47.900 0.0000000000
125131  -46.179  19.944  48.378 0.0000000000
124123  -47.096  19.877  49.106 0.0000000000
125133  -47.956  20.571  49.249 0.0000000000
125126  -48.745  20.584  49.739 0.0000000000
126117  -48.858  21.448  49.436 0.0000000000
127114  -49.276  21.915  49.370 0.0000000000
127128  -49.368  22.673  49.032 0.0000000000
128096  -49.609  23.585  48.580 0.0000000000
129046  -51.157  24.919  46.830 0.0000000000
132503  -37.698  28.795  43.279 0.0000000000
131676  -38.327  27.546  43.233 0.0000000000
130811  -38.804  26.844  43.596 0.0000000000
139318  -46.812  37.525  43.225 0.0000000000
138017  -45.813  35.303  42.589 0.0000000000
138044  -46.625  35.088  41.357 0.0000000000
138031  -45.907  35.090  41.699 0.0000000000
137295  -44.620  34.518  42.380 0.0000000000
136476  -43.923  33.796  42.522 0.0000000000
136481  -43.286  33.535  41.826 0.0000000000
136528  -45.111  34.053  37.546 0.0000000000
136527  -44.486  33.969  37.920 0.0000000000
136510  -44.143  34.051  38.523 0.0000000000
135717  -43.277  32.938  37.795 0.0000000000
135705  -42.859  33.103  38.576 0.0000000000
136509  -43.485  33.766  38.817 0.0000000000
136497  -42.516  33.458  39.983 0.0000000000
136488  -42.572  33.337  41.048 0.0000000000
136487  -41.811  33.002  41.151 0.0000000000
135692  -41.047  32.510  41.210 0.0000000000
134869  -40.389  31.426  40.738 0.0000000000
134868  -39.877  30.806  40.957 0.0000000000
134034  -40.635  30.368  40.128 0.0000000000
133279  -40.006  29.618  40.887 0.0000000000
133275  -39.638  29.249  41.368 0.0000000000
132518  -39.408  28.531  41.879 0.0000000000
131677  -39.195  27.342  43.040 0.0000000000
130812  -39.635  26.909  43.638 0.0000000000
130799  -40.945  26.457  44.277 0.0000000000
129930  -41.352  25.726  44.585 0.0000000000
129931  -42.499  25.631  44.924 0.0000000000
131668  -42.222  27.161  44.081 0.0000000000
129932  -43.004  26.028  45.138 0.0000000000
130786  -43.584  26.351  45.226 0.0000000000
129918  -45.287  26.106  46.160 0.0000000000
130780  -45.585  26.312  46.296 0.0000000000
132523  -44.665  28.516  41.631 0.0000000000
131683  -45.336  28.041  43.796 0.0000000000
133264  -46.390  28.877  43.927 0.0000000000
132486  -45.794  28.333  44.239 0.0000000000
132476  -45.640  27.924  44.571 0.0000000000
131659  -46.324  27.629  45.892 0.0000000000
130789  -46.070  27.073  46.225 0.0000000000
130782  -46.905  26.666  47.065 0.0000000000
130766  -47.471  26.597  47.270 0.0000000000
130767  -48.242  26.504  47.465 0.0000000000
132466  -49.378  28.257  46.631 0.0000000000
132451  -49.732  27.992  47.093 0.0000000000
131636  -50.201  27.238  47.419 0.0000000000
129911  -51.351  25.812  46.235 0.0000000000
129922  -51.983  25.549  45.172 0.0000000000
130806  -51.759  26.144  44.782 0.0000000000
130820  -51.749  26.034  44.125 0.0000000000
129944  -51.334  25.552  43.589 0.0000000000
129936  -50.663  25.883  44.521 0.0000000000
129077  -50.780  25.331  43.865 0.0000000000
129085  -50.730  24.775  43.172 0.0000000000
128146  -50.113  24.041  42.957 0.0000000000
128152  -49.840  23.378  42.435 0.0000000000
130803  -47.924  26.740  43.991 0.0000000000
129933  -47.876  26.264  44.208 0.0000000000
129074  -47.892  25.170  44.455 0.0000000000
128137  -47.660  24.597  44.214 0.0000000000
128138  -48.093  24.334  44.252 0.0000000000
128144  -48.569  23.666  43.623 0.0000000000
127187  -49.094  22.167  41.999 0.0000000000
126170  -48.476  21.558  42.052 0.0000000000
125173  -46.440  20.747  41.701 0.0000000000
125184  -46.048  20.353  41.311 0.0000000000
130865  -47.163  26.319  37.702 0.0000000000
129981  -46.176  24.805  38.462 0.0000000000
129109  -45.143  23.952  39.829 0.0000000000
128172  -44.644  23.548  40.371 0.0000000000
129999  -43.879  25.024  36.944 0.0000000000
128205  -42.850  23.633  39.018 0.0000000000
129134  -43.702  24.068  38.809 0.0000000000
129119  -44.174  23.930  39.410 0.0000000000
128161  -44.492  23.127  41.017 0.0000000000
127185  -44.013  22.361  41.210 0.0000000000
126177  -43.873  21.398  41.333 0.0000000000
125170  -43.712  20.543  41.079 0.0000000000
119526  -48.426  15.036  53.831 0.0000000000
119559  -49.441  14.670  51.403 0.0000000000
120483  -49.140  15.256  53.226 0.0000000000
120489  -49.481  15.270  52.627 0.0000000000
121432  -49.094  16.212  52.719 0.0000000000
122352  -46.380  18.030  51.330 0.0000000000
122371  -46.514  18.185  50.819 0.0000000000
122374  -48.161  17.789  51.562 0.0000000000
123210  -46.832  18.399  50.446 0.0000000000
123211  -47.708  18.652  50.566 0.0000000000
123213  -49.340  18.450  51.288 0.0000000000
123216  -44.862  18.824  49.285 0.0000000000
123222  -44.994  18.954  48.818 0.0000000000
124108  -42.962  19.947  49.010 0.0000000000
124111  -46.100  19.175  48.925 0.0000000000
124114  -48.423  19.729  50.095 0.0000000000
124118  -42.807  20.042  48.484 0.0000000000
124121  -45.550  19.324  48.554 0.0000000000
124122  -46.424  19.640  48.735 0.0000000000
124126  -42.708  20.123  48.042 0.0000000000
124127  -43.150  19.898  47.936 0.0000000000
125086  -44.762  20.716  52.423 0.0000000000
125087  -45.337  20.692  53.163 0.0000000000
125125  -48.238  20.076  49.719 0.0000000000
125134  -48.587  21.051  49.395 0.0000000000
125141  -46.572  20.880  47.963 0.0000000000
126118  -49.149  21.286  49.564 0.0000000000
126123  -47.036  21.213  48.038 0.0000000000
126142  -43.716  21.820  46.732 0.0000000000
126167  -45.816  22.044  42.473 0.0000000000
126206  -41.404  21.562  40.167 0.0000000000
127092  -44.535  22.515  52.334 0.0000000000
127113  -49.013  21.763  49.411 0.0000000000
127195  -41.777  21.718  40.092 0.0000000000
128110  -48.871  23.925  48.342 0.0000000000
128129  -42.161  23.785  45.481 0.0000000000
128134  -52.337  24.062  44.234 0.0000000000
128143  -47.367  24.060  43.892 0.0000000000
128145  -49.501  23.702  43.280 0.0000000000
128173  -45.176  23.877  40.312 0.0000000000
128206  -43.197  23.536  39.190 0.0000000000
129027  -49.069  24.216  48.249 0.0000000000
129051  -44.980  24.935  46.337 0.0000000000
129064  -52.040  24.637  45.187 0.0000000000
129073  -42.202  24.874  44.900 0.0000000000
129880  -48.978  24.646  47.965 0.0000000000
129895  -46.916  25.207  47.411 0.0000000000
129908  -45.519  25.699  46.415 0.0000000000
129915  -42.871  25.394  45.169 0.0000000000
129916  -43.373  25.775  45.329 0.0000000000
129917  -44.664  25.650  45.929 0.0000000000
129927  -38.887  25.709  44.536 0.0000000000
129929  -40.401  25.718  44.432 0.0000000000
129938  -52.409  25.097  44.429 0.0000000000
130017  -43.460  25.858  36.485 0.0000000000
130022  -47.257  25.642  35.909 0.0000000000
130038  -46.509  25.584  35.105 0.0000000000
130769  -49.870  26.589  47.746 0.0000000000
130770  -50.510  26.644  47.387 0.0000000000
130781  -46.170  26.645  46.551 0.0000000000
130798  -40.058  26.332  44.063 0.0000000000
130802  -43.910  27.015  44.969 0.0000000000
130815  -41.956  27.100  44.006 0.0000000000
130827  -46.383  26.412  41.408 0.0000000000
130835  -44.031  28.063  40.114 0.0000000000
130836  -44.287  28.118  40.091 0.0000000000
130848  -44.186  28.060  39.919 0.0000000000
130849  -44.238  27.850  39.891 0.0000000000
130899  -47.152  25.804  34.931 0.0000000000
130926  -46.621  26.266  33.735 0.0000000000
131632  -47.270  27.102  47.147 0.0000000000
131634  -48.707  27.383  47.417 0.0000000000
131635  -49.580  27.418  47.442 0.0000000000
131649  -46.379  27.249  46.391 0.0000000000
131651  -47.750  28.160  46.954 0.0000000000
131652  -50.143  27.712  47.208 0.0000000000
131657  -44.299  27.184  44.970 0.0000000000
131664  -50.953  27.577  46.404 0.0000000000
131671  -45.176  27.671  44.175 0.0000000000
131678  -40.072  27.470  43.114 0.0000000000
131690  -39.591  27.861  42.363 0.0000000000
131694  -43.224  28.103  43.016 0.0000000000
131696  -47.293  27.654  42.423 0.0000000000
131698  -39.835  28.111  41.929 0.0000000000
131699  -40.074  27.946  42.020 0.0000000000
131700  -41.934  28.065  42.099 0.0000000000
131701  -42.179  28.062  42.317 0.0000000000
131708  -44.201  28.305  40.085 0.0000000000
131722  -44.136  27.986  39.995 0.0000000000
131750  -47.257  27.493  35.895 0.0000000000
131798  -47.333  27.449  31.997 0.0000000000
132449  -48.341  28.020  47.137 0.0000000000
132467  -50.237  27.986  46.773 0.0000000000
132468  -50.668  27.769  46.591 0.0000000000
132481  -50.569  27.855  46.377 0.0000000000
132482  -50.768  27.758  46.482 0.0000000000
132488  -47.595  28.816  44.326 0.0000000000
132493  -37.740  28.134  43.326 0.0000000000
132505  -38.932  28.267  42.295 0.0000000000
132506  -40.598  28.055  42.026 0.0000000000
132509  -43.356  28.276  42.612 0.0000000000
132520  -41.407  28.262  41.769 0.0000000000
132603  -48.228  28.111  33.035 0.0000000000
132614  -48.954  28.759  31.983 0.0000000000
133248  -46.857  28.760  44.989 0.0000000000
133255  -46.195  28.735  44.147 0.0000000000
133256  -46.859  28.943  44.496 0.0000000000
133258  -47.871  29.085  44.825 0.0000000000
133276  -40.319  29.032  41.111 0.0000000000
133280  -40.771  29.403  40.567 0.0000000000
133309  -45.303  29.002  37.863 0.0000000000
133317  -44.858  29.513  37.461 0.0000000000
133347  -46.246  29.590  35.137 0.0000000000
133348  -46.715  29.161  34.855 0.0000000000
133349  -47.169  28.750  34.600 0.0000000000
133382  -49.108  29.198  31.511 0.0000000000
133383  -49.906  29.829  31.650 0.0000000000
133389  -49.313  29.765  30.806 0.0000000000
134024  -39.371  30.762  41.715 0.0000000000
134029  -39.518  30.271  41.218 0.0000000000
134115  -50.315  30.586  32.764 0.0000000000
134122  -49.784  29.700  32.349 0.0000000000
134130  -48.954  30.477  30.444 0.0000000000
134132  -50.265  30.457  31.498 0.0000000000
134137  -48.708  29.776  30.571 0.0000000000
134139  -49.542  30.319  30.679 0.0000000000
134140  -50.060  30.665  30.964 0.0000000000
134863  -40.155  31.698  41.943 0.0000000000
134897  -42.872  31.809  37.709 0.0000000000
134898  -43.635  31.843  37.158 0.0000000000
134960  -51.076  31.567  32.139 0.0000000000
134972  -50.485  31.266  31.269 0.0000000000
134973  -50.838  31.424  31.742 0.0000000000
134983  -49.290  30.581  30.489 0.0000000000
134984  -49.696  30.893  30.651 0.0000000000
135679  -40.667  32.176  43.248 0.0000000000
135680  -41.314  32.606  43.039 0.0000000000
135728  -44.417  32.699  36.564 0.0000000000
135776  -48.140  31.581  33.715 0.0000000000
135780  -51.435  32.373  33.118 0.0000000000
135815  -50.467  32.204  31.218 0.0000000000
136470  -43.139  33.605  43.174 0.0000000000
136471  -43.733  33.692  43.060 0.0000000000
136473  -41.915  33.038  43.107 0.0000000000
136474  -42.464  33.133  42.828 0.0000000000
136479  -41.714  32.840  41.834 0.0000000000
136480  -42.461  33.123  41.993 0.0000000000
136482  -44.040  33.932  41.718 0.0000000000
136483  -49.965  33.569  41.042 0.0000000000
136484  -50.156  33.581  40.885 0.0000000000
136491  -49.964  33.555  40.717 0.0000000000
136496  -41.920  33.215  40.437 0.0000000000
136498  -43.381  33.690  39.822 0.0000000000
136500  -48.790  33.869  39.546 0.0000000000
136501  -49.662  33.687  39.975 0.0000000000
136502  -50.355  33.557  39.787 0.0000000000
136513  -49.867  33.504  38.977 0.0000000000
136526  -43.770  33.749  38.047 0.0000000000
136529  -48.381  33.714  38.248 0.0000000000
136543  -45.487  33.857  36.912 0.0000000000
136544  -46.184  33.806  36.572 0.0000000000
136547  -50.088  33.005  36.969 0.0000000000
136609  -50.426  33.390  31.430 0.0000000000
137288  -43.715  34.068  43.370 0.0000000000
137298  -48.933  35.063  42.161 0.0000000000
137301  -44.720  34.263  41.508 0.0000000000
137302  -45.330  34.591  41.217 0.0000000000
137305  -49.863  33.860  41.137 0.0000000000
137306  -50.390  33.722  40.823 0.0000000000
137313  -48.931  34.185  40.726 0.0000000000
137315  -50.556  33.690  40.343 0.0000000000
137319  -44.831  34.270  39.737 0.0000000000
137323  -49.139  33.984  40.127 0.0000000000
137324  -49.482  33.796  40.256 0.0000000000
137329  -44.246  34.171  39.122 0.0000000000
137331  -45.890  34.316  38.838 0.0000000000
137333  -47.670  33.903  38.506 0.0000000000
137346  -45.950  34.342  37.832 0.0000000000
137361  -47.651  33.797  36.706 0.0000000000
137373  -47.647  33.717  36.349 0.0000000000
137384  -51.395  34.411  33.869 0.0000000000
137422  -50.032  33.930  31.461 0.0000000000
137423  -50.330  33.907  31.518 0.0000000000
138002  -47.624  36.055  43.439 0.0000000000
138018  -47.019  35.439  42.862 0.0000000000
138020  -49.112  35.392  42.282 0.0000000000
138021  -49.489  35.423  41.943 0.0000000000
138032  -46.685  35.248  42.126 0.0000000000
138035  -49.970  34.830  41.571 0.0000000000
138047  -50.679  34.095  40.616 0.0000000000
138122  -51.206  35.138  32.961 0.0000000000
138135  -50.532  35.207  32.385 0.0000000000
138667  -46.457  36.853  43.305 0.0000000000
138668  -47.024  36.498  43.385 0.0000000000
138670  -48.443  36.781  43.106 0.0000000000
138689  -49.321  35.843  42.195 0.0000000000
138714  -49.831  35.739  40.915 0.0000000000
138724  -48.183  36.789  39.707 0.0000000000
138735  -48.530  36.154  38.811 0.0000000000
138743  -49.066  36.399  37.289 0.0000000000
139319  -47.582  37.405  43.295 0.0000000000
139339  -48.847  37.269  41.988 0.0000000000
139366  -47.264  37.086  38.787 0.0000000000
139376  -46.811  37.961  37.785 0.0000000000
139377  -47.507  37.463  37.585 0.0000000000
139432  -50.387  37.736  33.628 0.0000000000
140027  -47.989  38.146  43.209 0.0000000000
140028  -48.277  38.044  42.902 0.0000000000
140035  -46.727  38.586  43.188 0.0000000000
140046  -47.983  38.863  41.392 0.0000000000
140054  -48.187  38.168  40.971 0.0000000000
140057  -45.289  39.183  39.510 0.0000000000
140058  -46.244  38.884  39.743 0.0000000000
140062  -44.861  39.142  39.230 0.0000000000
140063  -45.324  38.704  39.058 0.0000000000
140071  -44.814  38.993  38.673 0.0000000000
140085  -47.324  38.604  37.053 0.0000000000
140730  -47.289  39.354  43.256 0.0000000000
140732  -48.170  38.501  43.022 0.0000000000
140740  -48.029  39.305  42.509 0.0000000000
140753  -47.887  39.356  41.679 0.0000000000
140759  -47.480  39.408  41.153 0.0000000000
140761  -44.904  39.684  39.525 0.0000000000
140763  -46.195  39.762  40.145 0.0000000000
140771  -46.140  38.932  37.217 0.0000000000
140775  -45.780  39.876  36.908 0.0000000000
140792  -50.102  39.690  33.830 0.0000000000
140793  -50.375  39.396  34.146 0.0000000000
140806  -49.537  39.304  33.648 0.0000000000
140807  -50.017  39.225  33.586 0.0000000000
141357  -47.588  39.730  42.939 0.0000000000
141367  -47.591  40.085  42.404 0.0000000000
141380  -47.486  40.182  41.729 0.0000000000
141386  -46.188  40.409  40.557 0.0000000000
141396  -43.162  40.847  38.546 0.0000000000
141399  -42.811  40.980  37.862 0.0000000000
141406  -44.862  40.818  36.741 0.0000000000
141416  -50.289  40.106  34.495 0.0000000000
141431  -49.372  39.908  33.701 0.0000000000
142023  -44.408  40.955  42.177 0.0000000000
142032  -45.749  41.906  40.899 0.0000000000
142033  -46.247  41.135  41.012 0.0000000000
142036  -42.900  41.885  39.241 0.0000000000
142044  -43.018  41.219  39.036 0.0000000000
142622  -38.094  43.254  43.820 0.0000000000
142638  -37.836  42.201  42.385 0.0000000000
142642  -41.702  43.065  42.137 0.0000000000
142663  -42.946  42.276  41.993 0.0000000000
142664  -43.536  42.323  42.315 0.0000000000
142665  -46.192  42.347  41.279 0.0000000000
142676  -44.477  43.142  40.284 0.0000000000
142677  -45.206  42.711  40.626 0.0000000000
142679  -46.291  42.764  41.216 0.0000000000
143268  -39.104  44.329  43.834 0.0000000000
143291  -40.678  43.749  42.459 0.0000000000
143296  -45.725  43.325  42.642 0.0000000000
143308  -38.957  43.277  42.327 0.0000000000
143309  -39.451  42.962  42.048 0.0000000000
143311  -42.616  42.908  42.144 0.0000000000
143313  -46.336  43.484  41.691 0.0000000000
143326  -44.384  43.738  40.302 0.0000000000
143328  -45.858  43.618  40.943 0.0000000000
143329  -46.300  43.106  41.214 0.0000000000
143920  -39.102  45.289  45.091 0.0000000000
143948  -39.761  44.670  43.621 0.0000000000
143952  -42.924  45.517  43.347 0.0000000000
143964  -39.713  44.297  43.087 0.0000000000
143967  -42.123  44.563  42.935 0.0000000000
143980  -46.083  43.820  42.180 0.0000000000
143995  -45.774  44.400  41.197 0.0000000000
144008  -43.655  44.381  40.211 0.0000000000
144027  -48.468  44.167  35.699 0.0000000000
144569  -40.998  46.118  45.397 0.0000000000
144570  -41.315  46.339  45.287 0.0000000000
144585  -41.314  46.134  44.872 0.0000000000
144594  -41.145  45.372  43.990 0.0000000000
144611  -45.544  44.669  41.982 0.0000000000
144623  -45.492  44.857  41.545 0.0000000000
144639  -42.042  45.928  40.203 0.0000000000
144642  -44.903  45.195  40.676 0.0000000000
145219  -41.364  46.700  45.523 0.0000000000
145231  -41.547  46.549  45.091 0.0000000000
145239  -41.708  46.416  44.601 0.0000000000
145241  -43.146  46.622  43.519 0.0000000000
145249  -43.856  46.521  43.066 0.0000000000
145250  -44.417  46.416  42.414 0.0000000000
145261  -44.379  46.976  41.038 0.0000000000
145866  -41.514  47.641  45.583 0.0000000000
145867  -42.062  48.065  45.351 0.0000000000
145883  -42.254  47.592  44.823 0.0000000000
145892  -43.558  47.052  43.224 0.0000000000
145910  -44.106  47.379  41.387 0.0000000000
145911  -44.408  47.162  41.869 0.0000000000
146466  -41.753  48.518  45.411 0.0000000000
146467  -42.272  48.538  45.059 0.0000000000
146479  -40.623  48.892  45.348 0.0000000000
146497  -43.627  47.782  41.812 0.0000000000
147058  -41.242  49.012  45.458 0.0000000000
147059  -41.468  49.037  45.368 0.0000000000
147070  -41.151  49.257  45.328 0.0000000000
147071  -41.535  49.485  44.942 0.0000000000
147072  -42.075  49.210  44.578 0.0000000000
147087  -41.973  49.946  43.229 0.0000000000
147694  -42.005  50.160  42.632 0.0000000000
