#!ascii label  , from subject 3307 vox2ras=TkReg
1542
105624  23.833  3.667  -18.138 0.2500000000
104284  25.158  3.090  -19.097 0.2500000000
104270  24.955  2.351  -18.773 0.7500000000
109746  23.833  6.594  -19.497 0.2500000000
108357  23.903  5.748  -19.400 0.1250000000
108355  25.610  5.800  -19.786 0.3750000000
106986  24.115  5.193  -19.242 0.2500000000
106969  24.403  4.136  -19.077 0.2500000000
105636  26.510  3.408  -19.540 0.7500000000
105638  24.944  3.644  -19.290 0.3750000000
104269  25.399  2.033  -18.874 0.8750000000
104283  25.806  2.304  -19.253 0.8750000000
102949  26.697  1.424  -19.339 0.8750000000
107005  26.237  5.469  -20.054 0.3750000000
106984  26.066  4.591  -19.807 0.3750000000
106983  27.085  4.242  -19.849 0.8750000000
105637  25.537  3.584  -19.421 0.7500000000
105632  29.939  2.350  -20.058 1.0000000000
105634  28.471  3.126  -19.758 1.0000000000
102947  28.345  1.608  -20.225 1.0000000000
105635  27.532  3.290  -19.594 0.8750000000
102964  29.755  1.130  -20.713 1.0000000000
109745  24.875  6.763  -20.124 0.2500000000
108375  26.515  5.920  -20.246 0.7500000000
108373  28.162  5.644  -20.407 0.8750000000
107002  28.603  4.633  -20.107 0.8750000000
107004  26.759  5.142  -20.234 0.7500000000
105649  30.367  2.896  -20.150 1.0000000000
106980  29.370  3.562  -19.946 1.0000000000
107001  29.622  3.923  -20.254 1.0000000000
102988  31.261  1.577  -20.480 1.0000000000
105687  31.158  2.172  -20.820 1.0000000000
102963  29.833  1.243  -20.899 1.0000000000
104279  29.501  2.139  -20.288 1.0000000000
111069  23.380  7.122  -18.817 0.1250000000
108354  26.195  6.362  -19.955 0.6250000000
108372  29.184  5.361  -20.447 1.0000000000
108374  27.211  5.843  -20.430 0.8750000000
104328  32.719  2.299  -21.932 1.0000000000
104294  32.231  2.647  -20.610 1.0000000000
107000  30.760  3.985  -20.683 1.0000000000
102987  33.033  1.555  -22.235 1.0000000000
104309  31.709  1.966  -20.305 1.0000000000
102985  35.099  0.916  -22.861 1.0000000000
101638  32.810  1.046  -21.788 1.0000000000
116217  23.727  10.920  -20.497 0.2500000000
109769  24.972  7.536  -20.488 0.2500000000
111120  25.516  7.863  -20.493 0.3750000000
111091  25.646  7.377  -20.165 0.5000000000
111117  28.355  7.465  -20.154 1.0000000000
111118  27.261  7.619  -20.081 0.6250000000
109765  28.780  6.459  -20.334 1.0000000000
108370  31.500  5.148  -20.547 1.0000000000
109764  29.807  6.338  -20.382 1.0000000000
104346  34.113  2.037  -23.372 1.0000000000
105664  33.453  2.872  -21.756 1.0000000000
108388  32.746  4.899  -20.549 1.0000000000
104345  35.037  2.471  -23.763 1.0000000000
103010  34.546  1.596  -23.391 1.0000000000
103026  35.892  2.267  -24.123 1.0000000000
103009  35.814  1.244  -23.592 1.0000000000
114954  25.977  10.388  -20.291 0.5000000000
114956  24.363  10.302  -20.352 0.3750000000
113757  25.563  9.453  -20.309 0.3750000000
112437  25.918  8.639  -20.436 0.5000000000
113755  27.403  9.406  -19.950 0.5000000000
112434  29.064  8.364  -20.115 0.8750000000
111116  29.592  7.268  -20.388 1.0000000000
113735  30.481  8.670  -19.816 1.0000000000
108369  32.354  5.664  -20.321 1.0000000000
111114  31.093  6.888  -20.403 1.0000000000
105662  35.195  3.736  -22.384 1.0000000000
108387  33.583  4.693  -20.622 1.0000000000
104374  37.672  3.224  -24.683 1.0000000000
104364  35.834  2.952  -24.235 1.0000000000
103024  37.462  2.141  -24.086 0.8750000000
116215  25.448  11.378  -20.359 0.5000000000
113756  26.434  9.449  -20.284 0.5000000000
114952  27.942  10.378  -19.554 0.6250000000
113752  31.100  9.713  -20.101 0.6250000000
113753  29.960  9.262  -19.772 1.0000000000
111087  32.290  7.566  -19.711 1.0000000000
108413  37.101  5.390  -23.349 1.0000000000
108384  36.123  5.773  -22.014 1.0000000000
109779  34.839  5.836  -20.890 1.0000000000
109760  34.079  6.463  -20.151 1.0000000000
107047  36.856  4.781  -23.613 1.0000000000
107031  36.036  4.446  -22.700 1.0000000000
107013  35.414  4.355  -22.104 1.0000000000
107071  37.409  4.057  -25.181 0.8750000000
107062  36.501  4.267  -24.720 1.0000000000
104361  38.385  3.172  -24.350 0.8750000000
114951  29.163  10.395  -19.609 0.8750000000
113750  33.285  9.954  -20.465 1.0000000000
113732  32.819  9.181  -19.958 1.0000000000
109796  36.317  6.347  -22.364 1.0000000000
112430  35.406  8.003  -21.173 1.0000000000
111112  33.550  7.507  -19.874 1.0000000000
111163  35.841  7.664  -23.517 1.0000000000
107070  38.584  4.512  -25.446 1.0000000000
107061  37.672  4.753  -24.517 1.0000000000
111162  36.407  6.942  -23.030 1.0000000000
108419  38.386  5.246  -24.802 1.0000000000
116213  27.469  11.355  -19.964 0.5000000000
116212  28.548  11.373  -19.826 0.8750000000
114950  30.342  10.527  -19.997 1.0000000000
116227  33.455  11.343  -21.667 1.0000000000
114949  31.483  10.766  -20.284 1.0000000000
113805  34.148  9.720  -24.055 1.0000000000
113794  34.745  9.614  -23.279 1.0000000000
111177  34.982  8.194  -24.721 1.0000000000
112484  34.896  8.770  -23.783 1.0000000000
112471  35.329  8.253  -22.785 1.0000000000
111174  38.161  6.786  -24.894 1.0000000000
111164  35.419  8.181  -24.011 1.0000000000
109818  38.425  6.172  -25.238 0.8750000000
122351  31.229  16.202  -21.235 1.0000000000
120021  29.272  15.450  -19.771 0.3750000000
121222  31.585  15.317  -21.443 0.8750000000
117438  32.909  12.957  -21.615 1.0000000000
113806  33.588  10.165  -24.256 1.0000000000
116268  33.274  11.213  -23.826 1.0000000000
123474  30.187  17.509  -22.586 0.8750000000
122374  30.853  16.285  -23.028 1.0000000000
122373  31.504  15.646  -22.668 1.0000000000
121230  31.697  15.015  -22.277 1.0000000000
121241  31.772  15.151  -23.222 1.0000000000
118782  32.443  13.271  -22.766 1.0000000000
115014  32.662  10.741  -24.970 1.0000000000
116278  32.195  11.345  -25.135 1.0000000000
113818  32.487  10.265  -25.295 1.0000000000
124612  30.028  17.988  -22.117 0.7500000000
121242  30.853  15.544  -23.808 1.0000000000
120075  30.863  14.199  -24.447 1.0000000000
117483  30.586  12.457  -25.487 1.0000000000
118805  31.432  13.064  -24.569 1.0000000000
117471  31.923  12.495  -24.349 1.0000000000
122386  30.166  16.530  -24.299 1.0000000000
121254  30.582  15.270  -24.665 1.0000000000
118806  30.780  13.318  -24.898 1.0000000000
132854  25.630  25.028  -23.482 0.1250000000
132855  25.303  25.657  -23.195 0.1250000000
130676  25.035  23.752  -24.668 0.2500000000
131826  25.447  24.718  -24.299 0.1250000000
130687  24.440  23.453  -25.761 0.3750000000
131827  24.751  25.035  -24.674 0.2500000000
130700  24.570  23.003  -26.300 0.5000000000
130688  24.891  24.753  -26.205 0.2500000000
130701  24.600  23.728  -26.873 0.3750000000
132870  24.692  26.299  -24.568 0.2500000000
131836  24.764  25.693  -25.451 0.2500000000
132881  24.947  27.345  -25.531 0.2500000000
130702  24.800  25.199  -27.310 0.2500000000
131861  25.381  26.774  -27.509 0.2500000000
131846  25.089  26.280  -26.436 0.2500000000
130724  25.499  25.889  -28.797 0.3750000000
131873  25.674  27.073  -28.480 0.2500000000
105625  23.428  3.754  -17.747 0.1250000000
106985  24.835  4.514  -19.362 0.2500000000
108344  23.527  5.603  -18.789 0.1250000000
101621  32.469  1.029  -20.760 1.0000000000
112457  35.037  8.883  -21.904 1.0000000000
104260  22.964  2.510  -17.260 0.1250000000
102935  25.385  1.412  -18.721 0.6250000000
101587  25.808  0.416  -18.516 0.7500000000
109729  22.969  6.465  -18.142 0.1250000000
100191  27.286  -0.160  -19.222 1.0000000000
106971  23.172  4.526  -18.029 0.1250000000
101624  29.301  0.556  -20.523 1.0000000000
101622  31.432  0.806  -20.601 1.0000000000
101620  33.510  0.826  -21.145 1.0000000000
111092  24.429  7.852  -19.941 0.3750000000
113759  24.336  9.635  -20.043 0.2500000000
113736  24.126  9.166  -19.842 0.2500000000
103008  37.074  1.180  -24.116 0.8750000000
105720  39.725  3.053  -25.160 0.8750000000
103023  38.536  2.274  -23.900 0.8750000000
107078  39.721  4.526  -26.181 0.8750000000
121200  28.143  15.710  -20.000 0.1250000000
120022  28.787  15.132  -19.611 0.1250000000
117428  27.032  12.321  -20.269 0.3750000000
117425  30.141  12.496  -19.464 0.6250000000
111176  35.984  8.037  -24.549 1.0000000000
107079  39.182  5.041  -25.964 0.8750000000
122335  30.819  16.243  -20.622 0.5000000000
122363  30.602  16.610  -21.925 0.8750000000
120036  29.713  14.757  -19.786 0.3750000000
118749  30.504  13.635  -19.706 0.8750000000
112493  33.482  9.387  -25.486 1.0000000000
113825  33.050  9.563  -25.934 1.0000000000
113826  32.102  9.917  -25.809 1.0000000000
123486  30.101  17.198  -23.592 1.0000000000
116279  31.467  11.653  -25.654 1.0000000000
123487  29.604  17.836  -23.195 0.8750000000
123528  29.206  17.031  -24.756 1.0000000000
121268  29.828  15.289  -25.357 1.0000000000
117484  29.865  12.525  -26.039 1.0000000000
132844  25.316  25.546  -21.873 0.1250000000
130659  25.861  23.747  -23.494 0.1250000000
127023  25.804  20.550  -24.993 0.6250000000
129504  24.569  22.569  -25.809 0.6250000000
128319  24.952  22.121  -27.415 0.5000000000
132869  24.920  25.448  -24.004 0.2500000000
129535  25.365  22.915  -28.138 0.5000000000
133779  25.078  26.613  -24.050 0.2500000000
133800  24.943  27.117  -24.866 0.2500000000
130715  24.934  24.171  -27.899 0.5000000000
130723  25.725  24.630  -28.537 0.5000000000
132880  25.091  28.296  -25.505 0.1250000000
132891  25.160  28.142  -26.599 0.2500000000
132919  25.433  28.396  -28.590 0.2500000000
131872  25.977  26.286  -29.153 0.3750000000
132920  26.569  27.771  -29.089 0.2500000000
105613  23.581  3.118  -17.578 0.1250000000
104271  24.125  2.526  -18.047 0.3750000000
102937  24.003  1.736  -18.076 0.5000000000
106970  24.011  4.435  -18.826 0.1250000000
102950  25.954  1.229  -19.221 0.7500000000
104282  27.066  2.413  -19.360 0.8750000000
101604  27.365  0.661  -19.527 1.0000000000
101603  28.065  0.819  -20.080 1.0000000000
106982  28.068  4.075  -19.607 1.0000000000
104281  27.946  2.395  -19.877 1.0000000000
101623  30.381  0.391  -20.834 1.0000000000
102962  32.037  1.084  -20.443 1.0000000000
109766  27.708  6.650  -20.347 0.8750000000
108371  30.268  5.182  -20.445 1.0000000000
104347  33.736  1.766  -23.204 1.0000000000
106998  32.315  3.560  -20.716 1.0000000000
107017  32.226  4.584  -20.797 1.0000000000
102986  33.822  1.313  -22.772 1.0000000000
102972  34.060  1.083  -21.808 1.0000000000
112410  24.322  8.609  -19.829 0.3750000000
111119  26.311  7.851  -20.060 0.5000000000
109781  30.195  6.797  -20.511 1.0000000000
109763  30.730  6.312  -20.597 1.0000000000
104306  34.491  2.624  -22.266 1.0000000000
107016  32.856  3.724  -20.660 1.0000000000
107015  33.894  3.961  -21.397 1.0000000000
105682  35.312  3.269  -23.227 1.0000000000
103035  37.761  2.954  -23.965 1.0000000000
112435  27.879  8.444  -19.943 0.6250000000
113754  28.540  9.349  -19.702 0.6250000000
111089  30.724  7.787  -20.157 1.0000000000
113734  30.941  8.905  -19.416 1.0000000000
109780  34.090  5.449  -20.472 1.0000000000
108368  33.260  5.641  -20.284 1.0000000000
109741  32.351  7.098  -19.672 1.0000000000
107063  35.913  3.748  -24.465 1.0000000000
105735  38.128  3.685  -25.157 0.8750000000
103006  39.067  1.366  -23.603 0.8750000000
111086  32.971  8.040  -20.005 1.0000000000
109811  37.337  5.965  -23.972 1.0000000000
108400  36.144  5.140  -22.220 1.0000000000
109759  34.983  6.795  -20.853 1.0000000000
109758  35.314  6.932  -21.194 1.0000000000
105734  39.194  3.782  -25.704 0.8750000000
113749  34.431  9.837  -21.110 1.0000000000
113751  32.201  9.928  -20.290 1.0000000000
112431  35.072  8.449  -20.922 1.0000000000
112432  33.786  8.685  -20.236 1.0000000000
111146  35.748  7.283  -22.380 1.0000000000
111111  34.568  7.577  -20.383 1.0000000000
112456  35.524  8.007  -21.656 1.0000000000
111175  37.006  7.025  -24.325 1.0000000000
109820  37.264  6.291  -24.044 1.0000000000
116210  30.820  11.614  -19.870 0.7500000000
114948  32.618  10.957  -20.458 1.0000000000
116208  32.982  12.145  -20.849 1.0000000000
114946  33.873  10.416  -21.517 1.0000000000
116228  33.467  12.126  -21.750 1.0000000000
116242  33.520  11.364  -22.250 1.0000000000
114986  33.677  10.625  -22.610 1.0000000000
112492  33.967  8.914  -25.004 1.0000000000
115001  34.129  9.963  -23.462 1.0000000000
114968  34.062  10.202  -22.048 1.0000000000
121213  30.454  15.658  -20.203 0.7500000000
120034  31.545  14.584  -20.902 1.0000000000
120035  30.817  14.642  -20.272 0.7500000000
117423  31.988  12.883  -20.649 1.0000000000
116243  33.156  12.007  -22.658 1.0000000000
117422  32.483  13.176  -21.179 1.0000000000
118773  32.579  13.525  -22.227 1.0000000000
116258  33.022  11.908  -23.532 1.0000000000
120055  32.249  14.257  -22.145 1.0000000000
120066  31.991  14.218  -23.754 1.0000000000
117458  32.095  12.808  -23.725 1.0000000000
117470  32.475  12.327  -23.854 1.0000000000
118783  32.185  13.404  -23.392 1.0000000000
115024  32.017  10.713  -25.426 1.0000000000
122401  30.176  16.003  -25.076 1.0000000000
118794  31.283  13.603  -24.452 1.0000000000
120087  30.306  14.298  -25.163 1.0000000000
122402  29.398  16.445  -25.238 1.0000000000
123506  29.845  17.021  -23.980 1.0000000000
131812  25.537  25.316  -22.571 0.1250000000
130675  25.660  24.019  -24.119 0.1250000000
131811  25.728  24.730  -23.052 0.1250000000
132856  24.763  26.151  -23.775 0.2500000000
130677  24.627  24.521  -25.337 0.2500000000
129482  25.565  22.975  -23.538 0.3750000000
129505  24.927  22.640  -25.242 0.5000000000
129532  25.388  23.166  -27.291 0.5000000000
129520  24.621  22.460  -26.202 0.7500000000
104259  23.568  2.460  -17.604 0.2500000000
104226  22.345  2.422  -15.863 0.1250000000
104243  22.455  2.473  -16.444 0.1250000000
101589  24.080  1.174  -17.981 0.6250000000
101606  25.799  0.797  -19.002 0.7500000000
100190  28.210  -0.023  -19.585 1.0000000000
120037  28.722  14.164  -19.538 0.5000000000
117427  28.002  12.266  -19.959 0.6250000000
116209  31.867  11.851  -20.335 0.8750000000
117424  31.221  12.704  -19.849 0.8750000000
118750  29.421  13.427  -19.484 0.8750000000
118748  31.336  13.689  -20.438 1.0000000000
118761  32.210  14.031  -21.503 1.0000000000
123507  29.308  17.385  -24.123 1.0000000000
122403  28.149  16.448  -25.802 1.0000000000
120100  29.067  14.340  -26.837 1.0000000000
129481  26.384  22.599  -23.297 0.3750000000
127041  25.535  20.733  -26.068 0.7500000000
128286  25.262  21.603  -25.254 0.7500000000
128307  24.516  21.062  -26.892 0.7500000000
132917  26.757  26.937  -29.098 0.2500000000
131871  26.698  25.338  -28.599 0.3750000000
94898  25.357  -4.154  -16.338 0.7500000000
94896  27.568  -4.294  -16.202 0.7500000000
96211  24.078  -3.241  -16.319 0.7500000000
97447  24.444  -2.383  -16.725 0.7500000000
96207  28.038  -3.311  -16.738 0.7500000000
96209  25.869  -3.622  -16.793 0.7500000000
96226  26.218  -2.948  -17.206 0.7500000000
97446  25.083  -2.672  -16.972 0.7500000000
97445  28.747  -3.098  -16.835 0.7500000000
96224  27.796  -2.647  -17.280 0.7500000000
96225  27.136  -2.762  -17.239 0.7500000000
100169  24.879  -0.277  -18.037 0.7500000000
101588  24.693  0.462  -18.138 0.6250000000
97489  26.909  -2.108  -18.277 0.7500000000
98810  26.626  -1.541  -18.375 0.8750000000
98811  25.850  -0.947  -18.216 0.8750000000
97444  29.349  -3.004  -16.809 0.7500000000
97465  28.565  -2.468  -17.340 0.7500000000
98781  28.280  -1.563  -17.983 0.7500000000
98809  27.748  -1.731  -18.966 0.8750000000
98834  27.734  -0.838  -19.429 0.8750000000
98778  30.933  -1.428  -17.509 0.7500000000
100137  29.549  -1.008  -18.073 0.7500000000
100164  29.676  -1.028  -18.778 0.8750000000
98851  28.751  -0.302  -19.802 0.8750000000
98806  31.704  -0.672  -18.669 0.7500000000
100162  31.100  -0.288  -19.312 0.8750000000
101600  31.125  0.167  -20.119 0.8750000000
100184  34.174  0.250  -19.512 0.8750000000
101598  33.186  0.596  -20.113 0.8750000000
101619  34.516  0.709  -20.565 0.8750000000
102959  34.640  0.707  -21.455 0.8750000000
101615  38.021  0.398  -21.449 0.3750000000
101632  38.188  0.403  -22.189 0.6250000000
101634  36.412  0.306  -22.133 0.7500000000
101635  35.467  0.290  -22.123 0.7500000000
100227  39.740  -0.255  -22.660 0.5000000000
101652  39.135  0.260  -23.031 0.5000000000
101672  39.498  0.659  -23.354 0.7500000000
101673  38.648  0.850  -23.371 0.7500000000
101669  42.054  0.313  -23.666 0.1250000000
101682  41.677  0.531  -24.277 0.3750000000
103004  40.322  0.910  -23.693 0.6250000000
103005  39.966  1.129  -23.558 0.6250000000
103022  39.618  1.824  -24.051 0.6250000000
98886  44.387  -0.824  -24.487 0.1250000000
98891  43.265  -0.460  -24.581 0.1250000000
100260  42.416  -0.064  -26.194 0.1250000000
101689  42.979  0.854  -26.644 0.1250000000
103043  41.567  1.663  -26.163 0.6250000000
104385  41.406  3.088  -26.577 0.6250000000
105733  40.169  3.439  -25.727 0.7500000000
101685  44.642  0.488  -25.713 0.1250000000
105741  43.489  3.261  -25.917 0.1250000000
105748  42.343  3.352  -26.937 0.1250000000
104392  41.890  3.281  -27.335 0.5000000000
105744  40.732  3.873  -26.175 0.6250000000
103031  45.415  1.332  -24.972 0.1250000000
107089  42.171  3.893  -28.152 0.5000000000
108441  40.944  5.730  -27.444 0.5000000000
108433  40.386  5.440  -26.956 0.6250000000
108425  39.389  5.709  -25.861 0.7500000000
124619  29.446  18.604  -22.750 0.6250000000
125798  28.256  19.345  -23.469 0.5000000000
124626  29.082  18.495  -23.591 0.7500000000
111192  39.206  7.322  -26.519 0.6250000000
111194  36.790  8.345  -26.490 0.6250000000
111186  35.480  8.180  -25.508 0.8750000000
112511  38.395  8.320  -27.455 0.5000000000
112512  37.238  8.415  -27.400 0.6250000000
112513  36.258  8.907  -26.900 0.6250000000
112514  35.149  8.691  -26.408 0.7500000000
124627  28.614  18.789  -24.094 0.7500000000
111187  34.555  8.133  -25.607 0.8750000000
115034  30.963  10.620  -26.599 0.8750000000
116292  30.565  11.752  -26.829 0.8750000000
112515  34.345  8.912  -26.711 0.7500000000
113849  31.589  9.776  -27.879 0.8750000000
115046  30.819  10.170  -27.270 0.8750000000
115035  30.502  10.861  -27.319 0.8750000000
117510  30.319  12.409  -27.315 0.8750000000
112540  37.081  9.455  -28.671 0.3750000000
112528  36.540  8.767  -28.095 0.5000000000
112542  34.862  9.419  -28.296 0.5000000000
112532  33.118  8.984  -27.830 0.6250000000
113859  36.381  9.988  -29.021 0.2500000000
113860  35.311  10.001  -28.678 0.3750000000
112543  33.946  9.262  -28.282 0.5000000000
125799  27.327  19.501  -23.853 0.6250000000
125817  27.274  19.335  -24.587 0.7500000000
123508  28.876  17.888  -24.565 0.8750000000
124645  28.498  18.477  -24.737 0.7500000000
123529  28.677  17.466  -25.128 0.8750000000
118817  29.615  13.440  -26.484 0.8750000000
118818  28.602  13.336  -26.993 0.7500000000
117511  29.730  12.899  -27.734 0.8750000000
113848  32.541  9.227  -27.785 0.6250000000
113850  30.875  10.024  -28.839 0.7500000000
113861  34.248  10.003  -28.655 0.3750000000
113870  33.343  10.346  -29.176 0.5000000000
116327  30.551  12.371  -29.122 0.7500000000
115057  34.792  10.689  -28.753 0.2500000000
127004  26.895  19.931  -23.797 0.6250000000
124665  27.876  18.347  -25.436 0.8750000000
121281  28.359  14.976  -26.873 0.8750000000
122404  27.252  16.785  -26.705 0.7500000000
120101  28.336  14.246  -27.405 0.8750000000
118840  30.157  13.650  -28.625 0.7500000000
115070  31.192  11.505  -29.799 0.5000000000
117537  32.691  12.945  -30.099 0.2500000000
116334  32.404  12.510  -30.413 0.5000000000
115060  32.199  10.720  -29.202 0.5000000000
116312  33.914  11.824  -28.744 0.2500000000
127022  26.634  20.479  -24.204 0.5000000000
125819  25.857  19.919  -25.673 0.6250000000
125853  25.579  18.852  -26.831 0.7500000000
123553  26.377  17.554  -27.010 0.7500000000
124686  25.718  18.117  -27.292 0.7500000000
123579  26.729  17.536  -28.178 0.7500000000
122459  27.010  16.610  -29.238 0.7500000000
122421  26.801  16.726  -27.665 0.7500000000
124707  26.111  18.570  -28.086 0.7500000000
121293  27.902  15.498  -28.095 0.7500000000
120135  28.699  14.554  -28.655 0.7500000000
122457  28.304  15.972  -29.185 0.7500000000
117545  30.227  14.446  -30.205 0.5000000000
174473  29.183  16.438  -30.329 0.3750000000
118855  29.445  14.578  -29.183 0.6250000000
117546  31.909  14.406  -31.312 0.2500000000
118857  30.506  14.784  -31.449 0.3750000000
174468  30.182  15.515  -31.421 0.3750000000
127053  24.741  20.509  -26.915 0.6250000000
125839  25.499  19.763  -26.486 0.7500000000
124708  25.592  19.325  -27.974 0.7500000000
124706  26.971  18.171  -28.505 0.7500000000
124725  27.304  17.671  -29.017 0.7500000000
123577  28.157  17.105  -29.244 0.6250000000
122419  28.389  16.529  -29.295 0.3750000000
174469  32.130  15.284  -32.170 0.1250000000
124763  30.019  17.965  -31.327 0.1250000000
123639  29.856  17.371  -31.176 0.2500000000
127067  24.866  20.319  -27.732 0.6250000000
125871  25.345  20.055  -28.165 0.7500000000
125869  26.749  19.287  -28.366 0.6250000000
125868  27.498  19.064  -28.158 0.7500000000
123576  28.720  17.212  -29.053 0.3750000000
124705  27.874  17.855  -28.313 0.3750000000
123604  27.496  17.161  -29.360 0.7500000000
124723  30.183  17.901  -29.215 0.2500000000
123602  29.044  17.471  -29.317 0.3750000000
122440  28.214  16.630  -29.631 0.6250000000
125905  31.012  19.632  -31.353 0.1250000000
125895  30.418  19.152  -31.039 0.1250000000
123640  31.633  17.332  -31.728 0.1250000000
127068  24.649  20.902  -27.605 0.6250000000
127081  25.156  20.925  -28.173 0.6250000000
127065  26.805  20.348  -28.184 0.3750000000
127066  26.156  20.485  -28.336 0.3750000000
127051  27.720  20.039  -27.554 0.3750000000
124684  29.676  18.532  -27.116 0.2500000000
124704  28.910  17.541  -28.014 0.3750000000
125852  28.290  19.113  -27.541 0.3750000000
124722  30.879  18.850  -29.229 0.1250000000
124703  29.912  17.699  -28.141 0.3750000000
127098  31.626  19.858  -31.506 0.1250000000
124740  30.011  18.487  -30.250 0.1250000000
130722  26.471  23.934  -28.328 0.3750000000
128330  25.012  21.723  -28.125 0.3750000000
127080  25.811  20.988  -28.435 0.3750000000
128317  27.450  21.880  -27.357 0.3750000000
128318  27.112  21.548  -28.034 0.3750000000
128302  28.736  20.760  -26.376 0.3750000000
128303  27.875  21.287  -26.851 0.3750000000
128304  27.410  20.695  -27.759 0.3750000000
127040  29.334  20.145  -25.913 0.3750000000
125851  28.929  19.115  -26.632 0.3750000000
127050  28.557  20.105  -26.861 0.3750000000
125833  32.460  19.020  -26.031 0.1250000000
124683  30.723  18.471  -26.966 0.1250000000
124664  30.360  18.745  -26.245 0.2500000000
127078  32.144  20.261  -29.454 0.1250000000
130713  27.154  23.767  -27.353 0.2500000000
129518  27.839  22.627  -26.497 0.2500000000
129519  27.327  23.165  -26.869 0.3750000000
129531  27.205  22.628  -27.416 0.3750000000
129502  29.005  21.978  -25.029 0.1250000000
128284  28.481  22.045  -26.264 0.3750000000
127020  29.623  20.830  -25.351 0.1250000000
128264  31.178  20.961  -23.638 0.1250000000
127039  29.950  19.691  -25.603 0.1250000000
131860  26.767  24.527  -28.234 0.3750000000
130721  26.812  23.403  -27.880 0.3750000000
130699  27.713  23.707  -26.635 0.2500000000
129493  28.908  23.149  -24.903 0.1250000000
130685  28.941  23.686  -25.296 0.1250000000
129492  29.172  22.584  -24.467 0.1250000000
130674  29.060  23.665  -24.424 0.1250000000
127001  31.725  21.116  -23.450 0.1250000000
130657  29.861  23.599  -23.032 0.1250000000
132867  28.004  25.756  -24.781 0.1250000000
131810  28.833  24.541  -23.871 0.1250000000
129461  30.851  22.997  -22.023 0.1250000000
128232  31.663  21.701  -22.556 0.1250000000
100188  30.173  -0.348  -19.783 0.8750000000
100201  35.534  0.543  -20.020 0.6250000000
111191  40.490  7.039  -26.975 0.6250000000
112517  32.885  9.091  -27.342 0.8750000000
113863  31.856  10.410  -28.757 0.5000000000
115067  33.791  10.859  -29.309 0.3750000000
125818  26.504  19.678  -24.965 0.6250000000
125837  27.187  19.032  -25.375 0.8750000000
123530  27.612  17.460  -25.902 0.8750000000
124666  26.898  18.201  -25.830 0.7500000000
121270  27.922  15.792  -26.683 0.8750000000
121283  27.249  16.067  -28.019 0.7500000000
121292  27.928  14.620  -28.054 0.7500000000
118843  27.654  13.217  -28.310 0.7500000000
116336  31.077  12.712  -30.288 0.5000000000
174466  30.033  14.614  -31.071 0.5000000000
117544  31.391  13.808  -31.129 0.5000000000
125815  31.067  19.204  -24.755 0.1250000000
129503  28.635  22.629  -25.481 0.2500000000
130658  29.238  23.905  -23.646 0.1250000000
129478  30.598  22.511  -22.863 0.1250000000
100262  40.942  0.029  -26.027 0.5000000000
103034  41.316  1.588  -25.111 0.6250000000
104359  40.351  2.342  -24.511 0.7500000000
111190  40.755  6.849  -27.323 0.3750000000
111206  39.338  8.165  -27.533 0.3750000000
113857  38.426  10.115  -29.054 0.2500000000
116313  29.912  11.507  -28.560 0.7500000000
127019  30.139  20.148  -24.852 0.1250000000
115055  36.788  10.299  -28.403 0.1250000000
94881  25.706  -4.732  -15.607 0.7500000000
94882  24.792  -4.417  -15.730 0.7500000000
96212  23.606  -2.926  -16.081 0.7500000000
94880  26.415  -5.150  -15.557 0.7500000000
94897  26.427  -4.359  -16.129 0.7500000000
94895  28.623  -4.325  -16.207 0.7500000000
100140  24.364  -0.374  -17.704 0.6250000000
98784  24.668  -1.578  -17.248 0.7500000000
96205  29.909  -3.704  -16.485 0.6250000000
97463  30.565  -2.261  -17.149 0.7500000000
97462  31.586  -2.476  -17.262 0.6250000000
98776  32.885  -1.759  -18.125 0.6250000000
100158  34.856  -0.641  -18.728 0.5000000000
100181  36.961  -0.808  -19.885 0.3750000000
100182  36.052  -0.445  -19.601 0.5000000000
100214  39.527  -0.407  -21.934 0.1250000000
100240  41.750  -0.334  -23.074 0.1250000000
100248  42.972  -0.421  -23.681 0.1250000000
98880  44.881  -0.960  -23.897 0.1250000000
103019  45.251  1.248  -23.907 0.1250000000
104356  45.077  1.874  -24.536 0.1250000000
105716  43.995  3.375  -24.912 0.1250000000
125797  29.029  19.058  -23.107 0.3750000000
105732  43.475  3.685  -25.346 0.1250000000
107075  43.041  3.836  -26.005 0.1250000000
109841  41.566  6.433  -27.304 0.1250000000
111205  40.125  7.680  -27.437 0.2500000000
112526  38.864  9.013  -28.197 0.2500000000
127003  27.352  20.336  -23.590 0.5000000000
117521  34.022  12.159  -28.182 0.1250000000
116310  35.038  11.141  -28.276 0.2500000000
118839  32.422  13.945  -28.861 0.1250000000
174475  31.942  15.167  -31.137 0.1250000000
123636  31.837  17.370  -31.489 0.1250000000
128269  26.002  21.422  -24.418 0.3750000000
125914  32.215  19.387  -31.856 0.1250000000
127093  32.450  20.923  -30.815 0.1250000000
127097  32.392  20.669  -31.380 0.1250000000
125832  32.988  19.361  -25.835 0.1250000000
127016  33.519  20.635  -24.413 0.1250000000
133778  25.052  26.787  -23.368 0.1250000000
132903  27.395  25.688  -27.426 0.2500000000
132888  27.688  25.466  -26.267 0.1250000000
133798  27.821  26.482  -25.643 0.1250000000
131809  29.445  24.623  -23.205 0.1250000000
133777  28.885  26.451  -23.682 0.1250000000
130643  30.448  24.023  -22.438 0.1250000000
126962  32.751  21.539  -21.712 0.1250000000
130642  31.023  23.786  -22.146 0.1250000000
101676  36.232  0.584  -23.279 0.7500000000
111185  36.763  8.029  -25.504 0.7500000000
111183  38.564  6.791  -25.525 0.7500000000
123456  30.074  17.391  -20.901 0.3750000000
116281  30.095  12.163  -26.402 0.8750000000
101599  32.108  0.438  -19.770 0.8750000000
100167  26.351  -0.329  -18.491 0.7500000000
100166  27.027  -0.885  -19.035 0.8750000000
100203  29.608  -0.164  -20.288 0.8750000000
101674  37.752  0.729  -23.585 0.7500000000
103044  40.824  2.234  -26.051 0.6250000000
112503  33.641  9.270  -26.000 0.8750000000
121269  28.862  15.349  -26.072 0.8750000000
117497  29.739  12.744  -26.856 0.8750000000
129534  25.971  22.961  -28.570 0.3750000000
132916  27.294  26.248  -28.358 0.1250000000
131870  27.257  25.476  -28.185 0.2500000000
96210  24.945  -3.340  -16.760 0.7500000000
94899  24.620  -3.864  -16.291 0.7500000000
96208  26.865  -3.533  -16.697 0.7500000000
94879  27.229  -5.158  -15.740 0.7500000000
97448  23.768  -2.547  -16.394 0.7500000000
98757  24.272  -1.855  -16.809 0.7500000000
97468  25.513  -2.352  -17.355 0.7500000000
97466  27.500  -2.176  -17.926 0.7500000000
100139  25.107  -0.890  -18.000 0.7500000000
101569  24.266  0.164  -17.812 0.6250000000
98783  25.780  -1.636  -17.892 0.7500000000
97488  27.188  -1.967  -18.460 0.8750000000
97464  29.635  -2.257  -17.170 0.7500000000
98808  29.034  -1.389  -18.769 0.8750000000
98833  28.615  -0.904  -19.515 0.8750000000
100135  31.055  -0.804  -18.334 0.7500000000
98777  31.875  -1.550  -18.091 0.7500000000
98829  32.937  -0.560  -18.722 0.7500000000
100186  32.441  0.019  -19.269 0.8750000000
100159  33.841  -0.438  -18.498 0.6250000000
101618  35.338  0.410  -21.190 0.7500000000
98848  37.716  -1.074  -20.365 0.2500000000
100199  37.112  -0.213  -20.607 0.5000000000
101617  36.282  0.277  -21.278 0.6250000000
101653  38.375  0.602  -22.871 0.7500000000
100242  39.745  0.072  -23.244 0.5000000000
101650  40.991  0.127  -22.921 0.2500000000
100213  40.145  -0.642  -22.002 0.1250000000
100250  42.115  0.178  -24.640 0.2500000000
100251  41.504  0.115  -24.876 0.3750000000
103021  40.519  1.254  -24.097 0.6250000000
100253  44.655  -0.278  -25.183 0.1250000000
100252  45.291  -0.123  -24.729 0.1250000000
100259  43.393  -0.206  -26.208 0.1250000000
101694  42.515  1.305  -26.588 0.5000000000
103045  43.105  1.752  -26.809 0.1250000000
104383  44.044  2.507  -26.230 0.1250000000
103046  42.353  1.972  -26.709 0.5000000000
104382  44.665  1.973  -25.766 0.1250000000
104389  43.350  2.937  -26.471 0.1250000000
107082  42.438  3.919  -26.843 0.1250000000
107076  41.671  4.454  -26.933 0.6250000000
108440  41.581  5.461  -27.252 0.1250000000
109835  39.536  6.530  -26.212 0.6250000000
111193  37.734  7.914  -26.521 0.6250000000
112530  34.487  9.185  -27.526 0.6250000000
115047  30.291  10.448  -28.106 0.7500000000
117540  30.217  12.607  -28.408 0.7500000000
113862  32.924  9.583  -28.845 0.5000000000
125838  26.347  19.146  -26.067 0.6250000000
117512  28.404  12.636  -27.860 0.7500000000
116325  32.778  11.942  -29.879 0.3750000000
121282  28.091  15.400  -27.573 0.7500000000
117539  30.414  13.355  -28.696 0.6250000000
118842  28.504  13.514  -28.476 0.7500000000
115080  31.759  11.744  -30.294 0.5000000000
118856  32.103  14.483  -30.982 0.1250000000
118853  32.034  13.892  -29.964 0.1250000000
117536  33.237  12.671  -29.444 0.2500000000
118838  33.056  13.314  -28.708 0.1250000000
125854  25.208  19.603  -27.407 0.7500000000
123605  26.800  17.342  -29.077 0.7500000000
122439  28.718  16.257  -29.767 0.6250000000
122476  29.127  17.157  -30.479 0.3750000000
117547  31.609  15.123  -32.003 0.1250000000
174467  30.646  15.713  -31.960 0.3750000000
127064  27.180  19.782  -27.989 0.3750000000
123624  28.898  18.206  -30.042 0.3750000000
122487  31.139  16.691  -32.174 0.1250000000
124753  29.545  18.060  -30.887 0.1250000000
124761  31.079  18.064  -31.770 0.1250000000
124685  28.756  18.376  -27.455 0.3750000000
125894  31.037  19.525  -30.529 0.1250000000
127087  31.971  20.208  -30.285 0.1250000000
125915  31.524  19.161  -32.120 0.1250000000
124739  30.836  19.132  -29.894 0.1250000000
125867  31.683  19.214  -28.736 0.1250000000
124701  32.130  18.867  -27.255 0.1250000000
124702  31.278  18.550  -28.004 0.1250000000
129533  26.624  22.697  -28.241 0.3750000000
128283  28.971  21.417  -25.767 0.3750000000
125866  32.381  19.488  -27.993 0.1250000000
124682  31.815  18.682  -26.669 0.1250000000
125814  32.105  19.313  -24.361 0.1250000000
124641  32.784  19.153  -25.282 0.1250000000
124663  31.157  18.677  -25.780 0.1250000000
125834  30.427  19.261  -25.542 0.1250000000
127086  32.746  20.729  -29.901 0.1250000000
127063  32.920  20.289  -27.968 0.1250000000
131845  27.545  24.636  -26.986 0.2500000000
131859  27.127  24.772  -27.879 0.2500000000
130698  28.399  23.603  -26.019 0.2500000000
128266  29.679  21.499  -24.668 0.1250000000
128251  31.096  21.550  -23.235 0.1250000000
128265  30.540  20.985  -23.961 0.1250000000
129477  31.167  21.947  -22.652 0.1250000000
132887  28.039  24.977  -25.692 0.1250000000
132878  28.255  25.095  -25.083 0.1250000000
131824  28.674  24.458  -24.758 0.1250000000
129479  29.724  22.609  -23.625 0.1250000000
125795  32.246  21.240  -23.266 0.1250000000
128252  29.993  21.717  -23.552 0.1250000000
133797  28.091  26.771  -24.999 0.1250000000
132879  27.851  25.644  -25.396 0.1250000000
94862  24.552  -4.835  -15.032 0.7500000000
94883  24.065  -4.220  -15.414 0.7500000000
98785  23.912  -0.878  -17.218 0.5000000000
97461  32.560  -2.455  -17.598 0.6250000000
98803  34.325  -1.687  -18.256 0.5000000000
109831  42.237  5.863  -26.326 0.1250000000
108424  41.853  5.705  -25.557 0.1250000000
108431  42.275  5.395  -26.647 0.1250000000
174470  31.581  15.178  -30.390 0.1250000000
125831  33.498  20.179  -25.719 0.1250000000
125813  32.971  19.721  -24.919 0.1250000000
96179  23.034  -3.930  -15.090 0.7500000000
97433  23.318  -2.398  -15.968 0.5000000000
93464  25.458  -6.034  -15.199 0.6250000000
93484  25.819  -5.810  -15.306 0.6250000000
93482  27.861  -6.100  -15.437 0.3750000000
93480  29.880  -6.004  -16.204 0.2500000000
94877  29.303  -5.153  -15.694 0.3750000000
98802  35.515  -1.665  -18.691 0.3750000000
127002  28.202  20.426  -23.006 0.3750000000
128267  27.272  21.033  -23.766 0.2500000000
129495  25.317  22.417  -24.117 0.2500000000
94893  30.371  -4.532  -16.346 0.5000000000
96223  31.508  -3.419  -17.014 0.5000000000
96222  32.323  -3.558  -17.485 0.3750000000
90900  27.761  -7.672  -15.807 0.5000000000
92184  27.327  -6.889  -15.229 0.6250000000
98775  33.655  -1.874  -18.039 0.5000000000
92174  24.853  -6.547  -14.681 0.6250000000
97434  22.949  -2.621  -15.436 0.3750000000
96180  22.708  -3.564  -14.570 0.3750000000
93465  25.074  -5.783  -15.104 0.6250000000
94863  23.518  -4.445  -14.800 0.6250000000
89768  27.155  -8.811  -16.722 0.3750000000
90901  26.576  -7.601  -15.369 0.5000000000
90876  25.651  -7.038  -14.855 0.6250000000
98746  22.809  -1.634  -15.605 0.2500000000
93507  30.695  -6.027  -17.170 0.2500000000
174065  29.571  -6.848  -16.339 0.2500000000
94892  31.107  -4.817  -16.575 0.2500000000
94923  32.915  -4.237  -18.030 0.2500000000
97487  33.876  -2.979  -18.123 0.2500000000
97485  35.165  -2.532  -18.405 0.2500000000
113738  23.102  9.402  -19.069 0.1250000000
98827  36.408  -1.755  -19.271 0.2500000000
118736  27.821  13.675  -19.498 0.3750000000
122352  30.530  16.801  -21.093 0.2500000000
128256  27.117  22.018  -23.629 0.2500000000
114941  23.380  10.521  -20.028 0.1250000000
112411  23.829  8.594  -19.620 0.2500000000
102905  23.195  1.077  -17.097 0.2500000000
117410  27.496  12.953  -19.585 0.3750000000
97443  30.234  -2.949  -16.729 0.5000000000
96195  23.394  -3.446  -15.502 0.5000000000
93483  26.835  -5.946  -15.407 0.6250000000
94878  28.266  -5.198  -15.764 0.5000000000
94894  29.537  -4.411  -16.242 0.5000000000
97484  35.931  -2.353  -18.752 0.2500000000
98745  23.216  -1.906  -16.069 0.3750000000
98758  23.642  -1.647  -16.549 0.3750000000
101570  23.788  0.427  -17.570 0.2500000000
98759  23.018  -0.806  -16.215 0.3750000000
96221  32.955  -3.131  -17.720 0.2500000000
92172  26.141  -6.849  -15.102 0.6250000000
92185  26.395  -6.582  -15.224 0.5000000000
93481  28.994  -6.363  -15.778 0.2500000000
92183  28.328  -7.102  -15.542 0.2500000000
174062  29.888  -6.796  -16.825 0.2500000000
93493  29.988  -5.091  -16.109 0.3750000000
96204  30.897  -3.779  -16.531 0.3750000000
89746  27.435  -8.324  -16.427 0.3750000000
96196  22.819  -3.067  -15.148 0.3750000000
93466  24.202  -5.602  -14.678 0.6250000000
89747  26.549  -8.767  -15.962 0.3750000000
90902  25.952  -8.226  -15.266 0.5000000000
94911  31.680  -4.324  -16.973 0.2500000000
96242  33.414  -3.498  -18.135 0.2500000000
113724  22.775  9.538  -18.467 0.1250000000
92166  23.341  -7.007  -13.965 0.5000000000
89727  24.788  -8.742  -14.569 0.3750000000
89726  25.341  -8.319  -14.846 0.5000000000
92175  23.847  -6.578  -14.318 0.5000000000
92167  22.842  -6.949  -13.544 0.3750000000
93468  22.476  -5.521  -13.604 0.5000000000
92176  23.073  -6.306  -13.850 0.5000000000
94864  22.712  -4.640  -14.161 0.3750000000
90871  22.011  -7.331  -12.086 0.1250000000
92168  22.224  -6.538  -13.079 0.3750000000
94849  22.316  -4.037  -13.752 0.2500000000
89687  21.953  -8.686  -11.430 0.1250000000
90870  22.231  -7.741  -12.428 0.2500000000
89711  23.326  -8.630  -13.284 0.3750000000
87281  25.239  -10.079  -14.955 0.2500000000
88518  24.069  -9.139  -13.960 0.3750000000
89710  24.173  -8.564  -13.786 0.5000000000
90856  21.631  -7.471  -11.523 0.1250000000
90879  22.556  -7.781  -13.079 0.3750000000
93442  21.824  -5.399  -11.808 0.1250000000
94850  22.014  -4.611  -13.264 0.1250000000
113856  38.933  9.823  -28.395 0.1250000000
90890  24.615  -7.632  -14.307 0.5000000000
96161  22.246  -3.371  -13.817 0.2500000000
97406  22.039  -2.586  -13.986 0.2500000000
88558  26.691  -9.354  -15.726 0.2500000000
90878  23.471  -7.695  -13.571 0.5000000000
90891  23.874  -7.326  -13.984 0.5000000000
92177  22.637  -6.325  -13.522 0.5000000000
89748  25.551  -8.876  -15.435 0.3750000000
88540  24.312  -9.422  -14.330 0.3750000000
94865  22.330  -4.701  -13.719 0.1250000000
93467  23.300  -5.507  -14.231 0.5000000000
90855  22.196  -7.891  -11.897 0.1250000000
92135  21.327  -6.502  -11.247 0.1250000000
90880  22.029  -7.184  -12.599 0.2500000000
92154  22.070  -6.408  -11.891 0.1250000000
92134  21.681  -5.962  -11.398 0.1250000000
89712  22.886  -8.640  -12.890 0.3750000000
87269  24.475  -10.272  -14.718 0.2500000000
93455  22.012  -5.486  -12.686 0.1250000000
88520  23.019  -9.647  -12.945 0.2500000000
87248  23.636  -10.653  -13.758 0.2500000000
100120  22.824  -0.220  -16.363 0.2500000000
87282  24.813  -10.520  -15.100 0.2500000000
88502  22.661  -9.513  -11.855 0.1250000000
89698  22.533  -8.539  -12.349 0.1250000000
88519  23.768  -9.465  -13.766 0.2500000000
100108  22.496  -0.226  -15.726 0.1250000000
124613  29.666  18.552  -21.819 0.1250000000
123466  29.665  17.880  -21.198 0.1250000000
124614  29.354  19.087  -22.368 0.1250000000
125775  29.357  19.353  -21.124 0.1250000000
126987  28.606  20.274  -22.172 0.1250000000
128254  28.116  21.000  -23.032 0.1250000000
125785  28.824  19.436  -22.641 0.1250000000
128204  28.108  20.914  -20.901 0.1250000000
128215  28.268  21.008  -21.696 0.1250000000
129462  27.410  22.514  -22.784 0.1250000000
124609  29.393  18.501  -20.849 0.1250000000
128234  27.807  21.773  -22.183 0.1250000000
129446  27.282  22.810  -21.514 0.1250000000
122337  29.190  16.693  -20.206 0.1250000000
123457  29.393  17.555  -20.578 0.1250000000
117430  24.872  12.372  -20.278 0.1250000000
97420  22.520  -2.537  -14.889 0.1250000000
100093  22.352  -0.801  -14.971 0.1250000000
118738  26.383  13.787  -19.480 0.1250000000
122318  28.455  16.677  -19.989 0.1250000000
124601  29.173  18.411  -20.023 0.1250000000
125769  29.202  19.301  -20.316 0.1250000000
126964  28.068  20.285  -20.406 0.1250000000
129433  27.144  22.418  -20.270 0.1250000000
130619  26.735  23.173  -20.643 0.1250000000
129447  26.757  23.353  -21.703 0.1250000000
121199  28.936  15.978  -19.748 0.1250000000
102924  23.572  1.695  -17.628 0.1250000000
102906  22.745  1.639  -16.740 0.1250000000
100141  23.786  -0.317  -17.418 0.1250000000
128255  27.670  21.434  -23.295 0.1250000000
98729  22.297  -0.977  -14.303 0.1250000000
117411  26.656  13.018  -19.668 0.1250000000
101552  22.734  0.555  -16.477 0.1250000000
101537  21.979  0.608  -15.212 0.1250000000
100109  22.347  -0.120  -15.118 0.1250000000
126974  29.152  19.743  -20.743 0.1250000000
128216  27.830  21.774  -21.071 0.1250000000
126965  27.328  20.561  -19.598 0.1250000000
130620  25.820  23.805  -20.500 0.1250000000
88572  27.122  -9.112  -16.619 0.1250000000
89767  27.855  -8.765  -17.165 0.1250000000
90917  28.964  -7.667  -17.144 0.1250000000
174068  29.427  -7.875  -17.884 0.1250000000
92205  30.930  -6.581  -17.806 0.1250000000
93506  31.455  -5.474  -17.197 0.1250000000
92204  31.904  -6.103  -18.095 0.1250000000
94910  32.349  -4.820  -17.567 0.1250000000
93536  33.113  -5.910  -19.851 0.1250000000
94922  33.594  -4.419  -18.650 0.1250000000
93535  34.293  -5.458  -19.651 0.1250000000
96241  34.126  -3.614  -18.685 0.1250000000
93534  35.395  -5.597  -19.998 0.1250000000
94936  35.269  -4.721  -19.396 0.1250000000
97502  36.372  -2.996  -19.226 0.1250000000
85927  25.088  -10.993  -15.056 0.1250000000
88541  23.926  -10.115  -14.321 0.1250000000
87268  25.234  -10.299  -14.488 0.1250000000
87267  25.960  -9.696  -14.889 0.1250000000
88570  28.348  -9.048  -15.965 0.1250000000
88571  27.792  -9.247  -16.502 0.1250000000
174066  29.284  -8.464  -17.700 0.1250000000
89795  30.463  -8.037  -18.512 0.1250000000
90966  31.514  -7.509  -19.404 0.1250000000
93522  31.926  -6.092  -19.112 0.1250000000
92244  31.987  -6.780  -20.316 0.1250000000
93550  34.620  -6.219  -20.773 0.1250000000
97501  37.367  -2.850  -19.539 0.1250000000
96255  36.916  -3.913  -19.588 0.1250000000
94935  36.198  -4.911  -19.863 0.1250000000
98826  37.790  -1.807  -19.742 0.1250000000
96257  35.155  -3.833  -19.048 0.1250000000
174072  30.261  -7.425  -17.927 0.1250000000
94909  33.841  -4.536  -19.046 0.1250000000
88559  25.824  -9.422  -15.486 0.1250000000
87280  25.904  -9.601  -15.283 0.1250000000
85928  24.501  -11.144  -14.716 0.1250000000
88557  27.591  -9.306  -15.511 0.1250000000
89778  29.789  -8.469  -17.905 0.1250000000
92215  31.538  -6.758  -18.815 0.1250000000
90947  30.912  -7.421  -18.623 0.1250000000
93521  32.635  -5.486  -18.645 0.1250000000
93537  32.308  -6.192  -19.590 0.1250000000
93551  33.630  -6.011  -20.794 0.1250000000
94937  34.489  -4.266  -19.244 0.1250000000
96256  35.959  -3.946  -19.260 0.1250000000
93549  35.919  -6.203  -20.812 0.1250000000
87246  25.147  -10.702  -13.536 0.1250000000
87245  26.206  -9.705  -13.724 0.1250000000
174064  29.566  -8.542  -17.539 0.1250000000
96254  38.260  -4.044  -19.696 0.1250000000
85905  24.898  -11.033  -14.417 0.1250000000
85939  24.938  -10.739  -15.177 0.1250000000
85940  24.651  -10.971  -15.122 0.1250000000
85941  24.280  -11.104  -14.898 0.1250000000
87270  24.003  -10.800  -14.633 0.1250000000
87283  24.425  -10.825  -15.010 0.2500000000
88560  25.063  -9.578  -14.980 0.3750000000
89749  25.187  -8.905  -14.993 0.3750000000
89796  29.901  -8.227  -18.092 0.1250000000
90875  25.817  -7.088  -15.012 0.6250000000
90877  24.127  -7.751  -13.753 0.5000000000
90888  25.997  -7.058  -14.974 0.6250000000
90889  25.696  -7.297  -14.734 0.6250000000
90985  31.973  -7.234  -20.296 0.1250000000
92164  25.889  -6.820  -14.968 0.6250000000
92165  25.680  -6.844  -14.844 0.6250000000
92173  25.618  -6.496  -14.981 0.6250000000
92186  25.944  -6.418  -15.198 0.6250000000
92214  31.913  -6.039  -18.686 0.1250000000
92216  30.781  -6.997  -18.413 0.1250000000
92226  32.440  -6.424  -20.226 0.1250000000
92227  31.903  -6.543  -20.007 0.1250000000
92243  32.539  -6.740  -20.590 0.1250000000
93479  30.224  -6.125  -16.873 0.2500000000
93485  25.250  -5.030  -15.192 0.7500000000
93491  31.082  -5.240  -16.768 0.2500000000
93492  30.617  -5.418  -16.619 0.2500000000
93503  33.949  -4.687  -19.182 0.1250000000
93504  33.733  -4.779  -19.205 0.1250000000
93505  32.174  -5.528  -17.820 0.1250000000
93519  34.118  -4.681  -19.238 0.1250000000
93520  33.687  -5.099  -19.115 0.1250000000
93533  35.957  -5.573  -20.147 0.1250000000
93538  31.827  -6.483  -19.509 0.1250000000
94908  33.986  -4.512  -19.210 0.1250000000
94921  33.975  -4.270  -19.149 0.1250000000
94951  36.201  -5.520  -20.213 0.1250000000
96194  24.141  -3.886  -15.913 0.7500000000
96206  29.033  -3.647  -16.574 0.6250000000
96227  25.507  -3.019  -17.065 0.7500000000
96239  35.648  -3.228  -18.724 0.1250000000
96240  34.903  -3.393  -18.459 0.1250000000
96243  32.909  -3.600  -17.840 0.2500000000
96258  34.666  -3.751  -18.877 0.1250000000
97442  30.989  -2.949  -16.853 0.5000000000
97459  33.965  -2.307  -17.995 0.5000000000
97460  33.380  -2.557  -17.831 0.2500000000
97467  26.478  -2.227  -17.856 0.7500000000
97469  24.999  -2.200  -16.949 0.7500000000
97486  34.411  -2.793  -18.183 0.2500000000
98774  34.008  -1.940  -17.991 0.5000000000
98779  29.997  -1.509  -17.512 0.7500000000
98780  29.100  -1.419  -17.686 0.7500000000
98782  26.292  -1.814  -18.053 0.7500000000
98801  36.022  -1.906  -18.802 0.2500000000
98804  33.344  -1.130  -18.456 0.6250000000
98805  32.470  -0.885  -18.638 0.7500000000
98807  29.455  -1.200  -19.046 0.8750000000
98828  35.639  -0.892  -19.098 0.3750000000
98830  32.586  -0.270  -18.947 0.7500000000
98831  29.811  -0.544  -19.622 0.8750000000
98832  29.513  -0.811  -19.386 0.8750000000
98849  29.657  -0.433  -19.782 0.8750000000
98850  29.203  -0.424  -19.798 0.8750000000
98881  44.180  -1.506  -23.787 0.1250000000
98885  44.980  -0.723  -24.287 0.1250000000
98887  43.459  -0.516  -24.098 0.1250000000
98888  43.075  -0.306  -24.434 0.1250000000
98889  44.152  -0.680  -25.019 0.1250000000
98890  43.641  -0.669  -24.788 0.1250000000
100119  23.358  -0.312  -16.860 0.1250000000
100136  30.238  -0.941  -18.099 0.7500000000
100138  29.198  -1.141  -18.268 0.7500000000
100160  33.263  -0.512  -18.637 0.7500000000
100161  31.960  0.036  -19.022 0.8750000000
100163  30.360  -0.683  -18.915 0.8750000000
100165  29.371  -1.160  -18.520 0.8750000000
100168  25.474  -0.245  -18.146 0.7500000000
100183  35.236  -0.023  -19.352 0.5000000000
100185  33.070  -0.143  -19.260 0.7500000000
100187  30.737  -0.102  -19.916 0.8750000000
100189  29.939  -0.746  -19.228 0.8750000000
100192  26.773  -0.255  -18.962 1.0000000000
100198  38.160  -0.386  -20.778 0.2500000000
100200  36.281  0.084  -20.370 0.6250000000
100202  34.873  0.481  -19.793 0.6250000000
100204  28.977  -0.082  -20.192 0.8750000000
100205  28.645  -0.037  -19.944 0.8750000000
100215  38.871  -0.197  -21.477 0.1250000000
100225  41.233  -0.380  -22.720 0.1250000000
100226  40.688  -0.433  -22.534 0.1250000000
100228  38.964  0.046  -22.383 0.5000000000
100238  42.868  -0.604  -23.545 0.1250000000
100239  42.544  -0.404  -23.498 0.1250000000
100241  40.190  -0.102  -23.063 0.5000000000
100246  45.429  -0.430  -24.099 0.1250000000
100247  45.006  -0.512  -24.571 0.1250000000
100249  42.711  0.042  -24.106 0.1250000000
100254  43.840  -0.478  -25.432 0.1250000000
100255  42.896  -0.364  -25.128 0.2500000000
100256  41.897  -0.096  -25.448 0.3750000000
100257  41.197  -0.064  -25.455 0.3750000000
100258  44.236  -0.202  -26.006 0.1250000000
100261  41.573  -0.031  -26.096 0.5000000000
101551  23.224  0.423  -17.038 0.2500000000
101584  31.884  0.222  -19.472 0.8750000000
101585  31.632  0.103  -19.582 0.8750000000
101586  26.223  0.185  -18.626 0.7500000000
101597  33.835  0.660  -20.324 1.0000000000
101601  30.619  -0.058  -20.271 0.8750000000
101602  28.731  0.974  -20.272 1.0000000000
101605  26.428  0.397  -19.062 0.7500000000
101616  37.195  0.447  -21.243 0.6250000000
101625  28.660  0.359  -20.115 1.0000000000
101633  37.296  0.553  -22.137 0.7500000000
101636  35.157  0.538  -22.474 1.0000000000
101637  33.381  1.128  -22.077 1.0000000000
101639  31.233  0.991  -20.933 1.0000000000
101640  30.975  0.816  -21.041 1.0000000000
101651  40.536  0.032  -22.994 0.2500000000
101654  37.493  0.503  -22.905 0.7500000000
101655  36.657  0.231  -22.910 0.7500000000
101656  35.758  0.441  -22.929 0.7500000000
101657  35.360  0.509  -22.611 1.0000000000
101658  33.320  1.327  -22.330 1.0000000000
101659  33.089  1.214  -22.214 1.0000000000
101670  41.312  0.378  -23.631 0.3750000000
101671  40.402  0.443  -23.546 0.5000000000
101675  36.811  0.594  -23.531 0.7500000000
101680  45.501  0.471  -24.391 0.1250000000
101681  42.161  0.479  -24.138 0.1250000000
101683  41.209  0.663  -24.588 0.3750000000
101684  45.241  0.460  -25.167 0.1250000000
101686  41.528  0.992  -25.578 0.6250000000
101687  41.199  0.458  -25.502 0.5000000000
101688  43.981  0.576  -26.338 0.1250000000
101690  42.146  1.022  -26.224 0.5000000000
101691  41.551  0.679  -25.885 0.5000000000
101692  41.214  0.467  -25.809 0.5000000000
101693  42.726  1.453  -26.749 0.5000000000
102925  23.135  1.732  -17.152 0.1250000000
102936  24.475  1.594  -18.382 0.6250000000
102945  29.704  1.751  -20.689 1.0000000000
102946  29.181  1.502  -20.424 1.0000000000
102948  27.578  1.559  -19.736 0.8750000000
102958  34.942  0.463  -21.692 0.8750000000
102960  34.156  0.821  -21.250 0.8750000000
102961  32.194  1.388  -20.671 1.0000000000
102970  35.099  0.375  -21.824 0.8750000000
102971  34.742  0.624  -22.174 1.0000000000
102973  32.344  1.606  -21.243 1.0000000000
102974  31.638  1.257  -20.525 1.0000000000
102975  30.844  1.263  -20.938 1.0000000000
102984  35.543  0.840  -23.137 0.7500000000
102989  31.076  1.506  -20.676 1.0000000000
103007  38.121  1.314  -23.994 0.8750000000
103011  33.936  1.642  -23.365 1.0000000000
103025  36.596  2.003  -24.132 1.0000000000
103032  45.094  1.051  -25.549 0.1250000000
103033  41.454  1.394  -25.595 0.6250000000
103036  37.288  2.812  -24.358 1.0000000000
103039  45.014  1.632  -25.547 0.1250000000
103040  44.525  1.391  -26.018 0.1250000000
103041  43.721  1.531  -26.464 0.1250000000
103042  42.018  1.547  -26.362 0.6250000000
103047  41.887  2.678  -26.834 0.5000000000
103048  42.132  2.832  -27.041 0.5000000000
103049  41.960  3.050  -27.297 0.5000000000
104278  29.767  2.078  -20.526 1.0000000000
104280  28.816  2.303  -20.117 1.0000000000
104295  32.128  2.663  -20.399 1.0000000000
104296  29.771  2.034  -20.557 1.0000000000
104307  34.123  2.574  -22.233 1.0000000000
104308  32.330  2.395  -20.914 1.0000000000
104310  30.439  1.961  -20.728 1.0000000000
104325  34.939  2.781  -23.330 1.0000000000
104326  34.611  2.573  -22.821 1.0000000000
104327  33.532  2.195  -22.649 1.0000000000
104329  31.144  1.870  -20.665 1.0000000000
104330  30.791  1.794  -20.580 1.0000000000
104357  44.431  2.513  -24.453 0.1250000000
104360  39.330  2.865  -24.304 0.8750000000
104362  36.953  2.522  -24.368 1.0000000000
104363  36.475  2.744  -24.408 1.0000000000
104371  44.991  2.274  -25.345 0.1250000000
104372  44.354  3.073  -25.445 0.1250000000
104373  40.695  2.745  -25.355 0.6250000000
104375  36.993  2.850  -24.884 1.0000000000
104376  36.677  3.080  -24.711 1.0000000000
104384  43.486  2.117  -26.526 0.1250000000
104386  40.673  3.037  -26.068 0.7500000000
104390  43.093  2.657  -26.821 0.1250000000
104391  42.404  2.948  -27.138 0.1250000000
104393  42.011  3.313  -27.430 0.5000000000
104394  41.918  3.233  -27.632 0.5000000000
105614  23.054  3.629  -17.413 0.1250000000
105623  24.532  3.547  -18.820 0.3750000000
105633  29.380  2.994  -19.889 1.0000000000
105647  32.248  3.056  -20.636 1.0000000000
105648  31.333  2.863  -20.531 1.0000000000
105650  29.903  3.027  -19.922 1.0000000000
105663  34.585  3.047  -21.907 1.0000000000
105665  32.768  2.827  -21.313 1.0000000000
105666  31.148  2.165  -20.636 1.0000000000
105667  30.788  2.264  -20.485 1.0000000000
105683  35.043  3.053  -22.525 1.0000000000
105684  33.117  2.536  -22.145 1.0000000000
105685  32.897  2.725  -21.936 1.0000000000
105686  31.143  1.994  -20.837 1.0000000000
105704  35.519  3.360  -24.110 1.0000000000
105721  38.818  3.363  -24.947 0.8750000000
105722  38.219  3.417  -24.797 0.8750000000
105723  36.344  3.392  -24.625 1.0000000000
105724  35.893  3.395  -24.339 1.0000000000
105731  43.776  3.401  -25.448 0.1250000000
105736  37.252  3.429  -25.075 1.0000000000
105737  36.774  3.271  -24.950 1.0000000000
105742  43.430  3.525  -25.667 0.1250000000
105743  41.663  4.028  -26.743 0.6250000000
105745  39.906  3.890  -26.024 0.8750000000
105746  43.340  3.114  -26.290 0.1250000000
105747  42.904  3.413  -26.706 0.1250000000
105749  41.728  3.629  -27.545 0.5000000000
105750  42.026  4.187  -26.923 0.1250000000
105751  42.276  3.561  -27.665 0.1250000000
105752  41.920  3.383  -28.003 0.5000000000
106981  28.977  3.751  -19.786 1.0000000000
106999  31.869  3.864  -20.763 1.0000000000
107003  27.635  4.951  -20.096 0.8750000000
107014  34.812  4.208  -21.790 1.0000000000
107030  36.633  4.780  -22.930 1.0000000000
107046  37.367  4.949  -23.979 1.0000000000
107048  35.907  4.066  -23.888 1.0000000000
107060  38.321  4.755  -24.857 1.0000000000
107066  43.004  4.066  -25.322 0.1250000000
107067  42.517  4.637  -25.292 0.1250000000
107069  39.066  4.223  -25.941 1.0000000000
107072  36.773  3.664  -25.071 1.0000000000
107074  43.153  3.489  -26.118 0.1250000000
107077  40.989  4.571  -26.860 0.6250000000
107081  43.073  3.500  -26.364 0.1250000000
107083  42.331  4.229  -27.698 0.5000000000
107084  41.883  4.192  -27.323 0.5000000000
107085  41.124  5.115  -27.230 0.5000000000
107088  42.612  3.957  -27.843 0.1250000000
107090  41.721  3.798  -28.127 0.5000000000
108345  23.022  5.502  -18.159 0.1250000000
108356  24.525  5.773  -19.559 0.1250000000
108376  26.196  5.886  -19.975 0.7500000000
108385  35.540  5.087  -21.662 1.0000000000
108386  34.523  4.800  -21.001 1.0000000000
108389  32.215  5.134  -20.716 1.0000000000
108399  36.690  5.316  -22.698 1.0000000000
108412  37.404  5.411  -23.936 1.0000000000
108420  37.882  5.335  -24.351 1.0000000000
108422  43.043  4.823  -26.021 0.1250000000
108423  42.484  5.480  -25.856 0.1250000000
108426  38.925  5.445  -25.591 0.8750000000
108430  42.534  4.397  -26.647 0.1250000000
108432  42.003  5.986  -27.103 0.1250000000
108434  39.708  5.472  -26.186 0.7500000000
108435  39.318  5.369  -25.893 0.8750000000
108438  42.320  4.037  -27.148 0.1250000000
108439  41.839  4.332  -26.910 0.1250000000
109728  23.427  6.441  -18.816 0.2500000000
109742  32.042  7.022  -19.727 1.0000000000
109743  26.198  6.862  -19.880 0.6250000000
109744  25.713  6.855  -19.978 0.6250000000
109761  32.726  6.710  -19.743 1.0000000000
109762  31.685  6.457  -20.192 1.0000000000
109767  26.655  6.811  -20.211 0.8750000000
109768  25.348  7.295  -20.295 0.5000000000
109777  36.048  6.227  -21.969 1.0000000000
109778  35.587  6.529  -21.670 1.0000000000
109782  29.885  6.935  -20.521 1.0000000000
109797  35.930  6.766  -22.206 1.0000000000
109812  37.034  6.126  -23.403 1.0000000000
109819  37.750  6.036  -24.437 1.0000000000
109825  39.655  6.081  -26.025 0.7500000000
109826  39.121  6.297  -25.841 0.7500000000
109833  40.655  6.401  -27.306 0.3750000000
109834  40.070  6.350  -26.509 0.6250000000
109842  41.147  6.241  -27.500 0.3750000000
111088  31.352  7.439  -20.023 1.0000000000
111090  26.000  7.352  -19.920 0.5000000000
111110  35.346  7.464  -21.120 1.0000000000
111113  32.890  7.458  -19.754 1.0000000000
111115  30.495  7.239  -20.409 1.0000000000
111121  24.894  8.131  -20.618 0.3750000000
111134  35.566  7.324  -21.692 1.0000000000
111135  30.053  7.114  -20.555 1.0000000000
111136  29.818  7.171  -20.512 1.0000000000
111145  36.092  6.844  -22.481 1.0000000000
111173  38.425  6.614  -25.192 0.8750000000
111184  37.975  7.388  -25.490 0.7500000000
111195  34.935  7.907  -26.093 0.8750000000
111196  34.583  8.362  -26.179 0.8750000000
111203  41.451  7.162  -27.178 0.1250000000
111204  40.939  7.080  -27.495 0.3750000000
112406  33.050  8.611  -19.889 1.0000000000
112407  32.443  8.475  -19.778 1.0000000000
112408  31.615  8.277  -19.667 1.0000000000
112409  30.866  8.213  -19.837 1.0000000000
112433  30.201  8.205  -20.279 1.0000000000
112436  26.854  8.556  -20.211 0.6250000000
112438  25.150  8.761  -20.923 0.5000000000
112439  24.832  8.797  -20.002 0.2500000000
112472  34.972  9.039  -22.811 1.0000000000
112483  35.353  8.199  -23.518 1.0000000000
112500  35.945  8.500  -26.065 0.6250000000
112501  35.335  8.202  -26.046 0.7500000000
112502  34.038  8.732  -26.038 0.8750000000
112516  33.421  9.043  -26.859 0.8750000000
112523  41.202  7.567  -27.497 0.1250000000
112527  37.753  8.757  -28.373 0.5000000000
112529  35.413  9.240  -27.387 0.6250000000
112531  33.768  9.038  -27.589 0.6250000000
112538  38.771  9.618  -28.926 0.2500000000
112539  38.132  9.496  -28.936 0.2500000000
112541  35.901  9.350  -28.577 0.3750000000
112544  33.419  9.099  -28.198 0.6250000000
113733  31.857  9.108  -19.796 1.0000000000
113737  23.527  9.618  -19.598 0.1250000000
113758  24.948  9.527  -20.120 0.3750000000
113760  23.914  9.627  -19.999 0.2500000000
113777  34.609  9.618  -22.340 1.0000000000
113793  34.486  9.758  -23.450 1.0000000000
113804  34.251  9.809  -23.614 1.0000000000
113816  33.799  9.479  -24.700 1.0000000000
113817  33.229  9.840  -24.974 1.0000000000
113827  31.265  10.075  -26.068 1.0000000000
113834  35.024  9.023  -26.494 0.7500000000
113835  34.758  8.935  -26.495 0.7500000000
113836  33.183  9.353  -26.424 0.8750000000
113837  32.511  9.426  -26.822 0.8750000000
113838  31.422  9.825  -26.673 1.0000000000
113846  35.150  9.150  -26.678 0.7500000000
113847  34.809  9.197  -26.813 0.6250000000
113858  37.477  10.029  -29.028 0.2500000000
113864  31.206  10.653  -29.297 0.5000000000
113869  33.719  10.272  -28.980 0.5000000000
113871  31.768  10.730  -29.333 0.5000000000
113872  31.530  10.929  -29.612 0.5000000000
114934  23.245  10.631  -19.346 0.1250000000
114947  33.317  10.828  -21.227 1.0000000000
114953  26.880  10.378  -19.895 0.5000000000
114955  25.098  10.377  -20.238 0.2500000000
114957  23.829  10.103  -20.185 0.2500000000
114969  33.632  10.779  -21.868 1.0000000000
114984  34.372  10.017  -23.217 1.0000000000
114985  34.350  10.158  -23.013 1.0000000000
115000  34.312  9.883  -23.408 1.0000000000
115002  33.652  10.414  -23.558 1.0000000000
115013  33.260  10.703  -24.391 1.0000000000
115025  31.457  10.676  -25.952 0.8750000000
115056  35.685  10.549  -28.387 0.2500000000
115058  34.209  10.574  -29.003 0.3750000000
115059  32.454  10.399  -29.005 0.5000000000
115061  30.494  10.967  -29.049 0.7500000000
115066  34.402  11.018  -29.193 0.2500000000
115068  32.892  10.879  -29.237 0.5000000000
115069  32.070  11.124  -29.872 0.5000000000
115081  31.443  12.041  -30.368 0.5000000000
116207  33.293  11.615  -21.364 1.0000000000
116211  29.676  11.457  -19.779 0.7500000000
116214  26.452  11.386  -20.255 0.2500000000
116257  33.350  11.232  -23.059 1.0000000000
116269  32.656  11.622  -24.423 1.0000000000
116270  31.997  11.981  -24.989 1.0000000000
116280  30.370  11.753  -25.998 1.0000000000
116291  31.056  11.331  -26.276 0.8750000000
116293  30.239  12.296  -26.650 0.8750000000
116304  30.123  11.639  -27.788 0.8750000000
116305  29.708  12.143  -28.165 0.7500000000
116311  34.440  11.488  -28.496 0.2500000000
116314  29.915  12.267  -28.552 0.7500000000
116323  34.077  11.396  -29.127 0.3750000000
116324  33.558  11.739  -29.318 0.3750000000
116326  32.216  11.916  -30.309 0.5000000000
116328  30.304  12.495  -28.704 0.7500000000
116335  31.837  12.546  -30.573 0.5000000000
117412  26.162  13.227  -19.822 0.1250000000
117426  29.051  12.384  -19.848 0.6250000000
117429  25.849  12.553  -20.131 0.2500000000
117450  32.872  12.754  -22.333 1.0000000000
117457  32.465  12.565  -23.105 1.0000000000
117482  31.363  12.494  -25.003 1.0000000000
117496  30.345  12.390  -26.881 0.8750000000
117498  28.561  12.847  -27.402 0.7500000000
117499  27.802  12.704  -27.663 0.7500000000
117513  27.491  12.566  -28.034 0.7500000000
117522  33.560  12.549  -28.532 0.1250000000
117523  30.201  13.516  -28.435 0.7500000000
117524  30.041  13.440  -28.333 0.7500000000
117525  29.608  13.053  -27.982 0.7500000000
117526  28.079  12.814  -28.271 0.7500000000
117527  27.496  12.876  -28.218 0.7500000000
117538  29.892  13.424  -28.517 0.7500000000
117543  32.244  13.427  -30.838 0.2500000000
118737  27.148  13.771  -19.253 0.1250000000
118746  32.338  13.546  -21.304 1.0000000000
118747  32.083  13.782  -21.120 1.0000000000
118751  28.372  13.222  -19.579 0.3750000000
118760  32.423  13.688  -21.593 1.0000000000
118793  31.800  13.389  -24.089 1.0000000000
118807  30.147  13.378  -25.685 0.8750000000
118819  27.838  12.938  -27.320 0.7500000000
118827  27.844  13.465  -27.439 0.8750000000
118828  27.401  13.068  -27.757 0.7500000000
118841  29.507  13.727  -28.653 0.7500000000
118844  27.239  13.011  -28.132 0.7500000000
118852  32.710  13.317  -29.445 0.1250000000
118854  30.046  13.773  -28.742 0.7500000000
118858  32.084  15.174  -31.644 0.1250000000
120023  27.902  14.603  -19.414 0.1250000000
120038  28.188  13.901  -19.514 0.3750000000
120047  32.237  14.124  -21.727 1.0000000000
120048  31.955  14.467  -21.647 1.0000000000
120056  31.965  14.585  -22.097 1.0000000000
120065  32.312  14.121  -22.911 1.0000000000
120074  31.519  14.072  -24.242 1.0000000000
120088  29.675  14.356  -25.967 1.0000000000
120113  27.716  14.289  -28.128 0.7500000000
120114  27.669  14.100  -27.914 0.7500000000
120115  27.281  13.322  -27.970 0.7500000000
120136  27.880  14.108  -28.329 0.7500000000
120137  27.455  13.458  -28.140 0.7500000000
120138  27.298  13.249  -28.135 0.7500000000
121212  31.284  15.519  -20.623 0.8750000000
121214  29.628  15.883  -19.998 0.3750000000
121229  32.006  14.640  -22.333 1.0000000000
121240  32.086  14.681  -22.595 1.0000000000
121253  31.340  14.788  -24.087 1.0000000000
121271  27.364  16.109  -27.331 0.8750000000
121294  27.210  16.135  -28.702 0.7500000000
121314  28.331  15.245  -28.257 0.7500000000
121315  27.748  15.989  -28.773 0.7500000000
121316  27.312  16.266  -29.089 0.7500000000
122336  30.079  16.661  -20.430 0.2500000000
122362  31.520  16.027  -22.099 1.0000000000
122387  29.518  16.864  -24.609 1.0000000000
122405  26.800  17.243  -26.778 0.7500000000
122420  28.341  16.777  -29.565 0.6250000000
122422  26.794  17.148  -27.143 0.7500000000
122441  26.717  16.648  -28.589 0.7500000000
122458  27.590  16.458  -29.266 0.7500000000
122475  28.973  17.332  -30.380 0.3750000000
122481  29.810  16.551  -30.962 0.2500000000
122482  29.434  16.934  -30.663 0.2500000000
122485  30.177  16.940  -31.413 0.2500000000
122486  31.512  16.641  -32.163 0.1250000000
123465  30.175  17.580  -21.645 0.3750000000
123475  29.701  17.985  -22.696 0.7500000000
123531  26.754  17.488  -26.369 0.7500000000
123550  28.231  16.705  -29.168 0.6250000000
123551  28.192  16.953  -29.503 0.6250000000
123552  26.601  17.360  -27.545 0.7500000000
123578  27.819  17.424  -29.021 0.3750000000
123580  26.289  17.829  -27.643 0.7500000000
123603  27.896  16.704  -29.366 0.7500000000
123623  28.970  18.117  -29.933 0.2500000000
123625  28.879  17.597  -30.322 0.3750000000
123630  29.659  17.178  -30.868 0.2500000000
123631  29.151  17.449  -30.484 0.3750000000
123637  30.859  17.654  -31.750 0.1250000000
123638  30.436  17.403  -31.560 0.1250000000
123641  31.281  17.358  -31.870 0.1250000000
123642  30.860  17.105  -31.914 0.1250000000
124618  29.806  18.130  -22.389 0.6250000000
124620  29.255  19.081  -22.628 0.3750000000
124642  32.469  18.849  -25.000 0.1250000000
124643  31.765  18.647  -24.981 0.1250000000
124644  28.902  18.215  -24.230 0.7500000000
124661  32.578  18.926  -25.561 0.1250000000
124662  32.063  18.723  -25.738 0.1250000000
124667  26.142  18.139  -26.483 0.7500000000
124681  32.187  18.905  -26.867 0.1250000000
124687  25.577  18.853  -27.545 0.7500000000
124724  27.610  17.548  -29.003 0.7500000000
124741  29.261  18.010  -30.332 0.3750000000
124742  29.063  17.749  -30.376 0.3750000000
124752  30.060  18.576  -31.190 0.1250000000
124754  29.278  17.743  -30.508 0.3750000000
124762  30.605  18.325  -31.652 0.1250000000
124764  32.359  19.193  -31.887 0.1250000000
124765  32.060  18.555  -31.865 0.1250000000
124766  31.420  18.304  -31.858 0.1250000000
124767  31.011  18.508  -32.027 0.1250000000
125776  29.291  19.597  -21.923 0.1250000000
125782  32.580  21.378  -22.927 0.1250000000
125783  32.208  21.357  -22.977 0.1250000000
125784  29.164  19.072  -22.831 0.3750000000
125794  32.650  21.240  -23.259 0.1250000000
125796  31.998  21.268  -23.187 0.1250000000
125800  26.809  19.694  -24.199 0.6250000000
125812  33.468  20.378  -25.109 0.1250000000
125816  28.016  19.154  -24.308 0.7500000000
125835  29.749  19.164  -26.080 0.2500000000
125836  27.965  19.133  -25.062 0.7500000000
125848  33.291  20.010  -26.598 0.1250000000
125849  32.497  19.254  -26.745 0.1250000000
125850  32.226  18.911  -26.274 0.1250000000
125865  32.967  19.911  -27.364 0.1250000000
125870  26.034  19.747  -28.314 0.7500000000
125882  32.001  19.901  -28.845 0.1250000000
125883  31.517  19.591  -29.568 0.1250000000
125884  25.755  20.357  -28.306 0.7500000000
125885  25.497  20.565  -28.291 0.7500000000
125906  30.478  19.152  -31.689 0.1250000000
125911  31.103  19.476  -31.880 0.1250000000
125912  30.832  18.972  -32.180 0.1250000000
125916  31.182  18.756  -32.162 0.1250000000
126960  33.297  21.480  -21.495 0.1250000000
126961  32.993  21.413  -21.576 0.1250000000
126963  28.808  19.872  -20.503 0.1250000000
126971  33.528  21.465  -21.445 0.1250000000
126972  32.979  21.738  -21.666 0.1250000000
126973  32.632  21.605  -21.851 0.1250000000
126984  33.013  21.299  -22.435 0.1250000000
126985  32.385  21.518  -22.431 0.1250000000
126986  31.833  21.401  -22.977 0.1250000000
127000  32.302  20.883  -23.558 0.1250000000
127017  32.564  20.381  -24.159 0.1250000000
127018  31.435  20.348  -24.061 0.1250000000
127021  27.001  20.833  -23.852 0.5000000000
127052  27.278  20.221  -27.858 0.3750000000
127054  24.428  20.892  -27.154 0.6250000000
127077  32.527  20.652  -28.709 0.1250000000
127079  26.426  21.030  -28.376 0.3750000000
127082  24.837  21.212  -27.969 0.6250000000
127094  31.708  20.217  -31.056 0.1250000000
127099  32.490  20.037  -31.648 0.1250000000
127100  31.976  19.761  -31.671 0.1250000000
127101  31.512  19.568  -31.788 0.1250000000
128201  33.432  21.690  -21.525 0.1250000000
128202  33.115  21.623  -21.546 0.1250000000
128203  32.880  21.635  -21.589 0.1250000000
128212  33.260  21.580  -21.662 0.1250000000
128213  33.231  21.821  -21.617 0.1250000000
128214  32.677  21.834  -21.719 0.1250000000
128231  32.170  21.831  -22.090 0.1250000000
128233  28.247  21.045  -22.622 0.1250000000
128253  29.292  21.957  -23.889 0.1250000000
128268  26.816  21.503  -23.891 0.2500000000
128285  24.753  22.073  -25.705 0.6250000000
128305  24.631  22.161  -26.023 0.7500000000
128306  24.828  21.655  -26.433 0.7500000000
128320  24.616  21.317  -27.206 0.6250000000
128328  26.289  21.817  -28.733 0.3750000000
128329  25.493  21.860  -28.646 0.3750000000
128331  24.765  21.429  -27.704 0.6250000000
129428  26.997  21.905  -19.786 0.1250000000
129444  31.478  23.057  -21.757 0.1250000000
129445  31.130  23.353  -21.896 0.1250000000
129459  32.190  22.125  -21.909 0.1250000000
129460  31.479  22.253  -22.065 0.1250000000
129480  27.239  22.226  -23.358 0.1250000000
129494  26.063  21.932  -23.872 0.2500000000
129521  24.952  22.685  -26.699 0.7500000000
129530  27.656  22.111  -27.077 0.3750000000
130632  26.641  23.468  -21.210 0.1250000000
130656  30.530  23.375  -22.485 0.1250000000
130660  25.401  23.368  -23.930 0.3750000000
130673  29.456  23.283  -23.876 0.1250000000
130686  24.365  22.821  -26.016 0.5000000000
130714  26.857  24.069  -27.968 0.3750000000
130716  25.053  25.615  -28.301 0.3750000000
131796  31.280  24.289  -22.005 0.1250000000
131799  26.124  25.159  -22.160 0.1250000000
131800  25.465  25.431  -22.202 0.1250000000
131825  25.821  24.595  -23.772 0.1250000000
131835  28.531  24.426  -25.585 0.1250000000
131844  28.014  24.460  -26.202 0.1250000000
132845  25.149  25.617  -22.308 0.1250000000
132866  28.437  25.431  -24.213 0.1250000000
132868  25.546  25.152  -23.810 0.1250000000
132918  26.007  27.921  -29.285 0.2500000000
132921  26.468  28.154  -29.068 0.2500000000
133788  28.158  26.501  -24.358 0.1250000000
133789  27.742  26.261  -24.987 0.1250000000
133790  25.656  27.210  -24.072 0.2500000000
133791  25.167  26.961  -24.500 0.2500000000
134650  28.061  27.194  -25.286 0.1250000000
174063  29.624  -8.614  -17.698 0.1250000000
174067  29.551  -8.187  -18.045 0.1250000000
174069  29.715  -7.902  -17.975 0.1250000000
174070  29.996  -7.160  -17.340 0.2500000000
174071  30.336  -6.616  -17.278 0.2500000000
174073  30.327  -6.942  -17.632 0.1250000000
174474  30.754  16.008  -32.408 0.3750000000
174476  31.644  15.603  -32.372 0.1250000000
174479  29.780  15.251  -31.083 0.3750000000
174480  30.601  16.520  -31.976 0.3750000000
174481  31.289  15.984  -32.537 0.1250000000
174484  32.064  16.050  -32.159 0.1250000000
