#!ascii label  , from subject 3532 vox2ras=TkReg
532
14086  -46.114  -75.969  -11.834 0.0000000000
25284  -51.217  -65.556  -14.067 0.0000000000
18393  -41.421  -71.524  -11.967 0.0000000000
18424  -46.518  -71.863  -14.668 0.0000000000
25259  -44.551  -65.563  -13.960 0.0000000000
18357  -47.122  -71.120  -8.676 0.0000000000
22847  -39.688  -67.635  -8.687 0.0000000000
29432  -39.312  -62.119  -3.976 0.0000000000
22886  -39.984  -67.478  -12.509 0.0000000000
21695  -43.322  -68.531  -13.179 0.0000000000
25243  -41.367  -65.597  -12.658 0.0000000000
20551  -43.254  -69.472  -8.936 0.0000000000
22834  -43.545  -66.869  -8.067 0.0000000000
31685  -37.786  -59.529  -2.298 0.0000000000
29458  -36.718  -61.417  -5.331 0.0000000000
12101  -44.183  -77.170  -13.923 0.0000000000
20610  -49.268  -68.676  -13.980 0.0000000000
18452  -45.821  -71.881  -16.975 0.0000000000
21762  -46.901  -68.750  -16.603 0.0000000000
16264  -43.420  -73.708  -11.653 0.0000000000
15202  -44.687  -74.775  -14.131 0.0000000000
21698  -46.613  -68.548  -13.237 0.0000000000
25263  -48.592  -65.423  -13.610 0.0000000000
17346  -43.276  -72.806  -9.883 0.0000000000
19448  -39.899  -70.122  -10.242 0.0000000000
22864  -37.576  -67.122  -10.441 0.0000000000
27292  -41.983  -63.727  -5.882 0.0000000000
26276  -39.306  -65.023  -6.385 0.0000000000
26300  -36.790  -64.582  -7.979 0.0000000000
28383  -37.654  -62.094  -9.765 0.0000000000
15254  -44.947  -74.566  -16.500 0.0000000000
29633  -46.882  -61.303  -15.602 0.0000000000
28525  -51.084  -62.717  -15.237 0.0000000000
28554  -50.363  -61.862  -17.376 0.0000000000
24049  -38.994  -66.179  -12.140 0.0000000000
24069  -40.663  -66.534  -12.443 0.0000000000
13084  -45.115  -76.650  -12.845 0.0000000000
22932  -50.338  -67.420  -14.200 0.0000000000
21742  -49.074  -68.450  -15.201 0.0000000000
22971  -49.474  -67.087  -15.620 0.0000000000
24152  -48.323  -66.622  -16.361 0.0000000000
25306  -50.354  -65.447  -15.481 0.0000000000
17365  -42.141  -72.291  -12.004 0.0000000000
18404  -42.852  -71.428  -13.186 0.0000000000
24072  -43.501  -67.038  -13.172 0.0000000000
21696  -44.451  -68.701  -13.315 0.0000000000
22910  -45.827  -67.399  -13.334 0.0000000000
22912  -47.568  -67.480  -13.285 0.0000000000
25261  -46.694  -65.984  -13.887 0.0000000000
16248  -45.533  -73.585  -9.792 0.0000000000
17338  -45.408  -72.099  -8.764 0.0000000000
21653  -41.410  -68.560  -8.909 0.0000000000
20562  -41.855  -70.326  -9.306 0.0000000000
21667  -40.063  -68.843  -9.311 0.0000000000
20558  -38.542  -68.717  -10.303 0.0000000000
22860  -38.698  -67.748  -9.246 0.0000000000
27271  -41.033  -63.220  -5.255 0.0000000000
26277  -40.607  -64.640  -6.306 0.0000000000
27269  -38.971  -63.627  -5.300 0.0000000000
30605  -36.685  -60.678  -6.601 0.0000000000
27290  -36.520  -63.108  -6.797 0.0000000000
29499  -36.644  -61.743  -7.809 0.0000000000
27333  -36.745  -63.561  -9.438 0.0000000000
17386  -45.621  -72.795  -14.665 0.0000000000
15220  -45.375  -74.400  -15.652 0.0000000000
16312  -46.136  -73.266  -15.725 0.0000000000
17421  -43.849  -72.899  -16.923 0.0000000000
30776  -45.622  -60.550  -16.553 0.0000000000
29635  -49.026  -61.608  -15.081 0.0000000000
30781  -50.938  -60.754  -16.831 0.0000000000
19475  -40.250  -69.790  -12.358 0.0000000000
20577  -41.650  -69.581  -13.002 0.0000000000
21693  -41.286  -68.506  -12.819 0.0000000000
24071  -42.566  -66.720  -13.003 0.0000000000
25257  -42.702  -65.696  -13.359 0.0000000000
19440  -45.115  -70.311  -8.717 0.0000000000
22850  -43.039  -67.698  -8.491 0.0000000000
22832  -41.289  -67.131  -8.024 0.0000000000
30554  -38.450  -60.846  -2.979 0.0000000000
28301  -37.781  -62.647  -4.881 0.0000000000
30579  -37.086  -60.426  -4.270 0.0000000000
31727  -36.827  -60.066  -5.268 0.0000000000
32896  -38.234  -58.607  -6.303 0.0000000000
19497  -47.595  -70.329  -14.152 0.0000000000
18454  -47.021  -71.970  -16.090 0.0000000000
19525  -47.950  -70.354  -15.351 0.0000000000
20638  -47.168  -69.855  -16.484 0.0000000000
20636  -44.978  -69.669  -16.639 0.0000000000
22967  -45.183  -67.467  -16.281 0.0000000000
24150  -45.886  -66.408  -16.332 0.0000000000
26428  -47.302  -64.265  -16.647 0.0000000000
15159  -44.814  -74.711  -11.755 0.0000000000
14105  -45.206  -75.802  -12.962 0.0000000000
17374  -44.384  -72.894  -13.898 0.0000000000
18407  -45.784  -71.662  -14.319 0.0000000000
20595  -43.831  -70.015  -13.446 0.0000000000
20596  -44.745  -69.809  -13.549 0.0000000000
20598  -46.848  -69.748  -13.542 0.0000000000
21716  -47.839  -69.102  -13.344 0.0000000000
22914  -49.163  -67.578  -13.387 0.0000000000
25264  -49.809  -65.562  -13.387 0.0000000000
16257  -44.941  -74.023  -10.466 0.0000000000
16256  -43.617  -73.580  -10.714 0.0000000000
17356  -41.817  -72.215  -10.667 0.0000000000
18354  -44.022  -71.129  -8.967 0.0000000000
18366  -42.402  -71.664  -9.550 0.0000000000
18387  -40.772  -71.229  -11.271 0.0000000000
20570  -39.185  -69.315  -11.748 0.0000000000
22868  -38.426  -67.401  -11.898 0.0000000000
25221  -37.993  -65.563  -11.484 0.0000000000
25194  -42.256  -65.649  -7.170 0.0000000000
25193  -41.267  -65.888  -7.170 0.0000000000
24023  -39.358  -66.561  -7.742 0.0000000000
27268  -37.752  -63.584  -5.582 0.0000000000
25169  -37.947  -65.046  -6.772 0.0000000000
24021  -37.670  -65.813  -8.076 0.0000000000
25207  -37.080  -65.634  -9.190 0.0000000000
26310  -37.255  -64.736  -10.624 0.0000000000
13099  -44.572  -76.303  -14.503 0.0000000000
13118  -44.499  -75.825  -15.642 0.0000000000
17442  -45.201  -73.251  -16.897 0.0000000000
15252  -43.570  -74.655  -16.670 0.0000000000
26381  -46.959  -64.268  -14.211 0.0000000000
26358  -48.635  -64.420  -13.712 0.0000000000
27411  -50.764  -63.418  -13.703 0.0000000000
28504  -50.532  -62.323  -14.041 0.0000000000
27436  -51.369  -63.504  -14.332 0.0000000000
26431  -50.681  -63.792  -15.725 0.0000000000
27472  -49.386  -63.090  -16.719 0.0000000000
25223  -39.629  -65.163  -11.932 0.0000000000
25241  -39.491  -65.740  -12.115 0.0000000000
12068  -45.142  -77.214  -12.224 0.0000000000
14106  -45.554  -76.022  -12.522 0.0000000000
24108  -51.007  -66.541  -14.076 0.0000000000
22947  -49.871  -67.445  -14.978 0.0000000000
24127  -50.537  -66.370  -15.028 0.0000000000
24154  -49.880  -66.474  -15.516 0.0000000000
25307  -51.040  -65.415  -14.809 0.0000000000
18394  -42.437  -71.786  -12.710 0.0000000000
19477  -41.855  -70.806  -12.953 0.0000000000
24086  -44.031  -66.450  -13.457 0.0000000000
24073  -44.314  -67.184  -13.272 0.0000000000
24087  -45.082  -66.748  -13.504 0.0000000000
24088  -46.174  -66.751  -13.560 0.0000000000
25260  -45.685  -65.914  -13.944 0.0000000000
17340  -47.844  -72.243  -8.645 0.0000000000
17350  -47.645  -72.826  -8.852 0.0000000000
17348  -46.097  -72.964  -9.118 0.0000000000
17339  -46.618  -72.146  -8.677 0.0000000000
22848  -40.804  -67.788  -8.549 0.0000000000
20549  -40.907  -69.202  -9.212 0.0000000000
21651  -39.804  -68.175  -9.022 0.0000000000
21666  -39.470  -68.423  -9.316 0.0000000000
22861  -39.179  -67.799  -9.015 0.0000000000
29407  -39.711  -61.653  -3.435 0.0000000000
29408  -40.700  -61.657  -3.368 0.0000000000
29433  -40.364  -62.097  -3.931 0.0000000000
28304  -40.995  -62.443  -4.457 0.0000000000
28303  -39.975  -62.660  -4.598 0.0000000000
27270  -40.110  -63.264  -5.174 0.0000000000
27253  -39.256  -63.071  -4.880 0.0000000000
30606  -36.921  -60.277  -7.049 0.0000000000
29483  -36.560  -61.466  -7.088 0.0000000000
29500  -36.982  -61.403  -8.442 0.0000000000
31782  -37.745  -60.233  -8.224 0.0000000000
17387  -46.260  -72.603  -15.012 0.0000000000
16302  -46.180  -72.998  -15.370 0.0000000000
17400  -46.547  -72.592  -15.441 0.0000000000
30779  -49.379  -60.879  -16.625 0.0000000000
30780  -50.433  -60.830  -16.626 0.0000000000
30798  -49.974  -59.984  -17.004 0.0000000000
20575  -39.854  -69.280  -12.369 0.0000000000
20576  -40.635  -69.371  -12.667 0.0000000000
21692  -40.306  -68.447  -12.632 0.0000000000
24070  -41.603  -66.665  -12.683 0.0000000000
25244  -42.020  -66.020  -12.998 0.0000000000
22849  -41.901  -67.787  -8.506 0.0000000000
22833  -42.397  -67.026  -8.055 0.0000000000
30553  -37.664  -60.263  -2.984 0.0000000000
29405  -37.871  -61.090  -3.736 0.0000000000
31703  -37.414  -59.447  -3.476 0.0000000000
32887  -37.568  -58.836  -5.502 0.0000000000
12123  -43.957  -76.889  -14.906 0.0000000000
19498  -48.163  -69.944  -14.301 0.0000000000
19510  -48.328  -69.948  -14.773 0.0000000000
19526  -48.343  -69.880  -15.102 0.0000000000
21763  -47.904  -68.799  -16.309 0.0000000000
21764  -48.461  -68.804  -15.754 0.0000000000
21761  -45.707  -68.628  -16.475 0.0000000000
25335  -48.954  -65.573  -16.266 0.0000000000
24151  -47.127  -66.510  -16.377 0.0000000000
25334  -47.817  -65.442  -16.422 0.0000000000
25333  -46.582  -65.337  -16.482 0.0000000000
26429  -48.573  -64.347  -16.453 0.0000000000
15158  -43.993  -74.169  -11.428 0.0000000000
15181  -43.954  -74.317  -12.372 0.0000000000
17375  -45.035  -72.450  -14.295 0.0000000000
18406  -44.515  -71.814  -13.869 0.0000000000
20578  -42.702  -69.309  -13.224 0.0000000000
20594  -43.044  -70.013  -13.349 0.0000000000
20579  -43.603  -69.302  -13.342 0.0000000000
21715  -45.095  -69.157  -13.415 0.0000000000
20597  -45.906  -69.551  -13.503 0.0000000000
20582  -46.784  -69.087  -13.305 0.0000000000
20583  -47.329  -69.234  -13.350 0.0000000000
24090  -48.100  -66.656  -13.429 0.0000000000
22913  -48.396  -67.470  -13.299 0.0000000000
24091  -49.084  -66.605  -13.384 0.0000000000
17347  -44.623  -72.615  -9.207 0.0000000000
16247  -44.248  -73.392  -9.970 0.0000000000
17357  -42.673  -72.905  -10.734 0.0000000000
17345  -42.178  -72.222  -10.147 0.0000000000
18355  -44.603  -71.344  -8.817 0.0000000000
19439  -43.892  -70.516  -8.954 0.0000000000
20561  -41.216  -70.057  -9.398 0.0000000000
19450  -41.670  -70.863  -9.515 0.0000000000
19449  -40.754  -70.744  -9.902 0.0000000000
18377  -40.954  -71.340  -10.481 0.0000000000
19456  -40.307  -70.734  -10.735 0.0000000000
19466  -40.285  -70.608  -11.553 0.0000000000
19455  -39.543  -70.019  -11.074 0.0000000000
21673  -38.208  -68.344  -10.508 0.0000000000
21678  -38.264  -68.230  -11.355 0.0000000000
22867  -37.875  -67.276  -11.310 0.0000000000
24048  -38.312  -66.447  -11.780 0.0000000000
24047  -37.633  -66.384  -11.146 0.0000000000
25174  -42.734  -64.810  -6.724 0.0000000000
26255  -39.765  -64.104  -5.781 0.0000000000
25172  -40.261  -65.729  -6.901 0.0000000000
24005  -39.963  -66.270  -7.302 0.0000000000
25171  -39.235  -65.908  -7.059 0.0000000000
29430  -37.296  -61.549  -4.559 0.0000000000
28324  -37.162  -62.785  -5.483 0.0000000000
26294  -36.584  -63.917  -7.678 0.0000000000
26273  -36.786  -64.030  -6.913 0.0000000000
26295  -37.020  -64.642  -7.441 0.0000000000
25190  -37.752  -65.400  -7.374 0.0000000000
24035  -37.710  -66.386  -8.736 0.0000000000
25202  -36.845  -64.887  -8.579 0.0000000000
27334  -36.999  -63.151  -9.922 0.0000000000
27355  -36.803  -64.049  -9.874 0.0000000000
27356  -37.274  -63.678  -10.428 0.0000000000
27375  -37.541  -64.320  -10.871 0.0000000000
14122  -44.966  -75.927  -13.509 0.0000000000
14166  -45.222  -74.814  -16.102 0.0000000000
14165  -45.016  -75.131  -15.932 0.0000000000
13134  -44.515  -75.486  -16.118 0.0000000000
13133  -44.139  -75.805  -16.105 0.0000000000
14185  -44.464  -75.199  -16.351 0.0000000000
18453  -46.479  -72.018  -16.617 0.0000000000
17444  -46.016  -72.727  -16.623 0.0000000000
18464  -45.422  -72.642  -16.934 0.0000000000
16328  -43.113  -73.773  -16.672 0.0000000000
16329  -44.160  -73.865  -16.919 0.0000000000
26380  -45.982  -64.254  -14.342 0.0000000000
27432  -46.559  -63.411  -14.154 0.0000000000
28477  -49.111  -62.367  -13.551 0.0000000000
27410  -49.794  -63.388  -13.531 0.0000000000
29636  -49.999  -61.790  -14.984 0.0000000000
29615  -50.177  -61.963  -14.196 0.0000000000
29616  -50.617  -62.295  -14.323 0.0000000000
28505  -51.093  -62.726  -14.416 0.0000000000
28526  -51.317  -62.935  -14.762 0.0000000000
27454  -51.185  -63.612  -15.304 0.0000000000
27474  -50.898  -63.103  -15.739 0.0000000000
28555  -50.685  -61.947  -16.852 0.0000000000
28541  -50.288  -62.424  -16.724 0.0000000000
28540  -49.876  -62.386  -17.112 0.0000000000
24068  -39.629  -66.510  -12.296 0.0000000000
32833  -37.782  -58.684  -2.839 0.0000000000
32847  -38.325  -57.876  -3.353 0.0000000000
13083  -44.737  -76.691  -13.605 0.0000000000
21732  -49.765  -68.060  -14.186 0.0000000000
21731  -49.224  -68.708  -14.514 0.0000000000
21743  -49.537  -68.204  -14.704 0.0000000000
22946  -49.295  -67.909  -15.366 0.0000000000
22970  -48.856  -67.746  -15.864 0.0000000000
22969  -47.656  -67.695  -16.473 0.0000000000
24153  -49.225  -66.575  -15.992 0.0000000000
25336  -49.663  -65.736  -15.853 0.0000000000
16276  -42.973  -73.195  -11.825 0.0000000000
17366  -42.770  -72.666  -12.304 0.0000000000
18395  -42.904  -72.297  -12.826 0.0000000000
18405  -43.346  -71.812  -13.294 0.0000000000
22889  -42.927  -67.692  -13.037 0.0000000000
22890  -43.931  -67.812  -13.176 0.0000000000
22891  -45.067  -67.786  -13.212 0.0000000000
22892  -46.169  -68.003  -13.200 0.0000000000
22893  -47.091  -68.056  -13.191 0.0000000000
22911  -46.668  -67.466  -13.312 0.0000000000
24089  -47.145  -66.751  -13.511 0.0000000000
25262  -47.619  -65.901  -13.741 0.0000000000
21654  -42.549  -68.594  -8.812 0.0000000000
19438  -42.987  -70.217  -9.098 0.0000000000
20550  -42.071  -69.644  -9.108 0.0000000000
20560  -40.194  -69.477  -9.589 0.0000000000
20559  -39.086  -69.267  -10.187 0.0000000000
21665  -38.454  -68.248  -9.845 0.0000000000
21664  -38.113  -67.852  -9.840 0.0000000000
28327  -41.526  -62.835  -4.931 0.0000000000
26257  -41.689  -63.747  -5.849 0.0000000000
26278  -41.898  -64.153  -6.209 0.0000000000
26256  -40.992  -63.758  -5.758 0.0000000000
26254  -38.644  -64.280  -5.860 0.0000000000
30598  -36.635  -60.706  -5.765 0.0000000000
28323  -36.660  -62.324  -5.933 0.0000000000
28348  -36.480  -62.143  -6.675 0.0000000000
28357  -36.476  -62.322  -7.409 0.0000000000
27309  -36.463  -63.042  -7.743 0.0000000000
26299  -36.696  -64.398  -8.589 0.0000000000
28368  -36.637  -62.402  -8.440 0.0000000000
28369  -36.944  -61.954  -8.975 0.0000000000
29514  -37.494  -61.655  -9.285 0.0000000000
16300  -45.053  -73.765  -14.653 0.0000000000
15219  -45.157  -74.365  -15.048 0.0000000000
16301  -45.719  -73.523  -15.294 0.0000000000
16311  -45.761  -73.877  -15.910 0.0000000000
16331  -45.522  -73.766  -16.416 0.0000000000
18451  -44.820  -72.120  -17.057 0.0000000000
30777  -46.461  -60.566  -16.909 0.0000000000
29654  -47.554  -61.329  -16.376 0.0000000000
29634  -47.938  -61.450  -15.298 0.0000000000
29655  -48.692  -61.530  -16.084 0.0000000000
29656  -49.773  -61.548  -15.941 0.0000000000
29657  -50.579  -61.780  -16.022 0.0000000000
29671  -50.904  -61.349  -17.126 0.0000000000
19476  -40.764  -70.404  -12.364 0.0000000000
21694  -42.303  -68.517  -12.994 0.0000000000
22887  -40.970  -67.533  -12.621 0.0000000000
22888  -41.951  -67.598  -12.777 0.0000000000
24085  -43.262  -66.329  -13.299 0.0000000000
25258  -43.559  -65.700  -13.636 0.0000000000
20552  -44.404  -69.392  -8.778 0.0000000000
21655  -43.714  -68.493  -8.727 0.0000000000
30555  -39.177  -61.249  -3.046 0.0000000000
29406  -38.777  -61.481  -3.544 0.0000000000
28302  -38.825  -62.604  -4.540 0.0000000000
29431  -38.286  -61.917  -4.184 0.0000000000
29429  -36.865  -61.026  -4.774 0.0000000000
31728  -37.235  -59.308  -4.698 0.0000000000
30578  -36.756  -60.710  -5.074 0.0000000000
31743  -36.834  -60.043  -6.151 0.0000000000
31747  -36.904  -60.105  -6.671 0.0000000000
31748  -37.417  -59.549  -6.849 0.0000000000
18425  -47.160  -71.319  -14.690 0.0000000000
17401  -47.026  -71.989  -15.215 0.0000000000
19509  -47.845  -70.619  -14.754 0.0000000000
19548  -47.298  -70.951  -16.164 0.0000000000
19547  -46.467  -70.931  -16.763 0.0000000000
22968  -46.429  -67.576  -16.399 0.0000000000
24149  -44.694  -66.419  -16.557 0.0000000000
25332  -45.463  -65.381  -16.764 0.0000000000
15160  -45.873  -75.429  -11.724 0.0000000000
15183  -45.495  -75.612  -12.328 0.0000000000
15182  -44.971  -75.280  -12.766 0.0000000000
15201  -44.293  -74.431  -13.324 0.0000000000
16291  -44.466  -73.798  -13.977 0.0000000000
16290  -43.833  -73.515  -13.220 0.0000000000
17385  -44.895  -73.151  -14.354 0.0000000000
19491  -42.577  -70.587  -13.258 0.0000000000
19492  -43.193  -70.835  -13.359 0.0000000000
20580  -44.251  -69.387  -13.425 0.0000000000
19494  -45.269  -70.680  -13.776 0.0000000000
19495  -46.305  -70.539  -13.839 0.0000000000
18408  -46.691  -71.110  -14.268 0.0000000000
20599  -47.507  -69.708  -13.611 0.0000000000
21717  -48.446  -68.507  -13.367 0.0000000000
22894  -47.867  -68.032  -13.187 0.0000000000
22895  -48.397  -68.011  -13.255 0.0000000000
21718  -49.333  -68.201  -13.640 0.0000000000
22915  -50.106  -67.366  -13.743 0.0000000000
24092  -50.042  -66.586  -13.442 0.0000000000
25265  -50.708  -65.635  -13.519 0.0000000000
15137  -44.007  -74.023  -11.062 0.0000000000
16263  -43.004  -73.284  -11.215 0.0000000000
17361  -41.912  -72.327  -11.339 0.0000000000
18356  -45.870  -71.208  -8.623 0.0000000000
18367  -43.622  -71.525  -9.113 0.0000000000
19451  -42.533  -70.718  -9.257 0.0000000000
17344  -41.697  -71.957  -10.306 0.0000000000
18388  -41.298  -71.820  -11.042 0.0000000000
18392  -40.765  -70.980  -11.805 0.0000000000
19465  -39.874  -69.997  -11.988 0.0000000000
21691  -39.332  -68.423  -12.319 0.0000000000
20566  -38.889  -69.388  -11.023 0.0000000000
21679  -38.765  -68.635  -11.794 0.0000000000
21690  -38.666  -68.073  -12.045 0.0000000000
24067  -38.850  -66.798  -12.162 0.0000000000
25222  -38.862  -65.479  -11.862 0.0000000000
25173  -41.491  -65.137  -6.756 0.0000000000
24025  -41.773  -66.407  -7.584 0.0000000000
24024  -40.596  -66.474  -7.516 0.0000000000
22831  -40.329  -67.139  -8.089 0.0000000000
27252  -38.392  -63.154  -4.976 0.0000000000
26253  -37.982  -64.327  -6.051 0.0000000000
27267  -36.922  -63.126  -5.991 0.0000000000
26274  -37.491  -64.477  -6.572 0.0000000000
26275  -38.267  -64.796  -6.377 0.0000000000
25191  -38.649  -65.978  -7.357 0.0000000000
24022  -38.237  -66.199  -7.926 0.0000000000
24037  -39.137  -67.081  -8.436 0.0000000000
22845  -38.348  -67.152  -8.960 0.0000000000
22859  -37.957  -67.404  -9.575 0.0000000000
24039  -37.335  -66.444  -9.716 0.0000000000
26304  -36.760  -64.431  -9.406 0.0000000000
25211  -37.023  -65.495  -10.096 0.0000000000
24042  -37.321  -66.224  -10.479 0.0000000000
26322  -37.727  -64.818  -11.158 0.0000000000
26323  -38.451  -64.740  -11.487 0.0000000000
14123  -45.216  -76.163  -12.956 0.0000000000
14142  -44.888  -75.204  -15.128 0.0000000000
13117  -43.778  -76.503  -15.685 0.0000000000
17424  -46.350  -72.857  -16.185 0.0000000000
17423  -46.100  -73.020  -16.455 0.0000000000
16330  -44.983  -73.833  -16.856 0.0000000000
17422  -44.757  -73.167  -17.020 0.0000000000
15253  -44.371  -74.633  -16.662 0.0000000000
26341  -41.098  -64.583  -12.450 0.0000000000
26355  -42.452  -64.708  -13.639 0.0000000000
26356  -43.109  -65.052  -13.833 0.0000000000
26357  -43.765  -65.062  -13.989 0.0000000000
25279  -44.808  -64.846  -14.264 0.0000000000
25281  -46.319  -65.131  -14.198 0.0000000000
25283  -47.866  -65.228  -13.865 0.0000000000
27433  -47.612  -63.305  -13.897 0.0000000000
26382  -47.955  -64.366  -13.939 0.0000000000
26359  -49.358  -64.452  -13.544 0.0000000000
26360  -50.478  -64.500  -13.496 0.0000000000
26383  -51.078  -64.874  -13.710 0.0000000000
29614  -49.297  -61.592  -14.218 0.0000000000
29596  -49.611  -61.882  -13.816 0.0000000000
28478  -50.161  -62.505  -13.735 0.0000000000
27412  -51.229  -63.716  -13.920 0.0000000000
25285  -51.361  -64.857  -14.299 0.0000000000
26403  -50.789  -64.585  -15.420 0.0000000000
26402  -50.368  -64.859  -15.626 0.0000000000
26430  -49.918  -64.520  -15.969 0.0000000000
27473  -50.407  -63.213  -16.210 0.0000000000
13068  -45.529  -76.728  -12.222 0.0000000000
14143  -45.222  -74.832  -15.881 0.0000000000
14186  -44.852  -75.113  -16.166 0.0000000000
14187  -45.051  -74.948  -16.155 0.0000000000
15138  -44.475  -74.236  -11.070 0.0000000000
15237  -45.429  -74.452  -16.092 0.0000000000
15255  -45.192  -74.640  -16.253 0.0000000000
16246  -43.687  -73.292  -10.160 0.0000000000
16255  -43.067  -73.283  -10.875 0.0000000000
16332  -46.014  -73.513  -16.094 0.0000000000
16353  -44.928  -73.708  -17.052 0.0000000000
16354  -45.303  -73.502  -16.755 0.0000000000
17337  -44.722  -72.020  -8.870 0.0000000000
17358  -43.152  -73.131  -10.415 0.0000000000
17362  -42.542  -72.806  -11.568 0.0000000000
17388  -46.757  -72.111  -14.981 0.0000000000
17425  -46.938  -72.216  -15.679 0.0000000000
17443  -45.576  -73.083  -16.739 0.0000000000
18364  -41.022  -71.232  -10.089 0.0000000000
18365  -41.457  -71.531  -9.986 0.0000000000
18368  -44.362  -71.896  -8.958 0.0000000000
18378  -41.426  -71.785  -10.487 0.0000000000
18409  -47.131  -70.799  -14.246 0.0000000000
18423  -46.111  -72.245  -14.689 0.0000000000
18439  -47.418  -71.420  -15.428 0.0000000000
18463  -45.112  -72.835  -17.017 0.0000000000
18465  -45.857  -72.480  -16.801 0.0000000000
19452  -43.244  -70.744  -9.110 0.0000000000
19478  -42.548  -71.126  -13.152 0.0000000000
19496  -47.055  -70.407  -13.880 0.0000000000
20548  -40.354  -68.995  -9.297 0.0000000000
20565  -38.525  -68.883  -10.774 0.0000000000
20569  -38.670  -68.934  -11.349 0.0000000000
20581  -46.280  -68.937  -13.302 0.0000000000
20593  -42.331  -70.070  -13.250 0.0000000000
20600  -48.206  -69.416  -13.731 0.0000000000
20601  -48.842  -68.832  -13.718 0.0000000000
20609  -48.710  -69.291  -14.239 0.0000000000
20618  -48.289  -69.727  -15.326 0.0000000000
20619  -48.689  -69.363  -14.945 0.0000000000
21652  -40.299  -68.451  -9.047 0.0000000000
21672  -37.952  -67.861  -10.117 0.0000000000
21677  -37.861  -67.827  -10.765 0.0000000000
21699  -47.527  -68.603  -13.233 0.0000000000
21700  -48.065  -68.287  -13.235 0.0000000000
21714  -44.636  -69.233  -13.424 0.0000000000
22846  -38.923  -67.380  -8.792 0.0000000000
22885  -39.102  -67.453  -12.294 0.0000000000
22916  -50.713  -67.015  -13.972 0.0000000000
22933  -50.673  -66.971  -14.359 0.0000000000
22948  -50.571  -66.813  -14.695 0.0000000000
24004  -39.688  -66.144  -7.218 0.0000000000
24036  -38.587  -66.826  -8.410 0.0000000000
24093  -50.752  -66.499  -13.770 0.0000000000
24128  -50.909  -66.319  -14.463 0.0000000000
25170  -38.484  -65.404  -6.843 0.0000000000
25192  -39.059  -66.174  -7.365 0.0000000000
25203  -37.106  -65.227  -8.294 0.0000000000
25206  -36.846  -64.961  -8.917 0.0000000000
25210  -36.856  -65.040  -9.528 0.0000000000
25220  -37.417  -65.540  -10.893 0.0000000000
25280  -45.391  -65.027  -14.268 0.0000000000
25282  -47.243  -65.167  -14.042 0.0000000000
25308  -51.324  -65.053  -14.457 0.0000000000
26309  -36.872  -64.575  -10.047 0.0000000000
26361  -51.080  -64.178  -13.718 0.0000000000
26384  -51.343  -64.433  -14.054 0.0000000000
26404  -51.385  -64.349  -14.699 0.0000000000
27251  -37.938  -63.157  -5.097 0.0000000000
27291  -36.989  -63.705  -6.330 0.0000000000
27321  -36.563  -63.388  -8.477 0.0000000000
27376  -37.996  -64.083  -11.154 0.0000000000
27434  -48.031  -63.691  -13.867 0.0000000000
27435  -51.180  -63.167  -13.981 0.0000000000
27455  -51.408  -63.316  -14.823 0.0000000000
28325  -40.245  -62.937  -4.866 0.0000000000
28326  -40.646  -62.895  -4.868 0.0000000000
28381  -36.667  -62.959  -8.993 0.0000000000
28382  -37.057  -62.536  -9.528 0.0000000000
28415  -37.257  -62.937  -10.096 0.0000000000
28416  -37.901  -62.523  -10.306 0.0000000000
28479  -50.811  -62.767  -13.923 0.0000000000
28506  -51.373  -63.079  -14.591 0.0000000000
29459  -37.010  -62.173  -5.171 0.0000000000
29475  -36.529  -61.450  -6.224 0.0000000000
29597  -50.148  -62.100  -13.912 0.0000000000
29637  -50.654  -62.216  -14.819 0.0000000000
29653  -46.431  -61.093  -16.441 0.0000000000
29668  -47.028  -60.865  -16.907 0.0000000000
29670  -50.629  -61.490  -17.521 0.0000000000
30614  -36.778  -60.793  -7.245 0.0000000000
31744  -37.187  -59.460  -5.758 0.0000000000
31749  -38.082  -59.050  -6.951 0.0000000000
32895  -37.552  -59.078  -6.111 0.0000000000
