#!ascii label  , from subject 3390 vox2ras=TkReg
1596
76291  41.577  -14.063  33.436 0.0000000000
55830  35.624  -31.668  40.228 0.0000000000
54599  22.059  -31.641  45.722 0.0000000000
53339  15.418  -32.563  50.339 0.0000000000
53372  30.767  -33.182  48.087 0.0000000000
53547  26.716  -32.972  37.929 0.0000000000
69063  45.305  -19.764  36.075 0.0000000000
76392  49.491  -13.721  28.877 0.0000000000
73749  41.783  -15.338  41.085 0.0000000000
64015  36.695  -24.343  35.504 0.0000000000
59287  30.249  -28.201  31.281 0.0000000000
54471  24.296  -31.889  50.290 0.0000000000
54557  17.857  -32.028  47.588 0.0000000000
54424  21.113  -31.498  52.712 0.0000000000
54573  26.456  -32.356  46.404 0.0000000000
77365  43.226  -13.065  40.832 0.0000000000
55761  36.500  -31.260  44.365 0.0000000000
60161  39.004  -27.025  42.297 0.0000000000
65111  39.476  -23.925  40.656 0.0000000000
59219  36.913  -28.249  37.607 0.0000000000
61411  34.071  -26.553  32.918 0.0000000000
58008  32.871  -29.809  35.833 0.0000000000
54765  22.399  -32.131  36.260 0.0000000000
54812  23.241  -31.996  32.751 0.0000000000
76348  45.012  -13.441  30.494 0.0000000000
75230  44.430  -14.333  26.582 0.0000000000
54687  19.143  -31.773  40.254 0.0000000000
53450  16.550  -33.397  43.058 0.0000000000
51215  33.270  -34.525  43.036 0.0000000000
53525  31.181  -33.264  38.770 0.0000000000
52342  29.131  -34.268  42.636 0.0000000000
54667  24.416  -32.131  41.687 0.0000000000
72590  44.367  -16.195  35.326 0.0000000000
55604  16.967  -31.206  54.458 0.0000000000
53311  12.832  -32.805  53.275 0.0000000000
78685  46.648  -10.942  33.345 0.0000000000
78642  43.753  -11.210  36.683 0.0000000000
75046  46.192  -14.474  38.132 0.0000000000
70166  43.778  -16.619  38.497 0.0000000000
71417  40.534  -17.778  36.438 0.0000000000
70100  42.108  -19.181  43.866 0.0000000000
68064  38.788  -20.153  39.148 0.0000000000
68127  37.340  -20.133  33.781 0.0000000000
66286  34.838  -22.725  31.209 0.0000000000
55900  28.815  -31.099  34.708 0.0000000000
55640  24.929  -30.778  52.778 0.0000000000
54446  22.304  -31.975  51.311 0.0000000000
55618  22.902  -30.479  53.575 0.0000000000
54442  26.345  -31.558  51.078 0.0000000000
54664  37.261  -31.917  42.017 0.0000000000
56872  37.627  -29.923  41.043 0.0000000000
59191  38.290  -27.818  39.600 0.0000000000
57984  36.792  -29.695  38.877 0.0000000000
58005  34.913  -28.865  36.828 0.0000000000
56885  34.020  -30.504  37.980 0.0000000000
53563  20.024  -33.296  36.256 0.0000000000
51301  20.681  -35.535  34.378 0.0000000000
76305  42.998  -13.277  31.899 0.0000000000
75143  43.322  -14.102  30.125 0.0000000000
75130  41.518  -14.757  31.399 0.0000000000
54656  20.415  -31.653  42.393 0.0000000000
54659  17.469  -32.657  41.651 0.0000000000
54624  18.575  -32.044  44.256 0.0000000000
53376  16.993  -32.751  48.853 0.0000000000
54583  15.958  -32.615  46.677 0.0000000000
53398  14.501  -33.536  47.696 0.0000000000
52251  13.290  -34.395  49.505 0.0000000000
52294  34.076  -34.231  46.196 0.0000000000
52311  31.585  -34.152  45.510 0.0000000000
52340  30.937  -34.835  42.417 0.0000000000
53427  29.490  -33.913  45.440 0.0000000000
55752  23.751  -32.090  45.981 0.0000000000
54633  25.415  -32.251  43.837 0.0000000000
54636  22.774  -31.692  43.519 0.0000000000
54684  22.444  -31.951  40.459 0.0000000000
70247  46.032  -18.258  35.448 0.0000000000
69110  44.657  -18.753  33.958 0.0000000000
68102  45.387  -20.585  35.284 0.0000000000
53300  11.970  -33.358  55.242 0.0000000000
76229  45.047  -13.113  38.000 0.0000000000
78595  44.784  -11.779  39.044 0.0000000000
75002  43.108  -14.478  41.418 0.0000000000
73765  43.736  -15.347  39.566 0.0000000000
72509  43.163  -15.807  39.691 0.0000000000
71398  42.425  -17.392  37.288 0.0000000000
72542  40.464  -15.929  38.553 0.0000000000
63976  37.830  -24.600  38.235 0.0000000000
66177  39.170  -22.303  39.801 0.0000000000
66197  37.852  -22.376  37.577 0.0000000000
68085  37.782  -20.277  36.579 0.0000000000
66248  36.813  -22.330  35.346 0.0000000000
67207  36.253  -21.427  32.677 0.0000000000
65258  35.802  -23.512  33.113 0.0000000000
62787  32.774  -25.379  30.578 0.0000000000
53545  28.781  -32.967  38.130 0.0000000000
54757  30.121  -31.676  36.320 0.0000000000
54759  27.959  -32.232  36.377 0.0000000000
55942  24.341  -31.253  31.772 0.0000000000
73959  51.175  -15.806  26.136 0.0000000000
73961  49.214  -14.911  26.624 0.0000000000
55736  22.502  -31.599  47.843 0.0000000000
54579  20.129  -31.564  46.490 0.0000000000
54504  21.620  -31.841  49.425 0.0000000000
54476  19.306  -31.938  50.545 0.0000000000
54450  17.995  -31.809  51.330 0.0000000000
54496  29.718  -32.302  49.380 0.0000000000
53413  28.293  -32.868  46.519 0.0000000000
54498  27.890  -32.561  49.177 0.0000000000
54524  24.872  -31.749  48.393 0.0000000000
81085  44.636  -10.542  39.875 0.0000000000
74966  42.430  -14.356  42.938 0.0000000000
62595  39.788  -25.323  41.276 0.0000000000
61324  38.610  -26.386  38.961 0.0000000000
61351  37.458  -26.384  36.708 0.0000000000
61408  36.138  -25.885  34.145 0.0000000000
60272  35.372  -27.401  35.166 0.0000000000
59246  33.047  -27.928  34.177 0.0000000000
59264  31.442  -28.843  33.535 0.0000000000
53550  24.302  -32.725  37.114 0.0000000000
54780  25.309  -32.097  35.536 0.0000000000
54795  22.768  -32.409  34.807 0.0000000000
76367  47.740  -13.532  29.918 0.0000000000
75211  47.257  -13.671  27.558 0.0000000000
76397  44.415  -13.799  28.637 0.0000000000
53430  17.188  -32.828  45.009 0.0000000000
52328  35.704  -33.715  43.894 0.0000000000
53478  34.937  -33.211  41.349 0.0000000000
54695  33.184  -32.379  39.408 0.0000000000
52368  32.658  -33.824  41.220 0.0000000000
53483  30.144  -33.741  40.352 0.0000000000
53485  28.096  -33.883  40.470 0.0000000000
53440  27.335  -32.928  44.588 0.0000000000
53470  26.428  -33.410  41.510 0.0000000000
53509  25.290  -33.319  39.347 0.0000000000
54698  23.462  -32.392  39.509 0.0000000000
54719  20.569  -31.775  38.188 0.0000000000
75098  42.548  -14.660  34.989 0.0000000000
72624  41.263  -16.857  33.363 0.0000000000
71457  43.301  -17.560  33.872 0.0000000000
54392  18.365  -31.740  53.374 0.0000000000
54409  16.519  -31.651  52.547 0.0000000000
55648  14.553  -31.429  53.752 0.0000000000
54482  13.649  -32.630  51.391 0.0000000000
76302  48.579  -12.739  32.092 0.0000000000
77499  46.196  -12.474  32.225 0.0000000000
78688  44.266  -11.404  33.623 0.0000000000
77435  42.709  -12.710  35.624 0.0000000000
75069  44.026  -14.398  36.485 0.0000000000
73817  46.204  -15.635  36.508 0.0000000000
71413  47.220  -16.684  37.206 0.0000000000
76178  44.799  -13.565  39.796 0.0000000000
72520  45.121  -16.151  38.572 0.0000000000
70194  45.307  -17.483  37.650 0.0000000000
69052  43.662  -18.589  36.907 0.0000000000
69067  42.141  -19.335  35.838 0.0000000000
71324  41.107  -17.543  42.736 0.0000000000
66143  39.935  -21.520  42.536 0.0000000000
68044  40.308  -19.768  41.667 0.0000000000
70155  39.911  -18.237  40.763 0.0000000000
70183  38.667  -18.312  37.932 0.0000000000
70236  38.494  -18.581  35.358 0.0000000000
64075  34.629  -24.901  31.923 0.0000000000
55854  32.124  -31.293  37.457 0.0000000000
56902  30.874  -30.493  35.553 0.0000000000
58032  29.757  -29.809  33.276 0.0000000000
55919  25.708  -30.728  33.626 0.0000000000
56950  26.707  -30.294  32.493 0.0000000000
55641  23.840  -30.742  52.606 0.0000000000
57730  23.657  -29.980  53.429 0.0000000000
55821  36.623  -31.669  41.033 0.0000000000
55820  37.196  -31.277  41.425 0.0000000000
55835  36.727  -30.882  40.371 0.0000000000
57971  37.401  -29.587  40.036 0.0000000000
56878  36.390  -30.376  39.357 0.0000000000
56883  35.582  -29.986  38.522 0.0000000000
55843  34.930  -30.741  38.891 0.0000000000
77489  42.608  -13.174  32.617 0.0000000000
75129  42.150  -14.296  31.778 0.0000000000
75119  41.539  -14.510  32.569 0.0000000000
54638  20.620  -31.574  43.494 0.0000000000
54639  19.508  -31.833  43.335 0.0000000000
54623  19.758  -31.792  44.451 0.0000000000
53358  16.447  -32.546  49.306 0.0000000000
53378  15.249  -32.979  48.211 0.0000000000
53379  14.363  -33.373  48.622 0.0000000000
52264  13.410  -34.206  48.519 0.0000000000
53360  14.526  -33.107  49.650 0.0000000000
53352  31.479  -33.053  48.751 0.0000000000
53371  31.604  -33.379  48.019 0.0000000000
52296  32.223  -34.120  46.308 0.0000000000
52297  31.278  -33.912  46.433 0.0000000000
52312  30.630  -34.002  45.513 0.0000000000
53411  30.199  -33.640  46.262 0.0000000000
55754  22.706  -31.595  45.770 0.0000000000
54619  23.813  -31.900  44.601 0.0000000000
54621  22.064  -31.581  44.629 0.0000000000
54637  21.734  -31.603  43.570 0.0000000000
70232  46.110  -18.581  35.988 0.0000000000
70233  45.681  -18.852  35.476 0.0000000000
69087  45.416  -19.662  35.683 0.0000000000
82250  44.984  -9.590  38.032 0.0000000000
79890  44.610  -10.903  38.762 0.0000000000
81113  44.795  -10.277  38.909 0.0000000000
73748  42.584  -14.827  41.306 0.0000000000
73766  43.013  -15.173  40.572 0.0000000000
73767  42.334  -15.251  40.492 0.0000000000
72523  42.208  -15.997  39.077 0.0000000000
72511  40.997  -15.799  40.249 0.0000000000
63993  37.344  -24.705  37.086 0.0000000000
65158  37.875  -23.429  37.768 0.0000000000
65201  37.409  -23.729  36.401 0.0000000000
66209  37.283  -22.382  36.157 0.0000000000
65202  37.175  -23.272  35.738 0.0000000000
65225  36.475  -23.199  34.460 0.0000000000
64036  36.321  -24.356  34.464 0.0000000000
53546  27.748  -32.905  38.063 0.0000000000
54736  28.464  -32.533  37.268 0.0000000000
54737  27.378  -32.584  37.216 0.0000000000
73941  49.915  -14.819  27.146 0.0000000000
75209  49.638  -14.437  27.784 0.0000000000
54502  23.578  -31.837  49.399 0.0000000000
54527  21.965  -31.560  48.373 0.0000000000
54503  22.628  -31.863  49.400 0.0000000000
54447  21.342  -31.644  51.556 0.0000000000
55702  20.825  -31.485  50.722 0.0000000000
54448  20.274  -31.591  51.459 0.0000000000
54477  18.252  -32.126  50.564 0.0000000000
54449  18.929  -31.666  51.524 0.0000000000
54439  29.013  -31.811  50.743 0.0000000000
53356  28.567  -32.593  49.088 0.0000000000
54468  27.597  -31.991  50.165 0.0000000000
55700  24.760  -31.601  50.653 0.0000000000
54500  25.676  -31.798  49.342 0.0000000000
54501  24.594  -31.725  49.386 0.0000000000
54525  23.823  -31.807  48.469 0.0000000000
59146  38.169  -28.232  42.616 0.0000000000
61225  38.565  -26.217  43.666 0.0000000000
61224  39.251  -25.706  43.705 0.0000000000
61239  39.066  -25.176  42.850 0.0000000000
60178  39.402  -26.497  41.883 0.0000000000
59206  37.635  -27.997  38.844 0.0000000000
60226  38.597  -27.167  39.280 0.0000000000
60240  37.982  -26.968  38.223 0.0000000000
61341  37.988  -26.435  37.772 0.0000000000
60255  37.341  -27.114  37.015 0.0000000000
60271  36.412  -26.900  35.420 0.0000000000
60256  36.712  -27.346  36.370 0.0000000000
58006  34.161  -29.152  36.535 0.0000000000
59231  34.296  -28.688  35.911 0.0000000000
58011  33.248  -29.229  35.520 0.0000000000
59247  31.991  -28.786  34.369 0.0000000000
58016  31.916  -29.381  34.910 0.0000000000
53533  23.790  -32.557  37.444 0.0000000000
53562  23.772  -32.697  36.203 0.0000000000
54783  22.635  -32.320  35.504 0.0000000000
76347  46.084  -13.259  30.633 0.0000000000
76395  46.420  -13.525  29.019 0.0000000000
76370  44.710  -13.575  29.586 0.0000000000
75192  42.477  -14.791  28.735 0.0000000000
54702  18.823  -32.255  39.107 0.0000000000
54703  18.085  -33.070  39.021 0.0000000000
54556  18.977  -31.731  47.518 0.0000000000
54602  18.905  -31.855  45.410 0.0000000000
54581  18.291  -32.025  46.457 0.0000000000
52299  14.589  -34.165  45.841 0.0000000000
53432  15.724  -33.409  45.047 0.0000000000
51187  33.730  -34.598  44.044 0.0000000000
52307  34.967  -33.884  44.958 0.0000000000
51199  34.483  -34.234  43.391 0.0000000000
52348  34.954  -33.670  42.372 0.0000000000
52350  33.699  -34.027  41.958 0.0000000000
52367  33.618  -33.875  41.251 0.0000000000
52351  32.839  -34.435  41.726 0.0000000000
52341  30.126  -34.632  42.672 0.0000000000
52353  30.932  -34.668  41.632 0.0000000000
52354  29.835  -34.359  41.630 0.0000000000
52390  29.241  -33.790  40.273 0.0000000000
52356  27.998  -33.891  41.238 0.0000000000
54572  27.295  -32.632  46.365 0.0000000000
53429  27.755  -32.930  45.607 0.0000000000
54595  26.843  -32.688  45.527 0.0000000000
54652  24.643  -32.249  42.596 0.0000000000
54650  25.869  -32.511  43.330 0.0000000000
53458  25.622  -32.766  42.095 0.0000000000
53487  26.383  -33.640  40.484 0.0000000000
53472  24.795  -32.918  41.042 0.0000000000
53510  24.439  -32.821  39.173 0.0000000000
54683  23.558  -32.363  40.606 0.0000000000
54686  20.117  -31.392  40.252 0.0000000000
54700  21.035  -31.493  39.246 0.0000000000
54701  19.846  -31.712  39.209 0.0000000000
73857  43.409  -15.633  35.097 0.0000000000
72608  42.995  -16.643  34.321 0.0000000000
71446  43.630  -17.244  34.419 0.0000000000
70276  43.990  -18.856  33.179 0.0000000000
55624  17.653  -31.499  53.916 0.0000000000
54408  17.322  -31.594  52.695 0.0000000000
55625  16.489  -31.548  53.923 0.0000000000
54395  12.944  -31.867  54.419 0.0000000000
55671  13.854  -31.457  53.371 0.0000000000
54431  14.489  -32.042  52.310 0.0000000000
53320  13.071  -33.008  52.517 0.0000000000
52233  12.847  -33.867  51.095 0.0000000000
52234  12.410  -34.197  51.744 0.0000000000
76322  49.665  -13.387  31.415 0.0000000000
77484  47.473  -12.166  32.789 0.0000000000
77467  47.091  -11.595  32.912 0.0000000000
77486  45.594  -12.152  32.666 0.0000000000
77468  45.907  -11.478  33.164 0.0000000000
79938  43.714  -10.945  35.969 0.0000000000
78658  43.615  -11.253  35.358 0.0000000000
77434  43.312  -12.213  35.874 0.0000000000
76250  43.262  -13.643  36.554 0.0000000000
76240  43.452  -13.019  37.019 0.0000000000
76228  45.514  -13.578  38.098 0.0000000000
75057  45.806  -14.368  37.360 0.0000000000
75065  46.857  -14.838  37.521 0.0000000000
72568  46.739  -16.400  36.979 0.0000000000
73815  47.587  -15.716  37.569 0.0000000000
79849  44.010  -11.579  40.693 0.0000000000
78563  44.701  -11.977  39.900 0.0000000000
77350  44.366  -13.146  40.208 0.0000000000
71359  44.525  -16.611  39.545 0.0000000000
72506  44.674  -15.980  38.760 0.0000000000
70164  45.174  -17.190  39.799 0.0000000000
71380  45.122  -16.780  38.389 0.0000000000
70180  44.600  -17.241  38.324 0.0000000000
70195  44.421  -18.175  37.480 0.0000000000
70196  43.629  -18.075  37.495 0.0000000000
71415  41.997  -17.478  36.868 0.0000000000
70214  42.435  -18.168  36.617 0.0000000000
70215  41.297  -18.351  36.175 0.0000000000
69068  40.874  -18.860  35.595 0.0000000000
70110  41.440  -18.355  43.026 0.0000000000
65090  39.516  -24.190  41.918 0.0000000000
66144  40.148  -22.706  42.299 0.0000000000
66152  39.857  -22.918  41.383 0.0000000000
67126  39.100  -21.100  39.520 0.0000000000
67118  39.796  -21.297  40.744 0.0000000000
68051  39.795  -20.378  40.553 0.0000000000
69022  40.252  -19.141  40.839 0.0000000000
69029  39.685  -18.975  40.145 0.0000000000
70168  39.397  -18.223  39.413 0.0000000000
69039  38.726  -19.232  38.539 0.0000000000
69071  37.584  -19.962  35.355 0.0000000000
69070  37.952  -19.396  35.708 0.0000000000
69093  38.009  -18.633  34.774 0.0000000000
69113  39.207  -19.368  33.956 0.0000000000
69132  38.005  -19.455  33.437 0.0000000000
68146  37.411  -20.010  32.778 0.0000000000
66285  35.531  -22.434  31.786 0.0000000000
67218  35.875  -21.486  31.090 0.0000000000
61410  34.784  -26.213  33.376 0.0000000000
62749  35.393  -25.446  33.282 0.0000000000
61419  34.361  -25.866  32.458 0.0000000000
64095  33.007  -24.608  30.215 0.0000000000
53523  32.557  -33.004  39.359 0.0000000000
55840  32.587  -31.691  38.459 0.0000000000
54713  31.889  -32.274  38.217 0.0000000000
54776  29.395  -31.470  35.577 0.0000000000
55869  30.628  -31.342  36.267 0.0000000000
55899  29.531  -30.902  34.986 0.0000000000
56926  30.193  -30.203  34.303 0.0000000000
56928  29.000  -30.686  33.957 0.0000000000
54793  24.412  -31.867  34.780 0.0000000000
55903  25.582  -31.395  34.821 0.0000000000
55920  24.628  -31.287  34.050 0.0000000000
56969  25.221  -30.505  31.820 0.0000000000
58065  27.166  -29.537  31.409 0.0000000000
75213  44.931  -14.238  27.284 0.0000000000
75228  46.442  -14.029  26.451 0.0000000000
72638  40.768  -16.861  32.370 0.0000000000
55684  24.394  -31.594  51.416 0.0000000000
54445  23.153  -32.221  51.086 0.0000000000
55662  24.083  -31.441  52.076 0.0000000000
55663  23.000  -31.070  52.069 0.0000000000
55665  21.726  -31.154  53.098 0.0000000000
55661  25.306  -31.265  51.874 0.0000000000
55799  36.815  -31.329  43.593 0.0000000000
56823  37.263  -30.499  44.016 0.0000000000
56854  37.129  -30.142  43.093 0.0000000000
57944  37.602  -29.145  42.090 0.0000000000
59147  38.304  -28.253  41.769 0.0000000000
59161  38.871  -27.593  40.863 0.0000000000
59177  38.212  -28.467  40.249 0.0000000000
57993  37.700  -28.581  39.160 0.0000000000
57999  37.131  -28.931  37.928 0.0000000000
59220  36.134  -28.303  36.897 0.0000000000
57996  35.801  -29.404  38.020 0.0000000000
56888  34.570  -29.934  37.569 0.0000000000
56889  33.709  -30.365  37.417 0.0000000000
54785  20.772  -32.622  35.661 0.0000000000
54784  21.659  -32.226  35.419 0.0000000000
53574  20.518  -33.604  35.495 0.0000000000
76327  44.312  -13.297  31.150 0.0000000000
76349  43.952  -13.622  30.375 0.0000000000
76350  43.138  -13.792  30.680 0.0000000000
75144  42.427  -14.338  30.577 0.0000000000
54671  20.146  -31.562  41.252 0.0000000000
54673  18.312  -32.357  40.949 0.0000000000
54657  19.318  -31.815  42.238 0.0000000000
54640  18.433  -32.162  43.106 0.0000000000
54641  17.437  -32.662  42.805 0.0000000000
54531  17.454  -32.312  48.751 0.0000000000
54582  17.147  -32.334  46.535 0.0000000000
54559  15.907  -32.549  47.813 0.0000000000
53397  15.214  -33.177  47.258 0.0000000000
51139  13.521  -35.102  48.135 0.0000000000
52310  32.532  -34.347  45.496 0.0000000000
52331  32.428  -34.449  44.116 0.0000000000
51216  32.366  -34.785  42.975 0.0000000000
51190  31.268  -34.281  44.025 0.0000000000
52333  30.118  -34.764  43.684 0.0000000000
52334  29.413  -34.408  43.619 0.0000000000
54574  25.507  -32.091  46.430 0.0000000000
54596  25.991  -32.288  45.516 0.0000000000
54618  24.763  -32.031  44.618 0.0000000000
54635  23.759  -31.826  43.536 0.0000000000
54653  23.569  -31.711  42.479 0.0000000000
54668  23.595  -31.841  41.569 0.0000000000
54654  22.614  -31.585  42.592 0.0000000000
54670  21.406  -31.694  41.427 0.0000000000
71432  45.767  -17.238  35.299 0.0000000000
71445  44.298  -17.560  34.523 0.0000000000
70248  45.551  -18.497  34.930 0.0000000000
69109  45.041  -19.181  34.309 0.0000000000
55609  12.402  -31.775  55.293 0.0000000000
53306  12.157  -33.439  54.468 0.0000000000
51066  12.384  -34.779  53.311 0.0000000000
51058  12.510  -35.218  54.261 0.0000000000
79904  44.476  -10.661  37.307 0.0000000000
78627  44.130  -12.138  37.999 0.0000000000
78612  44.364  -11.662  38.112 0.0000000000
77397  44.926  -12.562  38.334 0.0000000000
76214  45.540  -13.545  38.659 0.0000000000
76162  43.596  -13.802  40.912 0.0000000000
74983  44.123  -14.198  40.405 0.0000000000
73726  43.584  -14.468  40.820 0.0000000000
72493  43.684  -15.345  40.131 0.0000000000
71370  43.680  -16.492  38.636 0.0000000000
71381  43.396  -17.055  37.977 0.0000000000
72522  42.991  -16.482  38.678 0.0000000000
71383  41.774  -16.704  37.821 0.0000000000
71400  40.445  -17.393  37.187 0.0000000000
63936  38.892  -24.347  39.517 0.0000000000
66165  39.441  -23.006  40.668 0.0000000000
65127  38.624  -23.582  39.429 0.0000000000
66189  38.495  -22.358  38.552 0.0000000000
67127  38.688  -21.155  38.726 0.0000000000
68065  38.501  -20.233  38.210 0.0000000000
67134  37.738  -21.679  37.206 0.0000000000
67165  36.968  -21.526  35.733 0.0000000000
67183  36.688  -21.291  34.845 0.0000000000
68147  36.598  -20.646  33.081 0.0000000000
66263  36.266  -22.409  33.898 0.0000000000
66273  36.026  -22.479  33.144 0.0000000000
65259  35.326  -23.511  32.485 0.0000000000
60322  32.919  -26.815  32.782 0.0000000000
61430  33.430  -25.805  31.624 0.0000000000
61431  32.664  -26.048  31.410 0.0000000000
61451  31.388  -25.967  29.918 0.0000000000
62811  30.782  -25.554  28.949 0.0000000000
53526  30.073  -33.301  38.745 0.0000000000
54714  30.639  -32.570  38.184 0.0000000000
54735  29.716  -32.429  37.492 0.0000000000
54758  29.049  -32.009  36.395 0.0000000000
54777  28.439  -31.602  35.492 0.0000000000
55943  23.795  -31.565  32.266 0.0000000000
54829  23.487  -32.341  30.690 0.0000000000
73940  50.835  -15.034  27.064 0.0000000000
73960  50.018  -15.326  26.287 0.0000000000
75241  48.411  -15.066  25.528 0.0000000000
54578  21.543  -31.633  46.550 0.0000000000
55771  20.772  -31.558  45.970 0.0000000000
54554  21.149  -31.580  47.405 0.0000000000
54555  20.109  -31.683  47.394 0.0000000000
54529  19.777  -31.965  48.503 0.0000000000
54473  22.417  -31.951  50.344 0.0000000000
54505  20.565  -31.888  49.472 0.0000000000
54530  18.627  -31.808  48.613 0.0000000000
54507  18.426  -32.042  49.653 0.0000000000
54508  17.541  -32.408  49.760 0.0000000000
54479  16.365  -32.389  50.826 0.0000000000
53373  29.968  -32.878  48.163 0.0000000000
54545  29.504  -32.979  47.513 0.0000000000
53374  29.248  -32.622  48.127 0.0000000000
54521  27.788  -32.081  47.939 0.0000000000
54522  26.906  -32.165  48.231 0.0000000000
54469  26.538  -31.805  50.251 0.0000000000
54523  25.898  -32.050  48.341 0.0000000000
54550  25.134  -31.980  47.397 0.0000000000
54551  24.110  -31.862  47.492 0.0000000000
54576  23.535  -31.766  46.671 0.0000000000
68081  45.317  -20.938  36.560 0.0000000000
68080  45.635  -21.265  36.161 0.0000000000
67142  45.562  -21.882  36.289 0.0000000000
83444  44.922  -9.438  39.232 0.0000000000
77352  42.965  -13.244  41.533 0.0000000000
77340  43.043  -13.961  42.058 0.0000000000
74986  42.783  -14.292  41.829 0.0000000000
73727  42.138  -15.043  42.239 0.0000000000
63893  39.614  -24.701  42.168 0.0000000000
63915  39.913  -24.849  41.043 0.0000000000
60200  39.142  -26.955  40.686 0.0000000000
61305  39.542  -25.890  40.254 0.0000000000
62634  39.038  -25.551  39.348 0.0000000000
62653  38.426  -25.634  38.522 0.0000000000
62676  37.502  -25.157  37.348 0.0000000000
62708  36.744  -25.210  36.033 0.0000000000
62709  36.522  -25.280  35.110 0.0000000000
61364  36.757  -26.018  35.547 0.0000000000
60291  35.958  -26.779  34.793 0.0000000000
60292  35.411  -26.865  34.511 0.0000000000
59230  35.165  -28.349  36.026 0.0000000000
60273  34.625  -27.622  35.056 0.0000000000
60294  33.616  -27.421  34.096 0.0000000000
59262  32.831  -27.656  33.517 0.0000000000
59274  31.945  -27.921  32.652 0.0000000000
59275  31.164  -28.438  32.388 0.0000000000
53548  25.718  -33.084  37.648 0.0000000000
54739  25.813  -32.746  37.071 0.0000000000
54763  24.547  -32.750  36.231 0.0000000000
54781  24.336  -32.594  35.691 0.0000000000
54805  22.756  -32.430  34.044 0.0000000000
53581  21.565  -33.310  34.326 0.0000000000
53580  22.102  -32.866  34.147 0.0000000000
76393  48.189  -13.528  29.254 0.0000000000
75188  48.325  -13.680  28.492 0.0000000000
76414  46.980  -13.538  28.428 0.0000000000
76416  45.184  -13.702  27.958 0.0000000000
75214  44.104  -14.362  27.352 0.0000000000
76371  43.792  -13.837  29.470 0.0000000000
75191  43.151  -14.428  28.407 0.0000000000
54625  17.504  -32.525  43.961 0.0000000000
53442  16.549  -32.957  44.128 0.0000000000
54604  16.462  -32.723  45.688 0.0000000000
53436  36.864  -32.535  44.255 0.0000000000
53453  35.895  -33.076  42.842 0.0000000000
54649  35.630  -32.495  41.942 0.0000000000
54679  35.254  -32.390  40.768 0.0000000000
54694  34.364  -32.239  39.664 0.0000000000
54680  34.355  -32.705  40.344 0.0000000000
53501  32.992  -33.210  39.750 0.0000000000
53502  32.264  -33.331  39.626 0.0000000000
52352  31.987  -34.811  41.508 0.0000000000
52369  31.663  -33.857  40.886 0.0000000000
52389  31.044  -34.004  39.851 0.0000000000
53505  29.419  -33.591  39.692 0.0000000000
53528  28.052  -33.367  38.880 0.0000000000
53529  27.018  -33.357  38.760 0.0000000000
53428  28.629  -33.443  45.530 0.0000000000
53439  28.192  -33.393  44.582 0.0000000000
53447  27.808  -33.335  43.622 0.0000000000
54616  26.454  -32.628  44.615 0.0000000000
53448  26.883  -33.037  43.671 0.0000000000
53468  28.029  -33.486  41.971 0.0000000000
53486  27.456  -33.800  40.714 0.0000000000
53508  26.238  -33.580  39.511 0.0000000000
53530  26.003  -33.416  38.576 0.0000000000
53531  25.031  -33.351  38.372 0.0000000000
53532  24.219  -32.878  38.084 0.0000000000
55856  23.219  -31.911  37.661 0.0000000000
54718  22.072  -31.523  38.074 0.0000000000
54742  21.038  -31.562  37.110 0.0000000000
54743  19.964  -32.435  37.253 0.0000000000
75099  41.724  -14.742  34.369 0.0000000000
75109  41.339  -14.766  33.662 0.0000000000
72609  41.875  -16.398  34.169 0.0000000000
70264  44.085  -18.224  33.688 0.0000000000
70277  43.235  -18.633  33.076 0.0000000000
67162  45.724  -21.787  35.524 0.0000000000
57732  22.342  -29.865  53.763 0.0000000000
55619  22.060  -30.582  53.988 0.0000000000
55645  20.776  -31.343  54.023 0.0000000000
54390  19.746  -31.199  53.481 0.0000000000
54406  19.073  -31.920  53.053 0.0000000000
54426  18.682  -31.592  52.379 0.0000000000
54451  17.128  -32.205  51.440 0.0000000000
54480  15.728  -32.388  51.069 0.0000000000
55626  15.281  -31.407  54.241 0.0000000000
55669  15.288  -31.719  52.716 0.0000000000
54430  15.326  -32.215  52.167 0.0000000000
53340  14.371  -32.756  50.454 0.0000000000
53361  13.744  -33.582  50.005 0.0000000000
76364  50.321  -13.581  29.639 0.0000000000
76344  49.123  -13.631  30.646 0.0000000000
76345  48.215  -13.573  30.747 0.0000000000
76325  46.528  -12.972  31.682 0.0000000000
77465  49.155  -12.255  32.996 0.0000000000
76303  47.501  -12.629  32.382 0.0000000000
76326  45.298  -13.155  31.330 0.0000000000
77501  44.427  -12.738  31.776 0.0000000000
77488  43.403  -12.593  32.405 0.0000000000
77471  42.583  -12.875  33.438 0.0000000000
78672  43.965  -11.160  34.289 0.0000000000
77450  43.018  -11.927  35.020 0.0000000000
77451  42.517  -12.699  34.619 0.0000000000
76258  42.559  -13.662  35.550 0.0000000000
75079  43.567  -14.672  35.956 0.0000000000
73838  44.379  -15.558  35.700 0.0000000000
76249  44.375  -13.930  36.829 0.0000000000
75068  44.769  -14.588  36.467 0.0000000000
73837  45.587  -15.917  35.770 0.0000000000
72588  46.013  -16.622  35.548 0.0000000000
71414  46.494  -17.312  36.613 0.0000000000
70210  45.807  -18.040  36.740 0.0000000000
79864  44.909  -11.043  39.680 0.0000000000
77381  45.286  -12.592  39.165 0.0000000000
75034  45.792  -14.457  38.526 0.0000000000
75016  44.671  -14.655  39.519 0.0000000000
73782  45.429  -14.733  38.870 0.0000000000
73792  46.888  -15.335  38.411 0.0000000000
72555  46.304  -16.269  37.747 0.0000000000
70193  45.866  -17.515  37.204 0.0000000000
70211  44.962  -18.661  36.639 0.0000000000
69064  44.838  -19.850  36.299 0.0000000000
69065  44.283  -19.703  36.323 0.0000000000
70197  43.033  -17.917  37.205 0.0000000000
69066  43.427  -19.208  36.435 0.0000000000
72460  41.286  -16.664  42.991 0.0000000000
72481  41.110  -16.508  42.257 0.0000000000
68028  40.603  -20.161  42.919 0.0000000000
66164  39.818  -21.908  40.890 0.0000000000
67110  39.947  -20.907  41.543 0.0000000000
68030  40.504  -19.621  42.170 0.0000000000
69011  40.783  -18.995  42.025 0.0000000000
71340  40.236  -17.946  41.537 0.0000000000
72496  40.399  -16.723  41.162 0.0000000000
71371  39.665  -17.221  39.347 0.0000000000
71372  39.473  -17.526  38.717 0.0000000000
71401  39.564  -17.863  36.905 0.0000000000
69040  38.371  -19.233  37.705 0.0000000000
70199  38.852  -18.348  37.019 0.0000000000
70217  39.482  -18.198  36.252 0.0000000000
69091  39.952  -19.054  35.098 0.0000000000
68160  36.742  -20.590  32.307 0.0000000000
67228  36.769  -20.914  30.713 0.0000000000
62748  35.825  -25.160  33.899 0.0000000000
64073  35.584  -24.324  32.842 0.0000000000
64084  34.574  -24.054  31.642 0.0000000000
62777  33.768  -25.265  31.371 0.0000000000
65272  33.774  -24.216  31.114 0.0000000000
55838  34.247  -31.633  39.066 0.0000000000
55845  33.119  -31.072  38.004 0.0000000000
55867  32.421  -30.759  36.734 0.0000000000
54734  30.997  -31.931  37.172 0.0000000000
55868  31.275  -31.005  36.590 0.0000000000
56901  31.601  -30.317  35.766 0.0000000000
58017  31.286  -29.620  34.611 0.0000000000
58046  30.256  -29.298  32.817 0.0000000000
59277  29.454  -29.148  31.758 0.0000000000
54779  26.331  -32.114  35.752 0.0000000000
55885  26.552  -31.533  35.284 0.0000000000
55901  27.764  -30.766  34.414 0.0000000000
55933  25.303  -30.664  32.862 0.0000000000
56931  26.461  -30.535  33.122 0.0000000000
56929  28.055  -30.462  33.596 0.0000000000
56948  28.660  -30.204  32.936 0.0000000000
58064  27.949  -29.491  31.263 0.0000000000
75210  48.702  -14.203  27.276 0.0000000000
75227  47.592  -14.307  26.357 0.0000000000
75258  46.922  -14.907  24.701 0.0000000000
73877  40.646  -16.120  32.611 0.0000000000
55829  36.289  -31.632  40.542 0.0000000000
55828  36.968  -31.102  40.782 0.0000000000
55836  36.145  -30.957  40.095 0.0000000000
56879  35.763  -30.564  38.959 0.0000000000
55837  35.334  -31.293  39.553 0.0000000000
76290  42.056  -13.561  33.173 0.0000000000
76307  41.779  -13.950  32.875 0.0000000000
54622  20.886  -31.746  44.569 0.0000000000
53359  15.477  -32.577  49.220 0.0000000000
53393  30.960  -33.649  47.190 0.0000000000
52279  31.496  -33.873  47.061 0.0000000000
52298  30.709  -33.777  46.184 0.0000000000
55770  22.604  -31.491  45.165 0.0000000000
82249  44.883  -9.685  38.728 0.0000000000
83487  44.824  -9.359  39.053 0.0000000000
73768  41.574  -15.554  40.588 0.0000000000
64014  37.208  -24.373  36.328 0.0000000000
64013  37.387  -24.132  36.796 0.0000000000
65203  36.649  -23.623  35.073 0.0000000000
54738  26.396  -32.682  37.145 0.0000000000
75186  50.186  -14.064  28.643 0.0000000000
75187  49.205  -14.026  28.356 0.0000000000
54472  23.334  -32.090  50.253 0.0000000000
55686  20.813  -31.501  51.295 0.0000000000
54425  19.701  -31.514  52.469 0.0000000000
55699  29.545  -31.519  50.726 0.0000000000
54467  28.547  -32.138  50.157 0.0000000000
54440  28.316  -32.072  51.037 0.0000000000
60145  38.440  -27.228  43.176 0.0000000000
61241  38.840  -26.210  43.131 0.0000000000
61255  39.314  -25.971  42.387 0.0000000000
60160  39.309  -26.497  42.176 0.0000000000
59207  37.284  -28.114  38.304 0.0000000000
60228  37.720  -27.492  38.445 0.0000000000
60241  37.440  -27.297  37.785 0.0000000000
60242  36.988  -27.716  37.095 0.0000000000
58007  33.398  -29.611  36.138 0.0000000000
58010  33.818  -28.986  35.869 0.0000000000
59241  32.283  -29.147  34.905 0.0000000000
58012  32.359  -29.588  35.385 0.0000000000
54740  23.138  -32.219  37.144 0.0000000000
54764  23.259  -32.465  36.241 0.0000000000
76369  45.732  -13.465  29.741 0.0000000000
52315  14.062  -34.581  45.351 0.0000000000
51200  33.774  -34.455  43.511 0.0000000000
51186  34.046  -34.523  43.885 0.0000000000
51214  34.013  -33.856  43.091 0.0000000000
52338  34.548  -33.770  42.707 0.0000000000
51230  33.565  -34.158  42.562 0.0000000000
51231  32.946  -34.560  42.371 0.0000000000
52355  28.738  -34.063  41.627 0.0000000000
53459  25.025  -32.663  41.714 0.0000000000
53489  24.595  -32.783  40.167 0.0000000000
54682  24.219  -32.407  41.015 0.0000000000
73856  44.025  -16.012  35.304 0.0000000000
72607  44.067  -16.598  34.879 0.0000000000
55603  17.858  -31.171  54.185 0.0000000000
54411  12.535  -32.808  53.967 0.0000000000
54410  13.202  -32.037  53.868 0.0000000000
54432  13.563  -32.074  52.809 0.0000000000
53331  12.594  -33.609  52.291 0.0000000000
53321  12.541  -33.520  52.945 0.0000000000
77481  50.457  -12.592  32.202 0.0000000000
78697  50.234  -11.744  31.878 0.0000000000
78684  47.660  -11.161  33.069 0.0000000000
79918  43.760  -11.098  36.375 0.0000000000
78643  43.542  -11.593  36.432 0.0000000000
77422  43.238  -12.553  36.713 0.0000000000
78629  43.301  -11.975  37.084 0.0000000000
75056  46.285  -14.507  37.706 0.0000000000
75055  47.309  -14.791  37.867 0.0000000000
73816  47.010  -15.533  37.476 0.0000000000
75054  48.053  -14.893  38.110 0.0000000000
78564  44.169  -12.220  40.368 0.0000000000
77351  43.731  -13.120  40.574 0.0000000000
70154  44.550  -16.747  39.664 0.0000000000
70153  44.863  -17.035  40.107 0.0000000000
70165  44.987  -17.000  39.304 0.0000000000
70179  44.737  -17.063  38.665 0.0000000000
70181  43.996  -17.412  38.202 0.0000000000
71416  41.398  -17.655  36.687 0.0000000000
70216  40.366  -18.195  35.895 0.0000000000
70109  42.064  -18.818  43.274 0.0000000000
65110  39.656  -24.231  41.065 0.0000000000
65091  39.607  -23.737  41.552 0.0000000000
65092  39.604  -23.641  41.143 0.0000000000
68057  39.480  -20.109  39.929 0.0000000000
69030  39.265  -19.189  39.299 0.0000000000
69094  37.608  -19.506  34.795 0.0000000000
70269  37.741  -19.269  33.529 0.0000000000
70251  37.739  -18.745  33.742 0.0000000000
141197  37.790  -19.833  33.362 0.0000000000
66297  35.327  -21.944  30.751 0.0000000000
53524  32.020  -33.113  39.032 0.0000000000
54712  32.390  -32.631  39.038 0.0000000000
54790  29.214  -31.337  35.094 0.0000000000
55882  29.786  -31.262  35.503 0.0000000000
55916  29.211  -30.846  34.520 0.0000000000
55915  29.404  -30.710  34.379 0.0000000000
56913  28.837  -30.815  34.339 0.0000000000
54804  23.537  -31.887  33.884 0.0000000000
54803  24.145  -31.636  34.163 0.0000000000
55935  23.924  -31.452  33.278 0.0000000000
75246  43.903  -14.181  25.978 0.0000000000
55617  23.639  -30.473  53.166 0.0000000000
55642  22.990  -30.825  52.942 0.0000000000
55664  22.197  -31.213  52.689 0.0000000000
55643  22.203  -30.848  53.335 0.0000000000
55639  26.030  -30.846  52.627 0.0000000000
55811  37.233  -31.626  42.905 0.0000000000
55810  36.890  -31.102  42.896 0.0000000000
54663  37.360  -31.595  42.463 0.0000000000
56864  37.349  -30.575  41.081 0.0000000000
56863  37.493  -30.192  41.661 0.0000000000
57959  38.068  -29.271  41.344 0.0000000000
59162  38.575  -28.321  40.928 0.0000000000
57970  37.907  -29.249  40.545 0.0000000000
57983  37.251  -29.500  39.363 0.0000000000
57994  37.349  -28.987  38.612 0.0000000000
57995  36.478  -29.419  38.366 0.0000000000
58000  36.409  -28.986  37.627 0.0000000000
56884  34.763  -30.360  38.213 0.0000000000
56887  35.237  -29.779  37.936 0.0000000000
52425  20.308  -34.540  35.906 0.0000000000
77502  43.704  -13.039  31.648 0.0000000000
76328  43.454  -13.435  31.170 0.0000000000
73885  40.989  -15.516  31.060 0.0000000000
54672  19.186  -31.826  41.245 0.0000000000
54558  16.796  -32.308  47.647 0.0000000000
54532  16.597  -32.485  48.508 0.0000000000
53416  14.469  -33.651  46.910 0.0000000000
52280  13.874  -34.192  47.229 0.0000000000
51157  13.791  -34.746  46.842 0.0000000000
51123  13.225  -35.308  48.888 0.0000000000
53369  33.187  -33.388  47.324 0.0000000000
52321  32.906  -34.497  44.624 0.0000000000
52322  31.929  -34.323  44.557 0.0000000000
51189  31.778  -34.341  43.906 0.0000000000
52313  29.998  -34.224  45.125 0.0000000000
52324  30.389  -34.401  44.470 0.0000000000
52325  29.693  -34.347  44.488 0.0000000000
53438  28.963  -33.970  44.560 0.0000000000
54575  24.404  -32.056  46.398 0.0000000000
54597  25.045  -32.020  45.505 0.0000000000
54598  24.162  -32.201  45.423 0.0000000000
54620  23.026  -31.640  44.272 0.0000000000
55814  23.105  -31.597  42.300 0.0000000000
54655  21.563  -31.550  42.521 0.0000000000
71443  45.913  -17.834  35.198 0.0000000000
71444  45.259  -17.572  34.839 0.0000000000
69088  45.303  -19.477  35.084 0.0000000000
68121  45.020  -20.215  34.499 0.0000000000
54396  12.437  -32.420  54.681 0.0000000000
52211  12.164  -34.264  54.038 0.0000000000
52205  12.097  -34.543  55.283 0.0000000000
79892  44.446  -11.024  37.817 0.0000000000
79891  44.618  -10.727  37.998 0.0000000000
78611  44.582  -11.719  38.609 0.0000000000
77396  45.222  -12.592  38.690 0.0000000000
74985  43.433  -14.282  41.243 0.0000000000
72494  43.358  -15.251  40.337 0.0000000000
73793  41.001  -15.574  38.900 0.0000000000
72541  41.265  -15.951  38.493 0.0000000000
71384  40.233  -16.540  38.064 0.0000000000
63956  38.360  -24.440  38.996 0.0000000000
65143  38.216  -23.579  38.710 0.0000000000
65159  37.514  -23.025  37.152 0.0000000000
67133  38.354  -21.316  37.737 0.0000000000
66229  37.097  -22.422  35.743 0.0000000000
67184  36.467  -21.382  34.055 0.0000000000
66249  36.423  -22.275  34.680 0.0000000000
65243  36.233  -23.427  33.707 0.0000000000
66274  35.661  -22.802  32.669 0.0000000000
61422  32.085  -27.097  32.356 0.0000000000
61421  32.519  -26.693  32.320 0.0000000000
61432  31.670  -26.803  31.798 0.0000000000
61452  30.744  -26.481  29.748 0.0000000000
62799  31.228  -25.760  29.538 0.0000000000
61465  30.420  -26.130  29.061 0.0000000000
53544  29.536  -32.945  38.302 0.0000000000
54715  30.002  -32.817  38.191 0.0000000000
54778  27.305  -31.889  35.731 0.0000000000
73942  49.376  -14.557  27.189 0.0000000000
73979  48.959  -15.408  25.559 0.0000000000
75226  48.485  -14.751  26.081 0.0000000000
54553  22.119  -31.583  47.466 0.0000000000
54528  20.840  -31.822  48.445 0.0000000000
54475  20.335  -31.674  50.449 0.0000000000
54506  19.503  -31.888  49.546 0.0000000000
54478  17.238  -32.394  50.541 0.0000000000
54465  30.353  -32.020  49.497 0.0000000000
54495  30.560  -32.505  49.287 0.0000000000
53354  29.891  -32.597  48.828 0.0000000000
53355  29.113  -32.565  48.954 0.0000000000
53375  28.491  -32.510  48.512 0.0000000000
54441  27.318  -32.027  51.075 0.0000000000
54552  23.017  -31.713  47.631 0.0000000000
54577  22.580  -31.671  46.550 0.0000000000
77339  43.190  -13.878  41.887 0.0000000000
77321  42.657  -13.774  42.282 0.0000000000
74965  42.593  -14.159  43.325 0.0000000000
76145  42.552  -14.028  42.752 0.0000000000
57903  37.443  -29.792  43.966 0.0000000000
61269  39.673  -25.390  41.960 0.0000000000
62579  39.443  -25.006  42.570 0.0000000000
62594  39.770  -25.152  41.942 0.0000000000
63894  39.874  -24.967  41.611 0.0000000000
59176  38.587  -27.794  40.282 0.0000000000
60217  38.808  -27.078  39.959 0.0000000000
61306  38.994  -26.233  39.756 0.0000000000
62633  39.690  -25.481  39.959 0.0000000000
63955  38.963  -24.937  39.000 0.0000000000
61350  37.849  -26.162  37.278 0.0000000000
62675  37.887  -25.561  37.702 0.0000000000
62691  37.767  -25.867  37.092 0.0000000000
62692  37.406  -25.398  36.818 0.0000000000
61363  37.068  -25.902  36.233 0.0000000000
59221  35.400  -28.650  36.799 0.0000000000
59239  33.976  -28.197  35.209 0.0000000000
59238  34.785  -27.871  35.404 0.0000000000
59245  33.737  -27.634  34.475 0.0000000000
60293  34.376  -27.080  34.349 0.0000000000
59263  32.256  -28.119  33.277 0.0000000000
53549  24.864  -33.018  37.478 0.0000000000
53559  25.309  -32.753  36.961 0.0000000000
53560  24.698  -32.748  36.725 0.0000000000
54782  23.578  -32.595  35.656 0.0000000000
53570  24.058  -32.823  35.876 0.0000000000
54794  23.569  -32.306  34.838 0.0000000000
53573  21.218  -33.312  34.977 0.0000000000
52431  21.254  -34.379  34.208 0.0000000000
53588  21.677  -33.649  33.682 0.0000000000
52441  21.914  -33.940  32.934 0.0000000000
53587  22.241  -33.099  33.423 0.0000000000
76394  47.451  -13.494  29.058 0.0000000000
76396  45.430  -13.572  28.847 0.0000000000
76417  44.487  -14.059  27.850 0.0000000000
75164  43.055  -14.451  29.419 0.0000000000
54688  18.135  -32.465  39.906 0.0000000000
54674  17.415  -32.824  40.595 0.0000000000
55756  20.510  -31.541  46.157 0.0000000000
54601  20.128  -31.608  45.612 0.0000000000
54603  17.584  -32.543  45.232 0.0000000000
53441  17.129  -32.782  44.697 0.0000000000
54605  15.731  -32.947  45.855 0.0000000000
52326  14.696  -34.428  44.403 0.0000000000
53443  15.654  -33.736  43.741 0.0000000000
52275  34.634  -33.595  46.533 0.0000000000
52293  34.705  -33.783  45.649 0.0000000000
52318  35.426  -33.891  44.437 0.0000000000
52306  35.610  -33.715  44.943 0.0000000000
52317  35.985  -33.571  44.451 0.0000000000
53437  36.386  -33.197  44.214 0.0000000000
53444  36.835  -32.679  43.799 0.0000000000
53445  36.180  -33.274  43.533 0.0000000000
52365  34.827  -33.583  41.811 0.0000000000
53467  35.275  -33.252  41.872 0.0000000000
54666  35.504  -32.543  41.416 0.0000000000
53479  34.401  -33.349  40.897 0.0000000000
53480  33.481  -33.379  40.510 0.0000000000
53481  32.488  -33.447  40.358 0.0000000000
51217  31.428  -34.890  42.754 0.0000000000
51232  32.195  -35.090  42.166 0.0000000000
51233  31.484  -35.135  42.041 0.0000000000
52370  30.642  -34.114  40.560 0.0000000000
52388  31.354  -33.834  40.130 0.0000000000
53504  30.509  -33.571  39.740 0.0000000000
53484  29.783  -33.649  40.196 0.0000000000
52372  28.596  -33.939  40.625 0.0000000000
52391  28.893  -33.803  40.102 0.0000000000
53506  28.351  -33.705  39.869 0.0000000000
53507  27.262  -33.576  39.693 0.0000000000
53395  29.107  -32.967  47.336 0.0000000000
53412  29.223  -33.405  46.433 0.0000000000
54617  25.627  -32.252  44.639 0.0000000000
54632  26.093  -32.643  43.801 0.0000000000
53457  26.361  -33.013  42.734 0.0000000000
53456  27.373  -33.528  42.751 0.0000000000
53469  27.293  -33.482  41.796 0.0000000000
53488  25.475  -33.309  40.285 0.0000000000
54697  24.036  -32.523  39.245 0.0000000000
54716  23.969  -32.484  38.846 0.0000000000
54717  23.355  -32.011  38.201 0.0000000000
54669  22.663  -31.668  41.594 0.0000000000
54699  22.263  -31.940  39.322 0.0000000000
73858  42.298  -15.623  34.602 0.0000000000
72622  42.823  -17.235  33.936 0.0000000000
72623  42.352  -17.011  33.767 0.0000000000
71458  42.746  -17.490  33.526 0.0000000000
70249  44.823  -18.315  34.403 0.0000000000
67141  45.801  -21.920  36.125 0.0000000000
68101  45.666  -20.861  35.838 0.0000000000
67161  45.916  -21.846  35.915 0.0000000000
57748  23.048  -29.766  53.156 0.0000000000
56721  21.717  -30.146  54.172 0.0000000000
55620  21.184  -30.806  54.334 0.0000000000
54391  19.186  -31.510  53.270 0.0000000000
54407  18.162  -31.920  52.905 0.0000000000
54428  16.884  -31.985  52.081 0.0000000000
54452  16.285  -32.232  51.502 0.0000000000
54429  16.071  -32.059  52.040 0.0000000000
55627  14.329  -31.247  54.387 0.0000000000
55647  15.394  -31.556  53.505 0.0000000000
54455  13.672  -32.513  52.019 0.0000000000
54454  14.559  -32.460  51.594 0.0000000000
53328  15.049  -32.477  51.020 0.0000000000
54481  14.027  -32.496  50.970 0.0000000000
53341  13.381  -33.106  50.740 0.0000000000
52241  13.097  -34.312  50.430 0.0000000000
51078  12.425  -35.049  52.390 0.0000000000
76342  50.513  -13.297  30.173 0.0000000000
76343  49.907  -13.503  30.470 0.0000000000
76323  48.834  -13.398  31.540 0.0000000000
76324  47.798  -13.217  31.581 0.0000000000
76346  47.189  -13.360  30.753 0.0000000000
78682  49.713  -11.916  32.909 0.0000000000
77485  46.650  -12.190  32.655 0.0000000000
76289  47.882  -12.333  32.826 0.0000000000
76304  46.718  -12.647  32.293 0.0000000000
77500  45.430  -12.527  31.958 0.0000000000
77469  44.788  -11.696  33.177 0.0000000000
77487  44.534  -12.251  32.577 0.0000000000
77470  43.564  -11.983  33.592 0.0000000000
78670  45.398  -10.673  34.298 0.0000000000
78671  44.943  -10.712  34.360 0.0000000000
76257  42.968  -14.158  36.016 0.0000000000
73839  43.697  -15.146  35.461 0.0000000000
75078  44.264  -14.900  36.208 0.0000000000
77409  44.583  -12.666  38.060 0.0000000000
77410  44.072  -12.685  37.756 0.0000000000
76238  45.051  -13.571  37.383 0.0000000000
75067  45.553  -14.595  36.795 0.0000000000
73818  45.165  -15.303  36.317 0.0000000000
73836  46.202  -16.118  35.854 0.0000000000
72569  46.474  -16.576  36.105 0.0000000000
81086  44.014  -10.135  40.029 0.0000000000
82214  44.696  -10.063  39.292 0.0000000000
81084  44.734  -10.508  39.495 0.0000000000
77364  45.029  -12.674  39.588 0.0000000000
76196  45.411  -13.495  39.268 0.0000000000
75001  44.023  -14.489  40.384 0.0000000000
75000  44.362  -14.321  40.066 0.0000000000
73745  44.208  -14.722  40.043 0.0000000000
73763  45.097  -15.061  39.061 0.0000000000
72505  45.315  -15.523  38.670 0.0000000000
73781  45.783  -15.100  38.535 0.0000000000
72519  45.970  -15.634  38.351 0.0000000000
72536  46.672  -15.827  38.096 0.0000000000
72537  46.050  -16.042  38.171 0.0000000000
69051  43.996  -18.831  36.915 0.0000000000
68083  44.098  -20.555  36.172 0.0000000000
71382  42.730  -16.916  37.769 0.0000000000
71397  43.099  -17.507  37.551 0.0000000000
68084  43.293  -19.982  35.834 0.0000000000
66135  39.811  -21.744  42.959 0.0000000000
67097  40.037  -20.978  42.779 0.0000000000
68015  40.403  -20.354  43.146 0.0000000000
67102  40.009  -20.814  42.614 0.0000000000
67112  39.880  -20.785  40.795 0.0000000000
67111  40.013  -20.980  41.076 0.0000000000
68049  40.086  -20.378  41.389 0.0000000000
68043  40.127  -20.119  41.919 0.0000000000
68998  40.908  -19.198  42.485 0.0000000000
69012  40.502  -19.205  41.508 0.0000000000
70138  40.402  -18.462  41.314 0.0000000000
71350  40.152  -17.435  41.184 0.0000000000
71361  39.821  -17.191  40.325 0.0000000000
70182  39.017  -18.283  38.713 0.0000000000
71385  39.402  -17.591  37.836 0.0000000000
71386  39.109  -18.017  37.375 0.0000000000
68072  38.066  -20.206  37.401 0.0000000000
70218  38.607  -18.602  36.119 0.0000000000
70198  39.312  -18.155  36.749 0.0000000000
70235  39.228  -18.486  35.493 0.0000000000
70234  39.891  -18.421  35.591 0.0000000000
69131  38.828  -19.654  33.238 0.0000000000
67217  36.211  -21.279  31.799 0.0000000000
67229  35.927  -21.395  30.337 0.0000000000
62729  36.221  -25.401  34.478 0.0000000000
62769  34.804  -25.174  32.285 0.0000000000
62768  35.411  -25.036  32.633 0.0000000000
64074  34.974  -24.436  32.124 0.0000000000
62778  33.254  -25.547  31.118 0.0000000000
64106  32.764  -24.304  29.665 0.0000000000
65284  33.503  -23.963  30.534 0.0000000000
55846  32.403  -31.577  38.051 0.0000000000
55853  33.067  -30.855  37.071 0.0000000000
55881  30.350  -31.034  35.685 0.0000000000
55880  30.973  -30.699  35.950 0.0000000000
56895  32.106  -30.502  36.275 0.0000000000
56910  31.185  -30.135  35.213 0.0000000000
58031  30.321  -29.733  33.695 0.0000000000
58047  29.355  -29.604  32.401 0.0000000000
54761  25.855  -32.468  36.463 0.0000000000
55902  26.643  -30.923  34.606 0.0000000000
55884  27.499  -31.333  35.093 0.0000000000
55956  23.727  -31.713  31.395 0.0000000000
55934  24.645  -30.952  32.807 0.0000000000
56968  26.099  -30.148  31.583 0.0000000000
56951  25.799  -30.500  32.554 0.0000000000
56930  27.208  -30.434  33.209 0.0000000000
56949  27.684  -30.186  32.548 0.0000000000
58080  27.307  -29.402  30.649 0.0000000000
58063  28.876  -29.199  31.280 0.0000000000
73977  50.818  -16.278  25.475 0.0000000000
75243  46.768  -14.411  25.517 0.0000000000
75242  47.823  -14.878  25.277 0.0000000000
73867  40.910  -15.666  33.285 0.0000000000
73868  40.805  -16.311  33.104 0.0000000000
55616  24.269  -30.456  53.001 0.0000000000
56718  23.927  -30.416  53.062 0.0000000000
56719  23.581  -30.200  53.505 0.0000000000
54665  36.346  -32.044  41.586 0.0000000000
55819  37.545  -31.083  42.169 0.0000000000
56873  37.230  -30.224  40.563 0.0000000000
56877  36.853  -30.262  39.983 0.0000000000
56882  36.246  -30.044  38.791 0.0000000000
76306  42.281  -13.890  32.330 0.0000000000
75118  42.045  -14.271  32.241 0.0000000000
54509  16.352  -32.518  48.878 0.0000000000
54510  16.028  -32.443  49.008 0.0000000000
52263  13.828  -33.865  47.934 0.0000000000
53380  13.690  -33.597  49.213 0.0000000000
53370  32.342  -33.355  47.776 0.0000000000
53391  32.537  -33.742  47.306 0.0000000000
53392  31.812  -33.760  47.459 0.0000000000
52323  31.053  -34.248  44.712 0.0000000000
53426  30.044  -33.925  45.562 0.0000000000
55753  23.250  -31.681  45.982 0.0000000000
55768  23.649  -31.845  45.426 0.0000000000
55769  23.146  -31.545  45.378 0.0000000000
53292  11.323  -33.740  56.096 0.0000000000
81114  44.960  -10.139  38.363 0.0000000000
79877  44.697  -11.094  39.192 0.0000000000
75003  42.877  -14.476  41.583 0.0000000000
72510  41.948  -15.606  39.896 0.0000000000
72524  41.237  -15.597  39.310 0.0000000000
73784  40.804  -15.644  39.129 0.0000000000
63992  37.532  -24.244  37.416 0.0000000000
65176  37.425  -23.640  36.980 0.0000000000
66198  37.417  -22.351  36.890 0.0000000000
65177  37.403  -23.110  36.509 0.0000000000
65224  36.801  -22.960  35.036 0.0000000000
64055  35.956  -24.298  33.519 0.0000000000
54760  26.890  -32.362  36.426 0.0000000000
75208  50.551  -14.538  27.872 0.0000000000
54526  22.876  -31.708  48.508 0.0000000000
55737  22.245  -31.529  47.962 0.0000000000
54423  22.211  -31.871  52.165 0.0000000000
54474  21.331  -31.593  50.522 0.0000000000
55703  20.649  -31.485  50.994 0.0000000000
55687  18.450  -31.616  51.630 0.0000000000
54466  29.504  -31.976  50.095 0.0000000000
54497  28.882  -32.436  49.521 0.0000000000
54470  25.361  -31.574  50.400 0.0000000000
59134  37.946  -28.412  43.356 0.0000000000
60132  38.123  -27.445  43.801 0.0000000000
62545  39.692  -25.311  43.876 0.0000000000
62563  39.352  -25.324  43.452 0.0000000000
61254  39.550  -25.374  42.243 0.0000000000
61270  39.576  -25.736  41.725 0.0000000000
59205  38.040  -27.843  39.162 0.0000000000
60227  38.288  -27.267  38.668 0.0000000000
61325  38.306  -26.446  38.323 0.0000000000
62654  38.286  -26.018  37.985 0.0000000000
61342  37.631  -26.645  37.317 0.0000000000
61352  36.888  -26.507  36.052 0.0000000000
60257  36.008  -27.658  35.789 0.0000000000
59240  32.814  -28.803  34.946 0.0000000000
59248  31.434  -29.179  34.091 0.0000000000
53551  23.784  -32.619  36.721 0.0000000000
76368  46.768  -13.493  29.865 0.0000000000
75165  42.207  -14.919  29.635 0.0000000000
54580  19.385  -31.663  46.482 0.0000000000
53415  15.053  -33.500  46.156 0.0000000000
52314  14.781  -33.962  45.353 0.0000000000
52308  34.216  -34.182  45.237 0.0000000000
52319  34.481  -34.341  44.292 0.0000000000
52330  34.532  -34.358  43.703 0.0000000000
52337  34.948  -34.026  43.080 0.0000000000
52336  35.199  -33.867  43.203 0.0000000000
51228  34.966  -33.922  42.963 0.0000000000
52349  34.525  -33.728  42.191 0.0000000000
52366  34.383  -33.721  41.506 0.0000000000
52371  29.552  -34.024  40.725 0.0000000000
52373  28.011  -34.024  40.740 0.0000000000
54547  27.723  -32.592  47.034 0.0000000000
53414  27.755  -32.733  46.235 0.0000000000
54651  25.441  -32.428  43.024 0.0000000000
53471  25.585  -33.235  41.204 0.0000000000
53490  24.038  -32.628  39.798 0.0000000000
54685  21.240  -31.722  40.344 0.0000000000
54720  19.492  -32.286  38.253 0.0000000000
69130  44.503  -19.325  33.518 0.0000000000
55623  18.476  -31.371  53.589 0.0000000000
54393  17.523  -31.599  53.382 0.0000000000
54394  16.810  -31.438  53.135 0.0000000000
55629  12.800  -31.690  54.752 0.0000000000
55649  13.819  -31.320  53.920 0.0000000000
55670  14.519  -31.546  52.992 0.0000000000
53330  13.060  -33.271  51.688 0.0000000000
76300  50.205  -13.141  31.999 0.0000000000
76301  49.591  -13.117  32.439 0.0000000000
77466  48.081  -11.974  33.058 0.0000000000
79937  44.182  -10.522  35.298 0.0000000000
78657  44.079  -10.892  34.823 0.0000000000
76251  42.781  -13.224  36.061 0.0000000000
77423  42.935  -12.854  36.260 0.0000000000
76237  45.698  -14.032  37.641 0.0000000000
75066  46.406  -14.838  37.131 0.0000000000
72567  47.631  -16.280  37.037 0.0000000000
71412  47.815  -16.615  36.867 0.0000000000
79848  44.685  -11.204  40.306 0.0000000000
79847  44.992  -11.241  40.031 0.0000000000
77349  44.747  -12.815  39.856 0.0000000000
72507  43.839  -16.095  39.074 0.0000000000
73764  44.269  -15.007  39.574 0.0000000000
71358  44.832  -16.664  39.860 0.0000000000
71368  45.020  -16.713  39.090 0.0000000000
72521  45.067  -16.532  38.460 0.0000000000
71379  45.041  -16.796  38.802 0.0000000000
71323  41.642  -17.718  43.448 0.0000000000
65074  39.538  -23.848  42.605 0.0000000000
66136  40.008  -22.764  43.062 0.0000000000
65075  39.728  -23.563  42.054 0.0000000000
66176  39.626  -21.659  40.447 0.0000000000
67119  39.561  -21.103  40.283 0.0000000000
68050  40.163  -20.072  41.028 0.0000000000
68056  39.882  -19.746  40.534 0.0000000000
70167  39.592  -17.982  40.056 0.0000000000
68086  37.442  -20.480  35.851 0.0000000000
69092  38.885  -18.698  34.731 0.0000000000
69114  38.242  -18.697  33.968 0.0000000000
68145  38.422  -20.035  32.745 0.0000000000
68159  37.739  -20.473  32.169 0.0000000000
66284  35.987  -22.117  32.404 0.0000000000
61409  35.671  -26.019  33.738 0.0000000000
62750  34.954  -25.517  32.803 0.0000000000
62776  34.310  -25.263  31.896 0.0000000000
62797  32.315  -25.163  30.128 0.0000000000
64096  32.608  -24.947  30.123 0.0000000000
64107  32.267  -24.663  29.545 0.0000000000
54696  32.547  -32.069  38.918 0.0000000000
54775  29.911  -31.422  35.737 0.0000000000
55898  30.000  -30.655  35.127 0.0000000000
56911  30.500  -30.302  34.957 0.0000000000
56912  29.943  -30.509  34.670 0.0000000000
56927  29.741  -30.459  34.007 0.0000000000
56947  29.320  -30.179  33.298 0.0000000000
54792  25.027  -31.661  35.034 0.0000000000
55955  24.220  -31.396  30.729 0.0000000000
56989  24.703  -30.867  31.438 0.0000000000
56967  26.965  -29.813  31.981 0.0000000000
75212  45.897  -13.944  27.315 0.0000000000
72625  40.826  -16.537  32.886 0.0000000000
71474  41.243  -17.461  32.320 0.0000000000
54444  23.895  -31.970  50.931 0.0000000000
54421  23.726  -31.940  51.523 0.0000000000
54422  23.123  -32.044  51.852 0.0000000000
55682  26.568  -31.353  51.525 0.0000000000
55660  26.219  -31.060  51.790 0.0000000000
54420  25.932  -31.296  51.447 0.0000000000
54443  25.601  -31.392  51.193 0.0000000000
55683  24.975  -31.418  51.072 0.0000000000
54630  37.351  -31.779  43.895 0.0000000000
55798  37.244  -30.764  44.035 0.0000000000
55809  36.722  -30.751  43.581 0.0000000000
56855  37.205  -30.124  42.453 0.0000000000
57943  37.615  -29.263  42.891 0.0000000000
60162  38.753  -27.672  41.471 0.0000000000
59192  38.142  -28.205  39.864 0.0000000000
57982  37.812  -28.757  39.742 0.0000000000
57992  37.852  -28.221  39.390 0.0000000000
58001  35.378  -29.132  37.382 0.0000000000
58002  34.605  -29.358  37.118 0.0000000000
56892  34.110  -29.811  37.072 0.0000000000
56893  33.459  -30.110  36.748 0.0000000000
54766  21.400  -32.024  36.280 0.0000000000
52424  20.615  -34.466  34.998 0.0000000000
51290  20.383  -35.610  35.357 0.0000000000
76329  42.704  -13.784  31.381 0.0000000000
75145  41.609  -15.040  30.392 0.0000000000
55825  19.497  -31.669  40.799 0.0000000000
54658  18.400  -32.339  42.006 0.0000000000
54642  17.035  -33.031  43.088 0.0000000000
52300  14.185  -34.386  46.379 0.0000000000
52281  13.599  -34.510  47.817 0.0000000000
52277  32.814  -34.051  46.950 0.0000000000
52295  33.164  -34.313  46.347 0.0000000000
52309  33.438  -34.409  45.475 0.0000000000
52320  33.671  -34.444  44.656 0.0000000000
51188  33.323  -34.570  44.258 0.0000000000
51201  33.005  -34.652  43.767 0.0000000000
51203  31.605  -34.553  43.430 0.0000000000
51204  30.820  -34.545  43.609 0.0000000000
51191  30.805  -34.354  44.191 0.0000000000
51218  30.665  -34.725  43.023 0.0000000000
54634  24.638  -32.055  43.692 0.0000000000
55823  23.130  -31.632  41.791 0.0000000000
72589  45.049  -16.582  35.258 0.0000000000
72606  44.701  -17.065  34.848 0.0000000000
69129  44.831  -19.739  34.022 0.0000000000
53312  12.343  -33.462  53.653 0.0000000000
52217  12.229  -34.039  53.304 0.0000000000
78628  43.812  -11.556  37.408 0.0000000000
78613  44.311  -11.203  37.682 0.0000000000
76180  43.329  -13.430  40.903 0.0000000000
77338  44.092  -13.564  40.458 0.0000000000
73725  43.708  -14.537  40.614 0.0000000000
73746  43.894  -14.756  40.320 0.0000000000
73747  43.348  -14.767  40.797 0.0000000000
72508  43.882  -15.855  39.478 0.0000000000
71360  43.779  -16.062  39.020 0.0000000000
72539  42.925  -16.695  38.140 0.0000000000
72540  42.341  -16.486  38.347 0.0000000000
71399  41.416  -17.225  37.354 0.0000000000
68982  41.517  -19.359  43.623 0.0000000000
63935  39.491  -24.733  39.908 0.0000000000
65126  39.185  -23.667  40.014 0.0000000000
66178  38.597  -22.950  39.131 0.0000000000
66188  38.960  -21.741  39.104 0.0000000000
67145  38.058  -21.011  37.005 0.0000000000
67146  37.431  -21.379  36.542 0.0000000000
68106  37.225  -20.463  35.082 0.0000000000
68128  36.605  -20.887  33.581 0.0000000000
67195  36.298  -21.530  33.397 0.0000000000
65270  34.858  -23.457  31.779 0.0000000000
61420  33.471  -26.410  32.290 0.0000000000
61441  32.330  -25.738  30.790 0.0000000000
61442  31.691  -26.080  30.648 0.0000000000
62788  32.144  -25.491  30.460 0.0000000000
62798  31.729  -25.386  29.898 0.0000000000
54791  29.030  -31.491  35.161 0.0000000000
55883  28.159  -31.275  34.898 0.0000000000
54821  23.124  -32.316  31.674 0.0000000000
73980  48.328  -15.288  25.267 0.0000000000
54600  21.100  -31.628  45.636 0.0000000000
55738  21.049  -31.573  46.764 0.0000000000
55739  20.629  -31.577  46.763 0.0000000000
53357  17.042  -32.760  49.228 0.0000000000
53337  16.941  -32.636  49.772 0.0000000000
53338  16.331  -32.469  50.005 0.0000000000
54494  31.385  -32.614  49.201 0.0000000000
53353  30.652  -33.010  48.902 0.0000000000
53394  29.890  -33.261  47.369 0.0000000000
54519  29.670  -32.901  47.721 0.0000000000
54546  29.408  -32.801  47.709 0.0000000000
53396  28.433  -32.568  47.577 0.0000000000
54548  27.011  -32.424  47.236 0.0000000000
54549  26.139  -32.178  47.349 0.0000000000
54499  26.769  -32.016  49.252 0.0000000000
81069  44.141  -10.668  40.542 0.0000000000
78565  43.511  -12.484  40.837 0.0000000000
79850  43.488  -11.914  41.178 0.0000000000
78581  43.179  -12.682  41.091 0.0000000000
76181  43.209  -13.536  41.257 0.0000000000
76163  43.220  -13.873  41.740 0.0000000000
77322  42.783  -14.020  42.300 0.0000000000
76164  42.830  -14.086  42.097 0.0000000000
73728  41.748  -15.604  41.797 0.0000000000
65109  39.652  -24.389  41.434 0.0000000000
63916  39.778  -24.610  40.583 0.0000000000
60179  39.167  -27.174  41.375 0.0000000000
60199  39.402  -26.466  41.302 0.0000000000
61285  39.478  -25.977  40.864 0.0000000000
61286  39.201  -26.412  40.295 0.0000000000
62614  39.836  -25.401  40.583 0.0000000000
63934  40.022  -25.021  40.338 0.0000000000
63975  38.435  -24.992  38.544 0.0000000000
62674  38.108  -25.230  38.300 0.0000000000
63977  37.536  -24.885  37.612 0.0000000000
61386  36.413  -26.153  34.740 0.0000000000
61387  35.872  -26.405  34.298 0.0000000000
61388  35.273  -26.553  34.026 0.0000000000
60309  34.085  -26.662  33.530 0.0000000000
59229  36.035  -27.946  36.248 0.0000000000
60310  33.350  -27.123  33.374 0.0000000000
60323  32.473  -27.392  32.774 0.0000000000
54762  25.004  -32.664  36.241 0.0000000000
53561  24.185  -32.803  36.307 0.0000000000
53572  21.941  -32.619  34.798 0.0000000000
54813  22.684  -32.459  33.161 0.0000000000
75162  48.949  -13.715  29.011 0.0000000000
75189  47.548  -13.552  28.380 0.0000000000
76415  46.184  -13.491  28.147 0.0000000000
76398  43.595  -14.040  28.783 0.0000000000
75190  43.844  -14.192  28.091 0.0000000000
54689  17.501  -33.137  39.708 0.0000000000
55772  20.586  -31.578  45.804 0.0000000000
54626  17.013  -32.888  43.419 0.0000000000
53431  16.815  -32.958  44.981 0.0000000000
53451  15.786  -34.089  42.737 0.0000000000
52292  35.363  -33.584  45.249 0.0000000000
54591  36.624  -32.019  44.860 0.0000000000
54612  37.206  -31.933  44.292 0.0000000000
54613  37.328  -32.249  44.003 0.0000000000
54631  37.352  -32.150  43.478 0.0000000000
54647  37.221  -32.199  42.729 0.0000000000
53454  35.598  -32.923  42.289 0.0000000000
54648  36.226  -32.333  42.298 0.0000000000
54678  36.115  -32.182  40.971 0.0000000000
54693  34.969  -32.014  40.163 0.0000000000
54681  33.676  -32.820  39.930 0.0000000000
53482  31.844  -33.479  40.117 0.0000000000
53503  31.503  -33.547  39.550 0.0000000000
53527  29.039  -33.029  39.041 0.0000000000
53446  28.626  -33.869  43.613 0.0000000000
53455  28.279  -33.775  42.693 0.0000000000
54741  22.154  -31.902  37.081 0.0000000000
55848  22.951  -31.593  37.925 0.0000000000
55857  22.845  -31.747  37.597 0.0000000000
54767  20.548  -32.224  36.424 0.0000000000
52418  19.847  -34.639  36.791 0.0000000000
76273  41.518  -14.268  33.965 0.0000000000
73859  41.423  -15.580  34.174 0.0000000000
72610  41.231  -16.204  33.910 0.0000000000
71456  43.825  -17.626  34.102 0.0000000000
70265  43.407  -18.074  33.508 0.0000000000
71471  43.049  -17.927  33.406 0.0000000000
71472  42.587  -17.935  33.025 0.0000000000
56720  22.729  -30.131  54.024 0.0000000000
55644  21.440  -31.197  53.695 0.0000000000
54404  20.877  -31.406  53.533 0.0000000000
55621  20.138  -30.973  54.113 0.0000000000
54405  20.108  -31.368  53.345 0.0000000000
55688  18.245  -31.562  51.805 0.0000000000
54427  17.827  -31.615  52.101 0.0000000000
55605  15.874  -30.974  54.619 0.0000000000
55646  16.070  -31.539  53.074 0.0000000000
55668  15.859  -31.787  52.472 0.0000000000
54453  15.514  -32.372  51.590 0.0000000000
52225  12.295  -34.185  52.645 0.0000000000
75161  50.333  -13.877  29.012 0.0000000000
76391  49.968  -13.623  29.119 0.0000000000
76365  49.463  -13.580  29.638 0.0000000000
76366  48.627  -13.551  29.746 0.0000000000
78681  50.260  -12.277  32.815 0.0000000000
77482  49.608  -12.813  33.070 0.0000000000
77483  49.119  -12.579  32.604 0.0000000000
76288  48.389  -12.399  32.749 0.0000000000
79964  46.422  -10.558  33.957 0.0000000000
78687  44.935  -11.202  33.757 0.0000000000
76272  41.890  -13.710  34.276 0.0000000000
75080  42.885  -14.464  35.644 0.0000000000
75097  43.225  -14.925  35.414 0.0000000000
77411  43.516  -12.519  37.335 0.0000000000
76239  43.923  -13.267  37.225 0.0000000000
76248  45.028  -14.086  36.759 0.0000000000
73819  44.617  -15.152  36.253 0.0000000000
71431  46.318  -17.519  35.677 0.0000000000
82232  44.815  -9.702  39.047 0.0000000000
81101  44.688  -10.521  39.082 0.0000000000
78579  44.799  -11.832  39.452 0.0000000000
76161  44.151  -13.861  40.433 0.0000000000
76179  44.438  -13.733  40.136 0.0000000000
74999  44.742  -14.067  39.762 0.0000000000
75015  45.082  -14.300  39.408 0.0000000000
75033  46.493  -14.954  38.366 0.0000000000
75045  47.228  -14.942  38.265 0.0000000000
73791  47.705  -15.255  38.306 0.0000000000
72554  46.944  -16.012  37.297 0.0000000000
71394  47.633  -16.640  37.195 0.0000000000
71396  45.719  -16.638  37.819 0.0000000000
71395  46.408  -16.963  37.206 0.0000000000
70212  44.468  -19.018  36.622 0.0000000000
70213  43.310  -18.357  36.899 0.0000000000
73707  41.876  -15.317  43.004 0.0000000000
73708  41.600  -15.813  42.502 0.0000000000
72495  41.028  -16.270  41.255 0.0000000000
68990  41.180  -19.517  43.319 0.0000000000
66153  39.586  -23.369  40.986 0.0000000000
66151  40.094  -21.693  41.783 0.0000000000
66163  39.957  -21.373  41.288 0.0000000000
67103  39.938  -20.837  42.116 0.0000000000
68042  40.234  -20.323  42.487 0.0000000000
68029  40.620  -19.774  42.559 0.0000000000
68997  41.314  -19.384  42.911 0.0000000000
70121  41.535  -18.914  42.809 0.0000000000
70122  40.866  -18.452  42.404 0.0000000000
70123  40.379  -18.261  41.831 0.0000000000
71339  40.409  -17.369  41.985 0.0000000000
71349  40.349  -16.882  41.471 0.0000000000
72512  40.393  -16.539  40.642 0.0000000000
72525  40.295  -16.112  39.412 0.0000000000
69053  38.121  -19.276  36.801 0.0000000000
71402  39.194  -18.097  37.123 0.0000000000
71418  39.993  -17.907  36.309 0.0000000000
69069  40.284  -18.606  35.529 0.0000000000
68168  37.067  -20.603  31.584 0.0000000000
62767  35.696  -24.860  33.203 0.0000000000
61429  33.877  -25.716  31.935 0.0000000000
62786  33.412  -25.181  30.723 0.0000000000
64086  33.662  -24.707  30.866 0.0000000000
64085  34.251  -24.589  31.509 0.0000000000
55844  34.093  -31.047  38.450 0.0000000000
55839  33.240  -31.592  38.814 0.0000000000
55866  32.997  -30.581  36.673 0.0000000000
56894  32.834  -30.264  36.311 0.0000000000
54733  31.575  -31.689  37.555 0.0000000000
55855  31.466  -31.458  37.208 0.0000000000
54756  30.754  -31.502  36.565 0.0000000000
56900  32.380  -30.128  35.908 0.0000000000
58013  31.659  -29.795  35.203 0.0000000000
58030  31.027  -29.456  33.869 0.0000000000
58018  30.620  -29.846  34.297 0.0000000000
58045  30.881  -29.209  33.212 0.0000000000
59276  29.944  -28.823  32.068 0.0000000000
59288  29.527  -28.725  31.405 0.0000000000
55886  25.941  -31.777  35.384 0.0000000000
56952  25.112  -30.609  32.426 0.0000000000
55918  26.861  -30.578  33.816 0.0000000000
55917  27.467  -30.511  33.773 0.0000000000
56914  28.526  -30.720  34.238 0.0000000000
58049  27.644  -29.751  31.855 0.0000000000
58048  28.391  -29.799  32.015 0.0000000000
59298  29.257  -28.428  30.485 0.0000000000
75257  47.481  -15.355  24.761 0.0000000000
75245  44.729  -14.394  25.648 0.0000000000
73876  40.903  -15.385  32.115 0.0000000000
73886  40.537  -16.121  31.707 0.0000000000
51198  34.933  -34.154  43.229 0.0000000000
51202  32.204  -34.492  43.655 0.0000000000
51211  35.000  -34.228  43.158 0.0000000000
51212  34.967  -34.195  43.013 0.0000000000
51213  34.833  -33.921  43.095 0.0000000000
51227  34.950  -34.112  42.928 0.0000000000
51229  34.884  -33.757  42.689 0.0000000000
52197  11.413  -34.159  55.960 0.0000000000
52278  32.008  -33.978  46.978 0.0000000000
52329  34.995  -34.214  43.520 0.0000000000
52332  32.071  -34.343  44.035 0.0000000000
52339  34.044  -33.795  42.473 0.0000000000
52347  35.082  -33.744  42.815 0.0000000000
53301  11.608  -33.917  55.644 0.0000000000
53329  14.532  -32.465  50.991 0.0000000000
53377  16.735  -32.673  48.955 0.0000000000
53390  33.097  -33.796  47.177 0.0000000000
53410  30.760  -33.758  46.544 0.0000000000
53423  36.780  -32.489  44.481 0.0000000000
53435  36.956  -32.318  44.408 0.0000000000
53449  17.002  -33.084  42.842 0.0000000000
53452  36.794  -32.710  43.264 0.0000000000
53466  35.304  -33.436  42.418 0.0000000000
53511  24.044  -32.576  39.485 0.0000000000
53571  23.899  -32.798  36.065 0.0000000000
54419  26.263  -31.335  51.436 0.0000000000
54520  29.576  -32.737  47.924 0.0000000000
54533  15.918  -32.501  48.604 0.0000000000
54571  27.748  -32.673  46.531 0.0000000000
54590  36.832  -32.167  44.554 0.0000000000
54646  37.289  -31.618  42.695 0.0000000000
55666  18.554  -31.512  51.894 0.0000000000
55667  18.337  -31.505  52.069 0.0000000000
55685  21.004  -31.368  51.025 0.0000000000
55701  24.455  -31.692  50.882 0.0000000000
55722  22.711  -31.640  48.038 0.0000000000
55723  22.453  -31.591  48.156 0.0000000000
55755  20.927  -31.559  46.310 0.0000000000
55781  37.207  -30.787  44.028 0.0000000000
55787  23.461  -31.644  45.054 0.0000000000
55788  23.130  -31.517  44.836 0.0000000000
55789  22.680  -31.517  44.695 0.0000000000
55800  37.210  -31.688  43.143 0.0000000000
55815  22.956  -31.545  42.055 0.0000000000
55822  23.287  -31.599  42.028 0.0000000000
55824  19.660  -31.637  41.057 0.0000000000
55831  19.820  -31.530  40.800 0.0000000000
55832  19.641  -31.535  40.544 0.0000000000
55847  23.166  -31.750  37.840 0.0000000000
55904  24.907  -31.529  34.700 0.0000000000
55921  24.050  -31.551  33.850 0.0000000000
56732  24.111  -30.250  53.143 0.0000000000
56824  37.338  -30.147  44.177 0.0000000000
56840  37.213  -30.271  43.749 0.0000000000
56970  24.758  -30.765  32.053 0.0000000000
57981  37.961  -28.230  39.616 0.0000000000
58066  26.674  -29.728  31.512 0.0000000000
60180  38.839  -27.684  41.130 0.0000000000
60311  32.710  -27.546  33.243 0.0000000000
60324  31.766  -27.569  32.306 0.0000000000
61240  38.985  -25.609  43.097 0.0000000000
61256  39.076  -26.153  42.746 0.0000000000
62810  31.370  -25.281  29.308 0.0000000000
62812  30.239  -25.908  28.649 0.0000000000
63914  39.741  -24.687  41.633 0.0000000000
66145  39.926  -23.247  41.820 0.0000000000
66150  39.923  -21.216  42.279 0.0000000000
68999  40.599  -19.325  41.997 0.0000000000
69115  37.380  -18.779  34.027 0.0000000000
69116  36.965  -18.749  33.802 0.0000000000
69143  37.604  -19.527  33.444 0.0000000000
70137  40.593  -18.712  41.814 0.0000000000
70151  45.350  -16.988  39.942 0.0000000000
70152  45.255  -17.008  40.083 0.0000000000
70163  45.276  -17.009  39.766 0.0000000000
70178  45.026  -17.121  39.394 0.0000000000
70250  38.043  -18.712  33.799 0.0000000000
70252  37.249  -18.731  33.685 0.0000000000
70266  37.968  -18.897  33.662 0.0000000000
70267  37.519  -18.987  33.494 0.0000000000
70268  37.033  -18.994  33.514 0.0000000000
70280  37.524  -19.257  33.451 0.0000000000
70281  37.328  -19.145  33.404 0.0000000000
71357  45.094  -16.828  39.670 0.0000000000
71369  44.908  -16.597  38.731 0.0000000000
71393  48.064  -16.714  37.080 0.0000000000
72535  47.471  -15.672  38.012 0.0000000000
72538  45.469  -16.363  38.232 0.0000000000
72553  47.627  -16.090  37.216 0.0000000000
72556  45.948  -16.290  37.977 0.0000000000
72637  41.233  -17.246  32.713 0.0000000000
73762  45.377  -15.203  38.735 0.0000000000
73783  41.041  -15.564  39.149 0.0000000000
73794  40.687  -15.723  38.825 0.0000000000
73802  48.060  -15.381  38.006 0.0000000000
73803  48.019  -15.079  37.711 0.0000000000
74984  43.826  -14.317  40.605 0.0000000000
75044  47.976  -15.089  38.322 0.0000000000
75163  48.581  -13.604  29.105 0.0000000000
76197  43.050  -13.250  40.956 0.0000000000
76198  43.158  -13.388  41.038 0.0000000000
77337  44.245  -13.540  40.334 0.0000000000
77366  42.965  -13.086  41.083 0.0000000000
77464  49.985  -12.639  33.198 0.0000000000
78566  43.126  -12.614  41.306 0.0000000000
78580  43.186  -12.840  40.910 0.0000000000
79865  45.008  -10.917  40.040 0.0000000000
81068  44.601  -10.762  40.294 0.0000000000
82215  44.607  -9.718  39.316 0.0000000000
82233  44.760  -9.523  39.116 0.0000000000
83445  44.611  -9.472  39.119 0.0000000000
83463  45.044  -9.348  39.321 0.0000000000
83464  44.941  -9.158  39.102 0.0000000000
