#!ascii label  , from subject 3420 vox2ras=TkReg
1714
58359  -35.722  -40.486  59.007 0.0000000000
82470  -47.572  -15.295  48.655 0.0000000000
65173  -42.244  -33.153  46.763 0.0000000000
51980  -4.639  -47.871  52.536 0.0000000000
54917  -22.293  -44.635  60.622 0.0000000000
61065  -6.944  -38.434  53.046 0.0000000000
60082  -5.437  -37.984  61.618 0.0000000000
73864  -45.940  -24.547  46.699 0.0000000000
62149  -3.104  -36.569  47.993 0.0000000000
50002  -2.676  -49.375  61.017 0.0000000000
60160  -36.370  -37.754  52.132 0.0000000000
56699  -31.097  -42.655  57.268 0.0000000000
53913  -29.726  -45.033  60.163 0.0000000000
83400  -49.540  -13.728  46.439 0.0000000000
68072  -44.068  -29.533  45.515 0.0000000000
56687  -18.002  -42.026  57.779 0.0000000000
64081  -5.936  -34.672  52.720 0.0000000000
56740  -6.418  -42.281  54.879 0.0000000000
55961  -4.140  -43.109  51.377 0.0000000000
51116  -8.365  -48.076  48.277 0.0000000000
52813  -9.606  -46.501  67.027 0.0000000000
52804  -5.059  -45.687  67.167 0.0000000000
65093  -39.470  -33.042  51.383 0.0000000000
53865  -27.800  -45.498  63.702 0.0000000000
52885  -24.107  -46.248  56.627 0.0000000000
62033  -6.003  -36.844  56.998 0.0000000000
57507  -2.576  -41.768  57.277 0.0000000000
78659  -48.459  -19.679  47.369 0.0000000000
53854  -12.196  -44.713  63.849 0.0000000000
54926  -15.665  -43.786  60.626 0.0000000000
60139  -3.841  -38.417  51.319 0.0000000000
56853  -2.377  -42.313  46.786 0.0000000000
60032  -6.556  -39.101  67.577 0.0000000000
55826  -2.589  -43.638  62.160 0.0000000000
50992  -2.215  -48.099  56.981 0.0000000000
60101  -36.837  -38.624  57.976 0.0000000000
57516  -35.300  -41.140  56.403 0.0000000000
59246  -36.442  -39.183  55.380 0.0000000000
56701  -33.021  -42.550  57.551 0.0000000000
56733  -32.813  -42.275  55.560 0.0000000000
55850  -33.137  -43.295  59.161 0.0000000000
83386  -47.752  -13.511  47.721 0.0000000000
80631  -45.656  -17.232  47.277 0.0000000000
82483  -45.528  -15.149  46.612 0.0000000000
82492  -46.753  -15.245  45.351 0.0000000000
66165  -44.702  -31.887  45.574 0.0000000000
65156  -39.185  -32.588  47.107 0.0000000000
66186  -40.872  -32.639  44.337 0.0000000000
66239  -42.472  -31.742  42.711 0.0000000000
55023  -5.894  -44.687  53.625 0.0000000000
54007  -8.109  -45.257  51.854 0.0000000000
52000  -6.555  -47.805  50.717 0.0000000000
49220  -6.502  -50.733  49.054 0.0000000000
48249  -6.306  -51.483  51.311 0.0000000000
51879  -9.357  -47.510  63.860 0.0000000000
50920  -8.057  -48.384  65.298 0.0000000000
65064  -38.686  -32.150  53.204 0.0000000000
63065  -35.727  -35.597  53.831 0.0000000000
63095  -34.507  -35.413  51.962 0.0000000000
65076  -35.773  -33.131  53.006 0.0000000000
65104  -36.528  -32.724  50.803 0.0000000000
54878  -30.647  -44.320  64.987 0.0000000000
53951  -27.745  -45.497  56.925 0.0000000000
52873  -26.765  -46.539  58.414 0.0000000000
81618  -50.605  -16.462  42.850 0.0000000000
81643  -52.098  -15.978  40.983 0.0000000000
61033  -6.349  -37.330  59.701 0.0000000000
60103  -3.810  -39.094  57.085 0.0000000000
59226  -3.081  -39.355  59.518 0.0000000000
75837  -47.186  -22.633  46.932 0.0000000000
71813  -43.210  -26.217  43.622 0.0000000000
73885  -44.688  -24.723  44.821 0.0000000000
76787  -44.919  -22.589  46.111 0.0000000000
53791  -13.715  -44.986  67.061 0.0000000000
53802  -15.391  -44.493  66.012 0.0000000000
61083  -9.919  -37.335  51.303 0.0000000000
62120  -7.243  -37.013  49.702 0.0000000000
60141  -5.485  -38.873  51.735 0.0000000000
55106  -4.763  -44.975  48.208 0.0000000000
56015  -2.768  -43.292  48.730 0.0000000000
55122  -3.902  -44.438  46.259 0.0000000000
59147  -8.191  -40.133  69.746 0.0000000000
51882  -3.531  -47.364  63.923 0.0000000000
54854  -3.697  -44.425  65.001 0.0000000000
52839  -2.554  -46.424  61.784 0.0000000000
53906  -2.058  -45.309  59.651 0.0000000000
50029  -2.099  -48.908  59.053 0.0000000000
61056  -36.605  -37.308  54.646 0.0000000000
54891  -32.257  -44.242  63.337 0.0000000000
54920  -32.993  -43.732  61.205 0.0000000000
55861  -29.817  -43.696  58.735 0.0000000000
82486  -51.423  -14.910  46.005 0.0000000000
81592  -48.990  -16.155  44.237 0.0000000000
70909  -45.146  -27.018  46.194 0.0000000000
69046  -42.909  -29.055  43.600 0.0000000000
54970  -21.610  -44.148  57.565 0.0000000000
55848  -20.690  -43.442  59.446 0.0000000000
63088  -4.470  -35.187  50.142 0.0000000000
58385  -5.819  -40.656  54.671 0.0000000000
58392  -5.295  -40.541  53.222 0.0000000000
56778  -6.665  -42.881  53.074 0.0000000000
55095  -6.941  -44.686  49.429 0.0000000000
53049  -5.808  -46.814  46.358 0.0000000000
53765  -9.834  -44.795  69.865 0.0000000000
55777  -7.131  -43.587  69.240 0.0000000000
51859  -7.781  -46.873  67.912 0.0000000000
50924  -5.452  -48.877  64.833 0.0000000000
65123  -41.444  -33.112  49.391 0.0000000000
65136  -38.679  -32.832  48.441 0.0000000000
53879  -24.804  -45.873  62.191 0.0000000000
52847  -28.598  -46.044  61.696 0.0000000000
52854  -26.034  -46.548  60.007 0.0000000000
53911  -23.778  -45.842  59.049 0.0000000000
62058  -9.599  -36.471  54.211 0.0000000000
62044  -8.671  -36.408  56.407 0.0000000000
62050  -6.334  -37.127  55.211 0.0000000000
59244  -4.769  -39.757  55.729 0.0000000000
56724  -4.605  -42.222  55.529 0.0000000000
53971  -3.738  -45.274  54.131 0.0000000000
80634  -48.600  -17.479  47.869 0.0000000000
79702  -46.289  -19.919  46.169 0.0000000000
53774  -11.930  -45.025  69.182 0.0000000000
53810  -11.434  -45.346  66.028 0.0000000000
52831  -10.296  -46.083  62.451 0.0000000000
54929  -19.120  -43.412  60.766 0.0000000000
54898  -17.475  -43.917  62.530 0.0000000000
54874  -16.997  -44.308  64.319 0.0000000000
54894  -13.890  -44.300  62.528 0.0000000000
53898  -11.546  -44.934  60.934 0.0000000000
64083  -7.553  -35.033  52.663 0.0000000000
62082  -5.027  -36.631  50.417 0.0000000000
61108  -3.158  -37.580  49.460 0.0000000000
57564  -3.699  -41.019  52.482 0.0000000000
58424  -1.905  -39.877  50.491 0.0000000000
59332  -2.685  -39.158  47.381 0.0000000000
60058  -6.249  -38.382  64.395 0.0000000000
56650  -5.442  -42.128  67.686 0.0000000000
58329  -4.090  -41.353  65.105 0.0000000000
58345  -3.397  -40.455  62.532 0.0000000000
56682  -1.941  -42.596  59.539 0.0000000000
53944  -2.188  -45.478  56.939 0.0000000000
51024  -2.845  -48.588  54.263 0.0000000000
45984  -2.670  -53.385  58.098 0.0000000000
47135  -2.248  -51.694  56.272 0.0000000000
48243  -4.534  -51.555  53.206 0.0000000000
58364  -36.164  -39.718  57.929 0.0000000000
59227  -36.392  -39.208  59.202 0.0000000000
57509  -35.148  -41.029  57.375 0.0000000000
59237  -35.964  -39.924  56.706 0.0000000000
57505  -34.665  -41.723  57.868 0.0000000000
57508  -34.707  -41.639  56.822 0.0000000000
57503  -35.259  -41.088  59.460 0.0000000000
57502  -34.777  -41.784  58.956 0.0000000000
83369  -47.451  -14.158  48.657 0.0000000000
81561  -46.703  -16.033  48.279 0.0000000000
82477  -45.246  -15.586  47.492 0.0000000000
83384  -46.092  -14.707  48.113 0.0000000000
83397  -46.314  -14.423  47.051 0.0000000000
65190  -42.948  -33.081  45.967 0.0000000000
66142  -44.524  -33.036  47.029 0.0000000000
65161  -44.305  -33.296  47.773 0.0000000000
65187  -40.027  -32.712  45.447 0.0000000000
65189  -41.984  -33.085  45.865 0.0000000000
66188  -42.915  -32.576  44.979 0.0000000000
54004  -5.229  -46.258  52.677 0.0000000000
52958  -6.150  -46.450  51.972 0.0000000000
51989  -5.592  -48.066  51.756 0.0000000000
50154  -6.790  -49.640  50.509 0.0000000000
50144  -5.421  -49.691  51.899 0.0000000000
50935  -9.553  -48.117  62.166 0.0000000000
49975  -8.814  -48.858  62.841 0.0000000000
65047  -36.090  -34.229  54.487 0.0000000000
65061  -35.639  -34.022  54.003 0.0000000000
65062  -36.462  -32.853  53.918 0.0000000000
65077  -36.773  -32.414  52.749 0.0000000000
81606  -52.032  -15.655  43.807 0.0000000000
81625  -51.401  -16.371  42.282 0.0000000000
82528  -53.519  -15.473  42.675 0.0000000000
61014  -5.159  -37.897  60.785 0.0000000000
60092  -4.215  -38.137  59.350 0.0000000000
60087  -3.854  -38.795  60.914 0.0000000000
74903  -47.359  -23.255  47.096 0.0000000000
75813  -49.068  -22.502  47.621 0.0000000000
72798  -44.845  -25.421  45.806 0.0000000000
72805  -44.052  -25.142  44.104 0.0000000000
73876  -45.036  -24.670  45.898 0.0000000000
74911  -46.018  -23.435  46.653 0.0000000000
54824  -15.603  -44.427  67.223 0.0000000000
54825  -16.609  -44.350  66.984 0.0000000000
53878  -23.648  -45.371  62.394 0.0000000000
54916  -21.665  -44.406  61.202 0.0000000000
64121  -3.078  -35.008  48.179 0.0000000000
61066  -7.527  -38.150  52.664 0.0000000000
60144  -7.792  -38.465  51.478 0.0000000000
60130  -6.891  -38.535  52.578 0.0000000000
54102  -4.823  -45.572  46.477 0.0000000000
55115  -4.105  -44.697  47.205 0.0000000000
54112  -4.541  -45.505  45.550 0.0000000000
59167  -9.561  -38.965  69.693 0.0000000000
58292  -8.915  -40.862  70.406 0.0000000000
50932  -3.070  -48.239  62.826 0.0000000000
51885  -2.673  -47.339  62.315 0.0000000000
50936  -2.645  -48.339  61.676 0.0000000000
50943  -2.278  -47.897  59.903 0.0000000000
50017  -2.400  -49.463  60.040 0.0000000000
60110  -36.693  -38.317  56.071 0.0000000000
60120  -36.648  -38.294  54.980 0.0000000000
61047  -36.753  -37.520  55.535 0.0000000000
62055  -36.749  -36.198  55.689 0.0000000000
55864  -32.069  -43.250  58.398 0.0000000000
54962  -31.819  -43.534  58.868 0.0000000000
55880  -30.816  -43.071  57.930 0.0000000000
56696  -28.992  -43.013  57.825 0.0000000000
83401  -50.625  -14.211  46.300 0.0000000000
83408  -47.985  -14.095  45.865 0.0000000000
81591  -47.987  -16.076  44.193 0.0000000000
82495  -49.642  -14.990  45.553 0.0000000000
82506  -50.226  -15.547  45.048 0.0000000000
69038  -44.480  -28.631  46.238 0.0000000000
69976  -46.420  -27.664  46.500 0.0000000000
69016  -46.174  -28.909  46.319 0.0000000000
66216  -43.673  -31.080  44.414 0.0000000000
67144  -42.869  -30.964  42.539 0.0000000000
68080  -43.406  -29.551  44.695 0.0000000000
69995  -43.603  -27.979  44.925 0.0000000000
64080  -6.016  -34.223  52.006 0.0000000000
65068  -5.150  -34.102  50.761 0.0000000000
64091  -5.669  -34.384  51.222 0.0000000000
57536  -6.149  -41.647  54.465 0.0000000000
57551  -6.613  -42.158  54.237 0.0000000000
55934  -7.429  -42.815  54.178 0.0000000000
52989  -8.301  -46.421  50.208 0.0000000000
55079  -8.598  -45.026  50.453 0.0000000000
53017  -8.326  -46.386  48.381 0.0000000000
53015  -6.389  -45.800  47.664 0.0000000000
52041  -7.140  -47.463  47.100 0.0000000000
50173  -6.935  -49.121  47.745 0.0000000000
52802  -10.207  -46.008  68.458 0.0000000000
52795  -8.750  -45.882  69.115 0.0000000000
51861  -9.115  -46.549  67.802 0.0000000000
49973  -7.175  -49.667  63.611 0.0000000000
49946  -6.680  -48.964  65.065 0.0000000000
49972  -6.341  -49.777  63.750 0.0000000000
49970  -4.740  -49.786  63.316 0.0000000000
65108  -40.951  -33.054  50.310 0.0000000000
65092  -38.389  -32.926  51.529 0.0000000000
65120  -38.172  -32.971  49.542 0.0000000000
65121  -39.332  -33.004  49.435 0.0000000000
65137  -39.877  -32.770  48.386 0.0000000000
53846  -27.343  -45.285  64.603 0.0000000000
53863  -25.696  -45.739  63.350 0.0000000000
53880  -25.763  -46.140  62.314 0.0000000000
53895  -30.880  -45.011  61.296 0.0000000000
53883  -30.265  -45.334  62.483 0.0000000000
53902  -29.055  -45.754  60.642 0.0000000000
52887  -25.746  -46.569  57.280 0.0000000000
52864  -25.932  -46.557  59.093 0.0000000000
52863  -25.065  -46.463  58.832 0.0000000000
52852  -24.409  -46.172  59.424 0.0000000000
53934  -23.462  -45.887  57.215 0.0000000000
53933  -22.828  -45.431  56.755 0.0000000000
62022  -7.106  -36.791  58.141 0.0000000000
62034  -6.915  -36.688  57.112 0.0000000000
62043  -7.655  -36.547  56.162 0.0000000000
62041  -5.767  -37.092  56.043 0.0000000000
60109  -5.344  -38.849  55.416 0.0000000000
61041  -4.865  -38.335  56.316 0.0000000000
58362  -2.881  -40.531  57.265 0.0000000000
57514  -3.555  -41.079  56.287 0.0000000000
57522  -3.405  -41.993  55.913 0.0000000000
55917  -3.897  -43.631  54.977 0.0000000000
55902  -3.397  -43.358  55.480 0.0000000000
79682  -48.218  -18.636  47.254 0.0000000000
80625  -49.303  -17.322  48.441 0.0000000000
79674  -49.771  -18.628  48.768 0.0000000000
77723  -46.884  -21.435  46.485 0.0000000000
77721  -45.719  -21.122  46.335 0.0000000000
78663  -46.968  -19.872  46.248 0.0000000000
80644  -47.441  -18.278  46.887 0.0000000000
54794  -13.568  -44.079  69.651 0.0000000000
53812  -13.062  -45.017  65.526 0.0000000000
53798  -12.187  -45.200  66.638 0.0000000000
53833  -12.183  -44.899  64.834 0.0000000000
53871  -10.746  -45.550  63.528 0.0000000000
53872  -11.267  -45.131  62.983 0.0000000000
55857  -19.568  -42.464  58.307 0.0000000000
55836  -19.498  -43.244  59.972 0.0000000000
55846  -19.018  -42.678  59.231 0.0000000000
54942  -15.653  -43.492  59.415 0.0000000000
54927  -16.805  -43.394  60.480 0.0000000000
54911  -16.603  -43.770  61.594 0.0000000000
54885  -17.273  -44.159  63.424 0.0000000000
54896  -15.493  -44.195  62.577 0.0000000000
54883  -15.402  -44.295  63.410 0.0000000000
54909  -14.629  -44.186  61.783 0.0000000000
53908  -12.535  -44.564  59.232 0.0000000000
64093  -8.518  -34.747  51.514 0.0000000000
61094  -5.530  -37.713  50.734 0.0000000000
62084  -6.143  -36.107  50.746 0.0000000000
61078  -4.450  -37.714  50.658 0.0000000000
62081  -4.346  -36.743  50.232 0.0000000000
60153  -2.896  -38.053  50.936 0.0000000000
56776  -4.855  -42.349  52.593 0.0000000000
58401  -4.593  -40.362  52.697 0.0000000000
56790  -3.523  -42.547  51.537 0.0000000000
56836  -2.218  -42.483  47.917 0.0000000000
57604  -2.320  -41.774  49.948 0.0000000000
56822  -2.022  -41.622  48.382 0.0000000000
58460  -1.918  -39.679  48.391 0.0000000000
57646  -2.081  -40.842  47.137 0.0000000000
58498  -2.805  -40.203  46.426 0.0000000000
60051  -5.852  -39.080  65.800 0.0000000000
54811  -6.198  -44.561  68.529 0.0000000000
56631  -6.352  -42.721  68.693 0.0000000000
54809  -5.209  -44.122  67.540 0.0000000000
55819  -3.179  -43.578  63.979 0.0000000000
56661  -4.011  -42.853  65.273 0.0000000000
56670  -3.341  -42.186  63.812 0.0000000000
58340  -3.629  -41.018  63.537 0.0000000000
57492  -2.641  -41.860  62.251 0.0000000000
58352  -2.462  -40.879  60.662 0.0000000000
56679  -2.035  -42.996  60.517 0.0000000000
51910  -2.088  -47.355  57.631 0.0000000000
53929  -2.044  -45.540  57.843 0.0000000000
51925  -2.377  -47.331  56.286 0.0000000000
52897  -2.511  -46.495  55.712 0.0000000000
51009  -2.619  -48.635  55.169 0.0000000000
44779  -2.676  -54.435  57.501 0.0000000000
47100  -2.273  -52.170  57.701 0.0000000000
60107  -36.921  -37.729  56.868 0.0000000000
57529  -34.943  -41.626  55.079 0.0000000000
57543  -35.355  -41.144  54.611 0.0000000000
58377  -35.766  -40.611  55.970 0.0000000000
59238  -36.323  -39.411  56.488 0.0000000000
56700  -31.978  -42.659  57.240 0.0000000000
56716  -33.376  -42.284  56.416 0.0000000000
56734  -33.706  -42.172  55.516 0.0000000000
55866  -33.417  -42.912  58.713 0.0000000000
83387  -48.873  -13.066  47.322 0.0000000000
82482  -44.631  -15.743  46.505 0.0000000000
81584  -45.341  -15.841  45.012 0.0000000000
81589  -45.915  -15.993  44.202 0.0000000000
82484  -46.243  -14.858  46.149 0.0000000000
83398  -47.316  -13.846  46.868 0.0000000000
66190  -44.358  -31.127  45.464 0.0000000000
67110  -45.603  -30.211  46.277 0.0000000000
67098  -45.636  -31.612  46.389 0.0000000000
66129  -45.967  -32.213  47.484 0.0000000000
66126  -38.114  -32.614  46.741 0.0000000000
66160  -38.890  -32.650  45.135 0.0000000000
66184  -39.078  -32.584  44.243 0.0000000000
66212  -40.298  -32.493  43.405 0.0000000000
66237  -40.657  -32.346  42.518 0.0000000000
66213  -41.292  -32.430  43.426 0.0000000000
66215  -43.415  -31.842  43.997 0.0000000000
55009  -6.569  -43.888  54.258 0.0000000000
55010  -7.484  -43.667  54.062 0.0000000000
53989  -7.098  -45.062  52.908 0.0000000000
52975  -7.335  -46.513  51.110 0.0000000000
51080  -7.485  -48.027  49.794 0.0000000000
50166  -7.007  -49.786  48.623 0.0000000000
50160  -7.223  -49.655  49.670 0.0000000000
48252  -6.667  -51.371  50.280 0.0000000000
51876  -9.754  -46.564  65.298 0.0000000000
51871  -9.202  -47.092  66.142 0.0000000000
50926  -8.946  -48.059  64.322 0.0000000000
65079  -39.042  -32.791  52.357 0.0000000000
62073  -36.012  -36.563  53.304 0.0000000000
62090  -35.427  -36.495  52.293 0.0000000000
63064  -35.288  -35.537  53.321 0.0000000000
65074  -34.623  -34.260  52.661 0.0000000000
65089  -35.132  -33.349  52.127 0.0000000000
65090  -36.080  -32.681  51.903 0.0000000000
65078  -37.967  -32.435  52.487 0.0000000000
53848  -29.183  -45.129  64.468 0.0000000000
53936  -28.188  -45.224  58.101 0.0000000000
52875  -28.149  -46.054  59.296 0.0000000000
53935  -27.957  -45.767  57.868 0.0000000000
52903  -26.504  -46.464  56.722 0.0000000000
81632  -50.633  -16.654  40.942 0.0000000000
81642  -51.524  -16.226  40.354 0.0000000000
82542  -52.598  -15.535  40.156 0.0000000000
83446  -53.172  -14.693  39.655 0.0000000000
61036  -5.491  -37.232  57.878 0.0000000000
61035  -4.748  -37.775  57.642 0.0000000000
60096  -4.132  -38.197  58.309 0.0000000000
59229  -3.070  -39.491  58.497 0.0000000000
59228  -2.750  -40.257  58.173 0.0000000000
77714  -47.982  -21.130  46.895 0.0000000000
76763  -49.275  -21.322  47.930 0.0000000000
72823  -43.667  -25.357  42.372 0.0000000000
73905  -43.619  -25.140  42.931 0.0000000000
75857  -44.062  -23.602  44.858 0.0000000000
74918  -44.918  -23.763  45.625 0.0000000000
76779  -47.048  -21.982  46.627 0.0000000000
54804  -14.026  -44.318  68.640 0.0000000000
54813  -14.854  -44.408  67.792 0.0000000000
53792  -14.502  -44.659  66.948 0.0000000000
53813  -13.937  -44.813  65.362 0.0000000000
54954  -15.350  -43.490  58.219 0.0000000000
54940  -13.685  -44.039  59.902 0.0000000000
62107  -10.597  -36.491  50.757 0.0000000000
63092  -9.235  -35.271  50.271 0.0000000000
61111  -8.789  -37.766  49.949 0.0000000000
60156  -6.565  -38.401  50.975 0.0000000000
60140  -4.703  -38.599  51.336 0.0000000000
56003  -4.519  -44.243  49.676 0.0000000000
55980  -3.415  -43.074  50.724 0.0000000000
56016  -3.527  -44.087  48.663 0.0000000000
55104  -3.365  -44.066  47.838 0.0000000000
56031  -3.087  -43.550  46.458 0.0000000000
60900  -10.159  -38.128  68.582 0.0000000000
59997  -9.028  -38.439  69.140 0.0000000000
59183  -7.244  -39.440  68.553 0.0000000000
51873  -4.111  -47.160  65.394 0.0000000000
53795  -4.037  -45.475  65.879 0.0000000000
52820  -3.314  -46.115  64.407 0.0000000000
53870  -2.805  -45.332  63.115 0.0000000000
53885  -2.668  -45.447  62.171 0.0000000000
54922  -2.279  -44.466  60.749 0.0000000000
52849  -2.182  -46.217  60.281 0.0000000000
51895  -1.999  -47.393  58.997 0.0000000000
50059  -2.175  -49.101  57.442 0.0000000000
60145  -36.269  -38.739  52.259 0.0000000000
58395  -36.189  -39.670  53.961 0.0000000000
59263  -36.345  -39.072  53.519 0.0000000000
61069  -36.393  -37.359  53.552 0.0000000000
62061  -36.264  -36.352  54.271 0.0000000000
63057  -36.435  -35.513  55.141 0.0000000000
54935  -31.249  -44.593  60.779 0.0000000000
54937  -32.978  -43.580  60.423 0.0000000000
54949  -31.279  -44.266  59.795 0.0000000000
54959  -29.510  -44.529  59.413 0.0000000000
54972  -28.335  -44.378  58.290 0.0000000000
80661  -47.886  -16.698  42.832 0.0000000000
81603  -49.761  -16.355  43.480 0.0000000000
81594  -50.791  -15.881  44.463 0.0000000000
71805  -45.068  -26.015  46.211 0.0000000000
72774  -47.688  -25.066  47.206 0.0000000000
71785  -47.490  -26.521  47.020 0.0000000000
66257  -41.578  -31.684  41.719 0.0000000000
70003  -42.809  -28.119  43.203 0.0000000000
70918  -43.621  -26.703  44.755 0.0000000000
54946  -22.218  -44.401  59.012 0.0000000000
54944  -21.193  -43.730  59.811 0.0000000000
55859  -21.223  -43.681  57.946 0.0000000000
55875  -20.173  -42.714  57.420 0.0000000000
64108  -3.127  -34.734  49.869 0.0000000000
63117  -3.234  -35.819  48.902 0.0000000000
60128  -6.262  -39.209  53.815 0.0000000000
59260  -6.023  -39.512  53.264 0.0000000000
58393  -5.825  -40.654  53.756 0.0000000000
57566  -5.398  -42.083  53.194 0.0000000000
55948  -5.778  -43.144  52.387 0.0000000000
55950  -7.321  -43.415  52.853 0.0000000000
55983  -7.053  -44.078  50.970 0.0000000000
55982  -5.924  -43.955  50.927 0.0000000000
54061  -6.014  -45.040  48.596 0.0000000000
56622  -8.771  -42.360  70.440 0.0000000000
54789  -8.634  -44.162  69.744 0.0000000000
53769  -7.193  -45.322  69.043 0.0000000000
52806  -6.209  -46.696  67.597 0.0000000000
50913  -7.923  -48.081  66.249 0.0000000000
50906  -6.463  -47.658  66.841 0.0000000000
50910  -5.206  -47.748  66.182 0.0000000000
50923  -4.691  -48.505  64.713 0.0000000000
49969  -4.089  -49.282  63.259 0.0000000000
49082  -3.430  -49.872  61.752 0.0000000000
65139  -41.973  -33.208  48.509 0.0000000000
65140  -42.876  -33.327  48.554 0.0000000000
65124  -42.374  -33.259  49.387 0.0000000000
62126  -35.026  -36.538  50.955 0.0000000000
65155  -37.957  -32.710  47.587 0.0000000000
65157  -40.546  -32.824  47.401 0.0000000000
53862  -24.457  -45.442  63.412 0.0000000000
53891  -23.922  -45.553  61.117 0.0000000000
54880  -31.997  -44.082  64.269 0.0000000000
53868  -30.220  -45.234  63.386 0.0000000000
52836  -28.058  -46.081  62.283 0.0000000000
52866  -27.627  -46.314  59.665 0.0000000000
52855  -26.899  -46.500  60.256 0.0000000000
52834  -26.350  -46.344  61.780 0.0000000000
52833  -25.519  -46.247  61.489 0.0000000000
53901  -23.795  -45.607  59.893 0.0000000000
53910  -23.000  -45.130  59.044 0.0000000000
54957  -22.265  -44.606  58.194 0.0000000000
83447  -53.851  -14.020  39.743 0.0000000000
84430  -55.126  -13.398  39.906 0.0000000000
84431  -55.740  -12.851  39.566 0.0000000000
62068  -9.419  -37.016  52.972 0.0000000000
61055  -8.338  -37.210  53.395 0.0000000000
62053  -9.626  -36.206  55.508 0.0000000000
62056  -7.723  -37.025  54.198 0.0000000000
61053  -6.824  -38.204  53.757 0.0000000000
60118  -5.973  -38.971  54.452 0.0000000000
59245  -5.613  -39.777  55.008 0.0000000000
57525  -5.813  -41.452  55.124 0.0000000000
59235  -3.968  -39.746  56.419 0.0000000000
58375  -4.545  -40.672  55.790 0.0000000000
56725  -5.533  -42.220  55.313 0.0000000000
55008  -5.269  -44.030  54.259 0.0000000000
55022  -4.654  -44.907  53.779 0.0000000000
52943  -4.323  -46.762  53.035 0.0000000000
81563  -48.452  -16.409  48.306 0.0000000000
76800  -43.802  -22.862  45.338 0.0000000000
77735  -44.311  -21.481  46.059 0.0000000000
78671  -45.032  -20.166  46.282 0.0000000000
79690  -45.558  -18.728  46.465 0.0000000000
80632  -46.611  -17.375  47.332 0.0000000000
53773  -11.039  -45.207  69.268 0.0000000000
52803  -10.763  -45.829  67.869 0.0000000000
53783  -12.776  -45.066  68.051 0.0000000000
53789  -12.120  -45.243  67.475 0.0000000000
52815  -10.781  -45.718  66.303 0.0000000000
51884  -9.744  -46.882  63.273 0.0000000000
54931  -20.920  -43.841  60.487 0.0000000000
54914  -19.763  -43.833  61.534 0.0000000000
54900  -19.524  -44.081  62.409 0.0000000000
55834  -17.499  -43.135  59.739 0.0000000000
54913  -18.786  -43.618  61.622 0.0000000000
54887  -19.325  -44.237  63.338 0.0000000000
54886  -18.302  -44.160  63.408 0.0000000000
54856  -17.687  -44.372  65.297 0.0000000000
53817  -17.060  -44.407  65.558 0.0000000000
53837  -15.886  -44.390  64.643 0.0000000000
53836  -15.023  -44.424  64.428 0.0000000000
53855  -13.203  -44.541  63.637 0.0000000000
54939  -13.014  -44.128  60.379 0.0000000000
53887  -12.455  -44.328  61.733 0.0000000000
53873  -12.232  -44.440  62.821 0.0000000000
52841  -10.700  -45.739  61.308 0.0000000000
64082  -6.452  -35.098  53.003 0.0000000000
63090  -7.366  -35.521  50.517 0.0000000000
63073  -6.481  -35.434  51.295 0.0000000000
63059  -6.003  -34.856  51.736 0.0000000000
63070  -4.768  -35.785  50.225 0.0000000000
63086  -3.759  -36.272  49.697 0.0000000000
61121  -3.080  -37.458  48.839 0.0000000000
59259  -5.432  -39.979  52.966 0.0000000000
59270  -4.999  -39.419  52.220 0.0000000000
58399  -2.757  -39.727  52.124 0.0000000000
56789  -2.769  -41.983  51.242 0.0000000000
58425  -2.155  -40.572  50.944 0.0000000000
59281  -2.427  -38.792  51.387 0.0000000000
59289  -2.012  -38.841  49.777 0.0000000000
60180  -2.724  -38.161  48.561 0.0000000000
60186  -2.870  -38.235  47.858 0.0000000000
60197  -3.478  -38.467  46.904 0.0000000000
57447  -7.377  -42.017  69.669 0.0000000000
57468  -6.376  -41.483  68.580 0.0000000000
59181  -5.967  -40.313  67.700 0.0000000000
55808  -4.117  -43.687  65.793 0.0000000000
57478  -4.456  -41.806  66.263 0.0000000000
58325  -5.080  -40.443  66.443 0.0000000000
59196  -4.729  -39.995  64.982 0.0000000000
59208  -4.614  -39.372  63.426 0.0000000000
59219  -3.961  -39.142  62.012 0.0000000000
59217  -2.947  -40.025  61.082 0.0000000000
58355  -2.350  -40.891  59.625 0.0000000000
57504  -2.315  -41.765  58.186 0.0000000000
55842  -1.891  -43.925  59.400 0.0000000000
55869  -1.990  -43.971  57.978 0.0000000000
55889  -2.232  -43.587  57.067 0.0000000000
53958  -2.721  -45.621  55.139 0.0000000000
52924  -2.980  -46.750  54.094 0.0000000000
51978  -3.617  -48.081  53.478 0.0000000000
48149  -3.410  -51.347  60.602 0.0000000000
47082  -2.719  -52.354  58.781 0.0000000000
48160  -2.749  -51.379  59.594 0.0000000000
48169  -2.328  -51.117  58.473 0.0000000000
48179  -2.137  -50.821  57.546 0.0000000000
48194  -2.336  -50.451  56.136 0.0000000000
47136  -2.454  -52.215  55.593 0.0000000000
49175  -2.662  -50.297  55.147 0.0000000000
49188  -2.948  -50.343  54.368 0.0000000000
50132  -3.510  -49.300  53.573 0.0000000000
50142  -4.519  -49.613  52.719 0.0000000000
48248  -5.632  -51.522  52.068 0.0000000000
46052  -6.086  -53.022  51.032 0.0000000000
58363  -35.638  -40.296  57.929 0.0000000000
58360  -36.150  -39.854  58.670 0.0000000000
57506  -35.208  -41.081  58.433 0.0000000000
58357  -36.069  -39.868  59.584 0.0000000000
83370  -48.143  -13.465  48.702 0.0000000000
82452  -48.570  -14.401  49.229 0.0000000000
83367  -46.504  -15.043  48.468 0.0000000000
83368  -46.833  -14.674  48.553 0.0000000000
65174  -43.077  -33.212  46.934 0.0000000000
65175  -43.800  -33.207  46.969 0.0000000000
65172  -41.271  -33.011  46.554 0.0000000000
52957  -5.106  -46.949  52.345 0.0000000000
52972  -5.346  -47.553  52.004 0.0000000000
51988  -4.986  -47.920  52.104 0.0000000000
51066  -5.771  -48.872  51.517 0.0000000000
51065  -4.962  -48.821  52.057 0.0000000000
50937  -9.339  -48.601  61.890 0.0000000000
65048  -36.499  -33.834  54.958 0.0000000000
61015  -6.036  -37.685  61.032 0.0000000000
74889  -48.063  -23.418  47.113 0.0000000000
73865  -47.135  -24.300  47.158 0.0000000000
72786  -45.456  -25.283  46.461 0.0000000000
72797  -44.688  -25.237  44.963 0.0000000000
73863  -45.417  -24.800  46.395 0.0000000000
73877  -45.778  -24.009  46.506 0.0000000000
54815  -17.139  -44.007  68.103 0.0000000000
54826  -17.864  -44.180  67.219 0.0000000000
53890  -22.743  -44.973  61.488 0.0000000000
63132  -3.112  -35.668  48.232 0.0000000000
63148  -3.383  -35.938  47.569 0.0000000000
54101  -4.397  -45.136  46.330 0.0000000000
58282  -9.499  -41.053  70.822 0.0000000000
60111  -36.847  -37.467  56.235 0.0000000000
61048  -36.846  -36.837  56.013 0.0000000000
55881  -31.607  -43.051  57.819 0.0000000000
56698  -30.253  -42.552  57.515 0.0000000000
83410  -50.005  -14.435  45.967 0.0000000000
83409  -49.051  -14.222  45.909 0.0000000000
82494  -48.670  -14.896  45.418 0.0000000000
69026  -44.515  -28.973  46.213 0.0000000000
69027  -45.049  -28.804  46.472 0.0000000000
68062  -44.719  -29.635  46.134 0.0000000000
68071  -43.736  -29.987  45.186 0.0000000000
67132  -43.421  -30.319  44.517 0.0000000000
68081  -43.754  -29.507  45.158 0.0000000000
69048  -43.767  -29.023  45.007 0.0000000000
64070  -5.493  -34.040  53.444 0.0000000000
63058  -5.950  -34.720  51.513 0.0000000000
57537  -6.581  -42.173  54.519 0.0000000000
56741  -6.954  -42.487  54.406 0.0000000000
52031  -8.588  -47.209  48.875 0.0000000000
53000  -8.528  -46.401  49.404 0.0000000000
52043  -8.476  -47.509  48.129 0.0000000000
53034  -7.716  -46.770  47.524 0.0000000000
52042  -7.968  -47.587  47.500 0.0000000000
51113  -6.438  -48.452  46.973 0.0000000000
52808  -10.195  -46.177  67.468 0.0000000000
51866  -9.099  -46.824  67.282 0.0000000000
65107  -39.930  -33.019  50.384 0.0000000000
65094  -40.493  -33.052  51.252 0.0000000000
60159  -36.245  -38.434  51.792 0.0000000000
65106  -38.843  -33.046  50.489 0.0000000000
53847  -28.295  -45.219  64.522 0.0000000000
53864  -26.860  -45.685  63.659 0.0000000000
52826  -26.518  -46.159  62.735 0.0000000000
53904  -30.292  -45.080  60.723 0.0000000000
53894  -30.257  -45.315  61.600 0.0000000000
53912  -29.067  -45.636  60.144 0.0000000000
52886  -24.874  -46.515  56.971 0.0000000000
52871  -24.953  -46.514  57.903 0.0000000000
52862  -24.281  -46.257  58.529 0.0000000000
52870  -24.161  -46.283  57.590 0.0000000000
62021  -6.302  -36.853  57.985 0.0000000000
62035  -7.856  -36.647  57.297 0.0000000000
62042  -6.639  -36.721  56.059 0.0000000000
61039  -5.316  -37.447  56.879 0.0000000000
58365  -2.803  -41.057  57.015 0.0000000000
57513  -3.039  -41.587  56.360 0.0000000000
56722  -3.031  -42.551  55.933 0.0000000000
56707  -2.599  -42.601  56.716 0.0000000000
79693  -48.043  -19.543  46.899 0.0000000000
79683  -49.091  -18.651  47.912 0.0000000000
78665  -48.013  -20.381  46.948 0.0000000000
78674  -46.992  -20.727  46.375 0.0000000000
53834  -13.115  -44.773  64.610 0.0000000000
53853  -11.400  -45.176  64.097 0.0000000000
55856  -18.466  -42.248  58.422 0.0000000000
54897  -16.463  -44.083  62.526 0.0000000000
54910  -15.600  -44.063  61.643 0.0000000000
54925  -14.683  -44.084  60.779 0.0000000000
64094  -9.741  -34.328  51.834 0.0000000000
61079  -5.086  -37.656  50.693 0.0000000000
60138  -3.346  -38.202  51.298 0.0000000000
56791  -4.458  -42.741  52.055 0.0000000000
56775  -3.973  -42.017  52.338 0.0000000000
56835  -2.016  -41.617  47.511 0.0000000000
57628  -1.927  -40.750  47.975 0.0000000000
56852  -2.083  -41.552  46.977 0.0000000000
57663  -2.415  -40.763  46.593 0.0000000000
57664  -2.730  -41.429  46.089 0.0000000000
60033  -7.082  -38.572  67.572 0.0000000000
60045  -6.287  -38.861  66.618 0.0000000000
53777  -5.740  -45.331  67.956 0.0000000000
54810  -5.687  -44.465  68.051 0.0000000000
53786  -4.790  -45.345  66.988 0.0000000000
55823  -2.838  -43.615  63.097 0.0000000000
56669  -3.034  -42.811  63.632 0.0000000000
56673  -2.732  -42.745  62.676 0.0000000000
57489  -3.015  -41.822  63.255 0.0000000000
56676  -2.421  -42.786  61.671 0.0000000000
51924  -2.216  -47.123  56.962 0.0000000000
50993  -2.459  -48.339  56.070 0.0000000000
43474  -2.663  -55.446  56.984 0.0000000000
60106  -36.702  -38.543  57.094 0.0000000000
57530  -35.441  -41.223  55.503 0.0000000000
59234  -36.446  -39.246  57.506 0.0000000000
56715  -32.414  -42.421  56.471 0.0000000000
56702  -34.003  -42.133  57.214 0.0000000000
56717  -34.226  -42.062  56.206 0.0000000000
57515  -34.924  -41.726  55.903 0.0000000000
56735  -34.422  -41.979  55.376 0.0000000000
56690  -33.935  -42.415  58.431 0.0000000000
56689  -33.310  -42.725  58.280 0.0000000000
84342  -48.893  -12.643  48.010 0.0000000000
80641  -45.217  -17.872  46.802 0.0000000000
79688  -43.904  -18.341  46.319 0.0000000000
80630  -44.865  -17.230  47.090 0.0000000000
82476  -44.560  -16.213  47.097 0.0000000000
81583  -44.354  -16.256  45.354 0.0000000000
82490  -45.027  -15.539  45.811 0.0000000000
82491  -45.797  -15.331  45.642 0.0000000000
83399  -48.385  -13.545  46.606 0.0000000000
66189  -43.951  -31.792  44.961 0.0000000000
67109  -45.186  -31.009  45.921 0.0000000000
66128  -45.074  -33.037  47.646 0.0000000000
66112  -46.255  -32.143  48.681 0.0000000000
65170  -39.398  -32.760  45.898 0.0000000000
66162  -40.304  -32.666  44.849 0.0000000000
66161  -39.629  -32.659  44.866 0.0000000000
66185  -39.928  -32.598  44.186 0.0000000000
55024  -7.184  -44.487  53.398 0.0000000000
53988  -6.413  -45.268  53.006 0.0000000000
52974  -6.561  -46.877  51.347 0.0000000000
54026  -7.086  -46.209  51.601 0.0000000000
52987  -7.086  -47.117  50.789 0.0000000000
52001  -7.343  -47.587  50.221 0.0000000000
51092  -7.407  -48.941  49.538 0.0000000000
51079  -7.071  -48.591  50.016 0.0000000000
49215  -6.569  -50.558  50.935 0.0000000000
49216  -6.954  -50.489  50.162 0.0000000000
47189  -6.145  -52.181  49.950 0.0000000000
47182  -6.289  -52.276  50.754 0.0000000000
51880  -9.717  -46.654  64.311 0.0000000000
51875  -9.263  -47.269  64.846 0.0000000000
62072  -35.506  -36.094  53.040 0.0000000000
65060  -35.190  -34.294  53.581 0.0000000000
65075  -34.916  -34.060  53.065 0.0000000000
65088  -34.489  -34.005  52.298 0.0000000000
53828  -29.528  -44.612  65.098 0.0000000000
53849  -30.181  -44.822  64.472 0.0000000000
53952  -27.978  -45.338  57.585 0.0000000000
81623  -49.645  -16.849  41.541 0.0000000000
81631  -49.841  -16.895  40.558 0.0000000000
81624  -50.586  -16.615  41.910 0.0000000000
81634  -52.113  -16.044  41.784 0.0000000000
81633  -51.423  -16.387  41.366 0.0000000000
82541  -51.831  -15.893  39.612 0.0000000000
82537  -52.804  -15.655  41.284 0.0000000000
61032  -5.896  -37.186  59.033 0.0000000000
61031  -4.870  -37.633  58.669 0.0000000000
60091  -3.678  -38.722  59.952 0.0000000000
60095  -3.603  -38.777  58.928 0.0000000000
59225  -2.665  -40.128  59.092 0.0000000000
76769  -47.661  -21.837  46.725 0.0000000000
77710  -49.063  -20.881  47.672 0.0000000000
76770  -48.268  -21.714  46.974 0.0000000000
71824  -43.350  -26.119  42.428 0.0000000000
71825  -43.516  -25.465  43.168 0.0000000000
72812  -43.676  -25.125  43.299 0.0000000000
73893  -44.005  -24.877  44.059 0.0000000000
74917  -44.534  -24.121  44.819 0.0000000000
75836  -46.524  -22.782  46.795 0.0000000000
54805  -15.154  -43.848  68.619 0.0000000000
53794  -15.821  -44.471  66.605 0.0000000000
54823  -15.053  -44.504  67.176 0.0000000000
53801  -14.614  -44.641  66.094 0.0000000000
53814  -14.782  -44.532  65.284 0.0000000000
54953  -14.580  -43.944  58.596 0.0000000000
61099  -10.227  -37.171  50.993 0.0000000000
62123  -9.784  -36.614  50.172 0.0000000000
61098  -9.663  -37.597  50.745 0.0000000000
60142  -6.319  -38.850  52.163 0.0000000000
60157  -7.457  -38.485  50.925 0.0000000000
60155  -5.828  -38.430  51.168 0.0000000000
55093  -4.984  -44.632  49.082 0.0000000000
55092  -4.199  -44.417  48.912 0.0000000000
55105  -4.021  -44.548  48.092 0.0000000000
55123  -3.971  -44.550  46.646 0.0000000000
55114  -3.557  -44.041  46.945 0.0000000000
56026  -2.724  -43.383  47.405 0.0000000000
56034  -3.932  -43.957  46.115 0.0000000000
59166  -8.831  -39.294  69.671 0.0000000000
59998  -9.866  -38.538  69.163 0.0000000000
59996  -8.384  -38.891  69.119 0.0000000000
60018  -7.835  -38.639  68.443 0.0000000000
59165  -7.866  -39.830  69.312 0.0000000000
51878  -3.774  -47.271  64.493 0.0000000000
52821  -3.624  -46.414  64.889 0.0000000000
51877  -3.401  -46.749  64.129 0.0000000000
52830  -2.764  -46.320  62.760 0.0000000000
53897  -2.480  -45.552  61.127 0.0000000000
52850  -2.379  -46.535  61.014 0.0000000000
50953  -2.180  -48.129  59.500 0.0000000000
51891  -2.164  -47.346  59.853 0.0000000000
50963  -2.041  -48.259  58.678 0.0000000000
50977  -2.093  -48.276  57.890 0.0000000000
50041  -2.109  -49.222  58.322 0.0000000000
59273  -35.938  -39.321  52.281 0.0000000000
58386  -35.801  -40.575  55.072 0.0000000000
58394  -35.716  -40.419  54.000 0.0000000000
58387  -36.173  -39.857  54.736 0.0000000000
59255  -36.429  -39.078  54.408 0.0000000000
60131  -36.559  -38.265  53.951 0.0000000000
56732  -31.868  -42.310  55.612 0.0000000000
54919  -32.204  -44.198  61.468 0.0000000000
55841  -34.007  -42.847  60.221 0.0000000000
55840  -33.394  -43.298  59.942 0.0000000000
55862  -30.626  -43.515  58.589 0.0000000000
54950  -31.964  -43.814  59.456 0.0000000000
54960  -30.479  -44.129  59.238 0.0000000000
55860  -29.022  -43.908  58.646 0.0000000000
55896  -27.846  -43.697  57.398 0.0000000000
82497  -51.555  -15.214  45.454 0.0000000000
81585  -46.131  -15.679  44.928 0.0000000000
81600  -46.572  -16.224  43.475 0.0000000000
81590  -46.910  -15.926  44.376 0.0000000000
81601  -47.519  -16.348  43.473 0.0000000000
81602  -48.657  -16.542  43.183 0.0000000000
81616  -49.024  -16.876  42.190 0.0000000000
82496  -50.656  -15.001  45.812 0.0000000000
82507  -51.040  -15.535  45.020 0.0000000000
81595  -51.255  -15.673  44.508 0.0000000000
71796  -45.908  -26.315  46.690 0.0000000000
70899  -46.030  -27.237  46.501 0.0000000000
69967  -46.923  -28.277  46.608 0.0000000000
70890  -47.824  -27.506  46.961 0.0000000000
67099  -46.178  -31.162  46.702 0.0000000000
68054  -46.409  -29.939  46.530 0.0000000000
66238  -41.686  -32.107  42.476 0.0000000000
66256  -40.979  -32.087  41.683 0.0000000000
67145  -43.192  -30.378  43.039 0.0000000000
69054  -43.047  -29.012  42.878 0.0000000000
69055  -42.858  -28.726  43.496 0.0000000000
70908  -44.188  -27.300  45.605 0.0000000000
54956  -21.538  -43.989  58.548 0.0000000000
65069  -5.641  -33.522  51.475 0.0000000000
64101  -4.495  -34.716  50.261 0.0000000000
65084  -3.988  -34.460  50.196 0.0000000000
64100  -3.935  -34.855  50.075 0.0000000000
64107  -3.126  -35.251  49.391 0.0000000000
63104  -3.539  -35.337  49.758 0.0000000000
59254  -6.001  -39.810  54.184 0.0000000000
56759  -6.991  -42.595  53.735 0.0000000000
57550  -6.041  -41.871  53.819 0.0000000000
56758  -6.155  -42.504  53.381 0.0000000000
56777  -5.688  -42.824  52.707 0.0000000000
55949  -6.277  -43.222  52.486 0.0000000000
55040  -8.005  -44.487  52.468 0.0000000000
55025  -7.615  -43.726  53.426 0.0000000000
55096  -7.833  -44.829  49.688 0.0000000000
55984  -7.886  -44.301  50.953 0.0000000000
55077  -7.423  -44.425  50.239 0.0000000000
55076  -6.449  -44.332  50.087 0.0000000000
55094  -5.902  -44.737  49.039 0.0000000000
54062  -6.476  -45.056  48.712 0.0000000000
52040  -6.381  -47.092  46.637 0.0000000000
53014  -5.928  -45.642  47.567 0.0000000000
49227  -6.660  -50.425  48.913 0.0000000000
50165  -6.437  -50.027  48.352 0.0000000000
49225  -5.632  -50.866  48.243 0.0000000000
55766  -9.804  -43.459  70.421 0.0000000000
54790  -9.458  -44.097  70.029 0.0000000000
52800  -8.253  -46.308  68.493 0.0000000000
52794  -7.864  -45.836  69.071 0.0000000000
52799  -7.318  -46.148  68.564 0.0000000000
53779  -6.812  -45.711  68.594 0.0000000000
51858  -6.885  -46.833  67.862 0.0000000000
51870  -8.481  -47.599  66.324 0.0000000000
49945  -6.019  -48.775  65.115 0.0000000000
50918  -6.437  -48.473  65.721 0.0000000000
50911  -6.142  -47.844  66.499 0.0000000000
51869  -5.970  -47.401  66.887 0.0000000000
50917  -5.491  -48.336  65.566 0.0000000000
50916  -4.636  -47.732  65.625 0.0000000000
49987  -3.906  -49.671  62.582 0.0000000000
63096  -34.912  -36.063  51.972 0.0000000000
62110  -35.219  -36.614  51.497 0.0000000000
62109  -34.734  -36.102  51.293 0.0000000000
65135  -37.480  -32.780  48.596 0.0000000000
65122  -40.429  -32.987  49.398 0.0000000000
65138  -40.985  -33.005  48.448 0.0000000000
53893  -29.663  -45.579  61.983 0.0000000000
52838  -29.274  -45.618  62.253 0.0000000000
53881  -29.037  -45.456  63.108 0.0000000000
52874  -27.757  -46.184  58.695 0.0000000000
52845  -27.013  -46.438  61.154 0.0000000000
52844  -26.170  -46.483  60.886 0.0000000000
52843  -25.357  -46.342  60.617 0.0000000000
52842  -24.551  -46.087  60.344 0.0000000000
53919  -22.901  -45.278  57.776 0.0000000000
54986  -22.370  -44.929  56.285 0.0000000000
83441  -53.554  -14.826  40.280 0.0000000000
83442  -54.196  -14.421  40.428 0.0000000000
84421  -56.106  -13.206  40.460 0.0000000000
62069  -10.688  -36.523  53.179 0.0000000000
62067  -8.692  -37.146  53.262 0.0000000000
62045  -9.596  -36.228  56.722 0.0000000000
62051  -7.421  -36.822  54.913 0.0000000000
61046  -7.428  -37.147  54.301 0.0000000000
61045  -6.926  -37.424  54.426 0.0000000000
61052  -6.346  -38.488  54.259 0.0000000000
61044  -5.992  -37.991  54.771 0.0000000000
58376  -5.315  -40.613  55.348 0.0000000000
60100  -4.210  -38.439  57.359 0.0000000000
60104  -4.464  -38.814  56.503 0.0000000000
57523  -3.956  -41.488  55.877 0.0000000000
58374  -3.910  -40.617  56.159 0.0000000000
57524  -4.993  -41.434  55.525 0.0000000000
55904  -5.010  -42.775  55.156 0.0000000000
55007  -3.863  -44.537  54.518 0.0000000000
55021  -4.004  -45.086  53.972 0.0000000000
53986  -3.972  -45.794  53.713 0.0000000000
81564  -49.136  -15.891  48.792 0.0000000000
80624  -48.856  -17.039  48.150 0.0000000000
65141  -43.717  -33.394  48.586 0.0000000000
76801  -44.259  -23.001  45.663 0.0000000000
78672  -45.724  -20.398  46.268 0.0000000000
78686  -45.036  -20.923  46.276 0.0000000000
78685  -44.356  -20.696  46.055 0.0000000000
79700  -44.928  -19.365  46.338 0.0000000000
79701  -45.710  -19.617  46.242 0.0000000000
80633  -47.646  -17.823  47.215 0.0000000000
81572  -48.010  -16.828  47.772 0.0000000000
53767  -11.471  -44.659  69.659 0.0000000000
53781  -11.131  -45.454  68.526 0.0000000000
54812  -14.167  -44.515  67.969 0.0000000000
53784  -13.589  -44.780  67.872 0.0000000000
53797  -11.436  -45.430  66.880 0.0000000000
52819  -10.813  -45.641  65.504 0.0000000000
52818  -10.261  -46.081  65.733 0.0000000000
52823  -10.811  -45.602  65.054 0.0000000000
52825  -10.200  -46.045  63.786 0.0000000000
51887  -9.810  -47.432  62.326 0.0000000000
51889  -10.279  -47.088  61.375 0.0000000000
55838  -20.794  -43.571  59.956 0.0000000000
54930  -20.056  -43.607  60.711 0.0000000000
54912  -17.696  -43.529  61.627 0.0000000000
54899  -18.517  -43.914  62.503 0.0000000000
54875  -18.057  -44.310  64.340 0.0000000000
54855  -16.956  -44.394  65.034 0.0000000000
53816  -16.453  -44.428  65.314 0.0000000000
53838  -16.497  -44.369  64.678 0.0000000000
54895  -14.524  -44.298  62.731 0.0000000000
53857  -15.002  -44.370  63.740 0.0000000000
53856  -14.251  -44.409  63.470 0.0000000000
53874  -13.351  -44.328  62.621 0.0000000000
53907  -11.740  -44.960  59.991 0.0000000000
53899  -12.306  -44.389  60.569 0.0000000000
53886  -11.465  -44.951  61.979 0.0000000000
64072  -6.831  -34.690  53.921 0.0000000000
63061  -6.750  -35.251  52.166 0.0000000000
62121  -7.927  -36.623  49.682 0.0000000000
63091  -8.311  -35.183  50.488 0.0000000000
62105  -7.396  -35.989  49.921 0.0000000000
62083  -5.610  -36.601  50.644 0.0000000000
63072  -6.073  -35.449  51.142 0.0000000000
63071  -5.711  -35.190  50.894 0.0000000000
62101  -3.872  -36.993  50.146 0.0000000000
62100  -3.601  -36.877  49.742 0.0000000000
62119  -3.330  -36.708  49.127 0.0000000000
58400  -3.423  -39.933  52.351 0.0000000000
59269  -4.046  -39.199  52.097 0.0000000000
56001  -2.948  -43.031  49.922 0.0000000000
56803  -3.023  -42.586  51.032 0.0000000000
56802  -2.752  -42.417  50.434 0.0000000000
57603  -1.962  -40.892  49.897 0.0000000000
57591  -2.327  -41.363  50.647 0.0000000000
57590  -2.062  -40.702  50.510 0.0000000000
58411  -2.265  -39.744  51.461 0.0000000000
59280  -2.111  -38.771  50.714 0.0000000000
59321  -2.365  -39.129  47.874 0.0000000000
59300  -2.088  -38.812  48.914 0.0000000000
59311  -2.356  -38.773  48.298 0.0000000000
60192  -3.150  -38.365  47.241 0.0000000000
59340  -2.994  -39.278  46.886 0.0000000000
60066  -5.305  -38.810  63.723 0.0000000000
55764  -8.142  -43.339  70.046 0.0000000000
56621  -7.780  -42.482  70.059 0.0000000000
56620  -7.395  -42.535  69.636 0.0000000000
56642  -5.787  -42.764  68.169 0.0000000000
57458  -6.312  -42.103  68.690 0.0000000000
57467  -5.821  -41.590  68.088 0.0000000000
58315  -5.897  -40.918  67.885 0.0000000000
57473  -5.429  -41.655  67.532 0.0000000000
54837  -3.982  -44.768  65.792 0.0000000000
54838  -4.328  -44.392  66.355 0.0000000000
57482  -3.974  -41.873  65.089 0.0000000000
57477  -4.191  -42.330  65.805 0.0000000000
57483  -4.209  -41.731  65.694 0.0000000000
58330  -4.378  -40.982  65.541 0.0000000000
58331  -4.955  -40.042  65.747 0.0000000000
58341  -4.192  -40.107  63.727 0.0000000000
59207  -3.978  -39.982  62.995 0.0000000000
59214  -4.229  -39.236  62.558 0.0000000000
59213  -3.745  -39.684  62.233 0.0000000000
59218  -3.662  -39.290  61.463 0.0000000000
58349  -3.246  -40.023  61.847 0.0000000000
57498  -2.139  -41.802  60.113 0.0000000000
57501  -2.147  -41.737  59.121 0.0000000000
56685  -2.021  -42.550  58.634 0.0000000000
54938  -1.973  -44.481  59.675 0.0000000000
54951  -1.975  -44.645  59.068 0.0000000000
54966  -1.997  -44.691  58.286 0.0000000000
54980  -2.094  -44.520  57.438 0.0000000000
55888  -2.069  -43.886  57.538 0.0000000000
54981  -2.405  -44.504  56.484 0.0000000000
53945  -2.474  -45.492  56.024 0.0000000000
51952  -2.761  -47.632  54.587 0.0000000000
52911  -2.695  -46.609  54.851 0.0000000000
51967  -3.153  -47.694  53.814 0.0000000000
51968  -3.752  -47.446  53.421 0.0000000000
47068  -3.444  -52.503  59.645 0.0000000000
44763  -3.021  -54.402  58.289 0.0000000000
49116  -2.417  -50.323  59.418 0.0000000000
47118  -2.259  -52.415  56.617 0.0000000000
47099  -2.136  -51.502  57.514 0.0000000000
47117  -2.141  -51.525  56.950 0.0000000000
49148  -2.210  -49.944  57.056 0.0000000000
48205  -2.207  -51.245  56.408 0.0000000000
48220  -2.800  -51.256  54.942 0.0000000000
50107  -2.763  -49.482  54.683 0.0000000000
49200  -3.593  -50.221  53.739 0.0000000000
49201  -4.400  -50.458  53.073 0.0000000000
50133  -4.018  -49.504  53.199 0.0000000000
49202  -4.790  -51.009  52.864 0.0000000000
49211  -5.023  -50.565  52.371 0.0000000000
59230  -36.490  -39.228  58.353 0.0000000000
58367  -35.574  -40.353  56.823 0.0000000000
59233  -36.004  -39.824  57.223 0.0000000000
57499  -34.845  -41.660  59.983 0.0000000000
58356  -35.550  -40.383  59.931 0.0000000000
81570  -46.059  -16.301  47.942 0.0000000000
81569  -45.094  -16.571  47.424 0.0000000000
83383  -45.710  -15.116  47.805 0.0000000000
83396  -45.689  -14.889  47.460 0.0000000000
83385  -46.806  -13.948  47.932 0.0000000000
66164  -43.906  -32.728  45.966 0.0000000000
65162  -44.734  -33.308  48.148 0.0000000000
65171  -40.253  -32.763  46.306 0.0000000000
65188  -41.018  -32.824  45.403 0.0000000000
65202  -41.421  -32.762  44.784 0.0000000000
65203  -41.952  -32.985  45.076 0.0000000000
65204  -42.468  -32.990  45.451 0.0000000000
53987  -5.113  -45.699  53.065 0.0000000000
54005  -5.843  -46.019  52.548 0.0000000000
52973  -5.780  -47.254  51.778 0.0000000000
51999  -5.950  -48.220  51.105 0.0000000000
51078  -6.308  -48.808  50.778 0.0000000000
50153  -6.168  -49.676  51.271 0.0000000000
49212  -5.955  -50.569  51.783 0.0000000000
51886  -9.526  -47.947  62.517 0.0000000000
51883  -9.438  -47.767  62.990 0.0000000000
50934  -9.212  -48.424  62.565 0.0000000000
64078  -36.048  -34.787  54.525 0.0000000000
64089  -35.581  -34.829  54.053 0.0000000000
65063  -37.492  -32.038  53.555 0.0000000000
54869  -31.606  -43.737  64.961 0.0000000000
81619  -51.421  -16.216  43.159 0.0000000000
81626  -52.098  -16.009  42.634 0.0000000000
82511  -54.017  -15.068  43.863 0.0000000000
61025  -5.838  -37.527  60.114 0.0000000000
61024  -5.025  -37.717  59.744 0.0000000000
60088  -4.371  -38.272  60.415 0.0000000000
75824  -47.856  -22.553  46.903 0.0000000000
74890  -48.727  -23.126  47.384 0.0000000000
71814  -43.882  -25.721  44.362 0.0000000000
73875  -44.908  -24.865  45.122 0.0000000000
73886  -44.935  -24.217  45.423 0.0000000000
74902  -46.553  -23.555  46.951 0.0000000000
54814  -15.971  -44.155  67.971 0.0000000000
53803  -16.226  -44.455  66.067 0.0000000000
64113  -2.859  -34.897  48.734 0.0000000000
65129  -3.131  -34.523  48.053 0.0000000000
64130  -3.298  -35.066  47.771 0.0000000000
61082  -9.353  -37.558  51.722 0.0000000000
61097  -8.940  -38.206  50.911 0.0000000000
61080  -7.720  -38.360  51.936 0.0000000000
60143  -7.189  -38.504  51.821 0.0000000000
54088  -4.898  -45.346  47.195 0.0000000000
55116  -4.412  -44.895  47.684 0.0000000000
54087  -4.416  -45.040  46.896 0.0000000000
54111  -4.006  -45.243  45.951 0.0000000000
59149  -9.738  -39.899  70.314 0.0000000000
59148  -8.555  -40.038  70.010 0.0000000000
50927  -3.335  -47.893  63.299 0.0000000000
51881  -3.139  -47.282  63.366 0.0000000000
51888  -2.433  -47.340  61.304 0.0000000000
51892  -2.272  -47.136  60.574 0.0000000000
50944  -2.386  -48.213  60.387 0.0000000000
50030  -2.242  -49.502  59.281 0.0000000000
61057  -36.698  -36.873  55.372 0.0000000000
56749  -33.264  -42.153  54.769 0.0000000000
55849  -32.432  -43.443  59.001 0.0000000000
55863  -31.364  -43.368  58.437 0.0000000000
55879  -30.038  -43.050  58.179 0.0000000000
55878  -29.297  -43.239  58.233 0.0000000000
56697  -29.446  -42.719  57.727 0.0000000000
82485  -51.094  -14.643  46.131 0.0000000000
82493  -47.704  -14.906  45.344 0.0000000000
82503  -47.535  -15.539  44.822 0.0000000000
82504  -48.356  -15.544  44.845 0.0000000000
82505  -49.297  -15.597  44.966 0.0000000000
83411  -50.426  -14.573  46.038 0.0000000000
69986  -44.618  -28.048  46.193 0.0000000000
69975  -45.869  -28.058  46.317 0.0000000000
69966  -46.346  -28.421  46.387 0.0000000000
67131  -43.409  -30.844  43.587 0.0000000000
68079  -43.045  -29.744  43.683 0.0000000000
69047  -43.037  -28.767  44.186 0.0000000000
69985  -44.044  -28.020  45.705 0.0000000000
55894  -20.838  -43.511  56.178 0.0000000000
64090  -5.108  -34.631  50.596 0.0000000000
54028  -8.354  -45.541  51.038 0.0000000000
55057  -8.438  -44.732  51.480 0.0000000000
54046  -8.562  -45.708  50.091 0.0000000000
54064  -8.344  -45.544  49.381 0.0000000000
54077  -7.828  -45.679  48.540 0.0000000000
54076  -6.869  -45.487  48.273 0.0000000000
53016  -7.352  -46.057  47.887 0.0000000000
53033  -6.792  -46.479  47.246 0.0000000000
51112  -5.745  -49.269  46.806 0.0000000000
53772  -10.194  -45.392  69.280 0.0000000000
53771  -9.293  -45.277  69.423 0.0000000000
52796  -9.553  -45.898  69.041 0.0000000000
52801  -9.161  -46.280  68.372 0.0000000000
51860  -8.615  -46.698  67.813 0.0000000000
49959  -7.652  -49.194  64.153 0.0000000000
49947  -7.436  -48.922  64.881 0.0000000000
49958  -6.889  -49.343  64.343 0.0000000000
49957  -6.006  -49.263  64.428 0.0000000000
49956  -5.135  -49.236  64.159 0.0000000000
49971  -5.527  -49.771  63.670 0.0000000000
49072  -5.133  -50.212  63.077 0.0000000000
65105  -37.705  -32.914  50.628 0.0000000000
53845  -26.284  -45.299  64.555 0.0000000000
54903  -31.549  -44.622  62.720 0.0000000000
53884  -30.946  -45.081  62.148 0.0000000000
52858  -28.949  -45.881  61.323 0.0000000000
52888  -26.618  -46.527  57.543 0.0000000000
52872  -25.830  -46.561  58.184 0.0000000000
52853  -25.193  -46.414  59.737 0.0000000000
53920  -23.579  -45.805  58.217 0.0000000000
82546  -50.894  -16.201  38.285 0.0000000000
62049  -5.799  -37.492  55.469 0.0000000000
61042  -5.280  -37.929  55.933 0.0000000000
60108  -4.725  -39.021  55.906 0.0000000000
59232  -3.165  -39.816  57.412 0.0000000000
58366  -3.312  -40.622  56.692 0.0000000000
56723  -3.757  -42.431  55.680 0.0000000000
55903  -4.224  -42.979  55.284 0.0000000000
54994  -3.464  -43.978  55.045 0.0000000000
80635  -49.049  -17.807  48.040 0.0000000000
77737  -45.676  -21.891  46.373 0.0000000000
77722  -46.364  -21.306  46.391 0.0000000000
78673  -46.372  -20.569  46.269 0.0000000000
79691  -46.505  -19.009  46.380 0.0000000000
79692  -47.547  -18.864  46.718 0.0000000000
79681  -47.877  -18.415  47.001 0.0000000000
54802  -12.513  -44.649  69.270 0.0000000000
53799  -13.002  -45.110  66.412 0.0000000000
53811  -12.186  -45.088  65.757 0.0000000000
53832  -11.278  -45.303  65.058 0.0000000000
53831  -10.804  -45.588  64.808 0.0000000000
52832  -10.873  -45.421  62.168 0.0000000000
55847  -19.995  -43.008  59.268 0.0000000000
55835  -18.526  -43.151  59.893 0.0000000000
54943  -16.607  -43.173  59.446 0.0000000000
54884  -16.299  -44.212  63.391 0.0000000000
54873  -16.112  -44.311  64.080 0.0000000000
52860  -11.615  -45.571  59.222 0.0000000000
52851  -11.110  -45.714  60.125 0.0000000000
61095  -5.917  -37.778  50.651 0.0000000000
62103  -5.956  -36.951  50.439 0.0000000000
62102  -5.685  -37.261  50.650 0.0000000000
61077  -3.775  -37.722  50.658 0.0000000000
61092  -3.163  -37.783  50.090 0.0000000000
57549  -5.269  -41.177  53.336 0.0000000000
57565  -4.584  -41.527  52.861 0.0000000000
57579  -3.050  -41.626  52.048 0.0000000000
56814  -2.534  -42.426  49.502 0.0000000000
56823  -2.307  -42.317  48.755 0.0000000000
56813  -2.158  -41.650  49.231 0.0000000000
57615  -1.871  -40.763  48.888 0.0000000000
58443  -1.800  -39.822  49.406 0.0000000000
58474  -2.172  -39.908  47.580 0.0000000000
58488  -2.528  -40.026  46.982 0.0000000000
54799  -6.703  -44.447  68.889 0.0000000000
55776  -6.406  -43.410  68.724 0.0000000000
54798  -6.143  -44.106  68.533 0.0000000000
55787  -5.490  -43.484  67.765 0.0000000000
56649  -5.247  -42.807  67.466 0.0000000000
54871  -3.540  -43.919  64.465 0.0000000000
55814  -3.786  -43.525  64.855 0.0000000000
55820  -3.535  -43.454  64.389 0.0000000000
56666  -3.564  -42.795  64.329 0.0000000000
57486  -3.663  -41.801  64.181 0.0000000000
58336  -4.250  -40.510  64.440 0.0000000000
57490  -3.430  -41.713  63.682 0.0000000000
58339  -3.264  -41.359  63.160 0.0000000000
58344  -3.033  -41.183  62.797 0.0000000000
58348  -2.749  -40.846  61.805 0.0000000000
57495  -2.345  -41.849  61.181 0.0000000000
52868  -2.003  -46.605  58.310 0.0000000000
53915  -2.004  -45.530  58.742 0.0000000000
52882  -2.114  -46.418  57.367 0.0000000000
52896  -2.310  -46.393  56.548 0.0000000000
51939  -2.550  -47.510  55.440 0.0000000000
45999  -2.440  -53.388  57.112 0.0000000000
48234  -3.305  -51.314  54.205 0.0000000000
57542  -34.763  -41.507  54.368 0.0000000000
58378  -36.096  -39.973  55.655 0.0000000000
58368  -35.947  -40.066  56.322 0.0000000000
56750  -34.010  -42.041  54.809 0.0000000000
55851  -33.740  -42.895  59.333 0.0000000000
56683  -34.334  -42.337  59.578 0.0000000000
55865  -32.838  -43.059  58.410 0.0000000000
55882  -32.314  -42.946  57.872 0.0000000000
84343  -49.822  -12.575  47.445 0.0000000000
81568  -44.528  -16.887  47.002 0.0000000000
81578  -44.121  -16.626  46.422 0.0000000000
81582  -43.672  -16.848  45.740 0.0000000000
83407  -47.008  -14.463  46.073 0.0000000000
67121  -44.316  -30.322  45.567 0.0000000000
66143  -45.177  -32.265  46.537 0.0000000000
66144  -45.832  -31.878  46.718 0.0000000000
65186  -39.494  -32.725  45.336 0.0000000000
66211  -39.362  -32.504  43.426 0.0000000000
66236  -39.680  -32.403  42.561 0.0000000000
66187  -41.820  -32.615  44.344 0.0000000000
66214  -42.417  -32.242  43.540 0.0000000000
67120  -43.912  -30.745  45.028 0.0000000000
64071  -5.963  -34.553  53.792 0.0000000000
55920  -7.097  -43.068  54.605 0.0000000000
55039  -7.446  -44.914  52.817 0.0000000000
54006  -7.104  -45.589  52.278 0.0000000000
54027  -7.697  -45.893  51.489 0.0000000000
52976  -7.912  -46.244  50.901 0.0000000000
52016  -8.242  -47.284  49.552 0.0000000000
51094  -8.324  -47.701  49.118 0.0000000000
51103  -7.603  -48.881  48.133 0.0000000000
50161  -7.512  -49.186  49.188 0.0000000000
49221  -6.828  -50.585  49.419 0.0000000000
48258  -6.269  -51.332  49.320 0.0000000000
51872  -9.796  -46.457  65.923 0.0000000000
50921  -8.734  -47.843  65.174 0.0000000000
50925  -8.374  -48.391  64.556 0.0000000000
50931  -9.017  -48.429  63.417 0.0000000000
50930  -8.547  -48.620  63.927 0.0000000000
49960  -8.178  -48.901  64.117 0.0000000000
65080  -40.064  -32.985  52.211 0.0000000000
61085  -36.216  -37.282  52.542 0.0000000000
61100  -35.963  -37.304  51.737 0.0000000000
62091  -35.826  -36.677  52.682 0.0000000000
63079  -34.926  -35.501  52.705 0.0000000000
64088  -35.138  -34.850  53.554 0.0000000000
64099  -34.790  -34.792  53.024 0.0000000000
63078  -34.607  -35.229  52.420 0.0000000000
65102  -34.513  -33.739  51.302 0.0000000000
65103  -35.360  -33.077  51.005 0.0000000000
65091  -37.269  -32.673  51.678 0.0000000000
53866  -28.675  -45.396  63.635 0.0000000000
53922  -28.621  -45.386  59.033 0.0000000000
53923  -29.242  -45.160  59.676 0.0000000000
53921  -28.138  -45.658  58.413 0.0000000000
52889  -27.416  -46.254  57.716 0.0000000000
52904  -27.233  -46.310  57.001 0.0000000000
52901  -24.835  -46.424  56.041 0.0000000000
81641  -50.633  -16.578  39.989 0.0000000000
81651  -50.655  -16.557  38.990 0.0000000000
81652  -51.277  -16.282  39.526 0.0000000000
82547  -51.541  -15.901  38.775 0.0000000000
82548  -52.170  -15.524  39.296 0.0000000000
83445  -52.568  -15.213  39.406 0.0000000000
82543  -53.264  -15.079  40.202 0.0000000000
82533  -53.554  -15.398  41.804 0.0000000000
60099  -3.619  -38.931  57.923 0.0000000000
59231  -2.829  -40.374  57.650 0.0000000000
78660  -49.072  -20.050  47.742 0.0000000000
77709  -48.500  -20.773  47.302 0.0000000000
76754  -49.287  -21.905  47.929 0.0000000000
71836  -43.585  -25.631  42.263 0.0000000000
74928  -43.817  -24.599  44.074 0.0000000000
75858  -44.618  -23.403  45.570 0.0000000000
75845  -45.205  -23.195  46.097 0.0000000000
74910  -45.373  -23.780  46.146 0.0000000000
75846  -45.854  -22.991  46.504 0.0000000000
76788  -45.610  -22.560  46.370 0.0000000000
77713  -47.488  -21.065  46.621 0.0000000000
54795  -14.449  -43.645  69.350 0.0000000000
53785  -14.170  -44.641  67.533 0.0000000000
53800  -13.850  -44.992  66.232 0.0000000000
56693  -17.577  -42.115  57.415 0.0000000000
55855  -17.459  -42.302  58.109 0.0000000000
55854  -16.534  -42.813  57.979 0.0000000000
55843  -16.156  -43.156  58.633 0.0000000000
54941  -14.719  -44.008  59.733 0.0000000000
54952  -13.954  -44.070  59.090 0.0000000000
64104  -10.545  -34.714  51.121 0.0000000000
64103  -9.544  -34.754  50.859 0.0000000000
63093  -10.199  -35.530  50.520 0.0000000000
62122  -9.110  -36.689  49.814 0.0000000000
61110  -7.641  -37.624  49.774 0.0000000000
60168  -8.515  -38.320  50.459 0.0000000000
60166  -7.090  -38.130  50.215 0.0000000000
61096  -6.396  -37.586  50.253 0.0000000000
60154  -5.296  -38.325  51.079 0.0000000000
55981  -4.580  -43.786  50.656 0.0000000000
56002  -3.637  -43.785  49.648 0.0000000000
56865  -3.068  -42.822  45.944 0.0000000000
60899  -9.434  -38.005  68.832 0.0000000000
60898  -9.044  -38.019  68.866 0.0000000000
60911  -8.707  -37.842  68.390 0.0000000000
60017  -6.989  -39.031  68.113 0.0000000000
52811  -4.730  -46.125  66.585 0.0000000000
52810  -4.301  -45.751  66.166 0.0000000000
52816  -4.054  -46.186  65.765 0.0000000000
53809  -3.634  -45.441  65.134 0.0000000000
53808  -3.453  -45.313  64.781 0.0000000000
52824  -2.984  -46.075  63.764 0.0000000000
53851  -2.957  -45.180  63.862 0.0000000000
54881  -2.908  -44.463  63.504 0.0000000000
54893  -2.729  -44.506  62.614 0.0000000000
54906  -2.547  -44.546  61.668 0.0000000000
55829  -2.341  -43.687  61.233 0.0000000000
53896  -2.230  -45.238  60.378 0.0000000000
52859  -2.018  -46.401  59.309 0.0000000000
51898  -2.022  -47.582  58.299 0.0000000000
50074  -2.327  -49.129  56.631 0.0000000000
57560  -35.104  -41.153  53.733 0.0000000000
59262  -35.997  -39.752  53.216 0.0000000000
59274  -36.237  -39.162  52.919 0.0000000000
60146  -36.409  -38.392  52.745 0.0000000000
62062  -36.561  -36.463  55.020 0.0000000000
63056  -36.125  -35.570  54.440 0.0000000000
64079  -36.412  -34.656  55.131 0.0000000000
54904  -32.225  -44.278  62.408 0.0000000000
53905  -30.787  -44.911  60.836 0.0000000000
54948  -30.333  -44.650  60.117 0.0000000000
55839  -32.687  -43.571  59.737 0.0000000000
54936  -32.227  -44.035  60.395 0.0000000000
54958  -28.880  -44.550  58.823 0.0000000000
54988  -27.971  -44.761  57.524 0.0000000000
55877  -28.607  -43.414  58.028 0.0000000000
80660  -47.148  -16.580  42.785 0.0000000000
80679  -46.886  -16.932  42.117 0.0000000000
81617  -49.714  -16.624  42.519 0.0000000000
81593  -49.958  -16.047  44.359 0.0000000000
81604  -50.690  -16.237  43.739 0.0000000000
81605  -51.513  -15.851  43.985 0.0000000000
82508  -51.729  -15.439  44.659 0.0000000000
72788  -47.093  -25.070  47.253 0.0000000000
72787  -46.427  -25.322  47.066 0.0000000000
72773  -47.228  -25.679  47.213 0.0000000000
70900  -46.766  -27.106  46.768 0.0000000000
68063  -45.547  -29.479  46.363 0.0000000000
69017  -46.942  -29.247  46.629 0.0000000000
70917  -42.908  -27.216  44.051 0.0000000000
69994  -42.933  -27.997  44.195 0.0000000000
71804  -44.427  -26.147  45.459 0.0000000000
54933  -22.346  -44.544  59.795 0.0000000000
54932  -21.704  -44.170  60.243 0.0000000000
54945  -21.713  -44.049  59.440 0.0000000000
54955  -21.156  -43.696  59.148 0.0000000000
55858  -20.710  -43.234  58.431 0.0000000000
55876  -20.972  -43.442  57.192 0.0000000000
56688  -18.773  -42.101  57.652 0.0000000000
56694  -18.161  -41.858  57.074 0.0000000000
65085  -4.543  -34.170  50.399 0.0000000000
62136  -3.165  -36.578  48.540 0.0000000000
60119  -6.441  -38.770  53.917 0.0000000000
60129  -6.545  -38.860  53.182 0.0000000000
56792  -5.083  -42.826  52.331 0.0000000000
55962  -5.395  -43.280  51.884 0.0000000000
55011  -7.676  -43.397  53.879 0.0000000000
55935  -7.581  -43.115  53.686 0.0000000000
55965  -8.220  -44.335  51.413 0.0000000000
55964  -7.743  -43.991  51.773 0.0000000000
55963  -6.672  -43.622  51.823 0.0000000000
55075  -5.381  -44.316  49.936 0.0000000000
55107  -5.309  -44.930  48.606 0.0000000000
54075  -5.687  -45.361  48.049 0.0000000000
54074  -5.065  -45.244  47.831 0.0000000000
53031  -5.230  -45.771  46.846 0.0000000000
55765  -9.056  -43.365  70.170 0.0000000000
54788  -8.026  -43.996  69.722 0.0000000000
53764  -9.049  -44.663  69.704 0.0000000000
53770  -8.342  -44.996  69.546 0.0000000000
54800  -7.601  -44.349  69.395 0.0000000000
53768  -6.724  -45.005  68.864 0.0000000000
52797  -5.988  -45.705  68.075 0.0000000000
52805  -5.601  -46.069  67.462 0.0000000000
51865  -8.274  -47.376  67.029 0.0000000000
51864  -7.279  -47.367  67.296 0.0000000000
50919  -7.267  -48.526  65.608 0.0000000000
50912  -7.016  -48.198  66.362 0.0000000000
51863  -6.437  -47.344  67.151 0.0000000000
51862  -5.806  -46.977  67.156 0.0000000000
52812  -5.264  -46.775  66.877 0.0000000000
51874  -4.469  -47.251  65.849 0.0000000000
50915  -4.304  -47.560  65.310 0.0000000000
50928  -3.783  -48.163  63.751 0.0000000000
50929  -4.465  -49.026  63.864 0.0000000000
50933  -3.569  -48.974  62.917 0.0000000000
49986  -3.250  -49.362  62.022 0.0000000000
49096  -3.301  -50.257  61.345 0.0000000000
65159  -42.539  -33.227  47.686 0.0000000000
65109  -41.899  -33.152  50.252 0.0000000000
61114  -35.342  -37.082  50.694 0.0000000000
62125  -34.780  -36.383  50.372 0.0000000000
65158  -41.593  -33.106  47.564 0.0000000000
53844  -25.166  -45.195  64.492 0.0000000000
53900  -23.003  -45.090  60.336 0.0000000000
54879  -31.124  -44.374  64.503 0.0000000000
53869  -30.917  -45.036  63.030 0.0000000000
53850  -30.819  -44.893  63.827 0.0000000000
53867  -29.482  -45.311  63.648 0.0000000000
52828  -28.230  -45.664  62.994 0.0000000000
52867  -28.380  -46.072  59.889 0.0000000000
52856  -27.738  -46.319  60.532 0.0000000000
52865  -26.856  -46.546  59.342 0.0000000000
52846  -27.872  -46.274  61.430 0.0000000000
52835  -27.206  -46.285  62.085 0.0000000000
52827  -27.455  -46.000  62.971 0.0000000000
53892  -24.799  -46.083  61.162 0.0000000000
54971  -22.238  -44.797  57.155 0.0000000000
83453  -52.827  -14.205  38.869 0.0000000000
84429  -54.457  -13.831  39.932 0.0000000000
84439  -54.176  -13.430  39.237 0.0000000000
85406  -56.472  -12.660  39.781 0.0000000000
62087  -10.342  -36.933  51.836 0.0000000000
62086  -9.621  -37.235  52.224 0.0000000000
61068  -9.253  -37.315  52.395 0.0000000000
61067  -8.569  -37.474  52.712 0.0000000000
61054  -7.696  -37.404  53.661 0.0000000000
62052  -8.544  -36.464  55.182 0.0000000000
62057  -8.412  -36.881  53.954 0.0000000000
61038  -4.753  -38.067  56.752 0.0000000000
59236  -4.440  -39.307  56.107 0.0000000000
59243  -4.252  -40.176  55.964 0.0000000000
55919  -5.890  -43.147  54.927 0.0000000000
55918  -4.693  -43.471  54.808 0.0000000000
52944  -4.915  -46.399  52.761 0.0000000000
52956  -4.525  -47.360  52.728 0.0000000000
82471  -48.383  -15.020  48.970 0.0000000000
82472  -48.986  -15.302  48.979 0.0000000000
73848  -48.139  -24.385  47.261 0.0000000000
65160  -43.392  -33.308  47.753 0.0000000000
65142  -44.442  -33.371  48.640 0.0000000000
75856  -43.534  -23.377  44.607 0.0000000000
76799  -43.360  -22.611  44.938 0.0000000000
77736  -44.985  -21.711  46.252 0.0000000000
77750  -43.714  -22.056  45.589 0.0000000000
77734  -43.739  -21.231  45.639 0.0000000000
78684  -43.643  -20.444  45.738 0.0000000000
80642  -46.128  -18.003  46.743 0.0000000000
80643  -47.015  -18.187  46.814 0.0000000000
81571  -47.095  -16.762  47.861 0.0000000000
81562  -47.476  -16.127  48.270 0.0000000000
53766  -10.701  -44.761  69.788 0.0000000000
53780  -10.659  -45.556  68.906 0.0000000000
54803  -13.081  -44.508  69.165 0.0000000000
53775  -12.640  -44.978  68.798 0.0000000000
53790  -12.921  -45.118  67.258 0.0000000000
53782  -12.000  -45.221  68.298 0.0000000000
53788  -11.361  -45.463  67.698 0.0000000000
52809  -10.765  -45.795  67.129 0.0000000000
52814  -10.067  -46.225  66.532 0.0000000000
50938  -9.829  -48.149  61.524 0.0000000000
54915  -20.673  -44.101  61.374 0.0000000000
55837  -20.325  -43.441  59.988 0.0000000000
54888  -20.378  -44.401  63.232 0.0000000000
55845  -17.979  -42.642  59.099 0.0000000000
54928  -18.066  -43.342  60.705 0.0000000000
54876  -19.157  -44.363  64.296 0.0000000000
54841  -18.430  -44.299  66.288 0.0000000000
54839  -16.755  -44.406  66.303 0.0000000000
53815  -15.641  -44.456  65.296 0.0000000000
54872  -15.498  -44.349  64.059 0.0000000000
53835  -14.060  -44.594  64.464 0.0000000000
54924  -13.778  -44.133  61.006 0.0000000000
54908  -13.675  -44.233  61.949 0.0000000000
54923  -13.035  -44.202  61.226 0.0000000000
53888  -13.130  -44.250  62.004 0.0000000000
51890  -10.459  -46.476  61.157 0.0000000000
64102  -8.884  -34.862  50.697 0.0000000000
64092  -7.746  -35.054  51.729 0.0000000000
62085  -6.472  -35.904  50.770 0.0000000000
63089  -6.775  -35.653  50.822 0.0000000000
63060  -6.253  -35.113  52.060 0.0000000000
63069  -4.392  -36.171  50.077 0.0000000000
63087  -4.019  -36.008  49.959 0.0000000000
63103  -3.575  -36.002  49.468 0.0000000000
59261  -6.269  -39.117  52.835 0.0000000000
59272  -6.130  -39.251  52.676 0.0000000000
59271  -5.769  -39.361  52.489 0.0000000000
59268  -2.921  -38.755  52.044 0.0000000000
55960  -3.663  -42.942  51.229 0.0000000000
57578  -2.484  -41.014  51.468 0.0000000000
57563  -2.812  -40.546  52.161 0.0000000000
60152  -2.647  -38.120  50.386 0.0000000000
60165  -2.619  -38.163  49.913 0.0000000000
60173  -2.628  -38.154  49.233 0.0000000000
61132  -3.008  -37.377  48.262 0.0000000000
61139  -3.119  -37.277  47.834 0.0000000000
61148  -3.281  -37.479  47.476 0.0000000000
60198  -3.814  -38.521  46.659 0.0000000000
59341  -3.371  -39.458  46.597 0.0000000000
60075  -5.504  -38.253  62.570 0.0000000000
57449  -8.731  -41.612  70.423 0.0000000000
57448  -8.014  -41.515  70.138 0.0000000000
58306  -7.600  -40.912  69.515 0.0000000000
56632  -6.892  -42.613  69.209 0.0000000000
57459  -6.909  -41.484  69.137 0.0000000000
58305  -7.132  -40.591  69.060 0.0000000000
59164  -6.994  -40.034  68.750 0.0000000000
59182  -6.584  -39.725  68.088 0.0000000000
59187  -6.099  -39.546  67.330 0.0000000000
54821  -4.752  -44.519  67.082 0.0000000000
55809  -4.516  -43.801  66.607 0.0000000000
56656  -4.567  -42.843  66.523 0.0000000000
56655  -4.231  -42.924  65.845 0.0000000000
57472  -4.948  -41.843  67.144 0.0000000000
58319  -5.015  -41.349  67.068 0.0000000000
59186  -5.636  -40.038  66.991 0.0000000000
59192  -5.878  -39.475  66.812 0.0000000000
59191  -5.617  -39.570  66.250 0.0000000000
59197  -5.339  -39.511  65.357 0.0000000000
60057  -5.725  -38.977  64.863 0.0000000000
59202  -4.609  -39.757  64.186 0.0000000000
60065  -4.893  -38.984  63.356 0.0000000000
60074  -4.825  -38.860  62.888 0.0000000000
60081  -4.454  -38.598  61.680 0.0000000000
59223  -3.280  -39.339  60.513 0.0000000000
59222  -2.684  -40.040  60.095 0.0000000000
58358  -2.438  -40.937  58.655 0.0000000000
55833  -2.127  -43.749  60.663 0.0000000000
56678  -1.903  -43.394  60.160 0.0000000000
56681  -1.865  -43.334  59.804 0.0000000000
55852  -1.927  -43.964  58.671 0.0000000000
56684  -1.897  -43.272  59.049 0.0000000000
56691  -1.945  -43.313  58.273 0.0000000000
56692  -2.212  -42.712  57.684 0.0000000000
55901  -2.674  -43.490  56.115 0.0000000000
54993  -2.895  -44.467  55.374 0.0000000000
55006  -3.076  -45.044  54.771 0.0000000000
53970  -3.217  -45.704  54.331 0.0000000000
53985  -3.387  -46.247  53.915 0.0000000000
51979  -4.102  -47.853  52.987 0.0000000000
49108  -2.724  -50.398  60.381 0.0000000000
45967  -3.280  -53.378  58.924 0.0000000000
49125  -2.212  -49.982  58.673 0.0000000000
48180  -2.169  -51.421  57.825 0.0000000000
48168  -2.146  -50.351  58.147 0.0000000000
49124  -2.131  -49.871  58.232 0.0000000000
49136  -2.136  -49.894  57.789 0.0000000000
46012  -2.370  -53.393  56.068 0.0000000000
48206  -2.390  -51.006  55.845 0.0000000000
49160  -2.482  -50.104  55.780 0.0000000000
50075  -2.507  -49.296  55.890 0.0000000000
50090  -2.597  -49.569  55.325 0.0000000000
50120  -3.005  -49.443  53.926 0.0000000000
51039  -3.269  -48.640  53.688 0.0000000000
51051  -3.809  -48.702  53.293 0.0000000000
51052  -4.435  -48.751  52.709 0.0000000000
51064  -4.694  -49.228  52.454 0.0000000000
50143  -4.827  -49.671  52.318 0.0000000000
48193  -2.212  -50.715  56.604 0.0000000000
48253  -6.892  -50.926  49.912 0.0000000000
48259  -6.701  -51.097  49.732 0.0000000000
49071  -4.808  -50.194  62.960 0.0000000000
49149  -2.357  -49.951  56.349 0.0000000000
49210  -4.694  -50.064  52.598 0.0000000000
49226  -6.235  -50.516  48.564 0.0000000000
49948  -7.947  -48.768  64.609 0.0000000000
49988  -4.291  -49.851  62.926 0.0000000000
50042  -2.139  -49.415  58.833 0.0000000000
50167  -7.688  -48.981  48.762 0.0000000000
50907  -6.802  -47.751  66.861 0.0000000000
50908  -7.470  -47.774  66.769 0.0000000000
50909  -4.853  -47.607  66.074 0.0000000000
50922  -4.189  -47.755  64.896 0.0000000000
50954  -2.263  -48.852  59.652 0.0000000000
51053  -4.765  -48.342  52.364 0.0000000000
51093  -7.858  -48.314  49.321 0.0000000000
51104  -8.091  -48.467  48.511 0.0000000000
51105  -8.354  -47.906  48.708 0.0000000000
51114  -7.423  -48.361  47.445 0.0000000000
51115  -8.130  -48.243  47.877 0.0000000000
51867  -4.836  -47.212  66.288 0.0000000000
51868  -5.533  -47.338  66.657 0.0000000000
51990  -6.058  -47.645  51.315 0.0000000000
52002  -7.885  -47.159  50.061 0.0000000000
52015  -7.779  -47.679  49.786 0.0000000000
52793  -7.438  -45.807  68.949 0.0000000000
52798  -6.426  -46.088  68.145 0.0000000000
52807  -9.568  -46.390  67.739 0.0000000000
52817  -4.393  -46.811  66.015 0.0000000000
52829  -28.687  -45.520  63.047 0.0000000000
52837  -28.808  -45.689  62.486 0.0000000000
52840  -10.380  -46.329  61.558 0.0000000000
52848  -29.131  -45.779  61.792 0.0000000000
52857  -28.664  -46.040  60.817 0.0000000000
52942  -3.593  -46.793  53.693 0.0000000000
52959  -6.719  -46.264  51.793 0.0000000000
52988  -7.652  -46.830  50.548 0.0000000000
52990  -8.564  -46.051  49.847 0.0000000000
53001  -8.544  -45.887  49.637 0.0000000000
53035  -8.280  -47.021  47.761 0.0000000000
53047  -4.821  -45.721  46.179 0.0000000000
53763  -8.685  -44.611  69.655 0.0000000000
53776  -13.225  -44.715  68.508 0.0000000000
53778  -6.365  -45.197  68.494 0.0000000000
53787  -5.249  -45.144  67.484 0.0000000000
53793  -15.179  -44.517  66.685 0.0000000000
53796  -4.399  -45.199  66.419 0.0000000000
53804  -16.784  -44.428  65.900 0.0000000000
53829  -3.293  -45.452  64.469 0.0000000000
53830  -3.414  -45.863  64.748 0.0000000000
53852  -10.782  -45.573  64.351 0.0000000000
53875  -14.006  -44.342  62.832 0.0000000000
53882  -29.530  -45.461  62.760 0.0000000000
53903  -29.440  -45.612  61.007 0.0000000000
53914  -30.095  -44.890  60.353 0.0000000000
54008  -8.444  -45.091  51.607 0.0000000000
54047  -8.570  -45.822  49.870 0.0000000000
54063  -7.421  -45.157  48.969 0.0000000000
54065  -8.523  -45.654  49.724 0.0000000000
54078  -8.237  -45.841  48.728 0.0000000000
54089  -5.438  -45.510  47.413 0.0000000000
54100  -4.095  -44.807  46.067 0.0000000000
54801  -8.149  -44.388  69.634 0.0000000000
54822  -5.230  -44.562  67.539 0.0000000000
54840  -17.329  -44.362  66.228 0.0000000000
54853  -3.455  -45.042  64.738 0.0000000000
54868  -30.978  -43.855  65.271 0.0000000000
54870  -3.288  -44.582  64.280 0.0000000000
54882  -14.803  -44.346  63.333 0.0000000000
54907  -13.067  -44.236  61.723 0.0000000000
54921  -2.082  -44.670  60.119 0.0000000000
54934  -30.675  -44.831  60.593 0.0000000000
54947  -29.830  -44.700  59.920 0.0000000000
54961  -31.272  -43.847  59.010 0.0000000000
55041  -8.377  -44.874  51.902 0.0000000000
55056  -8.259  -44.285  51.821 0.0000000000
55078  -8.138  -44.632  50.365 0.0000000000
55097  -8.357  -44.928  49.930 0.0000000000
55763  -7.485  -43.040  69.653 0.0000000000
55778  -7.679  -43.662  69.602 0.0000000000
55788  -5.876  -43.643  68.275 0.0000000000
55799  -4.899  -43.586  67.221 0.0000000000
55832  -1.945  -43.877  60.147 0.0000000000
55870  -2.050  -43.485  57.698 0.0000000000
55921  -7.635  -43.190  54.151 0.0000000000
55979  -2.994  -42.876  50.378 0.0000000000
55985  -8.343  -44.554  50.941 0.0000000000
56641  -5.536  -43.017  67.777 0.0000000000
56665  -3.228  -43.057  63.984 0.0000000000
56686  -17.669  -42.128  57.784 0.0000000000
56751  -34.492  -41.795  54.792 0.0000000000
56760  -7.389  -42.990  53.417 0.0000000000
56770  -34.283  -41.763  54.349 0.0000000000
56779  -7.177  -42.942  53.285 0.0000000000
57460  -7.483  -41.488  69.603 0.0000000000
57647  -2.282  -41.383  46.666 0.0000000000
58283  -10.123  -40.648  70.884 0.0000000000
58291  -8.161  -40.537  69.896 0.0000000000
58293  -9.580  -40.623  70.595 0.0000000000
58316  -6.456  -40.763  68.414 0.0000000000
58320  -5.421  -41.045  67.267 0.0000000000
58324  -4.830  -41.220  66.654 0.0000000000
58335  -3.972  -41.240  64.660 0.0000000000
58361  -2.634  -40.945  57.746 0.0000000000
58410  -1.975  -39.461  50.948 0.0000000000
59203  -5.082  -39.368  64.523 0.0000000000
59209  -4.878  -39.296  63.976 0.0000000000
60019  -8.486  -38.436  68.791 0.0000000000
60044  -5.898  -39.147  66.230 0.0000000000
60080  -3.949  -38.849  61.372 0.0000000000
60105  -4.896  -38.552  55.993 0.0000000000
60158  -8.197  -38.483  50.950 0.0000000000
60167  -7.952  -38.288  50.278 0.0000000000
61081  -8.330  -38.165  51.773 0.0000000000
61084  -35.906  -36.921  52.287 0.0000000000
61093  -3.532  -37.545  50.264 0.0000000000
61101  -36.236  -37.435  52.111 0.0000000000
61109  -6.915  -37.406  49.852 0.0000000000
61112  -9.519  -37.164  50.187 0.0000000000
62104  -6.685  -36.385  50.071 0.0000000000
62106  -10.013  -36.950  50.532 0.0000000000
62124  -10.147  -36.572  50.429 0.0000000000
63074  -7.184  -35.293  51.512 0.0000000000
63075  -7.770  -35.052  51.135 0.0000000000
63105  -7.906  -35.730  49.956 0.0000000000
63106  -8.696  -35.851  49.883 0.0000000000
63107  -9.580  -36.004  50.034 0.0000000000
63108  -10.127  -36.242  50.294 0.0000000000
64098  -34.534  -34.735  52.528 0.0000000000
65148  -3.394  -34.580  47.688 0.0000000000
65191  -43.459  -33.114  46.455 0.0000000000
66127  -44.651  -33.155  47.477 0.0000000000
66163  -43.270  -32.798  45.632 0.0000000000
69037  -44.164  -28.749  45.771 0.0000000000
71797  -46.734  -26.203  47.059 0.0000000000
75825  -48.512  -22.485  47.154 0.0000000000
76762  -48.899  -21.636  47.441 0.0000000000
76778  -46.322  -22.132  46.527 0.0000000000
76786  -44.241  -22.312  45.983 0.0000000000
78664  -47.591  -20.085  46.561 0.0000000000
78670  -44.280  -19.920  46.109 0.0000000000
80629  -44.571  -17.201  46.918 0.0000000000
81560  -46.359  -15.946  48.231 0.0000000000
81573  -48.409  -16.884  47.954 0.0000000000
82468  -46.333  -15.532  48.296 0.0000000000
82469  -46.898  -15.442  48.528 0.0000000000
82478  -45.834  -15.414  48.028 0.0000000000
