#!ascii label  , from subject 3420 vox2ras=TkReg
933
50019  -9.903  -48.723  60.345 0.0000000000
58449  -32.445  -40.561  49.087 0.0000000000
65184  -31.461  -33.460  46.028 0.0000000000
53997  -27.141  -45.428  53.794 0.0000000000
73933  -38.672  -24.152  38.998 0.0000000000
68150  -37.026  -30.379  38.244 0.0000000000
57559  -34.380  -41.543  53.664 0.0000000000
57554  -29.429  -40.811  53.853 0.0000000000
78683  -42.832  -20.106  45.387 0.0000000000
81598  -45.083  -16.262  43.305 0.0000000000
80725  -48.295  -17.334  39.982 0.0000000000
66139  -36.647  -32.455  46.207 0.0000000000
67139  -33.192  -31.374  41.720 0.0000000000
66236  -39.680  -32.403  42.561 0.0000000000
69081  -42.658  -29.212  40.267 0.0000000000
55926  -21.175  -43.557  54.268 0.0000000000
49086  -6.020  -50.579  62.584 0.0000000000
60188  -34.074  -37.869  47.582 0.0000000000
65117  -34.316  -33.490  49.919 0.0000000000
54035  -23.700  -44.877  50.408 0.0000000000
55085  -26.735  -44.291  49.909 0.0000000000
83505  -46.819  -14.666  33.389 0.0000000000
83452  -52.131  -14.948  38.648 0.0000000000
70073  -39.675  -27.892  36.233 0.0000000000
74943  -43.340  -24.904  42.905 0.0000000000
51912  -12.078  -47.135  57.208 0.0000000000
43462  -5.007  -55.410  57.593 0.0000000000
80649  -43.049  -17.470  45.613 0.0000000000
66183  -38.188  -32.478  44.357 0.0000000000
56781  -18.506  -42.406  51.974 0.0000000000
49089  -8.199  -49.809  61.895 0.0000000000
59335  -32.050  -39.410  45.948 0.0000000000
58468  -33.545  -39.879  48.388 0.0000000000
52964  -25.196  -45.877  52.681 0.0000000000
54054  -24.913  -45.507  49.939 0.0000000000
55065  -27.105  -44.432  51.434 0.0000000000
57595  -30.482  -40.862  51.053 0.0000000000
58414  -27.518  -39.434  51.604 0.0000000000
58447  -30.260  -40.549  49.170 0.0000000000
52916  -25.624  -46.361  55.451 0.0000000000
53977  -23.785  -45.664  54.152 0.0000000000
79785  -42.513  -18.160  37.987 0.0000000000
81685  -45.810  -16.516  34.763 0.0000000000
81651  -50.655  -16.557  38.990 0.0000000000
67178  -34.715  -31.061  40.094 0.0000000000
69123  -38.385  -29.454  37.168 0.0000000000
70950  -43.980  -26.849  40.855 0.0000000000
54984  -15.919  -43.486  55.968 0.0000000000
54967  -14.776  -44.035  57.638 0.0000000000
53909  -13.375  -44.191  59.084 0.0000000000
52884  -13.147  -46.130  55.942 0.0000000000
43476  -6.343  -55.426  56.768 0.0000000000
57587  -33.662  -41.335  51.457 0.0000000000
58435  -35.219  -39.786  50.639 0.0000000000
59262  -35.997  -39.752  53.216 0.0000000000
55911  -27.905  -42.859  56.597 0.0000000000
56765  -27.688  -41.872  53.931 0.0000000000
57526  -29.317  -41.483  55.463 0.0000000000
57556  -31.648  -41.908  53.776 0.0000000000
75864  -40.314  -22.735  42.910 0.0000000000
78710  -41.052  -19.940  42.881 0.0000000000
79752  -42.455  -18.012  41.492 0.0000000000
80705  -44.207  -17.162  39.380 0.0000000000
80750  -46.469  -17.369  37.571 0.0000000000
80694  -46.713  -17.010  41.285 0.0000000000
66137  -34.617  -32.389  46.649 0.0000000000
66204  -31.969  -32.100  43.935 0.0000000000
66180  -35.197  -32.204  44.619 0.0000000000
66251  -36.458  -32.063  42.250 0.0000000000
67181  -38.021  -31.512  40.574 0.0000000000
68132  -39.826  -30.637  39.005 0.0000000000
67184  -40.852  -31.253  40.369 0.0000000000
55907  -19.874  -42.571  55.771 0.0000000000
55923  -17.058  -42.859  54.435 0.0000000000
84465  -53.314  -13.251  36.227 0.0000000000
49084  -4.607  -50.438  62.374 0.0000000000
60206  -32.584  -37.986  45.470 0.0000000000
63149  -33.088  -35.410  47.327 0.0000000000
60175  -35.269  -38.341  49.860 0.0000000000
63134  -34.079  -36.024  48.896 0.0000000000
65131  -33.324  -33.653  48.368 0.0000000000
66110  -35.308  -32.473  48.337 0.0000000000
56798  -27.208  -42.321  51.346 0.0000000000
54998  -22.338  -44.740  55.396 0.0000000000
55045  -22.612  -43.987  51.918 0.0000000000
81671  -48.311  -17.063  36.460 0.0000000000
83484  -48.730  -15.081  35.500 0.0000000000
84472  -51.295  -13.807  35.400 0.0000000000
84449  -53.157  -13.532  38.389 0.0000000000
49151  -9.933  -50.182  56.424 0.0000000000
48170  -8.338  -51.285  58.113 0.0000000000
71887  -40.111  -26.501  36.697 0.0000000000
70049  -41.400  -29.234  37.923 0.0000000000
71870  -42.310  -26.700  37.921 0.0000000000
73917  -41.530  -24.650  40.315 0.0000000000
76799  -43.360  -22.611  44.938 0.0000000000
50965  -10.821  -47.896  58.468 0.0000000000
47058  -7.123  -51.905  59.588 0.0000000000
45936  -5.639  -53.058  60.028 0.0000000000
47069  -3.821  -52.829  59.704 0.0000000000
50003  -9.388  -49.116  61.079 0.0000000000
58466  -31.717  -40.373  48.249 0.0000000000
58467  -32.722  -40.088  48.061 0.0000000000
58450  -33.591  -40.312  49.102 0.0000000000
52966  -26.039  -45.850  53.387 0.0000000000
54018  -26.335  -45.561  52.696 0.0000000000
54019  -27.142  -45.249  53.052 0.0000000000
58431  -30.941  -40.818  50.125 0.0000000000
58430  -29.848  -40.543  50.329 0.0000000000
58448  -31.358  -40.589  49.142 0.0000000000
58465  -30.698  -40.487  48.133 0.0000000000
53964  -27.524  -45.432  55.691 0.0000000000
52918  -27.232  -46.160  56.235 0.0000000000
52935  -26.475  -46.182  54.811 0.0000000000
52950  -25.504  -46.035  53.722 0.0000000000
80776  -45.350  -16.817  35.250 0.0000000000
64150  -31.322  -34.820  46.049 0.0000000000
65200  -30.794  -33.618  45.020 0.0000000000
67204  -35.525  -30.895  39.337 0.0000000000
67223  -35.435  -30.898  38.162 0.0000000000
68165  -37.677  -29.970  37.751 0.0000000000
54983  -15.395  -44.142  55.909 0.0000000000
54968  -15.469  -43.629  57.196 0.0000000000
53947  -14.377  -44.993  55.588 0.0000000000
53932  -14.185  -44.574  57.139 0.0000000000
53946  -13.526  -45.931  55.254 0.0000000000
57574  -34.322  -41.359  52.609 0.0000000000
58405  -34.798  -41.066  52.368 0.0000000000
57575  -34.810  -41.248  53.154 0.0000000000
56712  -29.564  -42.267  56.975 0.0000000000
56729  -28.715  -41.942  56.366 0.0000000000
56730  -29.871  -41.879  56.083 0.0000000000
56749  -33.264  -42.153  54.769 0.0000000000
56748  -32.255  -42.173  54.637 0.0000000000
57557  -32.637  -41.856  53.370 0.0000000000
57572  -32.098  -41.709  52.684 0.0000000000
77747  -41.912  -21.127  44.287 0.0000000000
77745  -40.866  -20.733  43.168 0.0000000000
78682  -41.980  -19.499  44.662 0.0000000000
80654  -43.940  -16.682  44.225 0.0000000000
79718  -42.604  -17.677  43.530 0.0000000000
80676  -43.905  -16.898  42.524 0.0000000000
79763  -43.859  -17.157  40.236 0.0000000000
80677  -44.741  -16.385  41.877 0.0000000000
80693  -45.832  -16.523  41.030 0.0000000000
80678  -45.996  -16.523  41.948 0.0000000000
66138  -35.659  -32.412  46.434 0.0000000000
66156  -34.877  -32.275  45.620 0.0000000000
66157  -35.947  -32.343  45.446 0.0000000000
66210  -38.450  -32.469  43.506 0.0000000000
66233  -36.908  -32.269  42.840 0.0000000000
66253  -38.097  -32.262  41.939 0.0000000000
67160  -37.491  -31.837  41.310 0.0000000000
67161  -38.441  -31.963  41.221 0.0000000000
67182  -39.095  -31.627  40.643 0.0000000000
66255  -40.007  -32.221  41.635 0.0000000000
55909  -20.993  -43.691  55.314 0.0000000000
55893  -20.342  -42.938  56.474 0.0000000000
55924  -20.019  -42.792  54.948 0.0000000000
56761  -17.844  -42.538  52.749 0.0000000000
85442  -53.828  -12.907  37.185 0.0000000000
85444  -55.390  -12.417  36.838 0.0000000000
49085  -5.380  -50.509  62.690 0.0000000000
60187  -33.654  -38.381  47.060 0.0000000000
60193  -32.477  -38.615  45.538 0.0000000000
61149  -33.448  -37.265  46.521 0.0000000000
62191  -32.498  -36.590  45.760 0.0000000000
62161  -33.736  -36.437  47.487 0.0000000000
59282  -35.649  -39.159  51.210 0.0000000000
59294  -35.378  -39.039  50.349 0.0000000000
60169  -35.731  -38.144  50.784 0.0000000000
64106  -34.214  -34.599  51.665 0.0000000000
63109  -34.264  -35.415  50.967 0.0000000000
64116  -33.741  -34.392  50.007 0.0000000000
64122  -33.304  -34.333  48.720 0.0000000000
66109  -34.688  -32.515  48.186 0.0000000000
65133  -34.974  -32.620  48.972 0.0000000000
54055  -25.996  -45.276  50.175 0.0000000000
57553  -28.213  -40.549  54.060 0.0000000000
56785  -27.359  -41.834  52.554 0.0000000000
57552  -27.424  -40.841  53.411 0.0000000000
58426  -26.584  -40.230  50.638 0.0000000000
53950  -23.424  -45.913  56.222 0.0000000000
53994  -23.798  -45.378  52.952 0.0000000000
53976  -23.145  -44.959  53.636 0.0000000000
54014  -23.214  -44.406  51.183 0.0000000000
55063  -22.560  -43.767  50.692 0.0000000000
80737  -47.400  -17.435  38.836 0.0000000000
80765  -47.368  -17.353  36.833 0.0000000000
80752  -48.210  -17.460  38.236 0.0000000000
82546  -50.894  -16.201  38.285 0.0000000000
82567  -50.000  -16.089  36.919 0.0000000000
83458  -51.022  -15.071  37.575 0.0000000000
83485  -49.859  -14.457  35.590 0.0000000000
84453  -51.399  -14.292  37.212 0.0000000000
84454  -52.132  -13.747  37.470 0.0000000000
84448  -52.364  -14.099  38.296 0.0000000000
66229  -32.428  -31.841  42.657 0.0000000000
66249  -31.753  -32.302  42.046 0.0000000000
71000  -39.682  -27.152  36.004 0.0000000000
70984  -40.452  -27.574  36.764 0.0000000000
68134  -41.287  -30.416  39.148 0.0000000000
69108  -40.367  -30.051  38.070 0.0000000000
70037  -42.516  -28.883  39.139 0.0000000000
72822  -43.854  -25.239  41.670 0.0000000000
71858  -43.564  -26.639  39.133 0.0000000000
72835  -43.398  -24.950  40.401 0.0000000000
73937  -42.258  -24.934  39.708 0.0000000000
74961  -42.678  -24.428  41.764 0.0000000000
74924  -41.831  -24.111  42.930 0.0000000000
75868  -43.196  -23.967  44.054 0.0000000000
52861  -12.107  -45.738  58.483 0.0000000000
51897  -11.635  -46.150  58.721 0.0000000000
51896  -11.161  -46.690  59.099 0.0000000000
51899  -11.291  -47.230  58.139 0.0000000000
50061  -10.838  -48.820  57.140 0.0000000000
50979  -11.956  -47.906  56.625 0.0000000000
47101  -7.681  -52.605  57.225 0.0000000000
47072  -7.897  -51.727  58.366 0.0000000000
45970  -7.259  -53.083  57.565 0.0000000000
43463  -5.674  -55.110  57.424 0.0000000000
44750  -5.658  -54.030  58.748 0.0000000000
44749  -4.999  -54.070  58.893 0.0000000000
45934  -4.405  -53.123  59.683 0.0000000000
44748  -4.324  -53.929  58.954 0.0000000000
56714  -31.447  -42.404  56.467 0.0000000000
79699  -44.076  -19.097  46.261 0.0000000000
79697  -42.607  -18.608  45.540 0.0000000000
80640  -44.328  -17.546  46.644 0.0000000000
66158  -36.940  -32.399  45.315 0.0000000000
56784  -20.970  -42.639  51.609 0.0000000000
56764  -20.429  -42.830  53.014 0.0000000000
49974  -8.139  -49.257  63.190 0.0000000000
49088  -7.704  -50.064  62.303 0.0000000000
59327  -31.912  -39.891  47.009 0.0000000000
59315  -32.839  -39.729  47.387 0.0000000000
60181  -33.917  -38.704  47.637 0.0000000000
65103  -35.360  -33.077  51.005 0.0000000000
54016  -24.675  -45.658  52.291 0.0000000000
54036  -24.450  -45.305  50.874 0.0000000000
54037  -25.324  -45.570  51.167 0.0000000000
54038  -26.326  -45.296  51.503 0.0000000000
55086  -26.955  -44.259  50.674 0.0000000000
57570  -30.049  -40.987  52.827 0.0000000000
58404  -28.010  -39.388  52.481 0.0000000000
58416  -29.368  -40.290  51.200 0.0000000000
58429  -28.833  -40.087  50.420 0.0000000000
58464  -29.544  -40.474  48.096 0.0000000000
52901  -24.835  -46.424  56.041 0.0000000000
52900  -24.104  -46.182  55.673 0.0000000000
52915  -24.813  -46.279  55.111 0.0000000000
53995  -24.371  -45.772  53.484 0.0000000000
78763  -40.891  -18.911  38.261 0.0000000000
82591  -46.285  -15.608  34.058 0.0000000000
81623  -49.645  -16.849  41.541 0.0000000000
80739  -49.050  -17.213  39.360 0.0000000000
67157  -33.954  -31.206  40.887 0.0000000000
69138  -37.753  -29.316  36.321 0.0000000000
70058  -39.132  -29.071  36.785 0.0000000000
70937  -43.296  -27.855  41.531 0.0000000000
70949  -43.555  -27.662  40.622 0.0000000000
71824  -43.350  -26.119  42.428 0.0000000000
55873  -16.843  -42.523  57.124 0.0000000000
55854  -16.534  -42.813  57.979 0.0000000000
54941  -14.719  -44.008  59.733 0.0000000000
53917  -13.531  -44.414  58.167 0.0000000000
53916  -12.718  -45.311  57.882 0.0000000000
52883  -12.655  -46.433  56.468 0.0000000000
51926  -12.402  -47.421  56.144 0.0000000000
52899  -13.030  -46.756  55.240 0.0000000000
57597  -32.762  -41.290  50.772 0.0000000000
58433  -33.157  -40.889  49.969 0.0000000000
58434  -34.385  -40.600  50.419 0.0000000000
58418  -35.248  -40.139  51.485 0.0000000000
55016  -27.578  -44.469  55.039 0.0000000000
55030  -27.451  -44.545  53.799 0.0000000000
56745  -27.800  -42.239  55.027 0.0000000000
56766  -28.013  -41.292  54.747 0.0000000000
57538  -28.865  -41.084  54.740 0.0000000000
57528  -30.621  -41.922  55.189 0.0000000000
57540  -30.824  -41.866  54.708 0.0000000000
57555  -30.487  -41.396  53.769 0.0000000000
57571  -31.076  -41.553  52.803 0.0000000000
57596  -31.578  -41.271  51.056 0.0000000000
55910  -27.588  -43.752  56.625 0.0000000000
75899  -39.545  -23.422  41.307 0.0000000000
74956  -38.599  -23.137  39.996 0.0000000000
76827  -38.881  -21.571  41.914 0.0000000000
77777  -39.970  -20.265  41.893 0.0000000000
78738  -40.997  -19.110  40.895 0.0000000000
79717  -41.904  -18.401  43.982 0.0000000000
78728  -41.641  -18.705  41.705 0.0000000000
78739  -41.909  -18.579  40.608 0.0000000000
79775  -42.678  -18.039  39.034 0.0000000000
79786  -43.285  -17.650  38.330 0.0000000000
80733  -43.932  -17.329  37.670 0.0000000000
80749  -45.557  -17.210  37.298 0.0000000000
80735  -45.647  -17.225  38.246 0.0000000000
80723  -46.560  -17.263  39.486 0.0000000000
80709  -47.506  -17.260  40.629 0.0000000000
81600  -46.572  -16.224  43.475 0.0000000000
80696  -48.585  -17.146  41.708 0.0000000000
66154  -32.421  -32.788  46.164 0.0000000000
66177  -31.518  -32.810  45.138 0.0000000000
66178  -32.790  -32.158  44.978 0.0000000000
66205  -33.216  -31.920  43.812 0.0000000000
66230  -33.728  -31.576  42.809 0.0000000000
66181  -36.254  -32.283  44.521 0.0000000000
66232  -35.970  -32.057  42.764 0.0000000000
67141  -35.447  -31.658  42.056 0.0000000000
67158  -35.093  -31.333  41.141 0.0000000000
67205  -36.576  -31.068  39.612 0.0000000000
67225  -37.284  -30.816  38.986 0.0000000000
68151  -38.010  -30.409  38.508 0.0000000000
67227  -38.864  -30.951  39.328 0.0000000000
67209  -40.372  -31.117  39.810 0.0000000000
68117  -41.972  -30.273  40.217 0.0000000000
67166  -42.340  -30.832  41.839 0.0000000000
69067  -42.825  -29.510  41.467 0.0000000000
56695  -18.955  -42.006  56.812 0.0000000000
56743  -19.027  -42.416  54.156 0.0000000000
56727  -18.565  -42.181  55.096 0.0000000000
56708  -17.510  -42.160  56.530 0.0000000000
55906  -16.843  -42.850  55.266 0.0000000000
62172  -32.337  -36.090  45.980 0.0000000000
64140  -31.746  -34.829  46.649 0.0000000000
58451  -34.474  -39.951  49.371 0.0000000000
59305  -34.844  -39.089  49.063 0.0000000000
61133  -34.747  -37.328  48.730 0.0000000000
62137  -34.549  -36.486  49.331 0.0000000000
62151  -34.374  -36.632  48.510 0.0000000000
63133  -33.570  -35.337  48.578 0.0000000000
64132  -33.071  -34.489  47.968 0.0000000000
65151  -33.033  -33.528  47.571 0.0000000000
66121  -33.703  -32.886  47.712 0.0000000000
66123  -35.428  -32.459  47.574 0.0000000000
65153  -36.226  -32.521  47.754 0.0000000000
65119  -36.966  -32.767  49.676 0.0000000000
65135  -37.480  -32.780  48.596 0.0000000000
55955  -27.433  -43.200  53.215 0.0000000000
55971  -27.331  -43.268  51.954 0.0000000000
55990  -26.927  -43.387  49.929 0.0000000000
58413  -26.733  -40.035  51.631 0.0000000000
57592  -26.527  -41.183  50.450 0.0000000000
54985  -21.572  -44.244  56.260 0.0000000000
54997  -21.669  -44.194  54.877 0.0000000000
53962  -23.046  -45.162  54.773 0.0000000000
55015  -22.439  -44.543  54.277 0.0000000000
55028  -21.922  -43.656  52.603 0.0000000000
55044  -21.958  -43.347  51.433 0.0000000000
80777  -46.291  -17.010  35.763 0.0000000000
81704  -46.814  -16.133  34.838 0.0000000000
82593  -47.562  -15.377  34.858 0.0000000000
81672  -49.235  -16.861  36.972 0.0000000000
82584  -48.745  -15.924  35.828 0.0000000000
83494  -47.697  -14.721  34.456 0.0000000000
84479  -49.117  -13.732  34.052 0.0000000000
84480  -50.305  -13.690  34.278 0.0000000000
84481  -51.584  -13.703  34.199 0.0000000000
84464  -52.261  -13.563  36.378 0.0000000000
84455  -53.034  -13.276  37.281 0.0000000000
50043  -9.663  -49.695  58.355 0.0000000000
49118  -9.015  -50.327  59.342 0.0000000000
48182  -9.136  -51.055  57.197 0.0000000000
66227  -30.675  -32.907  43.368 0.0000000000
72865  -39.432  -25.167  38.081 0.0000000000
68166  -38.748  -30.084  37.968 0.0000000000
69124  -39.798  -29.710  37.655 0.0000000000
70060  -41.126  -28.437  37.488 0.0000000000
70960  -42.823  -28.184  38.898 0.0000000000
70061  -41.858  -27.994  37.700 0.0000000000
70985  -41.312  -27.524  37.409 0.0000000000
71869  -41.468  -26.226  37.737 0.0000000000
72866  -40.870  -25.359  38.450 0.0000000000
73935  -40.289  -24.509  39.472 0.0000000000
75883  -40.517  -23.641  42.555 0.0000000000
75853  -41.756  -22.624  43.714 0.0000000000
77749  -43.234  -21.780  45.125 0.0000000000
51889  -10.279  -47.088  61.375 0.0000000000
51894  -10.638  -46.788  60.451 0.0000000000
50964  -10.390  -48.348  59.106 0.0000000000
50044  -10.201  -49.112  58.146 0.0000000000
50076  -10.463  -49.847  56.022 0.0000000000
49117  -8.399  -50.549  59.882 0.0000000000
48143  -7.614  -50.842  60.669 0.0000000000
48152  -6.695  -51.669  60.696 0.0000000000
45969  -6.751  -53.606  57.809 0.0000000000
45937  -6.120  -52.799  59.927 0.0000000000
48140  -5.610  -51.491  61.545 0.0000000000
48139  -4.771  -51.438  61.468 0.0000000000
48138  -3.974  -51.230  61.297 0.0000000000
43461  -4.230  -55.308  58.112 0.0000000000
45967  -3.280  -53.378  58.924 0.0000000000
50004  -9.856  -48.507  60.933 0.0000000000
53996  -26.597  -45.632  53.518 0.0000000000
58432  -32.051  -40.951  50.014 0.0000000000
53980  -27.302  -45.528  54.620 0.0000000000
53979  -26.783  -45.826  54.126 0.0000000000
52951  -26.171  -45.997  54.009 0.0000000000
80762  -44.475  -17.102  36.014 0.0000000000
64149  -30.987  -34.829  45.425 0.0000000000
65201  -31.111  -33.449  45.481 0.0000000000
67224  -36.322  -30.697  38.728 0.0000000000
68149  -36.215  -30.482  37.916 0.0000000000
68164  -36.759  -30.085  37.529 0.0000000000
53948  -15.026  -44.669  55.091 0.0000000000
57560  -35.104  -41.153  53.733 0.0000000000
56713  -30.510  -42.264  56.661 0.0000000000
56769  -33.762  -41.930  54.139 0.0000000000
56768  -32.988  -42.048  54.012 0.0000000000
57558  -33.544  -41.732  53.374 0.0000000000
56697  -29.446  -42.719  57.727 0.0000000000
77732  -42.361  -20.598  44.802 0.0000000000
80657  -44.478  -16.557  43.152 0.0000000000
80656  -43.473  -17.067  43.368 0.0000000000
79738  -43.820  -16.965  41.823 0.0000000000
80658  -45.367  -16.313  42.715 0.0000000000
66235  -38.734  -32.407  42.657 0.0000000000
66234  -37.806  -32.377  42.763 0.0000000000
66254  -39.037  -32.241  41.765 0.0000000000
66272  -39.379  -32.045  41.221 0.0000000000
55925  -20.555  -43.194  54.674 0.0000000000
85432  -54.404  -12.733  38.008 0.0000000000
85443  -54.605  -12.624  37.083 0.0000000000
85433  -55.289  -12.445  37.821 0.0000000000
49074  -6.598  -50.171  63.103 0.0000000000
49073  -5.832  -50.204  63.171 0.0000000000
61140  -33.877  -37.434  47.292 0.0000000000
61100  -35.963  -37.304  51.737 0.0000000000
65102  -34.513  -33.739  51.302 0.0000000000
64109  -34.003  -34.446  50.655 0.0000000000
57568  -27.702  -39.904  53.207 0.0000000000
54015  -23.867  -45.041  51.710 0.0000000000
53993  -23.195  -44.700  52.431 0.0000000000
84491  -47.369  -13.903  32.920 0.0000000000
80738  -48.236  -17.381  39.106 0.0000000000
83451  -51.476  -15.405  38.255 0.0000000000
82558  -51.130  -15.719  38.080 0.0000000000
83470  -50.679  -14.457  36.578 0.0000000000
83459  -51.790  -14.390  37.864 0.0000000000
70072  -38.942  -28.387  36.048 0.0000000000
68135  -41.702  -30.300  39.636 0.0000000000
69092  -41.521  -30.108  38.833 0.0000000000
69094  -42.537  -29.088  39.609 0.0000000000
73920  -43.711  -24.877  41.077 0.0000000000
73919  -43.047  -24.552  41.200 0.0000000000
73903  -43.289  -24.570  41.763 0.0000000000
74926  -42.958  -24.525  43.374 0.0000000000
74927  -43.407  -24.609  43.725 0.0000000000
52869  -12.316  -46.159  57.565 0.0000000000
51900  -11.770  -46.636  58.158 0.0000000000
51911  -11.616  -47.217  57.730 0.0000000000
50978  -11.335  -47.891  57.404 0.0000000000
44766  -5.363  -54.633  58.197 0.0000000000
44765  -4.620  -54.592  58.420 0.0000000000
66141  -38.514  -32.657  46.030 0.0000000000
56797  -20.682  -42.477  51.095 0.0000000000
49990  -8.729  -49.182  62.136 0.0000000000
49975  -8.814  -48.858  62.841 0.0000000000
49989  -8.164  -49.545  62.368 0.0000000000
59316  -33.665  -39.320  47.782 0.0000000000
59317  -34.313  -39.149  48.357 0.0000000000
54017  -25.580  -45.727  52.218 0.0000000000
54039  -26.993  -45.122  52.200 0.0000000000
55064  -26.661  -44.767  50.726 0.0000000000
57583  -29.816  -40.598  51.832 0.0000000000
57582  -29.223  -40.090  51.890 0.0000000000
57594  -29.899  -40.576  51.100 0.0000000000
58446  -29.177  -40.232  49.283 0.0000000000
58445  -28.258  -39.840  49.558 0.0000000000
52917  -26.475  -46.380  55.811 0.0000000000
52902  -25.678  -46.507  56.376 0.0000000000
52949  -24.988  -45.986  53.217 0.0000000000
79784  -41.623  -18.527  37.565 0.0000000000
67177  -33.685  -31.288  39.842 0.0000000000
69122  -37.237  -29.550  37.091 0.0000000000
69139  -38.507  -29.053  36.405 0.0000000000
70927  -42.944  -26.964  42.828 0.0000000000
70938  -43.442  -26.985  41.691 0.0000000000
72812  -43.676  -25.125  43.299 0.0000000000
55890  -16.307  -43.073  56.448 0.0000000000
55872  -16.093  -43.167  57.232 0.0000000000
54954  -15.350  -43.490  58.219 0.0000000000
54953  -14.580  -43.944  58.596 0.0000000000
53918  -14.213  -44.155  57.870 0.0000000000
53931  -13.344  -45.432  56.714 0.0000000000
53930  -12.716  -45.797  57.155 0.0000000000
52898  -12.732  -46.992  55.863 0.0000000000
57598  -33.534  -41.130  50.615 0.0000000000
58406  -35.230  -40.652  52.721 0.0000000000
58417  -34.677  -40.955  51.802 0.0000000000
59273  -35.938  -39.321  52.281 0.0000000000
55927  -27.625  -43.325  55.669 0.0000000000
56746  -28.334  -41.545  55.456 0.0000000000
56732  -31.868  -42.310  55.612 0.0000000000
56731  -30.840  -42.101  55.611 0.0000000000
57541  -31.551  -42.069  54.518 0.0000000000
57586  -32.485  -41.536  51.726 0.0000000000
54999  -27.621  -44.498  56.133 0.0000000000
75882  -39.779  -23.187  42.223 0.0000000000
75881  -39.075  -22.592  41.728 0.0000000000
75863  -39.508  -22.176  42.536 0.0000000000
77760  -40.412  -20.585  42.739 0.0000000000
78726  -40.577  -19.985  42.236 0.0000000000
78737  -40.327  -19.702  41.346 0.0000000000
78727  -41.011  -19.387  41.937 0.0000000000
80648  -42.573  -18.137  45.533 0.0000000000
79707  -42.123  -18.448  45.045 0.0000000000
79708  -42.261  -17.777  44.394 0.0000000000
79737  -43.084  -17.460  42.386 0.0000000000
79736  -42.158  -18.378  42.725 0.0000000000
78751  -42.099  -18.426  39.634 0.0000000000
79762  -42.822  -17.867  40.236 0.0000000000
79776  -43.469  -17.497  39.308 0.0000000000
80720  -44.076  -17.256  38.592 0.0000000000
80734  -44.786  -17.128  37.954 0.0000000000
80721  -44.863  -17.083  38.874 0.0000000000
80707  -45.729  -16.885  40.117 0.0000000000
80708  -46.616  -17.090  40.396 0.0000000000
80681  -48.388  -16.889  42.440 0.0000000000
66136  -33.584  -32.622  46.880 0.0000000000
66155  -33.725  -32.295  45.846 0.0000000000
66179  -34.038  -32.136  44.762 0.0000000000
66206  -34.429  -32.006  43.734 0.0000000000
66159  -37.901  -32.494  45.225 0.0000000000
66182  -37.237  -32.386  44.440 0.0000000000
67159  -36.309  -31.669  41.500 0.0000000000
67180  -36.967  -31.402  40.535 0.0000000000
67206  -37.600  -31.194  39.775 0.0000000000
67226  -38.237  -30.924  39.159 0.0000000000
67207  -38.559  -31.231  39.836 0.0000000000
67183  -40.031  -31.456  40.395 0.0000000000
68115  -40.900  -30.875  39.680 0.0000000000
67185  -41.424  -31.051  40.710 0.0000000000
68089  -42.976  -30.031  42.464 0.0000000000
68104  -42.758  -30.101  41.755 0.0000000000
70002  -42.966  -28.515  42.749 0.0000000000
55892  -19.693  -42.376  56.639 0.0000000000
55874  -19.450  -42.287  57.384 0.0000000000
56710  -19.180  -42.097  55.906 0.0000000000
56782  -19.447  -42.395  52.123 0.0000000000
56763  -19.818  -42.651  53.347 0.0000000000
56762  -18.756  -42.437  53.059 0.0000000000
56742  -17.960  -42.426  54.027 0.0000000000
56709  -18.301  -41.939  56.117 0.0000000000
56726  -17.555  -42.365  55.363 0.0000000000
49083  -3.737  -50.031  61.942 0.0000000000
61164  -32.637  -37.203  45.602 0.0000000000
62173  -32.867  -36.196  46.233 0.0000000000
63163  -32.061  -35.592  46.313 0.0000000000
63164  -32.575  -35.519  46.804 0.0000000000
59293  -35.021  -39.662  49.887 0.0000000000
59306  -35.184  -39.052  49.771 0.0000000000
60174  -35.000  -38.086  49.053 0.0000000000
63119  -33.961  -35.366  49.738 0.0000000000
62125  -34.780  -36.383  50.372 0.0000000000
62150  -34.009  -36.204  48.291 0.0000000000
66120  -33.329  -33.003  47.270 0.0000000000
65152  -33.530  -33.257  48.055 0.0000000000
65104  -36.528  -32.724  50.803 0.0000000000
65118  -35.687  -32.715  49.867 0.0000000000
55941  -27.589  -43.279  54.443 0.0000000000
55991  -27.143  -43.383  50.700 0.0000000000
56808  -27.104  -42.498  50.672 0.0000000000
58403  -27.190  -39.702  52.411 0.0000000000
54986  -22.370  -44.929  56.285 0.0000000000
52914  -24.162  -46.046  54.773 0.0000000000
53963  -23.533  -45.776  55.236 0.0000000000
55029  -22.521  -44.315  53.112 0.0000000000
55014  -21.848  -43.928  53.746 0.0000000000
80763  -45.448  -17.104  36.334 0.0000000000
80764  -46.355  -17.240  36.646 0.0000000000
81670  -47.657  -17.023  36.058 0.0000000000
80778  -46.999  -17.110  36.112 0.0000000000
81687  -47.227  -16.563  35.421 0.0000000000
82582  -47.320  -15.869  34.943 0.0000000000
82583  -48.001  -15.810  35.278 0.0000000000
81650  -49.776  -17.005  38.739 0.0000000000
81662  -49.607  -17.079  37.889 0.0000000000
83469  -49.909  -15.265  36.463 0.0000000000
82566  -49.370  -16.048  36.346 0.0000000000
83483  -47.989  -15.221  35.024 0.0000000000
84478  -48.291  -14.037  34.008 0.0000000000
83495  -48.890  -14.328  34.730 0.0000000000
83486  -50.709  -14.093  35.876 0.0000000000
84471  -50.354  -13.964  35.209 0.0000000000
85431  -53.649  -13.040  37.899 0.0000000000
84450  -53.964  -13.088  38.487 0.0000000000
49138  -9.815  -49.947  57.305 0.0000000000
49127  -9.667  -49.884  57.963 0.0000000000
49150  -9.457  -50.637  56.818 0.0000000000
66203  -30.991  -32.570  44.000 0.0000000000
71886  -39.332  -25.948  36.581 0.0000000000
72881  -39.838  -25.751  37.399 0.0000000000
68152  -39.111  -30.527  38.797 0.0000000000
68167  -39.467  -30.188  38.184 0.0000000000
69125  -40.683  -29.201  37.648 0.0000000000
70961  -43.441  -27.626  39.498 0.0000000000
72868  -42.866  -26.253  38.577 0.0000000000
71871  -42.926  -26.946  38.448 0.0000000000
70986  -41.952  -27.375  37.679 0.0000000000
71889  -41.610  -26.925  37.555 0.0000000000
71888  -40.950  -26.805  37.227 0.0000000000
73918  -42.064  -24.669  40.463 0.0000000000
72850  -41.374  -25.037  38.997 0.0000000000
73936  -41.287  -24.766  39.634 0.0000000000
73953  -40.618  -24.812  39.064 0.0000000000
74979  -40.579  -24.293  40.103 0.0000000000
74958  -40.121  -24.007  40.731 0.0000000000
74940  -41.344  -24.191  42.164 0.0000000000
75867  -42.684  -23.792  43.804 0.0000000000
75866  -42.055  -23.580  43.551 0.0000000000
75854  -42.477  -22.917  44.019 0.0000000000
76798  -42.864  -22.328  44.537 0.0000000000
50956  -10.664  -47.611  59.571 0.0000000000
50946  -10.492  -47.618  60.299 0.0000000000
50045  -10.788  -48.420  57.789 0.0000000000
50994  -11.434  -48.653  56.177 0.0000000000
50077  -10.824  -49.281  56.339 0.0000000000
50092  -11.004  -49.570  55.423 0.0000000000
48163  -8.766  -50.798  58.576 0.0000000000
48162  -8.123  -51.098  59.086 0.0000000000
47071  -7.453  -51.968  58.908 0.0000000000
48161  -7.506  -51.432  59.549 0.0000000000
48153  -7.182  -51.423  60.227 0.0000000000
48142  -7.118  -51.096  61.140 0.0000000000
44780  -6.852  -54.447  56.806 0.0000000000
44767  -6.178  -54.419  57.892 0.0000000000
45952  -5.338  -53.470  59.327 0.0000000000
45953  -6.255  -53.233  59.070 0.0000000000
47056  -5.900  -52.451  60.431 0.0000000000
47041  -5.770  -52.059  61.090 0.0000000000
47040  -5.309  -51.881  61.236 0.0000000000
47055  -5.110  -52.367  60.671 0.0000000000
48150  -4.063  -51.858  60.825 0.0000000000
47053  -3.755  -52.099  60.318 0.0000000000
48149  -3.410  -51.347  60.602 0.0000000000
42108  -3.917  -56.022  57.708 0.0000000000
44764  -3.823  -54.170  58.654 0.0000000000
49101  -8.553  -49.843  61.259 0.0000000000
58482  -31.885  -40.177  47.674 0.0000000000
52965  -25.599  -45.875  52.992 0.0000000000
52936  -27.126  -46.065  55.355 0.0000000000
52934  -25.552  -46.194  54.547 0.0000000000
79796  -43.141  -17.747  37.365 0.0000000000
63179  -31.240  -35.607  45.198 0.0000000000
67203  -34.458  -31.130  39.003 0.0000000000
54969  -15.814  -43.485  56.565 0.0000000000
54982  -14.884  -44.344  56.732 0.0000000000
53959  -13.496  -46.523  54.347 0.0000000000
57573  -33.140  -41.631  52.519 0.0000000000
55928  -27.904  -42.275  55.869 0.0000000000
56767  -32.380  -42.046  53.932 0.0000000000
56711  -28.645  -42.724  57.350 0.0000000000
76796  -41.486  -21.637  43.782 0.0000000000
76795  -40.810  -21.222  43.351 0.0000000000
77746  -41.200  -20.650  43.620 0.0000000000
78681  -41.572  -19.703  44.097 0.0000000000
80650  -43.577  -16.893  45.059 0.0000000000
80653  -42.977  -17.232  44.440 0.0000000000
79753  -43.345  -17.359  41.226 0.0000000000
79754  -44.100  -16.708  41.056 0.0000000000
79764  -44.392  -16.748  40.471 0.0000000000
80706  -44.793  -16.869  39.845 0.0000000000
80692  -44.903  -16.417  40.682 0.0000000000
66209  -37.529  -32.387  43.590 0.0000000000
66252  -37.158  -32.168  42.075 0.0000000000
66273  -39.802  -31.867  40.959 0.0000000000
67163  -40.482  -31.772  41.006 0.0000000000
55876  -20.972  -43.442  57.192 0.0000000000
55894  -20.838  -43.511  56.178 0.0000000000
55908  -20.428  -43.124  55.574 0.0000000000
85453  -54.105  -12.925  36.489 0.0000000000
59328  -32.935  -39.376  46.813 0.0000000000
59336  -32.897  -38.810  46.215 0.0000000000
60194  -33.107  -38.079  45.951 0.0000000000
61123  -35.382  -37.701  50.278 0.0000000000
63118  -33.666  -35.079  49.248 0.0000000000
64115  -33.570  -34.516  49.394 0.0000000000
65116  -33.572  -33.705  49.073 0.0000000000
65132  -33.996  -33.019  48.575 0.0000000000
65105  -37.705  -32.914  50.628 0.0000000000
57567  -26.953  -40.426  52.583 0.0000000000
59291  -27.313  -39.525  49.842 0.0000000000
58427  -27.045  -39.630  50.700 0.0000000000
53949  -22.883  -45.382  55.785 0.0000000000
54034  -22.917  -44.426  49.980 0.0000000000
80736  -46.526  -17.375  38.545 0.0000000000
80751  -47.384  -17.484  37.887 0.0000000000
80766  -48.274  -17.393  37.323 0.0000000000
81673  -50.028  -16.606  37.442 0.0000000000
82557  -50.583  -16.001  37.619 0.0000000000
83457  -50.355  -15.566  37.165 0.0000000000
84463  -51.405  -13.959  36.503 0.0000000000
49161  -9.597  -50.818  56.062 0.0000000000
70999  -39.386  -27.752  35.569 0.0000000000
68154  -40.762  -30.378  38.734 0.0000000000
68153  -40.130  -30.293  38.459 0.0000000000
69110  -41.721  -29.493  38.344 0.0000000000
71847  -44.101  -26.307  40.352 0.0000000000
71859  -43.992  -26.501  39.736 0.0000000000
72853  -43.907  -26.004  39.701 0.0000000000
72852  -43.130  -25.371  39.334 0.0000000000
72867  -42.159  -25.745  38.375 0.0000000000
73938  -42.822  -24.828  40.179 0.0000000000
74960  -42.142  -24.432  41.426 0.0000000000
74941  -42.287  -24.346  42.263 0.0000000000
75855  -43.033  -23.178  44.335 0.0000000000
53908  -12.535  -44.564  59.232 0.0000000000
52860  -11.615  -45.571  59.222 0.0000000000
47084  -8.033  -51.950  57.653 0.0000000000
47083  -7.568  -52.366  58.041 0.0000000000
45954  -7.054  -52.806  58.457 0.0000000000
45935  -4.878  -53.117  59.984 0.0000000000
45951  -4.651  -53.446  59.305 0.0000000000
45950  -3.926  -53.274  59.237 0.0000000000
56734  -33.706  -42.172  55.516 0.0000000000
78669  -43.453  -19.599  45.874 0.0000000000
80639  -43.573  -17.923  46.202 0.0000000000
81577  -43.693  -17.275  46.164 0.0000000000
81588  -44.911  -16.133  44.056 0.0000000000
81599  -45.680  -16.169  43.386 0.0000000000
66140  -37.581  -32.506  46.070 0.0000000000
66184  -39.078  -32.584  44.243 0.0000000000
55953  -20.832  -42.949  52.856 0.0000000000
55939  -20.613  -43.056  53.667 0.0000000000
56783  -20.449  -42.625  52.175 0.0000000000
49075  -7.336  -50.028  62.968 0.0000000000
49087  -6.824  -50.495  62.357 0.0000000000
60182  -34.389  -38.380  48.068 0.0000000000
57569  -29.005  -39.960  52.860 0.0000000000
58415  -28.595  -39.691  51.595 0.0000000000
58428  -27.890  -39.638  50.518 0.0000000000
59292  -27.746  -39.658  49.770 0.0000000000
52885  -24.107  -46.248  56.627 0.0000000000
52932  -24.215  -45.936  54.287 0.0000000000
52933  -24.715  -46.077  54.150 0.0000000000
82603  -46.553  -15.175  33.905 0.0000000000
80711  -49.127  -17.099  41.061 0.0000000000
80726  -49.106  -17.167  40.234 0.0000000000
81640  -49.855  -16.923  39.635 0.0000000000
70059  -39.962  -28.604  36.938 0.0000000000
70025  -43.083  -28.532  40.968 0.0000000000
71835  -43.918  -26.002  41.503 0.0000000000
72823  -43.667  -25.357  42.372 0.0000000000
73905  -43.619  -25.140  42.931 0.0000000000
74944  -43.577  -24.940  43.415 0.0000000000
55871  -15.784  -43.317  57.414 0.0000000000
55853  -15.862  -43.218  57.789 0.0000000000
51927  -12.673  -47.336  55.449 0.0000000000
58394  -35.716  -40.419  54.000 0.0000000000
57527  -30.231  -41.726  55.288 0.0000000000
56747  -31.469  -42.147  55.004 0.0000000000
57539  -29.869  -41.336  54.652 0.0000000000
57584  -30.747  -41.212  51.909 0.0000000000
57585  -31.593  -41.524  52.014 0.0000000000
54987  -27.667  -44.368  56.942 0.0000000000
74977  -39.007  -23.772  39.619 0.0000000000
75898  -38.918  -22.837  40.818 0.0000000000
76842  -38.600  -21.989  41.074 0.0000000000
76810  -39.568  -21.164  42.512 0.0000000000
77776  -39.286  -20.696  41.804 0.0000000000
77788  -38.677  -20.980  40.900 0.0000000000
78668  -42.659  -19.178  45.480 0.0000000000
78697  -41.665  -19.270  43.502 0.0000000000
78711  -41.558  -19.145  42.525 0.0000000000
78750  -41.125  -18.911  39.589 0.0000000000
79774  -41.824  -18.502  38.678 0.0000000000
80748  -44.656  -17.157  37.008 0.0000000000
80722  -45.684  -17.142  39.199 0.0000000000
80724  -47.437  -17.338  39.739 0.0000000000
80710  -48.384  -17.261  40.850 0.0000000000
80659  -46.286  -16.402  42.705 0.0000000000
80660  -47.148  -16.580  42.785 0.0000000000
80695  -47.627  -17.214  41.490 0.0000000000
81622  -49.103  -16.992  41.737 0.0000000000
65185  -31.939  -33.395  46.498 0.0000000000
66153  -31.771  -32.945  45.810 0.0000000000
66207  -35.560  -32.111  43.680 0.0000000000
66208  -36.577  -32.268  43.638 0.0000000000
66231  -34.919  -31.743  42.839 0.0000000000
67140  -34.372  -31.397  41.918 0.0000000000
67179  -35.848  -31.216  40.374 0.0000000000
67208  -39.548  -31.077  39.591 0.0000000000
68133  -40.428  -30.693  39.185 0.0000000000
66256  -40.979  -32.087  41.683 0.0000000000
67164  -41.199  -31.517  41.120 0.0000000000
67143  -42.134  -31.424  42.087 0.0000000000
67165  -41.826  -31.071  41.342 0.0000000000
68102  -41.802  -30.679  40.703 0.0000000000
69066  -42.552  -29.894  41.073 0.0000000000
69080  -42.420  -29.838  40.562 0.0000000000
70012  -43.136  -28.470  42.161 0.0000000000
70013  -43.084  -27.653  42.260 0.0000000000
55938  -20.134  -42.878  54.206 0.0000000000
56744  -19.671  -42.647  54.349 0.0000000000
56728  -19.396  -42.421  55.045 0.0000000000
55891  -16.857  -42.619  56.064 0.0000000000
55905  -16.346  -43.148  55.633 0.0000000000
55922  -16.375  -43.254  54.754 0.0000000000
54996  -15.850  -43.677  55.197 0.0000000000
85434  -56.064  -12.104  37.493 0.0000000000
62190  -31.976  -36.382  45.394 0.0000000000
63180  -31.614  -35.647  45.761 0.0000000000
65168  -31.708  -34.080  46.682 0.0000000000
59304  -34.108  -39.653  48.659 0.0000000000
61113  -35.129  -36.885  50.269 0.0000000000
61122  -35.124  -37.258  49.792 0.0000000000
61141  -34.320  -37.232  47.893 0.0000000000
62162  -34.172  -36.612  48.023 0.0000000000
64141  -32.280  -34.668  47.201 0.0000000000
65169  -32.335  -33.522  46.913 0.0000000000
66135  -32.981  -33.101  46.929 0.0000000000
66108  -34.170  -32.659  48.015 0.0000000000
66122  -34.364  -32.520  47.510 0.0000000000
66124  -36.377  -32.535  47.100 0.0000000000
65134  -36.138  -32.542  48.579 0.0000000000
65154  -36.924  -32.629  47.751 0.0000000000
66125  -37.283  -32.597  46.904 0.0000000000
55046  -27.328  -44.348  52.587 0.0000000000
57581  -26.815  -41.159  51.536 0.0000000000
58412  -26.608  -40.230  51.159 0.0000000000
57580  -26.598  -40.531  51.114 0.0000000000
57593  -26.992  -41.874  50.767 0.0000000000
56807  -26.791  -42.447  49.997 0.0000000000
55940  -21.287  -43.354  53.225 0.0000000000
55954  -21.300  -42.971  52.150 0.0000000000
55970  -21.345  -42.722  51.057 0.0000000000
81686  -46.295  -16.552  35.068 0.0000000000
82592  -46.915  -15.471  34.449 0.0000000000
83493  -46.927  -14.922  34.098 0.0000000000
80753  -48.974  -17.274  38.511 0.0000000000
80767  -48.891  -17.297  37.768 0.0000000000
81689  -48.786  -16.490  36.263 0.0000000000
81688  -48.178  -16.541  35.800 0.0000000000
83506  -47.626  -14.087  33.610 0.0000000000
84492  -48.258  -13.503  33.173 0.0000000000
83496  -49.691  -14.005  34.786 0.0000000000
84493  -49.484  -13.357  33.145 0.0000000000
84473  -52.469  -13.665  35.259 0.0000000000
85418  -55.163  -12.679  38.619 0.0000000000
50032  -9.999  -48.926  59.403 0.0000000000
50018  -9.475  -49.460  59.918 0.0000000000
50031  -9.575  -49.603  58.921 0.0000000000
49126  -9.297  -50.246  58.384 0.0000000000
48171  -9.000  -50.974  57.890 0.0000000000
48196  -9.060  -51.501  56.367 0.0000000000
48181  -8.544  -51.497  57.229 0.0000000000
66175  -30.522  -33.328  44.258 0.0000000000
67156  -32.956  -31.445  40.620 0.0000000000
73951  -38.966  -24.605  38.556 0.0000000000
70038  -42.975  -28.477  39.842 0.0000000000
70050  -42.169  -28.812  38.192 0.0000000000
70974  -43.144  -27.451  38.753 0.0000000000
70973  -42.550  -27.679  38.112 0.0000000000
72882  -40.662  -26.108  37.457 0.0000000000
72851  -41.889  -25.108  39.009 0.0000000000
73952  -39.938  -24.787  38.804 0.0000000000
73934  -39.455  -24.293  39.224 0.0000000000
74939  -40.332  -24.002  41.702 0.0000000000
75865  -41.193  -23.394  43.175 0.0000000000
76797  -42.268  -21.998  44.119 0.0000000000
77748  -42.645  -21.476  44.702 0.0000000000
77733  -43.117  -20.953  45.219 0.0000000000
75869  -43.612  -24.061  44.264 0.0000000000
50945  -10.237  -47.996  60.762 0.0000000000
51893  -10.421  -47.380  60.725 0.0000000000
50955  -10.332  -48.233  59.930 0.0000000000
50060  -10.315  -49.499  56.887 0.0000000000
50995  -12.122  -48.177  55.912 0.0000000000
49110  -8.910  -50.031  60.386 0.0000000000
49109  -8.171  -50.415  60.593 0.0000000000
48154  -7.835  -50.959  60.008 0.0000000000
49100  -7.783  -50.361  61.371 0.0000000000
49099  -7.241  -50.609  61.791 0.0000000000
48130  -6.766  -51.014  61.761 0.0000000000
45985  -7.076  -53.694  57.098 0.0000000000
47070  -6.852  -52.402  59.188 0.0000000000
47057  -6.538  -52.236  59.988 0.0000000000
47042  -6.284  -52.061  60.769 0.0000000000
48141  -6.333  -51.487  61.287 0.0000000000
48129  -6.170  -51.109  62.029 0.0000000000
48128  -5.335  -51.028  62.187 0.0000000000
48127  -4.871  -51.037  62.075 0.0000000000
49098  -4.288  -50.977  61.742 0.0000000000
48151  -4.517  -52.110  60.810 0.0000000000
48137  -3.625  -50.879  61.234 0.0000000000
42109  -4.539  -56.014  57.480 0.0000000000
45968  -3.661  -53.600  58.926 0.0000000000
44747  -3.998  -53.817  58.952 0.0000000000
45949  -3.522  -53.044  59.266 0.0000000000
47054  -4.176  -52.646  60.159 0.0000000000
47068  -3.444  -52.503  59.645 0.0000000000
49097  -3.910  -50.642  61.661 0.0000000000
49137  -9.364  -50.433  57.588 0.0000000000
50938  -9.829  -48.149  61.524 0.0000000000
53978  -24.259  -45.883  54.029 0.0000000000
55895  -27.573  -43.914  57.019 0.0000000000
58402  -26.827  -39.951  52.317 0.0000000000
65183  -30.923  -34.132  45.560 0.0000000000
65199  -30.353  -33.722  44.279 0.0000000000
66176  -30.736  -33.152  44.483 0.0000000000
66202  -30.528  -33.145  43.983 0.0000000000
67142  -36.032  -31.893  42.135 0.0000000000
67162  -38.977  -32.026  41.192 0.0000000000
68088  -42.654  -30.451  41.961 0.0000000000
68103  -42.361  -30.304  41.207 0.0000000000
68116  -41.424  -30.695  40.054 0.0000000000
69093  -42.048  -29.751  39.229 0.0000000000
69109  -41.046  -29.959  38.303 0.0000000000
71846  -43.954  -27.001  39.985 0.0000000000
72836  -43.947  -25.452  40.495 0.0000000000
73904  -43.527  -24.784  41.929 0.0000000000
74925  -42.445  -24.304  43.096 0.0000000000
74942  -43.013  -24.545  42.263 0.0000000000
74957  -39.338  -23.541  40.417 0.0000000000
74959  -41.188  -24.413  40.823 0.0000000000
74978  -39.847  -23.982  39.896 0.0000000000
76811  -40.205  -21.661  43.007 0.0000000000
76812  -40.950  -22.211  43.384 0.0000000000
77731  -41.679  -20.263  44.270 0.0000000000
77759  -39.792  -20.648  42.258 0.0000000000
77761  -40.913  -20.476  43.079 0.0000000000
78696  -41.374  -19.939  43.707 0.0000000000
78709  -40.713  -20.178  42.594 0.0000000000
79687  -43.559  -18.285  46.180 0.0000000000
79689  -44.681  -18.519  46.524 0.0000000000
79698  -43.217  -18.549  45.981 0.0000000000
80652  -42.401  -17.674  45.054 0.0000000000
80680  -47.744  -17.040  42.272 0.0000000000
80697  -49.122  -17.034  41.494 0.0000000000
81663  -50.340  -16.669  38.118 0.0000000000
83468  -49.198  -15.551  36.028 0.0000000000
