#!ascii label  , from subject 3420 vox2ras=TkReg
1351
35006  12.011  -58.814  60.822 0.0000000000
58425  44.226  -32.113  44.018 0.0000000000
43719  28.507  -50.181  59.096 0.0000000000
50634  31.903  -42.010  60.575 0.0000000000
43751  20.763  -49.606  57.513 0.0000000000
38839  17.302  -55.720  64.460 0.0000000000
70602  52.895  -20.175  42.807 0.0000000000
65016  52.253  -25.595  49.400 0.0000000000
53880  32.808  -37.725  51.588 0.0000000000
78175  58.420  -10.910  38.702 0.0000000000
42727  25.803  -50.926  63.085 0.0000000000
35969  15.855  -58.592  61.515 0.0000000000
67169  52.394  -22.822  45.549 0.0000000000
66193  47.658  -24.780  43.598 0.0000000000
54850  45.481  -36.898  47.624 0.0000000000
57480  50.041  -33.355  49.612 0.0000000000
53959  40.616  -37.545  47.331 0.0000000000
48303  32.431  -44.604  54.959 0.0000000000
46486  31.785  -47.065  59.470 0.0000000000
42731  22.156  -50.682  63.100 0.0000000000
39852  20.547  -53.296  64.994 0.0000000000
41821  18.827  -51.745  60.956 0.0000000000
38938  17.283  -54.860  57.429 0.0000000000
42814  24.820  -50.812  58.386 0.0000000000
72325  58.572  -17.773  43.182 0.0000000000
68916  58.054  -21.621  45.909 0.0000000000
62064  47.914  -28.901  46.653 0.0000000000
52929  38.147  -38.291  53.204 0.0000000000
52913  31.500  -38.954  56.029 0.0000000000
75222  56.518  -15.528  40.873 0.0000000000
74286  60.142  -14.966  37.985 0.0000000000
75276  58.960  -13.998  32.740 0.0000000000
41777  24.878  -52.071  64.764 0.0000000000
35005  14.421  -59.682  60.517 0.0000000000
32942  15.474  -61.075  63.358 0.0000000000
31921  13.522  -61.562  62.798 0.0000000000
67217  47.858  -23.139  41.410 0.0000000000
53896  44.694  -37.594  51.080 0.0000000000
54792  47.279  -36.313  51.577 0.0000000000
35934  7.808  -57.873  64.461 0.0000000000
54012  41.195  -37.180  44.676 0.0000000000
43746  29.697  -49.504  57.143 0.0000000000
45647  31.856  -47.542  57.726 0.0000000000
44682  30.522  -48.690  59.678 0.0000000000
42803  21.609  -50.262  60.004 0.0000000000
42750  20.070  -50.894  62.076 0.0000000000
43723  19.766  -49.950  59.129 0.0000000000
43749  22.693  -50.002  57.007 0.0000000000
42782  23.882  -50.612  60.301 0.0000000000
39855  18.163  -54.293  65.241 0.0000000000
71453  55.676  -18.413  43.809 0.0000000000
70588  57.959  -19.548  44.585 0.0000000000
69749  55.109  -19.954  45.362 0.0000000000
66152  52.312  -24.090  48.117 0.0000000000
68016  55.452  -23.102  48.545 0.0000000000
61091  44.096  -29.697  42.833 0.0000000000
62101  45.939  -28.649  43.368 0.0000000000
60153  46.256  -30.797  45.379 0.0000000000
52985  33.955  -38.085  49.722 0.0000000000
52965  36.177  -38.540  50.327 0.0000000000
53859  35.682  -38.398  52.041 0.0000000000
49853  32.387  -43.311  57.873 0.0000000000
50694  32.275  -41.978  54.848 0.0000000000
51400  31.893  -40.867  58.709 0.0000000000
70625  52.290  -19.122  40.672 0.0000000000
136748  54.081  -17.398  40.690 0.0000000000
136762  54.629  -18.013  42.064 0.0000000000
74253  57.320  -16.125  42.097 0.0000000000
78206  58.881  -11.538  33.495 0.0000000000
77228  58.576  -12.611  36.061 0.0000000000
75263  60.107  -14.545  35.191 0.0000000000
76229  58.707  -13.834  38.336 0.0000000000
43707  27.579  -50.267  60.865 0.0000000000
43699  28.709  -49.286  61.519 0.0000000000
43681  28.188  -49.732  63.264 0.0000000000
37843  16.566  -56.931  62.547 0.0000000000
34971  18.320  -58.469  63.742 0.0000000000
33977  16.641  -59.897  63.807 0.0000000000
68956  50.644  -21.170  41.458 0.0000000000
68919  52.664  -21.186  44.397 0.0000000000
68073  50.630  -22.261  43.011 0.0000000000
67178  50.787  -23.656  44.575 0.0000000000
64034  50.336  -26.106  45.821 0.0000000000
55758  45.552  -35.189  45.846 0.0000000000
57526  47.793  -33.735  46.586 0.0000000000
55693  47.816  -35.521  48.386 0.0000000000
52161  30.828  -39.570  50.684 0.0000000000
52086  32.405  -39.932  61.714 0.0000000000
35963  10.255  -57.626  61.662 0.0000000000
32945  11.530  -60.442  63.548 0.0000000000
34985  9.855  -58.596  64.144 0.0000000000
57594  42.728  -33.381  42.924 0.0000000000
55761  43.191  -35.903  44.994 0.0000000000
53957  42.532  -37.347  47.757 0.0000000000
53899  42.104  -37.301  50.600 0.0000000000
46564  32.102  -46.877  54.303 0.0000000000
47418  32.354  -45.561  57.376 0.0000000000
48241  32.221  -44.770  59.670 0.0000000000
45583  30.427  -47.658  61.956 0.0000000000
47341  31.420  -45.578  62.505 0.0000000000
41779  23.226  -51.869  64.988 0.0000000000
39837  22.212  -52.847  65.038 0.0000000000
41795  20.885  -51.219  64.299 0.0000000000
41797  19.207  -51.994  63.642 0.0000000000
40889  17.884  -53.082  61.876 0.0000000000
41844  18.410  -51.509  57.536 0.0000000000
40917  17.982  -52.917  59.005 0.0000000000
38893  17.165  -55.279  60.520 0.0000000000
36940  16.483  -56.758  59.601 0.0000000000
35991  15.058  -57.922  58.671 0.0000000000
35985  12.544  -57.763  58.808 0.0000000000
43765  28.108  -49.967  56.213 0.0000000000
42873  26.012  -50.188  55.653 0.0000000000
42812  26.811  -50.859  58.022 0.0000000000
42780  25.926  -50.949  60.255 0.0000000000
42729  24.024  -50.825  63.054 0.0000000000
68071  59.616  -22.483  43.679 0.0000000000
68906  55.167  -21.078  46.844 0.0000000000
66204  45.231  -25.499  42.160 0.0000000000
63093  48.711  -27.536  44.902 0.0000000000
64008  49.590  -27.044  48.093 0.0000000000
59227  49.193  -31.630  48.097 0.0000000000
61013  50.567  -29.605  49.658 0.0000000000
52999  37.870  -38.603  47.530 0.0000000000
53902  39.351  -37.883  50.289 0.0000000000
53836  41.273  -37.256  53.305 0.0000000000
51430  31.611  -40.701  53.086 0.0000000000
53844  32.187  -38.365  53.606 0.0000000000
53754  32.648  -38.202  59.024 0.0000000000
53784  33.265  -37.624  56.596 0.0000000000
53822  34.693  -38.102  54.374 0.0000000000
53799  37.541  -38.131  55.207 0.0000000000
53777  40.052  -37.425  56.105 0.0000000000
77209  57.666  -13.166  40.155 0.0000000000
75225  58.873  -14.546  40.276 0.0000000000
74264  59.861  -16.078  40.687 0.0000000000
40847  26.220  -52.361  64.819 0.0000000000
34017  13.036  -59.606  60.449 0.0000000000
32962  14.001  -60.813  61.712 0.0000000000
32964  12.616  -60.263  61.610 0.0000000000
53853  44.384  -37.639  52.599 0.0000000000
54794  46.028  -36.919  52.401 0.0000000000
36885  6.187  -56.804  63.496 0.0000000000
43731  29.162  -49.854  58.207 0.0000000000
44691  30.538  -49.028  58.646 0.0000000000
43718  29.487  -49.492  59.431 0.0000000000
43734  21.115  -49.929  58.559 0.0000000000
43722  20.550  -49.981  59.227 0.0000000000
43735  20.224  -49.746  58.366 0.0000000000
43769  22.183  -49.737  56.360 0.0000000000
43750  22.027  -49.925  57.729 0.0000000000
42817  22.422  -50.225  58.732 0.0000000000
38822  17.841  -54.959  65.470 0.0000000000
36876  17.903  -56.121  65.604 0.0000000000
70579  54.306  -19.157  43.488 0.0000000000
70592  55.101  -19.170  44.298 0.0000000000
69751  53.356  -20.106  44.105 0.0000000000
66140  51.948  -24.633  48.356 0.0000000000
67123  53.756  -24.043  49.174 0.0000000000
60177  44.031  -30.542  43.324 0.0000000000
61080  44.936  -29.993  44.099 0.0000000000
59267  45.089  -31.445  44.837 0.0000000000
53906  32.468  -37.723  50.694 0.0000000000
53905  33.277  -37.764  50.891 0.0000000000
53903  34.628  -38.177  51.001 0.0000000000
53861  34.237  -37.998  52.512 0.0000000000
49839  32.212  -42.689  59.244 0.0000000000
50671  32.044  -41.609  58.023 0.0000000000
51395  31.933  -41.163  59.815 0.0000000000
69785  52.434  -20.272  41.679 0.0000000000
136705  53.281  -18.944  41.014 0.0000000000
136733  53.361  -19.572  41.956 0.0000000000
71444  55.213  -18.169  43.110 0.0000000000
78193  58.441  -11.484  35.730 0.0000000000
78184  57.925  -11.382  37.967 0.0000000000
77223  58.198  -12.697  37.000 0.0000000000
78185  57.623  -12.158  38.371 0.0000000000
42743  26.435  -50.713  62.251 0.0000000000
42742  27.233  -50.321  62.328 0.0000000000
42726  26.677  -50.732  63.154 0.0000000000
36903  16.291  -57.707  62.476 0.0000000000
35941  16.843  -58.137  63.532 0.0000000000
34990  16.078  -59.266  62.967 0.0000000000
31913  15.361  -61.678  63.930 0.0000000000
32934  16.155  -61.048  64.113 0.0000000000
68968  48.593  -21.233  40.356 0.0000000000
68945  50.106  -21.656  41.682 0.0000000000
68099  48.800  -22.265  41.351 0.0000000000
67205  47.416  -23.928  42.345 0.0000000000
67191  49.117  -23.288  43.688 0.0000000000
67180  48.703  -24.030  44.114 0.0000000000
65059  50.951  -25.358  45.549 0.0000000000
65069  49.454  -25.591  44.501 0.0000000000
54860  45.835  -36.270  46.577 0.0000000000
55733  46.898  -35.401  46.592 0.0000000000
54841  46.552  -36.534  48.236 0.0000000000
69798  49.400  -20.115  40.194 0.0000000000
34993  10.068  -58.124  63.006 0.0000000000
34994  9.354  -57.825  63.258 0.0000000000
56711  41.624  -34.465  42.541 0.0000000000
56671  42.878  -34.856  43.834 0.0000000000
55789  41.805  -35.954  44.020 0.0000000000
53977  40.538  -37.725  46.240 0.0000000000
53995  42.173  -37.473  45.892 0.0000000000
53958  41.587  -37.384  47.544 0.0000000000
53939  42.639  -37.313  48.778 0.0000000000
53924  40.950  -37.350  49.464 0.0000000000
45678  31.606  -47.584  55.073 0.0000000000
46501  32.038  -46.800  58.619 0.0000000000
46516  32.216  -46.370  57.637 0.0000000000
47400  32.180  -45.949  58.457 0.0000000000
48251  32.319  -44.658  58.780 0.0000000000
47367  31.873  -45.787  60.536 0.0000000000
44652  29.122  -48.790  62.672 0.0000000000
44662  29.638  -48.456  61.706 0.0000000000
44651  29.626  -48.236  62.837 0.0000000000
46431  30.753  -46.769  63.176 0.0000000000
48213  31.661  -44.626  62.619 0.0000000000
42717  22.523  -50.883  63.889 0.0000000000
41794  21.917  -51.267  64.537 0.0000000000
42718  21.708  -50.892  63.864 0.0000000000
41820  19.280  -51.284  61.173 0.0000000000
41804  19.698  -51.397  63.028 0.0000000000
41813  18.784  -52.057  61.947 0.0000000000
40876  18.350  -52.553  62.519 0.0000000000
40888  18.354  -52.465  61.457 0.0000000000
43773  18.725  -50.176  56.567 0.0000000000
38950  17.593  -54.224  57.053 0.0000000000
40937  17.909  -52.838  57.287 0.0000000000
38923  17.773  -54.123  58.723 0.0000000000
38892  17.539  -54.449  60.377 0.0000000000
38909  17.298  -55.089  59.521 0.0000000000
37875  16.787  -56.179  60.591 0.0000000000
37909  16.954  -55.665  58.696 0.0000000000
35992  14.110  -57.852  58.344 0.0000000000
43764  29.131  -49.515  56.048 0.0000000000
43766  27.606  -50.082  55.979 0.0000000000
42848  24.479  -50.352  56.382 0.0000000000
42829  25.184  -50.691  57.378 0.0000000000
42828  26.152  -50.651  57.266 0.0000000000
42813  25.820  -50.846  58.257 0.0000000000
42797  26.487  -50.971  59.159 0.0000000000
42798  25.399  -50.891  59.291 0.0000000000
42764  23.302  -50.567  61.249 0.0000000000
42763  24.277  -50.774  61.243 0.0000000000
42730  23.096  -50.691  63.075 0.0000000000
42716  23.439  -50.939  63.877 0.0000000000
39851  21.453  -53.043  65.022 0.0000000000
33969  11.009  -60.459  64.944 0.0000000000
31909  12.002  -61.387  64.709 0.0000000000
71471  59.268  -18.676  42.730 0.0000000000
69759  57.901  -20.151  45.085 0.0000000000
69757  59.176  -21.114  44.297 0.0000000000
68925  59.047  -21.666  44.677 0.0000000000
68062  58.925  -22.502  45.109 0.0000000000
68056  52.239  -22.307  44.922 0.0000000000
68908  53.650  -21.182  45.786 0.0000000000
68047  53.404  -22.023  46.439 0.0000000000
68031  56.274  -22.924  48.167 0.0000000000
62076  46.970  -28.893  45.130 0.0000000000
63106  47.350  -27.623  43.462 0.0000000000
62086  48.147  -28.236  45.410 0.0000000000
63082  49.053  -27.343  46.371 0.0000000000
63068  48.715  -28.130  47.407 0.0000000000
57509  48.715  -33.552  47.545 0.0000000000
59247  48.271  -32.243  46.889 0.0000000000
58357  49.451  -32.511  48.443 0.0000000000
53017  36.087  -39.169  47.293 0.0000000000
52951  37.689  -38.297  51.269 0.0000000000
52963  38.316  -38.218  50.234 0.0000000000
52950  38.796  -38.055  51.466 0.0000000000
53875  40.521  -37.503  51.339 0.0000000000
53837  40.300  -37.499  53.300 0.0000000000
48321  32.383  -45.283  52.922 0.0000000000
49152  32.472  -43.647  53.465 0.0000000000
51416  31.671  -40.437  55.863 0.0000000000
50702  32.051  -41.220  54.422 0.0000000000
52137  31.477  -39.801  54.502 0.0000000000
52932  31.557  -39.137  53.834 0.0000000000
52922  31.571  -39.002  55.067 0.0000000000
52885  32.495  -38.873  60.123 0.0000000000
53767  34.982  -37.560  57.202 0.0000000000
53783  34.238  -37.699  56.406 0.0000000000
53782  35.197  -37.768  56.259 0.0000000000
53800  36.495  -38.171  55.197 0.0000000000
53765  36.790  -37.577  57.014 0.0000000000
136764  55.174  -16.419  40.811 0.0000000000
75227  57.725  -14.300  40.668 0.0000000000
76217  58.238  -13.708  40.055 0.0000000000
75221  57.515  -14.946  40.874 0.0000000000
73305  58.225  -16.892  42.792 0.0000000000
74258  59.018  -16.013  41.756 0.0000000000
73313  59.193  -16.814  42.042 0.0000000000
72350  59.928  -17.616  40.177 0.0000000000
77240  58.512  -12.414  33.276 0.0000000000
75251  59.915  -15.054  36.775 0.0000000000
74301  60.042  -15.550  36.183 0.0000000000
74276  60.449  -16.117  38.334 0.0000000000
42714  25.202  -51.237  63.783 0.0000000000
42712  26.966  -50.916  64.031 0.0000000000
41789  26.245  -51.522  64.312 0.0000000000
35004  15.224  -59.520  60.964 0.0000000000
34991  15.797  -59.469  62.463 0.0000000000
33996  15.248  -60.247  62.187 0.0000000000
32943  14.770  -61.304  62.993 0.0000000000
31914  14.599  -61.853  63.594 0.0000000000
67218  47.058  -23.866  41.286 0.0000000000
67206  46.822  -24.239  41.774 0.0000000000
53936  45.192  -37.372  49.514 0.0000000000
54833  46.493  -36.494  49.277 0.0000000000
54826  45.947  -36.989  50.761 0.0000000000
55646  47.129  -36.311  52.348 0.0000000000
35955  8.171  -57.219  62.744 0.0000000000
35956  7.608  -57.243  63.226 0.0000000000
35935  6.869  -57.798  64.809 0.0000000000
54911  40.728  -36.435  43.514 0.0000000000
53978  39.506  -38.151  45.875 0.0000000000
44708  31.087  -48.263  55.801 0.0000000000
44699  31.219  -48.428  57.039 0.0000000000
44690  31.164  -48.439  58.426 0.0000000000
45615  31.293  -47.742  59.926 0.0000000000
42784  21.909  -50.336  60.479 0.0000000000
42749  20.876  -50.585  62.187 0.0000000000
42785  21.126  -50.220  60.384 0.0000000000
42786  20.295  -50.353  60.420 0.0000000000
42804  19.122  -50.297  58.890 0.0000000000
37923  16.789  -55.624  57.652 0.0000000000
38952  15.965  -54.772  56.003 0.0000000000
43768  23.321  -49.990  56.305 0.0000000000
42831  23.202  -50.360  57.594 0.0000000000
42815  23.856  -50.701  58.481 0.0000000000
42816  23.090  -50.410  58.621 0.0000000000
42783  22.836  -50.455  60.236 0.0000000000
39853  19.774  -53.419  64.985 0.0000000000
72318  56.935  -17.881  43.885 0.0000000000
71462  58.624  -18.666  43.616 0.0000000000
71451  56.927  -18.591  44.446 0.0000000000
70589  57.234  -19.241  44.890 0.0000000000
69747  56.470  -20.248  45.938 0.0000000000
67163  52.128  -23.871  46.436 0.0000000000
68034  53.668  -22.435  47.237 0.0000000000
67136  53.600  -23.563  48.556 0.0000000000
67121  55.139  -24.128  49.310 0.0000000000
63121  44.786  -27.876  42.094 0.0000000000
62102  45.134  -28.686  43.019 0.0000000000
61078  46.254  -29.215  44.435 0.0000000000
61058  47.147  -29.799  46.048 0.0000000000
58342  50.642  -32.367  50.068 0.0000000000
53002  34.753  -38.633  48.532 0.0000000000
53001  35.805  -38.893  48.353 0.0000000000
52966  35.169  -38.408  50.500 0.0000000000
52953  35.871  -38.429  51.281 0.0000000000
52931  36.705  -38.417  52.691 0.0000000000
49104  32.515  -43.783  56.588 0.0000000000
49891  32.455  -42.833  55.237 0.0000000000
50680  32.332  -42.277  56.785 0.0000000000
50681  32.076  -41.448  56.989 0.0000000000
52121  31.546  -39.778  57.381 0.0000000000
70626  51.175  -18.504  40.086 0.0000000000
70635  51.070  -17.898  39.185 0.0000000000
136758  55.193  -16.572  41.086 0.0000000000
74260  57.101  -15.667  41.420 0.0000000000
136749  55.988  -16.666  41.948 0.0000000000
73302  56.622  -17.173  43.208 0.0000000000
79146  59.221  -10.708  35.551 0.0000000000
78198  58.936  -11.563  34.982 0.0000000000
76251  59.425  -13.422  33.941 0.0000000000
75266  60.061  -14.123  33.849 0.0000000000
76245  59.346  -13.549  35.507 0.0000000000
75252  59.383  -14.426  36.596 0.0000000000
75246  59.523  -14.602  37.554 0.0000000000
42778  27.922  -50.416  59.642 0.0000000000
43705  29.230  -49.235  60.511 0.0000000000
43700  27.762  -49.948  61.468 0.0000000000
43690  28.590  -49.252  62.556 0.0000000000
43680  28.783  -49.251  63.330 0.0000000000
37829  16.873  -56.537  63.512 0.0000000000
37815  17.667  -56.437  64.810 0.0000000000
36883  17.087  -57.201  63.890 0.0000000000
34972  17.696  -58.714  63.756 0.0000000000
33978  16.087  -60.378  63.513 0.0000000000
32924  16.686  -61.004  64.695 0.0000000000
69776  52.004  -20.766  41.940 0.0000000000
69762  52.771  -20.499  43.551 0.0000000000
68935  51.416  -21.656  42.780 0.0000000000
68072  51.297  -22.049  43.283 0.0000000000
68057  51.729  -22.855  44.740 0.0000000000
68087  48.901  -22.742  42.309 0.0000000000
68065  50.171  -22.987  43.818 0.0000000000
67170  51.807  -23.519  45.320 0.0000000000
66167  51.747  -24.451  45.952 0.0000000000
65041  51.210  -25.088  47.148 0.0000000000
65031  51.220  -25.459  48.382 0.0000000000
57562  44.586  -33.457  44.807 0.0000000000
58393  45.692  -32.591  45.412 0.0000000000
57528  46.458  -34.026  46.066 0.0000000000
56601  47.858  -34.551  46.975 0.0000000000
56561  48.992  -34.626  49.390 0.0000000000
55671  47.857  -35.610  50.182 0.0000000000
55670  48.729  -35.239  50.554 0.0000000000
56540  49.646  -34.331  50.289 0.0000000000
53881  32.018  -37.876  51.276 0.0000000000
51385  31.938  -41.084  60.985 0.0000000000
70636  49.830  -18.954  39.208 0.0000000000
70627  50.124  -19.290  40.065 0.0000000000
69787  50.561  -20.507  40.998 0.0000000000
80033  59.685  -9.614  38.125 0.0000000000
79126  59.303  -10.169  39.277 0.0000000000
35007  11.380  -58.347  60.844 0.0000000000
33998  12.042  -59.938  62.245 0.0000000000
34992  10.776  -58.890  62.722 0.0000000000
33980  10.455  -59.364  64.232 0.0000000000
33970  10.494  -59.788  65.240 0.0000000000
34975  8.827  -58.334  65.006 0.0000000000
59284  43.312  -31.492  43.093 0.0000000000
58441  42.559  -32.598  42.592 0.0000000000
57579  43.743  -33.395  43.816 0.0000000000
56670  43.584  -34.437  44.191 0.0000000000
55760  43.932  -35.511  45.168 0.0000000000
54861  44.524  -36.685  46.394 0.0000000000
54879  41.779  -37.005  44.929 0.0000000000
54862  43.206  -37.005  46.095 0.0000000000
53955  44.393  -37.344  48.139 0.0000000000
53938  43.543  -37.468  48.962 0.0000000000
53897  43.872  -37.554  50.892 0.0000000000
53872  43.256  -37.540  51.655 0.0000000000
47475  32.437  -45.479  54.424 0.0000000000
45662  32.273  -47.070  56.079 0.0000000000
46545  32.433  -46.343  55.715 0.0000000000
48286  32.496  -44.606  55.978 0.0000000000
49090  32.464  -43.845  57.502 0.0000000000
49069  32.294  -43.604  59.439 0.0000000000
49827  32.083  -42.844  60.116 0.0000000000
44672  29.775  -48.721  60.614 0.0000000000
44671  30.376  -48.286  60.762 0.0000000000
46472  31.302  -46.993  60.995 0.0000000000
45564  30.436  -47.392  62.862 0.0000000000
46445  30.828  -46.903  62.368 0.0000000000
46457  31.498  -46.450  61.170 0.0000000000
48219  31.781  -44.930  61.891 0.0000000000
49054  31.897  -43.968  61.734 0.0000000000
49813  31.882  -42.967  62.158 0.0000000000
40837  23.901  -52.771  65.100 0.0000000000
40851  22.795  -52.358  65.167 0.0000000000
40852  21.896  -52.495  65.166 0.0000000000
40853  20.678  -52.663  65.062 0.0000000000
42733  20.390  -50.883  62.846 0.0000000000
41796  19.850  -51.762  64.086 0.0000000000
40854  19.469  -52.680  64.658 0.0000000000
40855  18.757  -53.094  64.593 0.0000000000
40867  17.857  -53.411  63.710 0.0000000000
39886  17.572  -53.973  63.287 0.0000000000
43753  19.133  -49.861  57.320 0.0000000000
42819  18.778  -50.735  58.130 0.0000000000
41835  18.482  -51.639  58.569 0.0000000000
41855  18.009  -52.081  56.964 0.0000000000
41845  18.170  -52.221  57.895 0.0000000000
40908  18.154  -52.322  60.063 0.0000000000
40900  17.924  -52.969  60.859 0.0000000000
39919  17.727  -53.769  61.163 0.0000000000
38860  17.278  -54.745  62.508 0.0000000000
38877  17.039  -55.512  61.585 0.0000000000
37860  16.649  -56.528  61.624 0.0000000000
36929  15.971  -57.980  60.483 0.0000000000
36958  16.262  -56.417  57.893 0.0000000000
36941  16.010  -57.590  59.617 0.0000000000
35976  15.674  -58.727  60.577 0.0000000000
35020  14.452  -58.895  59.564 0.0000000000
35021  13.640  -58.815  59.349 0.0000000000
35023  12.372  -58.156  59.363 0.0000000000
35015  11.512  -58.022  60.287 0.0000000000
35971  10.478  -57.284  60.805 0.0000000000
44710  29.666  -49.246  55.969 0.0000000000
43747  28.787  -49.948  57.132 0.0000000000
43732  28.320  -50.281  58.021 0.0000000000
42845  27.218  -50.235  56.137 0.0000000000
42811  27.595  -50.514  57.648 0.0000000000
42796  27.603  -50.689  58.841 0.0000000000
42779  27.193  -50.689  60.244 0.0000000000
42761  26.251  -50.831  61.273 0.0000000000
42744  25.559  -50.966  62.191 0.0000000000
42781  24.868  -50.841  60.288 0.0000000000
42745  24.617  -50.926  62.167 0.0000000000
42728  24.924  -50.999  63.044 0.0000000000
42715  24.332  -51.114  63.821 0.0000000000
41778  24.068  -51.961  64.916 0.0000000000
32944  12.203  -60.971  63.298 0.0000000000
31908  12.724  -61.959  64.398 0.0000000000
70599  59.379  -19.527  43.119 0.0000000000
68918  53.307  -20.748  44.907 0.0000000000
69737  55.097  -20.497  46.156 0.0000000000
69735  56.662  -20.891  46.507 0.0000000000
68033  54.545  -22.281  47.753 0.0000000000
68890  56.755  -22.427  47.527 0.0000000000
68055  57.894  -22.246  46.352 0.0000000000
66217  45.423  -24.756  41.288 0.0000000000
66194  46.731  -25.180  43.092 0.0000000000
64063  46.211  -26.905  42.641 0.0000000000
64062  46.952  -26.803  43.160 0.0000000000
65071  47.993  -25.742  44.051 0.0000000000
64045  49.754  -26.503  45.028 0.0000000000
64024  50.135  -26.255  46.711 0.0000000000
64006  50.953  -26.240  49.033 0.0000000000
59249  47.072  -31.797  46.017 0.0000000000
60132  47.856  -30.775  46.708 0.0000000000
61035  48.540  -29.816  47.545 0.0000000000
59215  50.482  -31.536  49.584 0.0000000000
60107  49.863  -30.086  48.877 0.0000000000
62044  48.750  -29.118  47.914 0.0000000000
62042  49.874  -28.282  48.847 0.0000000000
63043  51.573  -27.387  49.910 0.0000000000
53032  38.017  -38.791  45.464 0.0000000000
53943  38.815  -38.188  47.966 0.0000000000
53000  36.872  -38.803  48.053 0.0000000000
53926  39.007  -38.004  49.169 0.0000000000
53925  40.007  -37.631  49.322 0.0000000000
53900  41.184  -37.360  50.472 0.0000000000
53874  41.455  -37.324  51.453 0.0000000000
53835  42.220  -37.312  53.326 0.0000000000
50701  32.336  -41.979  53.853 0.0000000000
52160  31.070  -39.594  51.589 0.0000000000
52943  31.558  -38.903  52.541 0.0000000000
53843  32.976  -37.828  53.509 0.0000000000
52099  32.042  -40.299  60.331 0.0000000000
52893  32.000  -39.256  58.825 0.0000000000
52906  32.017  -38.446  57.692 0.0000000000
53769  33.173  -37.578  57.699 0.0000000000
53785  32.238  -37.996  56.882 0.0000000000
53804  32.546  -37.867  55.691 0.0000000000
53823  33.706  -37.897  54.484 0.0000000000
53842  33.961  -37.976  53.461 0.0000000000
53841  34.928  -38.270  53.328 0.0000000000
53820  36.949  -38.379  54.012 0.0000000000
53819  38.000  -38.236  54.390 0.0000000000
53763  38.689  -37.541  57.034 0.0000000000
53778  39.082  -37.614  56.125 0.0000000000
53818  38.884  -38.082  54.240 0.0000000000
53816  40.814  -37.284  54.230 0.0000000000
78172  58.581  -11.085  40.021 0.0000000000
78177  57.629  -12.130  39.293 0.0000000000
76230  58.281  -13.345  38.811 0.0000000000
76221  59.165  -14.196  38.834 0.0000000000
75229  59.569  -14.564  39.209 0.0000000000
74259  58.150  -15.624  41.589 0.0000000000
74265  59.154  -15.313  40.953 0.0000000000
73331  60.374  -16.268  39.148 0.0000000000
39847  24.816  -53.139  64.806 0.0000000000
39846  25.742  -52.888  64.733 0.0000000000
34018  12.444  -59.124  60.442 0.0000000000
34007  13.183  -60.079  61.044 0.0000000000
34008  12.268  -59.529  61.236 0.0000000000
53852  45.103  -37.523  52.686 0.0000000000
43730  29.987  -49.434  58.364 0.0000000000
43770  21.213  -49.446  56.554 0.0000000000
38838  17.432  -55.230  64.618 0.0000000000
37810  17.910  -55.662  65.830 0.0000000000
37814  17.677  -55.881  65.138 0.0000000000
70593  53.385  -19.596  43.074 0.0000000000
70578  54.652  -19.328  44.175 0.0000000000
65030  51.953  -24.971  48.775 0.0000000000
66126  53.072  -24.801  49.367 0.0000000000
65015  53.395  -25.339  49.842 0.0000000000
59283  44.060  -31.434  43.707 0.0000000000
59268  44.551  -31.409  44.307 0.0000000000
53879  33.680  -37.863  51.700 0.0000000000
50648  32.001  -42.098  59.744 0.0000000000
136702  52.744  -20.166  41.846 0.0000000000
35968  15.965  -58.118  61.748 0.0000000000
35951  16.247  -58.416  62.858 0.0000000000
35961  15.885  -58.815  62.260 0.0000000000
68958  48.995  -21.540  40.872 0.0000000000
68108  48.577  -21.859  40.732 0.0000000000
67193  47.585  -24.166  43.137 0.0000000000
67192  48.350  -23.622  43.459 0.0000000000
66192  48.323  -24.374  44.041 0.0000000000
66180  48.961  -24.682  44.330 0.0000000000
66181  48.281  -25.004  44.163 0.0000000000
54849  46.731  -36.213  47.137 0.0000000000
35954  9.217  -57.557  62.683 0.0000000000
56728  41.172  -34.314  42.085 0.0000000000
56712  40.942  -34.799  42.238 0.0000000000
55808  41.520  -35.497  43.329 0.0000000000
53976  41.485  -37.550  46.523 0.0000000000
53940  41.711  -37.236  48.592 0.0000000000
53941  40.759  -37.419  48.413 0.0000000000
47382  32.004  -46.090  59.437 0.0000000000
44638  29.273  -48.762  63.479 0.0000000000
42769  19.235  -51.117  60.684 0.0000000000
38937  17.699  -54.229  57.948 0.0000000000
38924  17.452  -54.899  58.476 0.0000000000
42830  24.213  -50.678  57.515 0.0000000000
42747  22.728  -50.582  62.199 0.0000000000
32926  10.803  -60.385  65.662 0.0000000000
32925  11.317  -61.053  65.354 0.0000000000
72335  59.190  -17.757  42.430 0.0000000000
71481  59.613  -18.513  41.863 0.0000000000
72324  59.037  -18.126  42.914 0.0000000000
69745  58.210  -21.116  45.469 0.0000000000
69758  58.562  -20.625  44.742 0.0000000000
68926  58.572  -21.664  45.324 0.0000000000
68048  52.856  -22.225  45.835 0.0000000000
62075  47.421  -28.777  45.640 0.0000000000
62087  47.703  -28.345  44.764 0.0000000000
62074  48.029  -28.476  46.073 0.0000000000
63075  48.513  -28.136  46.691 0.0000000000
62056  48.366  -28.887  47.322 0.0000000000
56580  49.315  -33.728  48.650 0.0000000000
57495  49.199  -33.337  48.247 0.0000000000
57494  49.578  -33.256  48.848 0.0000000000
53018  35.021  -39.003  47.425 0.0000000000
52940  37.975  -38.264  52.309 0.0000000000
52939  38.794  -38.119  52.704 0.0000000000
53858  39.752  -37.741  52.248 0.0000000000
53838  39.386  -37.907  53.393 0.0000000000
48320  32.437  -44.701  53.780 0.0000000000
48337  32.429  -44.488  52.559 0.0000000000
49136  32.475  -43.714  54.548 0.0000000000
52126  31.439  -39.692  56.422 0.0000000000
51420  31.707  -40.475  54.945 0.0000000000
52131  31.466  -39.711  55.470 0.0000000000
53750  35.646  -37.377  57.913 0.0000000000
53766  35.878  -37.549  57.062 0.0000000000
53781  36.163  -37.816  56.161 0.0000000000
136765  55.772  -15.738  40.534 0.0000000000
136738  55.859  -15.291  40.251 0.0000000000
76219  56.521  -14.907  40.453 0.0000000000
76212  56.803  -14.509  40.623 0.0000000000
72326  57.875  -17.294  43.227 0.0000000000
72336  58.806  -17.082  42.600 0.0000000000
72345  59.551  -17.481  41.492 0.0000000000
76256  58.424  -13.294  32.727 0.0000000000
76257  58.238  -12.773  32.080 0.0000000000
75291  58.739  -13.919  32.147 0.0000000000
75290  59.295  -14.449  32.164 0.0000000000
75245  60.094  -15.192  37.428 0.0000000000
74292  60.195  -15.726  37.040 0.0000000000
74285  60.316  -15.634  37.837 0.0000000000
41790  25.470  -51.624  64.322 0.0000000000
41776  25.791  -51.989  64.698 0.0000000000
34005  15.011  -60.023  61.543 0.0000000000
32954  13.416  -61.131  62.159 0.0000000000
32953  14.406  -61.100  62.339 0.0000000000
31920  14.190  -61.633  63.003 0.0000000000
31915  13.587  -61.967  63.553 0.0000000000
66233  46.607  -23.941  40.753 0.0000000000
66216  46.383  -24.326  41.241 0.0000000000
53919  45.298  -37.382  50.439 0.0000000000
53895  45.418  -37.384  51.317 0.0000000000
36893  7.186  -56.843  62.743 0.0000000000
35944  7.057  -57.311  63.741 0.0000000000
35945  6.137  -57.331  64.295 0.0000000000
44709  30.274  -48.988  56.249 0.0000000000
44700  30.567  -49.075  57.642 0.0000000000
44681  31.203  -48.168  59.250 0.0000000000
42766  21.433  -50.397  61.324 0.0000000000
43710  20.143  -50.085  59.777 0.0000000000
42787  19.490  -50.584  59.948 0.0000000000
42849  23.798  -50.403  56.944 0.0000000000
42832  22.692  -50.248  58.174 0.0000000000
43733  21.791  -50.109  58.927 0.0000000000
42802  22.061  -50.276  59.581 0.0000000000
39854  18.735  -53.707  64.992 0.0000000000
38820  19.188  -54.323  64.998 0.0000000000
72311  56.360  -18.113  43.891 0.0000000000
72310  56.618  -18.297  44.154 0.0000000000
69760  54.962  -19.584  44.769 0.0000000000
70591  55.677  -19.302  44.790 0.0000000000
70576  56.148  -19.696  45.403 0.0000000000
70575  56.918  -19.738  45.437 0.0000000000
69748  55.708  -20.111  45.799 0.0000000000
67152  52.709  -23.475  47.405 0.0000000000
67137  52.760  -23.817  48.255 0.0000000000
67122  54.302  -23.996  49.278 0.0000000000
62114  44.224  -28.872  42.204 0.0000000000
62113  44.833  -28.607  42.469 0.0000000000
62103  44.620  -29.095  42.805 0.0000000000
61070  45.705  -30.107  44.656 0.0000000000
61079  45.621  -29.516  44.145 0.0000000000
61069  46.347  -29.696  45.079 0.0000000000
61059  46.624  -30.280  45.595 0.0000000000
53003  33.682  -38.135  48.806 0.0000000000
52984  34.564  -38.376  49.565 0.0000000000
53877  35.139  -38.321  51.481 0.0000000000
52942  36.348  -38.401  52.065 0.0000000000
49867  32.411  -42.990  57.249 0.0000000000
49880  32.463  -42.913  56.240 0.0000000000
51405  31.791  -40.685  57.704 0.0000000000
51411  31.688  -40.520  56.762 0.0000000000
52114  31.744  -39.936  58.338 0.0000000000
136729  53.967  -18.376  41.445 0.0000000000
136755  54.813  -17.260  41.388 0.0000000000
136753  55.696  -16.877  41.950 0.0000000000
136742  55.360  -17.281  42.108 0.0000000000
136752  55.769  -17.416  42.726 0.0000000000
73296  56.176  -17.756  43.468 0.0000000000
72319  56.516  -17.723  43.622 0.0000000000
77234  58.987  -12.518  35.255 0.0000000000
77236  59.192  -12.461  34.508 0.0000000000
76248  59.564  -13.299  34.763 0.0000000000
76234  58.707  -13.797  37.267 0.0000000000
76238  58.946  -13.602  36.368 0.0000000000
43706  28.299  -49.943  60.348 0.0000000000
43691  27.934  -49.730  62.403 0.0000000000
34973  17.065  -58.889  63.828 0.0000000000
33967  17.929  -59.672  63.939 0.0000000000
33968  17.298  -59.733  64.016 0.0000000000
33987  15.793  -60.152  62.904 0.0000000000
68955  51.121  -21.218  41.656 0.0000000000
68943  51.439  -21.331  42.027 0.0000000000
68086  49.833  -22.176  42.188 0.0000000000
68085  50.509  -21.948  42.421 0.0000000000
68064  51.463  -22.469  43.997 0.0000000000
67227  47.682  -22.836  40.803 0.0000000000
68100  48.074  -22.662  40.974 0.0000000000
67216  48.492  -22.891  41.840 0.0000000000
67179  49.394  -23.686  44.166 0.0000000000
68066  49.488  -23.165  43.757 0.0000000000
67171  51.181  -24.085  45.096 0.0000000000
65049  51.401  -25.056  46.257 0.0000000000
65050  50.786  -25.619  46.475 0.0000000000
56641  45.355  -34.511  45.501 0.0000000000
57546  45.176  -33.586  45.242 0.0000000000
56620  45.993  -34.562  45.988 0.0000000000
54848  47.258  -35.792  47.373 0.0000000000
55732  47.463  -35.125  46.873 0.0000000000
55712  47.712  -35.271  47.508 0.0000000000
55711  48.299  -34.973  48.113 0.0000000000
55692  48.479  -35.123  48.844 0.0000000000
54825  46.507  -36.500  50.241 0.0000000000
54824  47.107  -35.962  49.744 0.0000000000
54807  47.237  -36.179  50.659 0.0000000000
55669  49.222  -35.000  51.160 0.0000000000
56541  48.933  -34.819  49.987 0.0000000000
56539  50.271  -34.001  51.190 0.0000000000
52955  30.788  -39.035  50.261 0.0000000000
52954  31.355  -38.632  51.138 0.0000000000
70637  48.861  -19.686  39.141 0.0000000000
69788  49.868  -20.556  40.713 0.0000000000
69786  51.604  -20.467  41.342 0.0000000000
35962  10.828  -57.861  61.166 0.0000000000
33999  11.405  -59.257  62.085 0.0000000000
34999  10.846  -58.352  61.909 0.0000000000
33990  10.466  -58.934  63.460 0.0000000000
34974  9.926  -58.929  65.193 0.0000000000
35943  7.984  -57.590  63.602 0.0000000000
35933  8.546  -57.881  64.086 0.0000000000
59299  42.972  -30.946  42.775 0.0000000000
59300  42.503  -31.504  42.450 0.0000000000
57595  42.108  -33.462  42.446 0.0000000000
58442  41.864  -32.541  42.127 0.0000000000
58427  43.094  -32.558  43.035 0.0000000000
57580  43.251  -33.310  43.405 0.0000000000
56691  43.372  -33.848  43.690 0.0000000000
55788  42.574  -35.686  44.255 0.0000000000
55787  43.441  -35.315  44.651 0.0000000000
54876  44.240  -36.051  45.630 0.0000000000
54877  43.617  -36.351  45.547 0.0000000000
54895  41.086  -36.728  44.137 0.0000000000
53975  42.454  -37.448  46.663 0.0000000000
54863  42.639  -37.265  45.913 0.0000000000
53974  43.410  -37.376  46.989 0.0000000000
53956  43.431  -37.377  47.987 0.0000000000
53922  42.791  -37.396  49.769 0.0000000000
53898  42.996  -37.474  50.733 0.0000000000
53873  42.378  -37.344  51.551 0.0000000000
46583  32.378  -46.216  54.052 0.0000000000
47494  32.381  -45.735  53.512 0.0000000000
46563  32.458  -46.218  54.819 0.0000000000
45663  31.783  -47.711  56.439 0.0000000000
46515  32.298  -46.056  57.263 0.0000000000
46529  32.331  -46.263  56.772 0.0000000000
47437  32.444  -45.468  56.364 0.0000000000
48272  32.489  -44.642  56.949 0.0000000000
48262  32.388  -44.624  57.881 0.0000000000
49068  32.330  -44.262  59.114 0.0000000000
49060  32.143  -43.811  60.530 0.0000000000
43698  29.318  -48.900  61.078 0.0000000000
44661  30.365  -48.006  61.323 0.0000000000
45601  30.977  -47.587  60.855 0.0000000000
47331  31.049  -46.045  63.330 0.0000000000
47342  31.009  -46.293  62.668 0.0000000000
46444  31.248  -46.303  61.967 0.0000000000
47354  31.685  -45.652  61.524 0.0000000000
40850  23.584  -52.408  65.117 0.0000000000
40838  23.245  -52.700  65.091 0.0000000000
41780  22.320  -51.818  65.049 0.0000000000
41781  21.298  -51.802  65.054 0.0000000000
41782  20.382  -51.961  64.785 0.0000000000
40865  19.240  -52.282  64.121 0.0000000000
40877  17.825  -53.180  62.954 0.0000000000
42833  18.547  -50.861  57.036 0.0000000000
43754  18.812  -50.328  57.408 0.0000000000
41866  17.939  -51.832  56.005 0.0000000000
40949  17.842  -52.764  56.344 0.0000000000
40925  17.953  -52.894  58.182 0.0000000000
41836  18.165  -52.342  58.802 0.0000000000
41828  18.097  -52.473  59.368 0.0000000000
40909  17.951  -52.730  59.887 0.0000000000
38876  17.427  -54.607  61.406 0.0000000000
38861  16.891  -55.791  62.797 0.0000000000
36928  16.374  -57.124  60.582 0.0000000000
37924  15.841  -55.968  57.112 0.0000000000
36949  15.836  -57.192  58.569 0.0000000000
35990  15.600  -57.808  59.079 0.0000000000
35982  15.369  -58.431  59.557 0.0000000000
35984  13.431  -58.262  58.744 0.0000000000
35022  12.784  -58.507  59.273 0.0000000000
35013  12.948  -59.049  59.857 0.0000000000
35978  11.476  -57.565  59.766 0.0000000000
36930  10.930  -56.946  59.658 0.0000000000
35970  11.065  -57.754  60.499 0.0000000000
35979  10.863  -57.258  60.170 0.0000000000
43748  28.108  -50.236  57.159 0.0000000000
42872  26.786  -50.165  55.658 0.0000000000
42846  26.463  -50.387  56.381 0.0000000000
42827  26.987  -50.500  57.048 0.0000000000
42762  25.257  -50.984  61.242 0.0000000000
42800  23.492  -50.541  59.392 0.0000000000
42799  24.401  -50.730  59.362 0.0000000000
42746  23.681  -50.707  62.174 0.0000000000
41792  23.754  -51.457  64.468 0.0000000000
40849  24.288  -52.495  65.009 0.0000000000
39849  23.303  -53.274  64.862 0.0000000000
35931  17.985  -57.579  64.102 0.0000000000
36880  18.017  -56.638  65.024 0.0000000000
35930  18.512  -57.270  64.251 0.0000000000
33988  11.923  -60.345  62.918 0.0000000000
31907  13.801  -62.622  64.403 0.0000000000
31899  13.377  -62.860  64.923 0.0000000000
70601  58.471  -19.210  44.104 0.0000000000
70600  58.984  -19.521  43.777 0.0000000000
68933  59.455  -21.658  44.034 0.0000000000
68927  52.162  -21.387  43.662 0.0000000000
68907  54.454  -21.094  46.390 0.0000000000
69738  54.497  -20.529  45.720 0.0000000000
69736  55.844  -20.646  46.422 0.0000000000
68905  55.998  -21.266  47.065 0.0000000000
68018  53.960  -22.814  47.971 0.0000000000
68032  55.386  -22.404  48.100 0.0000000000
68046  57.499  -22.580  47.054 0.0000000000
68045  57.999  -22.870  46.466 0.0000000000
66218  44.604  -25.365  41.365 0.0000000000
66203  46.361  -24.709  42.229 0.0000000000
66195  46.043  -25.475  42.691 0.0000000000
63108  45.651  -27.874  42.495 0.0000000000
63120  45.231  -27.386  42.203 0.0000000000
63107  46.541  -27.747  43.032 0.0000000000
63094  48.044  -27.548  44.077 0.0000000000
64047  47.816  -26.690  43.596 0.0000000000
65079  47.236  -25.861  43.466 0.0000000000
64046  48.762  -26.509  44.189 0.0000000000
64016  49.388  -27.099  47.560 0.0000000000
64025  49.524  -26.889  46.914 0.0000000000
64015  49.935  -26.476  47.623 0.0000000000
65032  50.417  -25.999  48.025 0.0000000000
64007  50.298  -26.625  48.531 0.0000000000
57544  46.651  -33.409  46.051 0.0000000000
58392  46.508  -32.665  45.846 0.0000000000
58383  47.331  -32.874  46.205 0.0000000000
59238  48.556  -31.687  47.264 0.0000000000
59248  47.897  -31.780  46.548 0.0000000000
59239  48.126  -31.230  46.951 0.0000000000
60131  48.298  -30.665  47.192 0.0000000000
60119  48.874  -30.695  47.804 0.0000000000
61012  51.193  -29.666  50.259 0.0000000000
60100  50.761  -30.574  49.945 0.0000000000
61021  50.075  -29.563  49.095 0.0000000000
61022  49.605  -29.607  48.679 0.0000000000
62029  49.832  -28.943  48.877 0.0000000000
62028  50.343  -28.612  49.333 0.0000000000
53016  37.049  -39.022  46.919 0.0000000000
53015  37.910  -38.763  46.424 0.0000000000
53961  38.712  -38.315  46.808 0.0000000000
52982  36.570  -38.647  49.230 0.0000000000
53901  40.276  -37.563  50.344 0.0000000000
53857  40.833  -37.400  52.345 0.0000000000
53856  41.802  -37.224  52.407 0.0000000000
49904  32.464  -42.804  54.201 0.0000000000
51424  31.717  -40.567  54.015 0.0000000000
50710  32.044  -41.305  53.465 0.0000000000
50717  32.030  -41.520  52.448 0.0000000000
51436  31.521  -40.841  52.228 0.0000000000
52151  31.274  -39.941  52.646 0.0000000000
53863  32.232  -38.048  52.338 0.0000000000
52087  32.162  -40.321  61.069 0.0000000000
52098  32.313  -39.671  60.730 0.0000000000
53734  32.644  -38.432  59.582 0.0000000000
52886  32.196  -39.292  59.512 0.0000000000
52892  32.362  -38.750  59.253 0.0000000000
52900  31.778  -39.097  57.967 0.0000000000
52899  32.203  -38.590  58.477 0.0000000000
53768  34.078  -37.520  57.407 0.0000000000
53752  33.997  -37.434  58.419 0.0000000000
53802  34.455  -37.878  55.396 0.0000000000
53803  33.480  -37.749  55.528 0.0000000000
53747  38.265  -37.344  57.894 0.0000000000
53746  39.235  -37.342  57.929 0.0000000000
53797  39.464  -37.664  55.193 0.0000000000
53817  39.861  -37.605  54.258 0.0000000000
53796  40.416  -37.344  55.167 0.0000000000
71490  53.285  -16.847  39.907 0.0000000000
77208  57.534  -12.559  39.919 0.0000000000
77212  57.745  -12.760  39.469 0.0000000000
77211  57.848  -12.803  39.022 0.0000000000
76223  58.010  -13.240  39.666 0.0000000000
76216  58.777  -14.145  39.871 0.0000000000
75230  59.248  -14.527  39.837 0.0000000000
73320  59.527  -16.405  41.342 0.0000000000
74270  59.978  -15.333  39.956 0.0000000000
73325  60.113  -16.605  40.025 0.0000000000
79155  59.479  -10.792  33.846 0.0000000000
79158  59.251  -10.789  33.149 0.0000000000
75265  60.229  -14.563  34.485 0.0000000000
34016  13.751  -59.840  60.590 0.0000000000
34006  14.224  -60.249  61.115 0.0000000000
32963  13.303  -60.652  61.560 0.0000000000
53870  44.888  -37.606  51.927 0.0000000000
43717  30.174  -49.210  59.048 0.0000000000
43721  21.313  -50.175  59.547 0.0000000000
38821  18.482  -54.803  65.518 0.0000000000
36879  18.534  -56.433  65.022 0.0000000000
71454  54.933  -18.783  43.711 0.0000000000
69761  54.738  -19.532  44.512 0.0000000000
69750  54.291  -20.039  44.755 0.0000000000
66139  52.619  -24.419  48.778 0.0000000000
66125  53.840  -24.569  49.535 0.0000000000
61090  44.786  -29.641  43.473 0.0000000000
60164  44.528  -30.564  43.946 0.0000000000
60163  45.140  -30.520  44.451 0.0000000000
60154  45.695  -30.682  44.955 0.0000000000
53928  32.986  -37.769  50.086 0.0000000000
53927  33.677  -37.920  50.276 0.0000000000
52967  34.338  -38.155  50.345 0.0000000000
53904  34.022  -37.949  50.983 0.0000000000
53878  34.462  -38.083  51.675 0.0000000000
53860  35.061  -38.306  52.345 0.0000000000
49854  32.283  -42.680  58.274 0.0000000000
50660  32.128  -41.826  58.977 0.0000000000
70616  52.567  -19.734  41.231 0.0000000000
70624  52.791  -19.351  40.972 0.0000000000
136700  52.880  -19.603  41.338 0.0000000000
136704  53.227  -19.439  41.491 0.0000000000
136747  54.224  -18.629  42.265 0.0000000000
136726  54.823  -18.099  42.543 0.0000000000
136718  54.801  -18.551  43.230 0.0000000000
78188  58.023  -11.404  36.714 0.0000000000
77219  58.084  -12.856  37.884 0.0000000000
42760  27.074  -50.470  61.406 0.0000000000
42725  27.502  -50.307  63.224 0.0000000000
36891  16.633  -57.468  63.168 0.0000000000
34984  16.546  -59.046  63.394 0.0000000000
68957  49.722  -21.309  41.203 0.0000000000
68098  49.612  -21.854  41.619 0.0000000000
67204  48.272  -23.220  42.384 0.0000000000
66178  50.789  -24.645  44.991 0.0000000000
66179  49.941  -24.620  44.627 0.0000000000
65068  50.285  -25.481  44.912 0.0000000000
64044  50.392  -25.904  45.274 0.0000000000
55735  45.383  -35.844  46.096 0.0000000000
55734  46.120  -35.420  46.248 0.0000000000
54859  46.434  -35.879  46.573 0.0000000000
54840  47.267  -35.966  47.879 0.0000000000
55662  47.985  -35.843  51.121 0.0000000000
68967  49.306  -20.963  40.681 0.0000000000
35000  10.287  -57.930  62.245 0.0000000000
35953  9.867  -57.695  62.299 0.0000000000
57610  41.322  -33.600  41.927 0.0000000000
56710  42.331  -34.062  42.848 0.0000000000
56692  42.847  -34.202  43.438 0.0000000000
56693  42.157  -34.657  43.132 0.0000000000
53997  40.477  -37.738  45.160 0.0000000000
53996  41.493  -37.459  45.476 0.0000000000
53923  41.884  -37.233  49.615 0.0000000000
46530  32.166  -47.013  56.940 0.0000000000
47419  32.262  -45.793  57.920 0.0000000000
47399  32.287  -45.317  58.219 0.0000000000
48252  32.220  -45.353  58.914 0.0000000000
44663  28.995  -48.926  62.110 0.0000000000
45584  29.892  -47.992  62.276 0.0000000000
47319  31.197  -45.920  63.965 0.0000000000
41793  22.856  -51.334  64.535 0.0000000000
42768  19.755  -50.879  61.080 0.0000000000
41812  19.355  -51.480  61.885 0.0000000000
41805  18.929  -51.981  62.852 0.0000000000
41854  18.187  -51.434  56.620 0.0000000000
39985  17.729  -53.516  56.720 0.0000000000
39975  17.828  -53.552  57.604 0.0000000000
39961  17.880  -53.548  58.460 0.0000000000
39946  17.854  -53.541  59.287 0.0000000000
38908  17.668  -54.303  59.434 0.0000000000
37893  16.838  -55.866  59.612 0.0000000000
36948  16.546  -56.356  58.748 0.0000000000
36950  14.764  -57.351  57.925 0.0000000000
35983  14.370  -58.443  58.967 0.0000000000
35993  13.274  -57.640  58.272 0.0000000000
42847  25.590  -50.445  56.464 0.0000000000
32936  11.593  -60.852  64.285 0.0000000000
31901  12.016  -61.799  65.431 0.0000000000
69768  58.951  -20.105  44.143 0.0000000000
68061  59.274  -22.502  44.375 0.0000000000
67176  59.093  -23.235  44.733 0.0000000000
68063  52.129  -21.843  44.253 0.0000000000
68909  52.896  -21.503  45.208 0.0000000000
68894  53.916  -21.671  46.610 0.0000000000
68015  55.930  -23.393  48.551 0.0000000000
66205  44.633  -25.737  41.807 0.0000000000
62088  46.799  -28.777  44.459 0.0000000000
62100  46.779  -28.393  43.656 0.0000000000
62099  47.387  -28.188  44.037 0.0000000000
63092  49.176  -27.189  45.614 0.0000000000
63083  48.620  -27.823  45.826 0.0000000000
63074  49.010  -27.524  47.157 0.0000000000
63067  49.072  -27.726  47.941 0.0000000000
57525  48.295  -33.358  46.974 0.0000000000
58382  48.075  -32.790  46.654 0.0000000000
58381  48.508  -32.707  47.154 0.0000000000
58370  48.956  -32.577  47.776 0.0000000000
62017  50.955  -28.693  50.043 0.0000000000
53034  36.331  -39.401  46.321 0.0000000000
52952  36.733  -38.398  51.219 0.0000000000
52964  37.217  -38.437  50.213 0.0000000000
53876  39.727  -37.746  51.145 0.0000000000
50695  32.029  -41.159  55.376 0.0000000000
52143  31.409  -40.018  53.636 0.0000000000
53825  32.074  -38.409  54.773 0.0000000000
52875  32.627  -39.075  61.161 0.0000000000
52884  32.938  -38.501  60.748 0.0000000000
53733  33.130  -38.045  59.927 0.0000000000
53801  35.455  -38.023  55.278 0.0000000000
53780  37.143  -37.885  56.141 0.0000000000
76207  54.886  -15.496  40.112 0.0000000000
76211  57.303  -13.947  40.570 0.0000000000
76218  57.720  -13.746  40.373 0.0000000000
75226  58.247  -14.601  40.678 0.0000000000
74252  57.954  -16.318  42.356 0.0000000000
73314  58.584  -16.419  42.232 0.0000000000
73319  59.753  -16.977  40.740 0.0000000000
78207  58.546  -11.764  32.904 0.0000000000
77243  58.245  -12.308  32.564 0.0000000000
76270  58.376  -12.606  31.631 0.0000000000
75259  59.939  -14.742  35.897 0.0000000000
74306  60.107  -15.301  35.217 0.0000000000
73353  60.034  -16.110  35.704 0.0000000000
42713  26.062  -51.145  63.833 0.0000000000
34998  15.583  -59.463  61.808 0.0000000000
32952  15.156  -60.785  62.740 0.0000000000
33997  14.614  -60.540  61.729 0.0000000000
31906  14.913  -62.331  64.151 0.0000000000
30890  14.703  -62.777  64.515 0.0000000000
67228  46.941  -23.225  40.415 0.0000000000
66202  47.118  -24.520  42.920 0.0000000000
53954  45.083  -37.315  48.643 0.0000000000
54842  45.793  -36.968  48.844 0.0000000000
54834  45.854  -36.944  49.843 0.0000000000
54808  46.616  -36.647  51.132 0.0000000000
54809  46.009  -36.980  51.614 0.0000000000
54793  46.611  -36.644  51.976 0.0000000000
36884  6.707  -56.850  63.218 0.0000000000
53960  39.622  -37.836  47.065 0.0000000000
45631  31.636  -47.664  58.917 0.0000000000
42748  21.775  -50.542  62.234 0.0000000000
42767  20.583  -50.524  61.263 0.0000000000
43709  20.752  -50.117  59.904 0.0000000000
42788  18.922  -51.254  60.143 0.0000000000
38963  17.393  -54.088  56.295 0.0000000000
37933  16.841  -55.151  57.076 0.0000000000
37934  16.326  -55.339  56.732 0.0000000000
42801  22.795  -50.377  59.319 0.0000000000
42765  22.338  -50.448  61.297 0.0000000000
72317  57.772  -17.916  43.665 0.0000000000
72316  58.251  -18.239  43.640 0.0000000000
71463  58.013  -18.661  44.052 0.0000000000
71450  57.509  -18.859  44.440 0.0000000000
71452  56.288  -18.637  44.351 0.0000000000
70590  56.522  -19.173  44.919 0.0000000000
70574  57.526  -19.826  45.199 0.0000000000
69746  57.530  -20.657  45.776 0.0000000000
67162  52.557  -23.144  46.167 0.0000000000
68035  53.034  -22.661  46.623 0.0000000000
67151  53.469  -23.056  47.806 0.0000000000
68017  54.610  -22.889  48.364 0.0000000000
67135  54.792  -23.484  48.927 0.0000000000
63109  45.153  -28.308  42.460 0.0000000000
61089  45.359  -29.104  43.524 0.0000000000
62089  46.267  -28.891  44.025 0.0000000000
61068  46.894  -29.233  45.538 0.0000000000
61057  47.633  -29.374  46.432 0.0000000000
57461  50.454  -33.333  50.408 0.0000000000
57479  50.390  -32.900  49.883 0.0000000000
52983  35.506  -38.621  49.431 0.0000000000
52941  37.123  -38.345  52.109 0.0000000000
49119  32.499  -43.735  55.597 0.0000000000
50687  32.306  -41.926  55.958 0.0000000000
49868  32.252  -42.185  57.469 0.0000000000
50688  31.987  -41.069  56.194 0.0000000000
136735  56.162  -16.002  40.977 0.0000000000
75215  56.486  -15.916  41.152 0.0000000000
136736  56.174  -16.111  41.149 0.0000000000
74254  56.503  -16.183  41.595 0.0000000000
73307  56.804  -16.489  42.521 0.0000000000
136744  55.475  -17.470  42.484 0.0000000000
74249  56.309  -16.744  42.433 0.0000000000
73306  57.446  -16.711  42.896 0.0000000000
79152  59.507  -10.838  34.716 0.0000000000
78202  59.124  -11.598  34.246 0.0000000000
77239  58.849  -12.453  33.920 0.0000000000
76252  58.767  -13.124  33.532 0.0000000000
75275  59.514  -14.258  33.211 0.0000000000
76250  60.070  -13.798  34.380 0.0000000000
76244  59.842  -14.216  35.463 0.0000000000
75260  59.495  -14.173  35.919 0.0000000000
42711  27.965  -50.329  64.022 0.0000000000
43771  20.202  -49.024  56.442 0.0000000000
38851  17.090  -55.700  63.965 0.0000000000
37822  17.337  -56.265  64.405 0.0000000000
36881  17.630  -56.973  64.383 0.0000000000
35932  17.435  -57.887  63.870 0.0000000000
35952  15.959  -58.954  62.669 0.0000000000
33986  16.261  -59.739  63.318 0.0000000000
32933  16.826  -60.410  64.361 0.0000000000
69775  52.534  -20.462  42.293 0.0000000000
69769  52.456  -20.734  43.070 0.0000000000
68934  52.013  -21.185  42.939 0.0000000000
68936  50.937  -21.782  42.443 0.0000000000
68928  51.651  -21.740  43.350 0.0000000000
68075  48.647  -23.005  42.892 0.0000000000
68074  49.353  -22.833  43.193 0.0000000000
67177  51.458  -23.139  44.655 0.0000000000
67153  52.075  -24.042  47.057 0.0000000000
65058  51.440  -24.898  45.755 0.0000000000
66159  51.754  -24.503  46.742 0.0000000000
66153  51.855  -24.439  47.613 0.0000000000
58407  44.596  -32.453  44.578 0.0000000000
58394  45.006  -32.843  45.078 0.0000000000
57545  45.978  -33.623  45.725 0.0000000000
57527  47.045  -33.887  46.256 0.0000000000
56619  46.650  -34.657  46.254 0.0000000000
56618  47.317  -34.581  46.530 0.0000000000
56600  48.360  -34.475  47.554 0.0000000000
56581  48.926  -34.273  48.399 0.0000000000
56560  49.451  -33.958  49.177 0.0000000000
54832  47.170  -36.008  48.790 0.0000000000
55679  47.826  -35.583  49.267 0.0000000000
55678  48.498  -35.206  49.693 0.0000000000
57462  50.101  -33.721  50.069 0.0000000000
53907  31.611  -37.867  50.443 0.0000000000
50623  31.907  -42.013  61.653 0.0000000000
51384  32.158  -40.679  61.609 0.0000000000
69796  51.190  -19.687  40.715 0.0000000000
69797  50.367  -19.779  40.480 0.0000000000
79129  58.946  -10.336  38.555 0.0000000000
79130  58.776  -10.639  39.112 0.0000000000
34009  11.562  -58.888  61.367 0.0000000000
33989  11.159  -59.699  63.158 0.0000000000
33979  11.013  -60.119  64.225 0.0000000000
35942  8.770  -57.678  63.390 0.0000000000
34986  9.289  -57.988  63.867 0.0000000000
34963  10.055  -59.290  66.007 0.0000000000
33961  10.395  -59.905  66.420 0.0000000000
61103  43.492  -29.655  42.296 0.0000000000
60178  43.444  -30.445  42.818 0.0000000000
58426  43.701  -32.448  43.569 0.0000000000
59285  42.889  -32.051  42.770 0.0000000000
58408  44.144  -32.784  44.004 0.0000000000
57563  44.195  -33.435  44.281 0.0000000000
56669  44.233  -33.971  44.535 0.0000000000
56642  44.412  -34.479  45.007 0.0000000000
56643  43.857  -34.952  44.735 0.0000000000
55759  44.806  -35.511  45.588 0.0000000000
54851  44.641  -37.094  47.350 0.0000000000
54910  41.393  -36.227  43.897 0.0000000000
54894  41.844  -36.505  44.452 0.0000000000
54893  42.334  -36.351  44.599 0.0000000000
54878  42.524  -36.763  45.167 0.0000000000
53937  44.409  -37.507  49.217 0.0000000000
53920  44.529  -37.541  50.175 0.0000000000
53921  43.681  -37.514  49.953 0.0000000000
53871  44.106  -37.615  51.777 0.0000000000
53854  43.567  -37.636  52.528 0.0000000000
45677  32.294  -47.041  55.480 0.0000000000
47456  32.452  -45.443  55.383 0.0000000000
49078  32.374  -43.761  58.468 0.0000000000
49079  32.296  -43.174  58.859 0.0000000000
49818  31.922  -42.927  61.127 0.0000000000
44683  29.733  -49.003  60.046 0.0000000000
45616  30.848  -48.125  60.331 0.0000000000
45600  31.315  -47.429  60.394 0.0000000000
46471  31.567  -46.913  60.365 0.0000000000
45543  30.001  -47.780  63.308 0.0000000000
46458  31.047  -46.978  61.551 0.0000000000
48229  32.002  -44.821  60.996 0.0000000000
39834  24.261  -53.017  65.052 0.0000000000
40839  22.540  -52.663  65.083 0.0000000000
40840  22.141  -52.665  65.088 0.0000000000
39838  21.919  -52.768  65.083 0.0000000000
42732  21.137  -50.755  63.203 0.0000000000
41803  20.350  -51.137  63.550 0.0000000000
39872  18.421  -53.347  64.556 0.0000000000
40866  18.508  -52.764  63.886 0.0000000000
39873  17.820  -53.956  64.495 0.0000000000
38850  17.267  -54.852  63.655 0.0000000000
43752  19.807  -49.515  57.392 0.0000000000
43736  19.393  -49.884  58.222 0.0000000000
43737  18.943  -50.119  57.912 0.0000000000
42818  18.985  -50.179  58.330 0.0000000000
42805  18.823  -51.037  59.262 0.0000000000
41865  18.065  -51.394  56.198 0.0000000000
41827  18.365  -51.956  59.745 0.0000000000
40899  18.259  -52.356  60.507 0.0000000000
39933  17.754  -53.616  60.175 0.0000000000
39902  17.588  -53.868  62.213 0.0000000000
36915  16.149  -57.681  61.581 0.0000000000
36916  15.927  -58.236  61.041 0.0000000000
36957  16.670  -56.047  58.225 0.0000000000
35011  14.866  -59.132  60.173 0.0000000000
35012  13.882  -59.385  59.990 0.0000000000
35977  12.120  -57.836  59.446 0.0000000000
35014  12.139  -58.371  60.027 0.0000000000
35972  9.949  -57.021  61.268 0.0000000000
43763  29.708  -49.326  56.358 0.0000000000
42826  27.623  -50.286  56.758 0.0000000000
41791  24.617  -51.582  64.390 0.0000000000
32955  12.544  -60.752  62.284 0.0000000000
31922  12.834  -61.314  62.720 0.0000000000
32935  12.263  -61.365  64.014 0.0000000000
31916  12.794  -61.630  63.411 0.0000000000
71461  59.063  -18.947  43.299 0.0000000000
69734  57.173  -21.165  46.496 0.0000000000
68893  54.479  -21.675  47.098 0.0000000000
68892  55.271  -21.715  47.496 0.0000000000
68891  56.117  -22.007  47.643 0.0000000000
68904  56.880  -21.634  47.072 0.0000000000
68917  57.518  -21.633  46.461 0.0000000000
68054  58.397  -22.546  45.865 0.0000000000
66234  45.892  -24.135  40.250 0.0000000000
65096  45.193  -26.320  42.263 0.0000000000
65081  45.758  -26.166  42.534 0.0000000000
65080  46.409  -26.044  43.054 0.0000000000
65070  48.713  -25.524  44.232 0.0000000000
64035  49.670  -26.712  46.061 0.0000000000
65042  50.556  -25.752  47.404 0.0000000000
65017  51.435  -25.930  49.130 0.0000000000
58406  45.168  -32.166  45.095 0.0000000000
59258  45.693  -31.559  45.241 0.0000000000
59257  46.350  -31.714  45.601 0.0000000000
60144  46.833  -30.874  45.783 0.0000000000
61048  47.595  -30.304  46.434 0.0000000000
61047  47.875  -29.805  46.832 0.0000000000
58343  50.288  -32.452  49.540 0.0000000000
59216  50.129  -31.917  49.182 0.0000000000
59226  49.765  -31.665  48.745 0.0000000000
60117  49.940  -31.049  48.866 0.0000000000
60118  49.569  -30.629  48.550 0.0000000000
61034  49.053  -29.758  48.202 0.0000000000
62055  48.791  -28.489  47.837 0.0000000000
63057  49.705  -27.638  48.505 0.0000000000
63044  50.912  -27.659  49.669 0.0000000000
63056  50.273  -27.597  49.049 0.0000000000
63993  50.736  -26.915  49.206 0.0000000000
63991  52.137  -26.434  49.820 0.0000000000
64988  52.482  -26.215  49.918 0.0000000000
53979  38.601  -38.511  45.951 0.0000000000
52981  37.827  -38.478  48.931 0.0000000000
53942  39.787  -37.729  48.217 0.0000000000
53855  42.702  -37.462  52.467 0.0000000000
49918  32.472  -42.726  53.193 0.0000000000
50709  32.356  -41.977  52.940 0.0000000000
53862  33.302  -37.823  52.525 0.0000000000
52107  31.926  -40.039  59.372 0.0000000000
52106  32.188  -39.620  60.010 0.0000000000
52907  31.587  -38.830  56.994 0.0000000000
53732  33.993  -37.546  59.466 0.0000000000
53753  33.201  -37.700  58.783 0.0000000000
53770  32.516  -37.991  58.105 0.0000000000
53786  31.768  -38.493  56.429 0.0000000000
53805  31.908  -38.394  55.811 0.0000000000
53824  32.760  -37.869  54.596 0.0000000000
53821  35.741  -38.334  54.220 0.0000000000
53840  36.009  -38.501  52.998 0.0000000000
53839  36.743  -38.429  53.196 0.0000000000
52921  37.751  -38.331  53.709 0.0000000000
52920  38.349  -38.250  53.844 0.0000000000
53764  37.728  -37.572  57.016 0.0000000000
53779  38.120  -37.797  56.136 0.0000000000
53798  38.518  -37.946  55.229 0.0000000000
52928  38.702  -38.184  53.556 0.0000000000
53795  41.380  -37.152  55.133 0.0000000000
53815  41.778  -37.227  54.216 0.0000000000
78176  58.088  -11.526  39.084 0.0000000000
78173  57.895  -11.702  39.857 0.0000000000
77220  57.926  -12.847  38.571 0.0000000000
76222  58.570  -13.761  39.306 0.0000000000
75237  59.637  -14.549  38.449 0.0000000000
75220  58.104  -15.090  41.053 0.0000000000
74266  58.438  -15.154  41.076 0.0000000000
74271  59.377  -14.894  40.290 0.0000000000
74277  60.251  -15.280  38.729 0.0000000000
72356  60.169  -17.429  39.254 0.0000000000
35960  15.989  -58.174  62.103 0.0000000000
36875  18.226  -56.128  65.745 0.0000000000
37821  17.427  -55.759  64.700 0.0000000000
38805  18.136  -55.087  65.829 0.0000000000
38806  17.982  -55.268  65.969 0.0000000000
39836  22.901  -52.906  65.016 0.0000000000
42844  27.650  -50.158  56.281 0.0000000000
43708  21.070  -50.151  59.956 0.0000000000
43720  21.731  -50.206  59.355 0.0000000000
45565  30.054  -47.792  62.648 0.0000000000
46546  32.339  -46.888  55.057 0.0000000000
48240  32.300  -44.557  59.191 0.0000000000
52919  38.642  -38.202  53.894 0.0000000000
52930  37.338  -38.381  53.043 0.0000000000
53869  45.529  -37.327  52.114 0.0000000000
53973  44.107  -37.287  47.336 0.0000000000
55713  47.266  -35.619  47.044 0.0000000000
55807  42.410  -34.998  43.576 0.0000000000
55821  41.188  -35.103  42.640 0.0000000000
57510  48.252  -33.958  47.078 0.0000000000
58356  49.895  -32.540  49.044 0.0000000000
59225  50.124  -31.347  49.091 0.0000000000
60106  50.214  -30.548  49.170 0.0000000000
60143  47.435  -30.881  46.217 0.0000000000
62043  49.286  -28.680  48.405 0.0000000000
62065  47.538  -29.008  46.233 0.0000000000
63992  51.491  -26.637  49.508 0.0000000000
64064  45.521  -26.908  42.302 0.0000000000
66138  53.357  -24.243  49.115 0.0000000000
66168  51.365  -24.523  45.411 0.0000000000
68942  51.884  -21.094  42.404 0.0000000000
68944  50.675  -21.657  41.963 0.0000000000
70577  55.648  -19.749  45.362 0.0000000000
70587  58.600  -19.791  44.284 0.0000000000
71464  57.429  -18.358  44.121 0.0000000000
71472  58.945  -18.415  43.175 0.0000000000
73301  57.325  -17.353  43.420 0.0000000000
74261  56.684  -15.830  41.250 0.0000000000
75216  56.357  -15.973  41.094 0.0000000000
76247  60.072  -13.932  34.993 0.0000000000
76255  59.030  -13.662  33.269 0.0000000000
77246  58.606  -12.481  31.171 0.0000000000
78211  58.841  -11.211  32.829 0.0000000000
136701  53.083  -19.434  41.327 0.0000000000
136703  52.928  -19.431  41.165 0.0000000000
136706  52.962  -19.711  41.544 0.0000000000
136710  52.940  -20.024  41.904 0.0000000000
136728  55.314  -17.688  42.606 0.0000000000
136750  56.210  -15.271  40.397 0.0000000000
136751  56.037  -15.416  40.374 0.0000000000
136754  56.070  -15.603  40.590 0.0000000000
136760  55.757  -16.220  40.977 0.0000000000
136763  55.884  -15.587  40.460 0.0000000000
