#!ascii label  , from subject 3781 vox2ras=TkReg
934
45401  -17.993  -26.282  53.081 0.0000000000
69185  -45.940  -8.183  49.299 0.0000000000
79638  -47.297  -0.759  43.476 0.0000000000
83500  -54.060  1.705  37.225 0.0000000000
64425  -42.432  -12.580  50.539 0.0000000000
80903  -50.256  1.937  41.469 0.0000000000
86033  -54.497  4.549  29.386 0.0000000000
88517  -57.938  7.376  27.519 0.0000000000
65625  -48.105  -10.604  47.711 0.0000000000
70546  -49.964  -6.671  44.765 0.0000000000
74463  -47.218  -3.963  46.242 0.0000000000
49736  -19.899  -23.863  55.677 0.0000000000
47499  -24.496  -25.665  57.968 0.0000000000
48555  -29.066  -25.391  56.966 0.0000000000
52258  -32.761  -21.074  57.305 0.0000000000
55849  -36.724  -18.142  54.594 0.0000000000
59573  -40.372  -15.409  52.587 0.0000000000
61941  -44.718  -13.243  51.458 0.0000000000
74590  -48.625  -3.873  39.241 0.0000000000
88539  -59.655  7.523  25.489 0.0000000000
69188  -46.743  -8.379  49.021 0.0000000000
70499  -47.603  -7.045  47.780 0.0000000000
70475  -46.469  -6.407  47.974 0.0000000000
48581  -21.833  -24.017  53.973 0.0000000000
48553  -22.258  -24.374  56.930 0.0000000000
58292  -37.722  -16.319  53.904 0.0000000000
57052  -38.932  -16.963  54.380 0.0000000000
61886  -38.976  -14.351  53.555 0.0000000000
65613  -43.996  -10.659  49.615 0.0000000000
64399  -42.559  -11.389  53.143 0.0000000000
65586  -45.299  -10.225  51.659 0.0000000000
63211  -45.746  -11.803  49.230 0.0000000000
74500  -48.395  -3.598  44.373 0.0000000000
71922  -48.438  -5.434  42.484 0.0000000000
77146  -47.453  -1.597  41.839 0.0000000000
82204  -52.372  2.150  39.024 0.0000000000
78410  -51.927  -1.038  40.850 0.0000000000
78459  -54.061  -0.350  38.347 0.0000000000
78494  -54.834  -0.654  36.314 0.0000000000
87213  -56.018  6.174  32.011 0.0000000000
84815  -55.138  4.468  32.432 0.0000000000
63189  -40.297  -13.482  50.261 0.0000000000
79773  -52.347  0.316  36.449 0.0000000000
87248  -56.062  6.547  29.179 0.0000000000
87238  -58.201  6.472  29.740 0.0000000000
86067  -59.972  5.513  26.067 0.0000000000
63260  -49.023  -11.729  46.874 0.0000000000
69254  -49.053  -7.995  46.704 0.0000000000
73191  -48.681  -4.451  46.315 0.0000000000
49724  -19.421  -24.859  55.340 0.0000000000
45346  -25.790  -27.361  55.859 0.0000000000
47522  -27.290  -26.001  56.355 0.0000000000
46461  -28.005  -26.601  55.687 0.0000000000
47525  -29.736  -25.640  55.960 0.0000000000
48549  -32.195  -23.783  57.181 0.0000000000
50985  -34.287  -22.161  56.334 0.0000000000
54636  -34.820  -19.251  56.315 0.0000000000
54671  -37.693  -19.461  52.967 0.0000000000
63164  -40.909  -13.414  52.302 0.0000000000
59576  -42.787  -14.097  51.941 0.0000000000
58331  -43.606  -16.119  49.884 0.0000000000
59642  -45.792  -14.998  48.851 0.0000000000
62008  -46.746  -13.366  47.820 0.0000000000
77168  -49.982  -1.334  40.131 0.0000000000
83574  -54.496  2.692  33.021 0.0000000000
82270  -54.621  2.083  35.205 0.0000000000
142318  -18.200  -26.292  54.211 0.0000000000
69169  -46.207  -8.306  49.889 0.0000000000
70454  -46.628  -7.083  48.642 0.0000000000
70474  -45.906  -6.738  48.250 0.0000000000
59570  -38.299  -15.622  52.441 0.0000000000
60710  -37.889  -14.905  54.125 0.0000000000
60739  -38.715  -14.686  52.619 0.0000000000
66754  -45.019  -9.509  50.004 0.0000000000
66740  -44.788  -9.520  51.156 0.0000000000
67870  -45.474  -8.815  50.946 0.0000000000
66742  -46.167  -9.128  51.132 0.0000000000
75800  -47.939  -2.547  43.577 0.0000000000
77128  -47.482  -1.224  43.096 0.0000000000
83486  -52.731  2.090  38.486 0.0000000000
78458  -53.238  0.764  38.402 0.0000000000
143451  -53.717  0.664  37.705 0.0000000000
78481  -54.395  -0.637  37.707 0.0000000000
79743  -55.000  0.780  37.372 0.0000000000
84825  -56.803  5.359  31.219 0.0000000000
84817  -56.425  4.646  31.990 0.0000000000
83598  -56.121  3.972  31.605 0.0000000000
86059  -56.436  5.648  27.117 0.0000000000
88508  -56.906  7.024  28.381 0.0000000000
88494  -56.827  7.078  29.571 0.0000000000
89669  -58.692  7.586  29.063 0.0000000000
87239  -58.933  6.510  29.468 0.0000000000
89686  -59.262  7.508  28.340 0.0000000000
87282  -60.444  6.754  25.724 0.0000000000
64439  -48.544  -11.639  47.045 0.0000000000
66790  -50.011  -9.842  46.259 0.0000000000
67925  -48.587  -8.781  47.190 0.0000000000
73176  -47.395  -4.687  47.673 0.0000000000
71871  -48.110  -5.775  47.482 0.0000000000
74447  -47.619  -4.022  47.038 0.0000000000
75753  -47.873  -2.935  45.601 0.0000000000
75752  -47.461  -3.148  45.615 0.0000000000
49716  -20.238  -24.803  55.988 0.0000000000
49717  -20.635  -24.368  56.485 0.0000000000
48546  -23.829  -24.637  58.065 0.0000000000
48565  -28.888  -24.915  56.004 0.0000000000
47512  -28.560  -25.692  57.083 0.0000000000
46449  -27.343  -26.483  56.574 0.0000000000
46441  -28.953  -26.212  57.330 0.0000000000
46462  -28.858  -26.100  56.168 0.0000000000
46452  -29.439  -25.992  57.181 0.0000000000
50977  -32.427  -22.403  57.525 0.0000000000
49722  -33.246  -22.714  56.630 0.0000000000
52255  -33.395  -21.799  57.061 0.0000000000
57049  -36.413  -17.735  54.728 0.0000000000
55838  -35.019  -18.155  55.593 0.0000000000
55833  -36.147  -18.301  56.194 0.0000000000
53464  -35.136  -20.217  55.628 0.0000000000
54644  -36.320  -19.398  55.172 0.0000000000
53472  -36.940  -20.416  53.669 0.0000000000
55850  -37.117  -18.467  54.297 0.0000000000
59556  -39.575  -15.980  53.650 0.0000000000
57074  -38.657  -17.402  52.675 0.0000000000
58301  -39.187  -16.110  52.206 0.0000000000
59598  -40.537  -15.338  51.061 0.0000000000
61937  -40.334  -13.619  51.393 0.0000000000
63178  -41.748  -12.884  51.907 0.0000000000
63168  -44.103  -12.209  52.588 0.0000000000
61920  -42.691  -13.097  52.430 0.0000000000
60745  -43.449  -13.650  51.587 0.0000000000
59625  -43.258  -15.119  50.523 0.0000000000
60801  -44.430  -14.554  50.310 0.0000000000
60802  -45.074  -14.287  49.807 0.0000000000
64436  -46.855  -11.284  48.340 0.0000000000
61985  -46.361  -12.927  48.267 0.0000000000
63227  -47.460  -12.192  47.904 0.0000000000
62031  -48.530  -12.253  47.824 0.0000000000
48580  -20.696  -24.343  54.239 0.0000000000
142351  -19.698  -24.410  54.857 0.0000000000
142357  -19.398  -24.729  55.009 0.0000000000
69272  -49.768  -7.764  45.236 0.0000000000
70564  -49.601  -6.728  44.047 0.0000000000
73278  -47.746  -4.370  41.109 0.0000000000
80882  -49.177  1.654  41.641 0.0000000000
79671  -48.570  0.621  40.918 0.0000000000
79693  -50.056  0.111  40.635 0.0000000000
75863  -52.517  -3.034  40.235 0.0000000000
75842  -51.990  -2.451  41.094 0.0000000000
83576  -55.596  3.271  33.341 0.0000000000
83587  -54.728  3.239  32.236 0.0000000000
83559  -55.220  2.985  34.115 0.0000000000
82291  -54.727  2.526  34.691 0.0000000000
82292  -55.355  2.228  34.663 0.0000000000
79789  -55.297  0.186  34.755 0.0000000000
88524  -58.114  7.288  26.191 0.0000000000
88525  -59.003  7.478  26.410 0.0000000000
89710  -59.254  7.603  24.951 0.0000000000
89720  -59.746  7.885  24.355 0.0000000000
66766  -47.881  -9.190  48.985 0.0000000000
67924  -48.285  -8.750  48.018 0.0000000000
70476  -47.218  -7.501  48.414 0.0000000000
71854  -47.009  -5.989  48.182 0.0000000000
73175  -46.743  -5.082  47.758 0.0000000000
48570  -21.129  -23.629  55.301 0.0000000000
48560  -21.381  -23.854  56.322 0.0000000000
47508  -24.429  -25.191  57.061 0.0000000000
58282  -37.020  -17.155  54.479 0.0000000000
57051  -38.227  -17.484  54.436 0.0000000000
58283  -37.780  -16.566  54.434 0.0000000000
59542  -39.327  -15.595  53.884 0.0000000000
59543  -39.874  -15.192  53.631 0.0000000000
65603  -43.028  -11.451  50.579 0.0000000000
64409  -42.544  -11.908  51.875 0.0000000000
66738  -43.448  -10.940  51.765 0.0000000000
65567  -43.977  -10.573  52.679 0.0000000000
64401  -45.146  -11.258  51.880 0.0000000000
63181  -44.582  -12.259  50.529 0.0000000000
64411  -44.967  -11.022  50.572 0.0000000000
65606  -46.357  -10.061  49.788 0.0000000000
48595  -21.193  -24.261  53.189 0.0000000000
73208  -49.351  -4.523  44.854 0.0000000000
73245  -49.177  -5.921  44.170 0.0000000000
73225  -48.334  -4.154  43.851 0.0000000000
74533  -47.762  -3.616  42.092 0.0000000000
74550  -47.634  -3.120  41.093 0.0000000000
82188  -50.935  1.695  40.500 0.0000000000
79674  -51.258  0.091  40.792 0.0000000000
79696  -51.825  0.713  40.259 0.0000000000
77193  -53.005  -1.417  40.102 0.0000000000
86020  -55.396  5.679  30.512 0.0000000000
84823  -55.085  4.273  31.261 0.0000000000
85999  -55.613  5.262  32.156 0.0000000000
84806  -55.983  3.811  32.704 0.0000000000
67905  -45.318  -8.951  48.114 0.0000000000
66771  -44.837  -10.035  48.891 0.0000000000
78378  -47.229  -0.120  42.333 0.0000000000
80936  -49.995  1.308  39.502 0.0000000000
80956  -51.081  1.202  38.618 0.0000000000
82229  -51.839  1.603  37.713 0.0000000000
82246  -52.775  2.056  36.715 0.0000000000
86035  -55.453  5.670  29.515 0.0000000000
87237  -56.366  6.538  30.446 0.0000000000
87215  -57.241  6.199  31.063 0.0000000000
84839  -57.008  5.118  30.552 0.0000000000
88520  -59.957  6.988  27.290 0.0000000000
87271  -59.504  6.134  26.798 0.0000000000
65644  -50.781  -10.679  46.162 0.0000000000
67958  -50.798  -9.394  46.106 0.0000000000
70524  -49.529  -6.679  45.582 0.0000000000
70500  -48.261  -6.922  46.873 0.0000000000
70523  -49.056  -6.802  46.269 0.0000000000
73192  -49.414  -4.630  45.517 0.0000000000
74466  -48.809  -3.928  45.576 0.0000000000
75769  -48.068  -2.395  45.151 0.0000000000
69253  -46.507  -7.078  46.642 0.0000000000
71900  -46.953  -5.687  46.348 0.0000000000
74499  -46.930  -3.603  44.309 0.0000000000
142322  -18.958  -26.065  54.149 0.0000000000
142338  -19.855  -26.148  54.020 0.0000000000
45356  -25.940  -27.202  54.982 0.0000000000
47538  -24.964  -25.665  54.094 0.0000000000
47520  -25.175  -25.670  56.130 0.0000000000
47510  -26.595  -26.524  56.804 0.0000000000
45340  -26.941  -26.841  55.972 0.0000000000
47536  -30.606  -25.228  54.865 0.0000000000
48567  -31.571  -24.455  55.550 0.0000000000
54640  -32.950  -19.532  55.739 0.0000000000
55837  -34.078  -18.982  55.386 0.0000000000
53457  -33.430  -20.418  56.663 0.0000000000
52261  -34.463  -20.807  56.396 0.0000000000
50991  -35.474  -21.896  55.278 0.0000000000
57061  -38.035  -17.741  53.590 0.0000000000
63162  -39.638  -13.823  51.611 0.0000000000
61897  -39.667  -14.235  53.132 0.0000000000
60713  -40.866  -14.726  53.247 0.0000000000
63166  -42.359  -12.725  52.317 0.0000000000
60715  -41.889  -14.216  52.827 0.0000000000
59574  -41.126  -14.833  52.175 0.0000000000
59624  -42.233  -15.211  50.462 0.0000000000
58330  -43.024  -15.692  49.400 0.0000000000
59661  -46.204  -15.440  48.144 0.0000000000
61966  -45.593  -13.468  49.268 0.0000000000
60821  -46.288  -13.987  48.538 0.0000000000
60854  -46.672  -14.644  47.628 0.0000000000
62050  -47.076  -13.532  46.776 0.0000000000
142316  -18.636  -25.503  55.163 0.0000000000
78392  -47.525  -0.951  41.948 0.0000000000
77166  -47.862  -1.548  40.798 0.0000000000
75860  -49.094  -2.237  39.719 0.0000000000
77148  -51.228  -1.439  40.838 0.0000000000
74551  -51.193  -2.666  40.159 0.0000000000
74591  -49.858  -3.899  39.115 0.0000000000
79787  -53.275  0.708  35.744 0.0000000000
82268  -53.768  2.569  35.748 0.0000000000
83596  -54.771  3.696  31.543 0.0000000000
83586  -53.803  2.708  32.234 0.0000000000
82310  -54.070  2.435  33.800 0.0000000000
82290  -54.493  2.218  34.740 0.0000000000
82248  -54.169  1.794  36.351 0.0000000000
79775  -55.132  0.278  35.812 0.0000000000
69168  -45.948  -8.230  49.800 0.0000000000
69186  -45.982  -7.661  48.932 0.0000000000
58307  -37.690  -16.186  51.719 0.0000000000
60768  -38.665  -15.178  52.044 0.0000000000
60769  -38.878  -14.727  51.405 0.0000000000
66763  -45.584  -9.352  49.324 0.0000000000
67869  -45.300  -9.026  50.598 0.0000000000
67880  -45.679  -8.769  50.108 0.0000000000
67881  -45.908  -8.415  50.577 0.0000000000
78368  -48.210  -0.842  43.798 0.0000000000
77115  -48.157  -1.399  43.650 0.0000000000
78367  -47.658  -0.963  43.341 0.0000000000
83499  -53.329  2.016  37.495 0.0000000000
143450  -53.081  1.621  38.095 0.0000000000
143455  -53.472  1.514  37.617 0.0000000000
78460  -54.171  0.412  37.582 0.0000000000
83516  -54.455  1.812  37.061 0.0000000000
84824  -56.483  4.793  31.141 0.0000000000
87270  -57.673  6.971  26.752 0.0000000000
88509  -57.722  7.412  28.691 0.0000000000
89684  -58.370  7.784  28.761 0.0000000000
89670  -59.077  7.511  28.958 0.0000000000
89695  -58.636  7.780  28.195 0.0000000000
65626  -48.372  -11.109  47.337 0.0000000000
66782  -48.741  -9.612  46.916 0.0000000000
66781  -48.295  -9.557  47.550 0.0000000000
74446  -47.094  -4.457  47.173 0.0000000000
74464  -47.772  -3.663  46.126 0.0000000000
49737  -20.514  -23.713  56.131 0.0000000000
47495  -24.108  -25.379  59.218 0.0000000000
47502  -28.440  -26.083  57.251 0.0000000000
47513  -29.183  -25.820  57.253 0.0000000000
53446  -32.111  -21.925  56.955 0.0000000000
50974  -32.067  -22.284  57.767 0.0000000000
52253  -32.542  -21.718  57.258 0.0000000000
52254  -33.084  -21.693  57.308 0.0000000000
52259  -33.113  -20.998  57.145 0.0000000000
57041  -36.206  -17.851  55.846 0.0000000000
55840  -36.468  -18.479  55.236 0.0000000000
54638  -36.194  -18.919  55.914 0.0000000000
55841  -36.817  -18.990  54.932 0.0000000000
54645  -36.639  -19.473  54.376 0.0000000000
58294  -40.022  -15.988  52.828 0.0000000000
58302  -39.931  -15.824  52.538 0.0000000000
60740  -39.788  -15.031  51.767 0.0000000000
60741  -40.057  -14.763  52.050 0.0000000000
63191  -41.749  -13.169  50.995 0.0000000000
64418  -42.438  -12.703  51.329 0.0000000000
61922  -44.404  -12.633  52.025 0.0000000000
61940  -43.946  -13.445  51.488 0.0000000000
60774  -43.810  -13.963  50.955 0.0000000000
60775  -44.705  -13.640  50.241 0.0000000000
65624  -47.097  -10.513  48.078 0.0000000000
64437  -47.390  -11.373  48.096 0.0000000000
48569  -19.940  -24.086  55.018 0.0000000000
142352  -19.851  -24.649  54.504 0.0000000000
49735  -19.604  -24.280  55.329 0.0000000000
69288  -49.657  -7.845  44.411 0.0000000000
74588  -47.582  -4.118  40.079 0.0000000000
73293  -48.076  -5.091  40.554 0.0000000000
73310  -48.039  -4.751  39.705 0.0000000000
73311  -49.005  -4.950  38.964 0.0000000000
80902  -49.713  2.036  41.471 0.0000000000
79653  -49.429  0.915  41.758 0.0000000000
79654  -50.349  0.930  41.703 0.0000000000
84849  -54.090  4.379  29.430 0.0000000000
83560  -55.730  2.698  33.913 0.0000000000
67893  -47.251  -8.904  49.533 0.0000000000
69211  -47.520  -8.507  48.818 0.0000000000
71853  -46.631  -6.343  48.285 0.0000000000
71835  -46.913  -6.270  48.391 0.0000000000
73158  -46.902  -5.714  48.077 0.0000000000
71886  -46.927  -5.760  47.242 0.0000000000
47519  -24.076  -24.783  56.001 0.0000000000
58300  -37.717  -16.472  52.973 0.0000000000
58299  -36.965  -16.656  53.737 0.0000000000
58291  -36.936  -16.789  54.341 0.0000000000
60711  -38.538  -14.739  53.650 0.0000000000
60692  -38.290  -14.939  54.227 0.0000000000
60693  -38.831  -14.831  53.872 0.0000000000
61887  -39.188  -14.441  53.656 0.0000000000
65604  -43.915  -11.341  50.457 0.0000000000
65595  -43.716  -11.636  51.231 0.0000000000
66726  -44.899  -9.812  51.721 0.0000000000
66725  -44.328  -10.098  51.970 0.0000000000
65585  -44.628  -10.384  52.242 0.0000000000
65596  -45.478  -10.132  50.903 0.0000000000
67883  -46.696  -8.846  49.958 0.0000000000
66756  -46.311  -9.424  50.356 0.0000000000
66757  -46.803  -9.384  49.734 0.0000000000
66765  -47.334  -9.430  49.101 0.0000000000
74501  -49.036  -4.108  44.666 0.0000000000
73226  -48.838  -4.682  44.344 0.0000000000
75819  -47.803  -2.587  42.520 0.0000000000
74516  -48.121  -3.524  43.283 0.0000000000
75839  -47.620  -2.505  41.401 0.0000000000
80937  -51.222  1.690  39.970 0.0000000000
80921  -51.484  1.141  40.582 0.0000000000
80939  -52.284  1.272  39.506 0.0000000000
78437  -52.830  -0.468  39.793 0.0000000000
77211  -53.535  -1.073  39.178 0.0000000000
77212  -54.113  -1.413  38.359 0.0000000000
86008  -55.515  5.634  31.514 0.0000000000
86000  -56.312  5.506  32.070 0.0000000000
83577  -56.051  2.940  33.168 0.0000000000
66772  -45.209  -9.596  48.428 0.0000000000
82202  -50.566  1.667  39.601 0.0000000000
79759  -51.646  0.138  37.400 0.0000000000
80990  -52.103  0.987  37.305 0.0000000000
82245  -52.354  1.655  37.260 0.0000000000
80991  -52.556  1.310  36.680 0.0000000000
87259  -56.454  6.219  28.137 0.0000000000
86050  -55.766  5.496  28.587 0.0000000000
86057  -54.889  5.215  27.963 0.0000000000
87236  -55.824  6.300  30.113 0.0000000000
87249  -56.273  6.621  29.822 0.0000000000
88475  -58.008  6.635  29.741 0.0000000000
88453  -57.170  6.351  30.814 0.0000000000
87226  -57.589  6.260  30.478 0.0000000000
86010  -57.520  5.997  30.785 0.0000000000
86022  -57.817  5.987  30.104 0.0000000000
86036  -57.490  5.460  30.076 0.0000000000
87250  -59.278  6.556  28.746 0.0000000000
88526  -59.827  7.774  26.410 0.0000000000
88519  -59.712  7.520  27.461 0.0000000000
87281  -59.993  6.370  26.070 0.0000000000
64460  -48.776  -11.331  46.142 0.0000000000
64471  -49.156  -11.042  45.327 0.0000000000
64461  -49.691  -10.892  46.301 0.0000000000
67940  -50.074  -8.927  46.456 0.0000000000
67941  -50.434  -9.543  46.197 0.0000000000
69255  -49.724  -7.774  46.048 0.0000000000
69236  -48.328  -7.891  47.511 0.0000000000
71887  -48.600  -5.234  46.836 0.0000000000
71872  -48.660  -6.015  46.710 0.0000000000
71888  -49.339  -5.569  46.220 0.0000000000
75768  -47.605  -2.304  45.226 0.0000000000
142356  -19.513  -25.676  54.490 0.0000000000
142333  -19.488  -26.080  54.202 0.0000000000
48550  -20.893  -25.345  55.477 0.0000000000
48544  -22.049  -24.244  57.814 0.0000000000
45345  -24.934  -27.704  55.885 0.0000000000
47532  -25.922  -26.116  55.045 0.0000000000
46450  -28.414  -26.444  56.846 0.0000000000
46460  -27.417  -26.717  55.878 0.0000000000
45348  -27.348  -26.973  55.335 0.0000000000
45349  -27.950  -27.028  54.987 0.0000000000
45359  -28.267  -26.949  54.414 0.0000000000
46463  -29.531  -26.089  56.921 0.0000000000
47524  -28.990  -26.019  54.949 0.0000000000
47535  -29.490  -25.647  54.634 0.0000000000
47526  -30.801  -25.376  56.421 0.0000000000
48548  -31.567  -23.917  57.419 0.0000000000
48558  -31.225  -24.669  57.054 0.0000000000
48559  -32.015  -23.924  56.585 0.0000000000
49723  -33.776  -22.478  56.317 0.0000000000
50984  -33.229  -22.430  56.142 0.0000000000
49732  -34.671  -22.788  55.520 0.0000000000
55831  -34.475  -18.822  56.191 0.0000000000
55830  -33.679  -19.321  56.049 0.0000000000
54635  -33.917  -19.602  56.287 0.0000000000
53458  -34.226  -20.241  56.323 0.0000000000
53465  -35.789  -20.209  55.063 0.0000000000
52268  -35.664  -21.087  55.313 0.0000000000
49734  -35.979  -22.368  55.045 0.0000000000
53483  -37.247  -20.055  53.516 0.0000000000
53473  -38.044  -20.665  54.025 0.0000000000
53484  -37.675  -20.211  53.409 0.0000000000
55851  -37.854  -18.061  54.117 0.0000000000
61915  -39.307  -14.086  51.822 0.0000000000
63175  -39.782  -13.839  51.018 0.0000000000
63177  -40.989  -13.153  52.041 0.0000000000
61917  -40.606  -13.777  52.469 0.0000000000
61898  -40.644  -14.259  53.007 0.0000000000
61899  -41.331  -14.150  52.888 0.0000000000
65583  -42.722  -10.976  52.484 0.0000000000
63179  -42.364  -12.348  52.170 0.0000000000
64398  -42.654  -11.659  52.593 0.0000000000
60743  -42.410  -13.898  52.503 0.0000000000
59559  -41.670  -14.492  52.763 0.0000000000
59575  -42.099  -14.546  52.367 0.0000000000
59600  -42.174  -14.830  51.399 0.0000000000
58318  -43.861  -15.930  50.523 0.0000000000
59640  -42.962  -15.404  49.910 0.0000000000
59641  -45.614  -15.771  49.497 0.0000000000
58334  -46.278  -15.941  48.586 0.0000000000
63194  -45.317  -12.433  49.498 0.0000000000
61943  -45.288  -13.519  49.701 0.0000000000
63195  -45.474  -13.007  49.263 0.0000000000
61986  -47.096  -12.402  48.130 0.0000000000
60838  -46.552  -14.216  48.148 0.0000000000
60855  -46.707  -14.248  47.776 0.0000000000
60878  -46.810  -14.120  47.365 0.0000000000
62029  -46.978  -13.594  47.376 0.0000000000
63243  -48.506  -12.020  47.227 0.0000000000
63259  -48.266  -11.884  46.524 0.0000000000
71923  -48.588  -5.801  43.374 0.0000000000
71924  -48.828  -6.130  43.972 0.0000000000
70582  -48.496  -6.109  42.706 0.0000000000
79651  -47.658  0.319  41.836 0.0000000000
78379  -47.507  -0.487  42.221 0.0000000000
78408  -49.172  -0.667  40.351 0.0000000000
78407  -48.374  -0.862  40.558 0.0000000000
77167  -48.739  -1.507  40.247 0.0000000000
79694  -51.789  -0.552  40.664 0.0000000000
78395  -51.416  -0.836  40.934 0.0000000000
75841  -51.517  -2.219  40.777 0.0000000000
73280  -51.517  -3.330  40.104 0.0000000000
74570  -50.505  -3.268  39.838 0.0000000000
73294  -51.173  -4.028  39.612 0.0000000000
81008  -53.423  1.788  35.805 0.0000000000
79788  -53.729  1.128  35.426 0.0000000000
84822  -54.399  3.791  30.714 0.0000000000
83585  -53.163  2.204  32.161 0.0000000000
82322  -53.872  1.764  32.716 0.0000000000
82269  -54.345  2.761  35.712 0.0000000000
81009  -54.268  1.734  36.220 0.0000000000
80993  -54.624  1.176  36.371 0.0000000000
69170  -46.510  -8.512  49.941 0.0000000000
69187  -46.000  -7.894  48.981 0.0000000000
70452  -46.045  -6.755  48.788 0.0000000000
59554  -38.155  -15.427  53.576 0.0000000000
59555  -38.520  -14.989  53.285 0.0000000000
66753  -44.445  -10.375  50.338 0.0000000000
66741  -45.436  -9.405  51.160 0.0000000000
66755  -45.808  -9.754  50.590 0.0000000000
67871  -45.912  -8.715  51.167 0.0000000000
67882  -46.309  -8.679  50.596 0.0000000000
75783  -48.120  -2.387  44.425 0.0000000000
77129  -47.656  -1.779  42.888 0.0000000000
83475  -52.584  2.481  38.901 0.0000000000
143452  -52.715  1.796  38.785 0.0000000000
78482  -54.512  -0.044  37.043 0.0000000000
79760  -54.844  0.526  36.713 0.0000000000
86001  -56.836  5.697  31.459 0.0000000000
84818  -56.744  5.452  31.464 0.0000000000
87260  -56.840  6.650  27.819 0.0000000000
88507  -56.495  6.686  28.721 0.0000000000
88495  -58.026  7.192  29.362 0.0000000000
88496  -58.741  7.166  29.422 0.0000000000
88497  -59.117  7.015  29.090 0.0000000000
88510  -59.584  7.084  28.178 0.0000000000
88540  -60.230  7.589  25.100 0.0000000000
88527  -59.812  7.027  25.976 0.0000000000
88528  -60.631  6.851  25.645 0.0000000000
87296  -60.828  6.480  25.358 0.0000000000
84902  -59.852  5.371  25.760 0.0000000000
63245  -49.707  -11.716  47.180 0.0000000000
64450  -49.653  -11.332  46.754 0.0000000000
65633  -48.851  -10.665  46.666 0.0000000000
66789  -49.366  -9.680  46.468 0.0000000000
67939  -49.198  -8.969  46.762 0.0000000000
73160  -47.705  -5.121  48.027 0.0000000000
73177  -48.114  -4.622  47.306 0.0000000000
74448  -48.143  -3.916  46.664 0.0000000000
74465  -48.213  -3.520  45.801 0.0000000000
75767  -46.898  -2.563  45.165 0.0000000000
49715  -20.044  -25.410  55.019 0.0000000000
48551  -21.315  -24.885  56.459 0.0000000000
45330  -26.216  -27.480  57.280 0.0000000000
47511  -27.791  -26.104  56.967 0.0000000000
46439  -28.194  -26.270  57.081 0.0000000000
46451  -29.099  -26.279  57.236 0.0000000000
47514  -29.931  -25.501  57.079 0.0000000000
49712  -32.068  -23.292  57.551 0.0000000000
49721  -32.785  -23.443  56.861 0.0000000000
49713  -33.027  -22.993  57.258 0.0000000000
50978  -33.171  -22.281  57.235 0.0000000000
50979  -33.611  -21.988  56.817 0.0000000000
57048  -35.580  -17.896  54.578 0.0000000000
57047  -35.063  -17.951  54.959 0.0000000000
57040  -35.721  -17.768  55.536 0.0000000000
55839  -35.499  -17.840  56.020 0.0000000000
54637  -35.654  -18.910  56.254 0.0000000000
54642  -35.222  -19.493  56.073 0.0000000000
53466  -36.390  -20.274  54.518 0.0000000000
54655  -36.951  -19.523  53.728 0.0000000000
55860  -37.352  -18.877  53.624 0.0000000000
58285  -39.244  -16.464  54.026 0.0000000000
57062  -38.880  -17.128  53.888 0.0000000000
58293  -39.464  -16.384  53.318 0.0000000000
59622  -40.091  -15.796  50.373 0.0000000000
59623  -41.092  -15.363  49.925 0.0000000000
61962  -40.535  -13.608  50.802 0.0000000000
63176  -40.108  -13.757  50.966 0.0000000000
61963  -40.994  -13.470  51.116 0.0000000000
61964  -41.264  -13.304  51.363 0.0000000000
63155  -43.706  -11.575  52.861 0.0000000000
63167  -43.076  -11.925  52.669 0.0000000000
61921  -43.630  -12.894  51.904 0.0000000000
59602  -43.267  -14.076  51.574 0.0000000000
59601  -42.964  -14.468  51.381 0.0000000000
60773  -43.443  -14.565  50.824 0.0000000000
60800  -43.810  -14.733  50.586 0.0000000000
58319  -44.438  -16.101  50.249 0.0000000000
59627  -45.044  -15.261  49.884 0.0000000000
59628  -45.439  -14.675  49.557 0.0000000000
64428  -46.449  -11.497  48.909 0.0000000000
63212  -46.004  -12.392  48.689 0.0000000000
64429  -47.017  -11.870  48.613 0.0000000000
63213  -47.021  -12.331  48.413 0.0000000000
62009  -47.468  -12.431  47.733 0.0000000000
63228  -48.081  -12.144  47.476 0.0000000000
63244  -49.117  -11.959  47.368 0.0000000000
48594  -19.855  -24.100  53.214 0.0000000000
142355  -19.005  -24.781  54.591 0.0000000000
73263  -48.022  -4.572  41.893 0.0000000000
70599  -48.442  -5.951  42.021 0.0000000000
71944  -48.175  -5.629  41.203 0.0000000000
80881  -48.479  0.986  41.160 0.0000000000
79652  -48.314  0.622  41.439 0.0000000000
79692  -49.306  0.162  40.488 0.0000000000
78409  -49.874  -0.419  40.367 0.0000000000
77192  -52.584  -1.763  40.385 0.0000000000
77149  -51.721  -1.827  41.019 0.0000000000
84805  -55.528  3.917  32.833 0.0000000000
83575  -55.078  3.467  33.275 0.0000000000
83558  -54.576  2.953  34.074 0.0000000000
81010  -55.076  1.085  35.242 0.0000000000
88518  -59.186  7.492  27.435 0.0000000000
88538  -58.928  7.492  25.272 0.0000000000
89719  -59.355  7.573  24.658 0.0000000000
89712  -59.888  7.825  24.814 0.0000000000
89721  -60.110  8.031  24.218 0.0000000000
66775  -47.797  -9.556  48.335 0.0000000000
67907  -48.017  -8.823  48.744 0.0000000000
69235  -47.738  -8.073  48.179 0.0000000000
70477  -47.214  -6.691  48.348 0.0000000000
71855  -47.330  -5.989  47.978 0.0000000000
73159  -47.068  -5.264  48.221 0.0000000000
73190  -46.810  -4.847  46.849 0.0000000000
48554  -23.362  -24.480  56.896 0.0000000000
53455  -31.543  -21.112  56.713 0.0000000000
57060  -36.200  -17.095  54.059 0.0000000000
57050  -37.199  -17.626  54.465 0.0000000000
58284  -38.710  -16.451  54.343 0.0000000000
59540  -37.981  -15.512  54.215 0.0000000000
59541  -38.447  -15.584  54.237 0.0000000000
59557  -40.311  -15.460  53.272 0.0000000000
64426  -42.447  -11.652  50.048 0.0000000000
64419  -42.714  -11.968  50.905 0.0000000000
65594  -42.963  -11.315  51.577 0.0000000000
66705  -42.784  -10.419  52.585 0.0000000000
66739  -44.240  -11.068  51.346 0.0000000000
66724  -43.519  -10.193  52.207 0.0000000000
64393  -43.634  -10.954  53.036 0.0000000000
64400  -44.306  -11.311  52.502 0.0000000000
63169  -44.810  -12.244  52.044 0.0000000000
61942  -45.081  -13.524  50.175 0.0000000000
63180  -44.922  -11.626  50.295 0.0000000000
64421  -45.409  -11.073  49.812 0.0000000000
65614  -45.973  -10.663  49.667 0.0000000000
64427  -46.022  -11.245  49.456 0.0000000000
65615  -46.457  -10.666  49.232 0.0000000000
66774  -47.151  -9.861  48.422 0.0000000000
73193  -49.712  -4.996  44.990 0.0000000000
71901  -49.946  -5.682  44.416 0.0000000000
73209  -49.511  -5.080  44.578 0.0000000000
73244  -48.773  -5.511  44.080 0.0000000000
73243  -48.429  -4.645  43.174 0.0000000000
74532  -47.669  -4.082  41.726 0.0000000000
74568  -47.584  -3.329  40.408 0.0000000000
75878  -47.813  -3.103  39.876 0.0000000000
82172  -50.574  1.874  41.230 0.0000000000
80884  -51.044  1.446  42.050 0.0000000000
80904  -52.345  1.211  42.001 0.0000000000
79675  -51.415  0.579  40.752 0.0000000000
79695  -52.008  -0.038  40.332 0.0000000000
79720  -52.443  0.326  39.676 0.0000000000
79719  -52.412  -0.177  39.932 0.0000000000
78412  -52.850  -0.968  40.304 0.0000000000
86034  -54.810  4.854  29.760 0.0000000000
84850  -54.433  4.403  29.879 0.0000000000
86019  -55.116  5.004  30.919 0.0000000000
86007  -54.991  5.190  32.001 0.0000000000
85998  -55.246  5.015  32.252 0.0000000000
84816  -55.866  4.592  32.364 0.0000000000
66764  -45.858  -8.885  48.980 0.0000000000
67906  -45.801  -8.605  48.335 0.0000000000
63209  -42.694  -12.169  49.762 0.0000000000
65612  -42.969  -10.859  49.814 0.0000000000
65620  -43.444  -10.740  49.178 0.0000000000
65621  -44.519  -10.545  48.844 0.0000000000
66762  -44.746  -9.972  49.346 0.0000000000
79637  -46.767  -0.759  43.028 0.0000000000
78366  -47.105  -0.655  42.756 0.0000000000
79669  -47.043  0.447  41.841 0.0000000000
80900  -47.672  0.554  41.315 0.0000000000
83440  -48.869  3.050  41.556 0.0000000000
82171  -49.782  2.296  41.183 0.0000000000
82187  -50.431  1.996  40.432 0.0000000000
82203  -51.374  1.851  39.468 0.0000000000
82216  -51.491  1.742  38.566 0.0000000000
82217  -52.186  2.269  38.465 0.0000000000
82230  -52.189  2.093  37.663 0.0000000000
83498  -52.875  2.101  37.417 0.0000000000
83513  -53.242  2.257  36.689 0.0000000000
86056  -54.345  4.938  28.344 0.0000000000
86049  -55.057  4.973  28.862 0.0000000000
87223  -55.852  6.255  31.079 0.0000000000
87224  -56.449  6.356  31.244 0.0000000000
88473  -56.902  6.616  30.628 0.0000000000
88452  -56.830  6.306  31.208 0.0000000000
87214  -56.712  6.081  31.555 0.0000000000
86009  -57.132  5.759  31.195 0.0000000000
86021  -57.338  5.688  30.757 0.0000000000
84838  -56.662  4.655  30.318 0.0000000000
86023  -58.503  6.122  29.640 0.0000000000
88511  -59.914  6.903  27.798 0.0000000000
87272  -59.732  6.727  27.127 0.0000000000
66791  -50.623  -10.053  46.164 0.0000000000
67976  -50.967  -9.243  45.475 0.0000000000
67957  -50.461  -8.595  45.792 0.0000000000
71889  -49.803  -5.647  45.262 0.0000000000
74486  -49.095  -3.889  45.033 0.0000000000
74485  -48.436  -3.270  45.104 0.0000000000
79619  -47.323  -0.087  43.971 0.0000000000
69209  -45.781  -7.437  48.009 0.0000000000
70497  -46.474  -6.554  47.565 0.0000000000
70522  -46.804  -6.444  46.847 0.0000000000
73207  -46.951  -4.761  45.806 0.0000000000
74484  -47.178  -3.873  45.275 0.0000000000
75751  -47.250  -3.358  45.590 0.0000000000
46520  -18.580  -25.664  53.009 0.0000000000
142328  -19.139  -25.685  53.598 0.0000000000
49726  -20.680  -23.971  56.539 0.0000000000
48552  -21.537  -24.412  56.660 0.0000000000
47531  -24.576  -25.588  55.096 0.0000000000
47509  -25.530  -25.897  57.054 0.0000000000
45339  -26.576  -27.312  56.641 0.0000000000
45347  -26.534  -27.063  55.604 0.0000000000
46471  -28.520  -26.440  54.779 0.0000000000
47515  -30.618  -25.072  57.082 0.0000000000
50983  -32.875  -22.561  56.306 0.0000000000
49730  -32.433  -22.760  55.635 0.0000000000
53462  -32.366  -20.170  55.955 0.0000000000
53456  -32.517  -20.753  56.751 0.0000000000
55846  -34.099  -19.036  54.639 0.0000000000
55829  -33.206  -19.336  56.061 0.0000000000
54634  -33.042  -19.686  56.365 0.0000000000
52260  -33.908  -21.300  56.740 0.0000000000
52266  -34.519  -21.731  56.281 0.0000000000
53459  -34.672  -20.464  56.075 0.0000000000
52267  -34.874  -21.210  56.010 0.0000000000
50990  -34.865  -22.103  55.726 0.0000000000
55861  -37.547  -18.284  53.768 0.0000000000
55871  -37.559  -18.559  53.012 0.0000000000
57073  -37.855  -17.850  52.784 0.0000000000
54672  -38.039  -19.435  52.569 0.0000000000
61896  -39.042  -14.109  52.921 0.0000000000
61916  -39.844  -13.786  52.101 0.0000000000
60712  -40.196  -14.562  53.413 0.0000000000
64408  -42.296  -12.501  51.859 0.0000000000
63165  -41.562  -13.355  52.410 0.0000000000
61919  -41.893  -13.703  52.730 0.0000000000
61900  -41.871  -14.167  53.099 0.0000000000
59558  -41.372  -14.832  52.963 0.0000000000
60772  -41.034  -14.708  51.900 0.0000000000
59599  -41.310  -14.965  51.255 0.0000000000
61965  -45.550  -13.853  49.912 0.0000000000
60803  -45.677  -14.135  49.528 0.0000000000
60804  -45.847  -13.724  48.838 0.0000000000
60820  -45.866  -14.203  48.937 0.0000000000
62049  -46.595  -13.979  46.669 0.0000000000
62030  -47.600  -12.614  47.202 0.0000000000
71914  -49.558  -6.019  43.933 0.0000000000
77145  -47.440  -1.217  42.431 0.0000000000
78393  -47.882  -0.538  41.250 0.0000000000
75859  -47.975  -2.474  40.269 0.0000000000
75879  -48.387  -3.056  39.617 0.0000000000
79673  -50.540  0.408  40.983 0.0000000000
78394  -50.673  -0.583  40.650 0.0000000000
77147  -50.806  -1.259  40.380 0.0000000000
75840  -50.924  -1.858  40.251 0.0000000000
75861  -50.200  -2.416  39.897 0.0000000000
74569  -49.430  -3.083  39.461 0.0000000000
79774  -52.823  0.993  36.276 0.0000000000
82267  -53.051  2.299  35.986 0.0000000000
83514  -53.692  2.536  36.462 0.0000000000
84835  -53.998  4.219  30.132 0.0000000000
83609  -53.515  3.636  30.391 0.0000000000
83595  -53.825  3.316  31.384 0.0000000000
83608  -53.068  2.900  30.630 0.0000000000
81057  -53.439  1.314  33.089 0.0000000000
81040  -53.790  1.314  33.903 0.0000000000
81022  -53.812  1.451  34.945 0.0000000000
83538  -53.959  3.188  35.984 0.0000000000
83515  -54.060  2.295  36.658 0.0000000000
82249  -54.632  1.664  36.991 0.0000000000
78502  -55.230  -0.835  35.284 0.0000000000
46440  -28.689  -26.234  57.239 0.0000000000
47503  -28.827  -26.047  57.317 0.0000000000
47504  -29.055  -25.989  57.370 0.0000000000
48542  -24.046  -24.701  59.054 0.0000000000
49714  -33.395  -22.590  56.969 0.0000000000
50973  -31.738  -22.283  57.746 0.0000000000
50988  -32.992  -22.273  55.843 0.0000000000
50989  -33.298  -22.439  55.919 0.0000000000
52249  -32.119  -22.104  57.306 0.0000000000
52250  -32.056  -22.042  57.599 0.0000000000
52252  -32.382  -21.796  57.092 0.0000000000
53445  -32.044  -22.186  57.005 0.0000000000
53450  -32.194  -21.448  56.869 0.0000000000
53451  -32.658  -21.248  57.038 0.0000000000
53463  -34.748  -19.899  55.974 0.0000000000
53471  -37.021  -20.128  53.564 0.0000000000
53497  -38.019  -20.128  52.911 0.0000000000
54654  -36.828  -20.004  53.632 0.0000000000
54663  -37.091  -19.856  53.569 0.0000000000
54664  -37.371  -19.552  53.447 0.0000000000
55832  -35.510  -18.292  56.183 0.0000000000
55836  -33.455  -19.327  55.807 0.0000000000
55870  -37.520  -19.002  53.227 0.0000000000
57035  -35.838  -17.775  56.141 0.0000000000
57036  -36.029  -17.915  56.311 0.0000000000
57039  -35.320  -17.860  55.214 0.0000000000
59571  -38.489  -15.186  52.933 0.0000000000
59572  -39.680  -15.316  52.193 0.0000000000
59577  -43.104  -13.880  51.756 0.0000000000
59597  -39.721  -15.601  51.332 0.0000000000
59626  -44.156  -15.437  50.483 0.0000000000
59643  -46.350  -14.538  48.428 0.0000000000
59660  -45.829  -15.717  47.791 0.0000000000
59677  -46.968  -14.842  47.898 0.0000000000
60694  -39.585  -14.777  53.668 0.0000000000
60695  -40.222  -14.950  53.567 0.0000000000
60714  -41.455  -14.423  52.900 0.0000000000
60738  -38.558  -15.167  52.524 0.0000000000
60742  -40.689  -14.783  52.171 0.0000000000
60744  -42.949  -13.570  51.966 0.0000000000
60770  -40.160  -15.102  51.560 0.0000000000
60771  -40.620  -14.807  51.663 0.0000000000
60776  -45.364  -13.614  49.841 0.0000000000
60877  -46.537  -14.396  47.125 0.0000000000
61918  -41.200  -13.850  52.690 0.0000000000
61938  -40.863  -13.327  51.802 0.0000000000
61939  -41.411  -13.182  51.532 0.0000000000
62010  -48.727  -12.257  47.909 0.0000000000
63154  -43.320  -11.339  53.043 0.0000000000
63163  -39.872  -13.764  51.442 0.0000000000
63182  -45.103  -13.123  49.769 0.0000000000
63183  -45.415  -13.339  49.503 0.0000000000
63192  -45.129  -11.601  50.168 0.0000000000
63193  -45.247  -11.725  49.886 0.0000000000
63210  -45.607  -11.478  49.556 0.0000000000
63261  -49.524  -11.493  46.968 0.0000000000
64391  -42.462  -10.995  53.081 0.0000000000
64392  -42.932  -10.978  53.152 0.0000000000
64410  -45.031  -11.413  50.325 0.0000000000
64420  -45.174  -11.359  50.139 0.0000000000
64430  -47.401  -11.938  48.251 0.0000000000
64438  -47.753  -11.650  47.522 0.0000000000
64449  -49.485  -11.522  47.031 0.0000000000
64459  -48.472  -11.672  45.997 0.0000000000
64462  -50.807  -10.999  45.868 0.0000000000
65565  -42.694  -10.432  52.976 0.0000000000
65566  -43.367  -10.240  52.923 0.0000000000
65584  -43.943  -10.150  52.470 0.0000000000
65605  -45.747  -10.311  50.238 0.0000000000
65607  -46.653  -9.881  49.277 0.0000000000
65616  -46.698  -10.135  48.617 0.0000000000
65623  -46.635  -10.857  48.567 0.0000000000
65632  -48.503  -10.113  47.229 0.0000000000
65634  -49.482  -10.964  46.489 0.0000000000
65642  -49.513  -10.220  46.328 0.0000000000
65643  -49.834  -10.645  46.188 0.0000000000
66706  -42.919  -9.987  52.605 0.0000000000
66723  -42.885  -10.400  52.114 0.0000000000
66773  -45.691  -9.189  48.754 0.0000000000
66797  -51.235  -10.011  46.016 0.0000000000
67891  -45.861  -8.625  49.433 0.0000000000
67892  -45.947  -8.382  49.021 0.0000000000
67894  -47.700  -8.914  49.187 0.0000000000
69167  -45.887  -8.248  49.560 0.0000000000
69189  -47.376  -8.685  49.210 0.0000000000
69210  -47.299  -8.084  48.469 0.0000000000
69233  -46.511  -6.829  47.112 0.0000000000
69234  -47.450  -7.792  48.278 0.0000000000
70453  -46.052  -6.895  48.985 0.0000000000
70455  -47.090  -6.526  48.393 0.0000000000
70498  -47.521  -7.573  48.166 0.0000000000
70581  -48.446  -5.816  42.405 0.0000000000
71833  -45.984  -6.389  49.072 0.0000000000
71834  -46.235  -6.497  48.756 0.0000000000
71836  -47.132  -6.263  48.271 0.0000000000
71852  -46.006  -6.407  48.754 0.0000000000
71870  -46.872  -6.039  47.840 0.0000000000
71933  -48.273  -5.271  41.760 0.0000000000
73227  -49.449  -5.470  44.293 0.0000000000
73262  -47.701  -4.238  41.496 0.0000000000
73279  -48.102  -4.874  41.154 0.0000000000
73292  -47.762  -4.533  40.407 0.0000000000
73309  -47.717  -4.282  39.910 0.0000000000
74549  -47.528  -3.819  41.221 0.0000000000
74567  -47.508  -3.984  40.448 0.0000000000
74589  -47.739  -3.770  39.719 0.0000000000
75880  -52.708  -2.001  40.155 0.0000000000
77114  -47.842  -1.187  43.368 0.0000000000
77169  -51.699  -1.367  40.984 0.0000000000
77170  -52.200  -1.636  40.793 0.0000000000
77171  -52.622  -1.306  40.420 0.0000000000
78353  -47.981  -0.569  44.114 0.0000000000
78411  -52.392  -0.792  40.481 0.0000000000
78436  -52.436  -0.378  40.134 0.0000000000
79655  -51.116  0.893  41.457 0.0000000000
79656  -51.546  0.818  41.496 0.0000000000
79657  -51.513  0.951  41.302 0.0000000000
79670  -47.277  0.414  41.889 0.0000000000
79672  -49.743  0.583  41.224 0.0000000000
79676  -51.418  0.948  40.848 0.0000000000
79691  -48.597  -0.176  40.588 0.0000000000
80880  -47.995  0.501  41.422 0.0000000000
80883  -50.179  1.540  41.625 0.0000000000
80885  -51.863  1.174  42.132 0.0000000000
80886  -52.124  0.812  41.839 0.0000000000
80905  -51.868  1.141  41.486 0.0000000000
80919  -51.107  1.704  40.194 0.0000000000
80920  -51.242  1.530  40.288 0.0000000000
80938  -51.621  1.561  39.718 0.0000000000
80955  -50.506  0.947  38.968 0.0000000000
80973  -55.144  1.220  37.140 0.0000000000
80992  -54.332  1.505  36.292 0.0000000000
81007  -52.873  1.661  36.098 0.0000000000
81039  -53.208  1.092  33.269 0.0000000000
82157  -49.249  2.619  41.579 0.0000000000
82158  -50.883  2.033  41.926 0.0000000000
82159  -51.632  1.736  42.060 0.0000000000
82160  -52.080  1.472  42.069 0.0000000000
82173  -51.269  1.870  41.548 0.0000000000
82174  -51.967  1.645  41.662 0.0000000000
82175  -51.653  1.178  41.377 0.0000000000
82189  -51.148  1.345  41.049 0.0000000000
82190  -51.452  1.218  41.243 0.0000000000
82201  -49.850  1.743  39.860 0.0000000000
82215  -50.891  1.512  38.896 0.0000000000
82247  -53.308  2.384  36.275 0.0000000000
83441  -49.055  3.002  41.714 0.0000000000
83452  -48.650  3.063  41.287 0.0000000000
83453  -49.179  3.092  41.321 0.0000000000
83463  -48.443  2.899  40.970 0.0000000000
83464  -48.785  3.023  40.873 0.0000000000
83501  -54.738  1.312  37.383 0.0000000000
83539  -54.104  3.092  36.359 0.0000000000
84836  -54.785  4.279  30.343 0.0000000000
84886  -60.010  5.295  25.934 0.0000000000
86002  -57.310  5.951  31.128 0.0000000000
86037  -58.038  5.556  29.366 0.0000000000
87216  -57.524  6.024  30.954 0.0000000000
87225  -57.406  6.271  30.699 0.0000000000
87261  -59.514  6.603  27.746 0.0000000000
87262  -59.877  6.860  27.567 0.0000000000
87268  -56.475  5.883  27.501 0.0000000000
88438  -56.894  6.133  31.398 0.0000000000
88439  -57.039  6.181  31.219 0.0000000000
88454  -57.524  6.471  30.383 0.0000000000
88474  -57.452  6.952  30.046 0.0000000000
88476  -58.755  6.831  29.649 0.0000000000
88493  -56.454  6.994  28.964 0.0000000000
88541  -60.693  6.992  25.299 0.0000000000
89671  -59.253  7.281  28.662 0.0000000000
89685  -58.941  7.861  28.652 0.0000000000
89694  -58.144  7.749  28.324 0.0000000000
89696  -59.204  7.694  28.082 0.0000000000
89711  -59.494  7.672  24.906 0.0000000000
142329  -19.289  -25.933  54.220 0.0000000000
143447  -53.204  1.510  37.896 0.0000000000
143448  -53.299  1.819  37.731 0.0000000000
143449  -53.169  1.901  37.880 0.0000000000
143453  -53.049  1.968  38.067 0.0000000000
143454  -53.469  1.823  37.554 0.0000000000
143456  -53.236  2.061  37.721 0.0000000000
143457  -52.663  2.313  38.708 0.0000000000
143458  -52.933  1.884  38.311 0.0000000000
143459  -53.843  0.989  37.448 0.0000000000
