#!ascii label  , from subject 3781 vox2ras=TkReg
2201
74385  -39.662  -2.794  51.894 0.0000000000
93303  -54.390  10.759  25.334 0.0000000000
84751  -42.308  5.772  35.689 0.0000000000
57126  -7.556  -17.399  46.610 0.0000000000
60790  -25.050  -14.138  50.260 0.0000000000
70459  -8.585  -6.597  48.438 0.0000000000
65538  -6.089  -10.460  54.488 0.0000000000
86006  -49.110  5.987  31.964 0.0000000000
68010  -7.049  -8.182  40.719 0.0000000000
51026  -5.223  -21.742  51.804 0.0000000000
75779  -40.680  -2.193  44.676 0.0000000000
71792  -34.618  -5.681  51.753 0.0000000000
66701  -32.523  -9.908  53.382 0.0000000000
95574  -55.832  13.922  23.124 0.0000000000
84789  -46.370  4.303  34.029 0.0000000000
143082  -19.917  -14.041  46.445 0.0000000000
74504  -8.130  -3.005  43.363 0.0000000000
61992  -10.775  -12.984  48.434 0.0000000000
63287  -11.236  -12.502  44.282 0.0000000000
58380  -6.442  -16.048  43.583 0.0000000000
59519  -10.750  -16.519  56.119 0.0000000000
55820  -7.609  -17.491  57.733 0.0000000000
85893  -39.218  5.635  39.612 0.0000000000
67856  -28.294  -8.979  51.974 0.0000000000
60833  -28.758  -12.465  47.697 0.0000000000
142850  -7.640  -9.420  51.700 0.0000000000
60750  -7.296  -14.069  51.360 0.0000000000
89683  -51.862  8.889  28.852 0.0000000000
58288  -13.507  -16.413  53.402 0.0000000000
59609  -16.454  -14.295  48.980 0.0000000000
70568  -8.505  -6.407  43.719 0.0000000000
64529  -11.504  -11.159  41.011 0.0000000000
64343  -5.631  -12.030  59.020 0.0000000000
59531  -4.641  -15.754  54.258 0.0000000000
54709  -5.404  -19.895  48.803 0.0000000000
76993  -41.979  -0.926  50.795 0.0000000000
71832  -39.842  -4.327  49.837 0.0000000000
75720  -41.072  -2.383  48.241 0.0000000000
71778  -37.328  -5.250  52.354 0.0000000000
69164  -36.695  -5.993  49.568 0.0000000000
71747  -36.756  -5.707  54.571 0.0000000000
143927  -55.818  11.973  24.364 0.0000000000
88534  -51.348  7.820  25.450 0.0000000000
89752  -52.559  8.969  23.664 0.0000000000
92181  -53.246  10.980  22.638 0.0000000000
83535  -43.788  5.280  34.727 0.0000000000
83510  -38.898  4.483  36.332 0.0000000000
83531  -40.696  3.723  34.931 0.0000000000
82304  -43.415  4.163  32.801 0.0000000000
62011  -7.090  -14.486  47.593 0.0000000000
60857  -7.318  -14.276  46.114 0.0000000000
58371  -7.565  -16.689  45.232 0.0000000000
54824  -7.166  -19.782  42.274 0.0000000000
53625  -8.591  -20.503  44.123 0.0000000000
57055  -10.735  -18.237  54.057 0.0000000000
55835  -9.590  -18.625  55.557 0.0000000000
84675  -41.371  4.694  42.697 0.0000000000
80816  -39.540  1.448  46.630 0.0000000000
78332  -37.547  -0.387  45.561 0.0000000000
82116  -38.705  3.440  44.324 0.0000000000
80897  -39.224  2.327  41.308 0.0000000000
73103  -29.683  -4.782  53.193 0.0000000000
66761  -32.787  -10.125  49.820 0.0000000000
64422  -30.774  -11.389  50.655 0.0000000000
95605  -54.438  14.081  19.846 0.0000000000
97857  -54.531  15.922  19.384 0.0000000000
65569  -7.256  -10.271  52.957 0.0000000000
142848  -9.650  -12.165  52.318 0.0000000000
142891  -8.723  -13.184  53.541 0.0000000000
89646  -50.717  8.322  30.196 0.0000000000
81072  -47.387  2.135  31.186 0.0000000000
84833  -46.971  4.866  30.406 0.0000000000
86047  -48.130  6.280  28.681 0.0000000000
60683  -14.777  -15.577  56.250 0.0000000000
60688  -15.556  -14.990  54.901 0.0000000000
69212  -5.740  -6.805  47.084 0.0000000000
70525  -5.381  -6.217  45.001 0.0000000000
70528  -8.798  -6.121  45.949 0.0000000000
62098  -9.520  -13.934  43.523 0.0000000000
64496  -11.513  -11.342  43.468 0.0000000000
60938  -10.179  -14.395  41.066 0.0000000000
64354  -8.939  -12.450  57.418 0.0000000000
142566  -5.486  -19.341  56.324 0.0000000000
58259  -5.699  -16.983  56.575 0.0000000000
54646  -5.003  -18.136  53.747 0.0000000000
57064  -4.414  -17.196  52.170 0.0000000000
52316  -4.720  -21.327  50.362 0.0000000000
77056  -41.150  -1.181  47.335 0.0000000000
71736  -31.695  -5.644  55.140 0.0000000000
73063  -34.515  -5.630  56.473 0.0000000000
69141  -33.187  -7.736  52.858 0.0000000000
96701  -57.911  15.063  22.322 0.0000000000
94475  -54.281  12.744  21.353 0.0000000000
83573  -48.000  3.497  32.916 0.0000000000
81037  -45.326  2.887  32.373 0.0000000000
62018  -23.956  -12.500  47.397 0.0000000000
60827  -22.327  -14.977  48.307 0.0000000000
71935  -6.718  -5.826  41.700 0.0000000000
66758  -11.346  -9.966  48.922 0.0000000000
67927  -11.712  -8.663  46.781 0.0000000000
63246  -10.838  -12.915  46.479 0.0000000000
60901  -8.933  -14.078  44.741 0.0000000000
60922  -6.670  -15.148  41.971 0.0000000000
58244  -11.654  -16.789  58.366 0.0000000000
59506  -9.218  -15.171  58.193 0.0000000000
57025  -10.570  -17.505  58.326 0.0000000000
53452  -8.079  -20.307  57.677 0.0000000000
85936  -40.191  5.804  36.952 0.0000000000
82214  -38.977  3.212  38.645 0.0000000000
61931  -27.683  -14.164  51.634 0.0000000000
67858  -30.465  -8.999  52.750 0.0000000000
61913  -30.749  -14.290  52.256 0.0000000000
61977  -26.863  -12.806  49.734 0.0000000000
69171  -5.595  -7.361  49.139 0.0000000000
67872  -5.806  -7.329  50.957 0.0000000000
142853  -8.629  -8.114  50.268 0.0000000000
142780  -10.846  -10.845  50.799 0.0000000000
60780  -9.382  -14.087  50.233 0.0000000000
59644  -6.417  -15.723  48.444 0.0000000000
90922  -53.072  9.950  27.275 0.0000000000
87277  -48.842  8.364  26.960 0.0000000000
55824  -13.992  -18.030  57.779 0.0000000000
58279  -12.674  -17.122  54.768 0.0000000000
57067  -12.306  -17.855  52.536 0.0000000000
59637  -21.188  -14.668  49.702 0.0000000000
61972  -18.916  -13.536  50.290 0.0000000000
61904  -16.957  -13.763  52.316 0.0000000000
59583  -14.788  -14.863  51.701 0.0000000000
58311  -12.848  -16.679  50.221 0.0000000000
74470  -6.722  -3.340  45.262 0.0000000000
70584  -5.510  -6.137  43.190 0.0000000000
70587  -8.247  -7.098  41.876 0.0000000000
67960  -11.382  -8.238  44.812 0.0000000000
68015  -11.193  -8.446  41.941 0.0000000000
66847  -10.506  -9.052  40.243 0.0000000000
65525  -5.669  -10.425  56.485 0.0000000000
59504  -6.843  -15.001  58.530 0.0000000000
60672  -5.107  -13.452  57.171 0.0000000000
142860  -7.085  -13.347  55.864 0.0000000000
60719  -5.799  -14.556  52.796 0.0000000000
59629  -5.235  -16.352  50.198 0.0000000000
55919  -6.012  -18.524  47.317 0.0000000000
48639  -4.532  -24.451  49.547 0.0000000000
51113  -3.934  -22.958  47.838 0.0000000000
51145  -7.987  -22.424  45.491 0.0000000000
75682  -41.562  -2.009  51.532 0.0000000000
76962  -40.277  -2.140  52.482 0.0000000000
73122  -40.411  -4.213  51.078 0.0000000000
75691  -40.751  -3.030  50.659 0.0000000000
74383  -38.747  -3.913  51.754 0.0000000000
71795  -38.991  -5.106  51.125 0.0000000000
74372  -39.104  -3.302  52.863 0.0000000000
73088  -38.312  -4.184  53.310 0.0000000000
143931  -54.643  11.742  25.114 0.0000000000
90937  -52.993  9.217  25.565 0.0000000000
88536  -52.693  7.117  25.030 0.0000000000
92157  -53.692  9.702  24.770 0.0000000000
92168  -53.844  10.367  24.037 0.0000000000
84767  -43.677  5.251  35.106 0.0000000000
85958  -44.569  5.350  35.643 0.0000000000
85957  -43.679  5.722  35.582 0.0000000000
82266  -39.927  3.862  35.370 0.0000000000
84765  -41.729  4.815  34.818 0.0000000000
83551  -42.604  3.957  34.066 0.0000000000
59664  -6.957  -15.717  46.988 0.0000000000
59679  -6.929  -15.340  46.350 0.0000000000
57140  -8.090  -17.504  45.730 0.0000000000
55999  -8.170  -18.142  43.885 0.0000000000
55952  -7.978  -18.473  45.658 0.0000000000
55864  -9.944  -18.896  52.531 0.0000000000
54650  -10.095  -19.209  53.559 0.0000000000
83384  -39.792  3.478  47.023 0.0000000000
82090  -38.858  2.760  46.119 0.0000000000
83405  -40.077  3.984  44.648 0.0000000000
83419  -40.331  3.851  43.817 0.0000000000
96721  -57.188  15.058  20.608 0.0000000000
96719  -54.735  14.935  19.825 0.0000000000
98985  -56.666  16.414  19.645 0.0000000000
65552  -7.255  -10.006  53.866 0.0000000000
64384  -8.227  -10.887  54.169 0.0000000000
64379  -7.392  -10.988  54.566 0.0000000000
87235  -50.099  6.632  31.151 0.0000000000
89628  -51.480  8.820  31.788 0.0000000000
84812  -47.658  4.652  32.182 0.0000000000
83606  -46.323  4.059  30.990 0.0000000000
87219  -48.741  6.310  31.302 0.0000000000
87233  -48.669  6.736  30.323 0.0000000000
60689  -16.637  -14.699  55.892 0.0000000000
61888  -16.678  -13.514  54.970 0.0000000000
60732  -25.769  -14.460  52.110 0.0000000000
60760  -24.789  -14.565  51.216 0.0000000000
70633  -6.100  -7.032  40.126 0.0000000000
70457  -7.319  -6.602  47.822 0.0000000000
70502  -6.717  -6.591  46.374 0.0000000000
71859  -8.869  -5.835  47.885 0.0000000000
59719  -8.395  -15.611  41.946 0.0000000000
60926  -10.078  -14.236  42.121 0.0000000000
59731  -8.927  -15.786  41.269 0.0000000000
64356  -9.985  -11.536  58.532 0.0000000000
142706  -9.577  -12.793  57.715 0.0000000000
52287  -5.940  -20.873  53.710 0.0000000000
142582  -5.303  -18.407  54.867 0.0000000000
52288  -4.969  -20.420  53.123 0.0000000000
54666  -3.791  -18.936  52.214 0.0000000000
52302  -4.527  -20.991  51.301 0.0000000000
77027  -42.054  -1.155  48.584 0.0000000000
75736  -42.095  -1.885  47.532 0.0000000000
78290  -41.696  -0.309  48.089 0.0000000000
80807  -41.822  1.491  47.881 0.0000000000
70395  -35.496  -6.232  53.315 0.0000000000
71760  -34.835  -5.576  54.370 0.0000000000
70404  -32.844  -6.260  52.333 0.0000000000
69151  -32.484  -7.559  51.492 0.0000000000
96700  -56.940  14.544  22.780 0.0000000000
94467  -56.093  12.651  22.826 0.0000000000
94464  -53.870  12.471  21.926 0.0000000000
95580  -56.472  13.559  22.238 0.0000000000
95579  -56.168  13.602  21.870 0.0000000000
83557  -47.674  3.619  33.668 0.0000000000
84772  -49.288  5.503  34.242 0.0000000000
84771  -48.086  5.255  34.294 0.0000000000
83570  -44.450  4.685  33.048 0.0000000000
81035  -43.779  3.089  32.593 0.0000000000
82287  -46.045  4.400  32.255 0.0000000000
82308  -46.873  3.562  32.268 0.0000000000
74518  -8.644  -3.184  42.669 0.0000000000
73266  -7.862  -4.539  41.649 0.0000000000
73248  -7.680  -4.437  42.825 0.0000000000
64431  -11.528  -11.719  48.612 0.0000000000
64440  -11.633  -11.562  47.681 0.0000000000
63214  -10.846  -12.696  47.603 0.0000000000
59690  -6.996  -15.257  45.221 0.0000000000
60880  -8.219  -14.104  45.148 0.0000000000
59698  -7.049  -15.242  44.084 0.0000000000
60911  -7.295  -14.634  42.919 0.0000000000
58389  -6.319  -16.340  42.806 0.0000000000
57177  -6.061  -17.855  42.025 0.0000000000
58254  -11.566  -17.127  57.400 0.0000000000
58243  -11.122  -16.531  57.483 0.0000000000
57032  -11.264  -17.951  57.103 0.0000000000
55843  -7.992  -19.563  54.944 0.0000000000
53448  -9.757  -20.093  57.875 0.0000000000
142565  -7.988  -21.481  55.604 0.0000000000
142577  -6.133  -20.570  56.884 0.0000000000
85907  -38.987  5.947  38.766 0.0000000000
83448  -39.925  3.518  40.573 0.0000000000
82183  -39.563  2.972  40.291 0.0000000000
83473  -39.290  3.982  39.186 0.0000000000
84738  -38.909  4.855  37.705 0.0000000000
67854  -26.745  -8.810  52.738 0.0000000000
65575  -27.020  -10.860  53.224 0.0000000000
65576  -27.870  -10.703  51.938 0.0000000000
70377  -32.225  -6.844  54.773 0.0000000000
70376  -31.662  -6.457  54.842 0.0000000000
67844  -31.165  -9.033  53.198 0.0000000000
62002  -29.891  -12.954  48.744 0.0000000000
63187  -29.748  -12.997  51.082 0.0000000000
61980  -29.431  -13.394  49.816 0.0000000000
60795  -29.197  -14.518  50.625 0.0000000000
63236  -27.768  -12.572  48.470 0.0000000000
60829  -26.334  -12.678  48.198 0.0000000000
142873  -7.005  -8.925  52.098 0.0000000000
142874  -7.144  -8.681  51.420 0.0000000000
142875  -6.702  -7.747  50.696 0.0000000000
142852  -7.973  -8.438  51.072 0.0000000000
66728  -9.600  -8.886  50.703 0.0000000000
142797  -10.046  -10.468  51.600 0.0000000000
61925  -9.507  -13.344  51.873 0.0000000000
61945  -9.681  -13.277  50.834 0.0000000000
60779  -8.346  -14.132  50.340 0.0000000000
60806  -7.427  -14.186  49.367 0.0000000000
59606  -7.274  -14.874  49.977 0.0000000000
92136  -52.573  10.104  28.233 0.0000000000
93272  -53.256  11.363  28.364 0.0000000000
92102  -53.889  10.792  29.095 0.0000000000
88504  -49.640  7.377  28.620 0.0000000000
88513  -48.833  7.327  28.113 0.0000000000
89681  -50.716  8.497  27.840 0.0000000000
89691  -49.715  9.799  27.272 0.0000000000
57029  -14.724  -17.421  58.259 0.0000000000
59537  -14.177  -15.727  54.805 0.0000000000
58268  -13.214  -15.713  55.940 0.0000000000
58287  -12.818  -16.721  53.853 0.0000000000
57057  -12.274  -17.475  53.645 0.0000000000
57068  -13.289  -17.186  52.675 0.0000000000
59668  -20.802  -13.640  47.197 0.0000000000
60826  -21.881  -14.623  48.797 0.0000000000
59667  -20.540  -14.172  47.912 0.0000000000
143075  -16.801  -13.926  47.862 0.0000000000
143070  -18.577  -13.506  49.498 0.0000000000
143076  -17.841  -13.372  49.716 0.0000000000
61928  -18.234  -13.521  51.521 0.0000000000
60753  -16.700  -14.193  51.076 0.0000000000
60752  -15.618  -14.412  51.423 0.0000000000
59608  -15.200  -14.800  50.497 0.0000000000
58325  -13.269  -16.854  49.239 0.0000000000
75754  -5.527  -3.015  45.727 0.0000000000
70548  -6.270  -6.401  44.279 0.0000000000
70547  -5.611  -6.134  44.219 0.0000000000
70567  -7.254  -6.653  43.347 0.0000000000
70585  -6.410  -6.325  42.706 0.0000000000
69290  -8.374  -7.156  43.021 0.0000000000
65635  -12.137  -10.481  46.127 0.0000000000
67944  -12.033  -8.941  45.727 0.0000000000
65656  -12.350  -10.236  44.943 0.0000000000
64512  -12.177  -11.090  42.112 0.0000000000
65675  -12.279  -9.396  42.508 0.0000000000
65674  -11.936  -9.815  42.095 0.0000000000
68014  -10.500  -8.368  41.499 0.0000000000
66848  -11.159  -9.474  40.883 0.0000000000
65693  -10.838  -9.798  39.621 0.0000000000
65508  -5.500  -11.025  57.751 0.0000000000
58251  -8.606  -16.611  57.315 0.0000000000
59505  -7.971  -15.154  58.555 0.0000000000
58250  -7.503  -16.468  57.490 0.0000000000
59524  -5.296  -16.080  55.423 0.0000000000
59518  -5.971  -15.650  56.458 0.0000000000
59525  -5.812  -15.276  55.594 0.0000000000
60677  -5.965  -13.709  56.198 0.0000000000
60685  -6.057  -14.786  55.391 0.0000000000
60697  -6.645  -14.482  53.855 0.0000000000
59546  -5.389  -14.993  53.645 0.0000000000
142628  -4.580  -18.420  50.158 0.0000000000
58309  -4.514  -16.223  50.930 0.0000000000
57097  -4.978  -17.859  49.487 0.0000000000
57109  -5.457  -17.814  48.664 0.0000000000
55918  -5.528  -18.673  48.124 0.0000000000
47605  -4.543  -25.512  48.085 0.0000000000
49837  -4.232  -23.478  48.172 0.0000000000
79550  -42.152  0.105  50.007 0.0000000000
71850  -38.925  -4.786  48.442 0.0000000000
73156  -39.861  -3.650  47.898 0.0000000000
73144  -40.252  -3.896  49.355 0.0000000000
77009  -41.422  -1.712  49.739 0.0000000000
70408  -36.824  -5.871  52.051 0.0000000000
70423  -37.355  -5.553  51.125 0.0000000000
71814  -38.959  -5.215  49.957 0.0000000000
73086  -36.700  -5.093  53.476 0.0000000000
95561  -56.344  13.193  24.265 0.0000000000
88562  -50.724  7.777  23.393 0.0000000000
89750  -51.346  8.955  23.369 0.0000000000
90977  -51.374  10.486  22.779 0.0000000000
89767  -53.166  9.586  22.807 0.0000000000
93326  -55.117  11.821  23.293 0.0000000000
85988  -45.103  5.392  34.168 0.0000000000
85961  -46.983  5.184  34.716 0.0000000000
85959  -45.334  5.373  35.477 0.0000000000
87162  -46.517  6.638  35.342 0.0000000000
80989  -38.467  2.955  37.205 0.0000000000
82265  -39.034  3.467  35.362 0.0000000000
83530  -39.768  3.780  34.613 0.0000000000
82283  -39.559  3.749  33.619 0.0000000000
83580  -41.050  3.315  32.625 0.0000000000
83568  -42.082  3.829  33.625 0.0000000000
83552  -43.292  4.755  33.921 0.0000000000
61989  -7.975  -13.567  48.015 0.0000000000
62014  -8.538  -13.466  47.309 0.0000000000
62032  -7.619  -14.232  47.081 0.0000000000
58381  -6.912  -16.253  44.384 0.0000000000
55997  -6.507  -18.169  42.440 0.0000000000
57163  -7.790  -17.615  44.061 0.0000000000
54825  -7.861  -19.900  42.632 0.0000000000
58277  -11.300  -17.427  55.311 0.0000000000
57038  -11.039  -18.111  55.999 0.0000000000
55845  -10.262  -19.040  54.345 0.0000000000
85851  -40.500  5.006  41.399 0.0000000000
78319  -39.480  -0.617  46.415 0.0000000000
77082  -39.120  -1.345  45.964 0.0000000000
79584  -38.986  0.541  46.443 0.0000000000
80828  -37.479  1.944  45.317 0.0000000000
80861  -37.038  2.477  44.084 0.0000000000
82137  -39.273  3.991  43.191 0.0000000000
83436  -40.267  4.040  42.398 0.0000000000
70389  -29.448  -6.651  53.463 0.0000000000
65581  -33.520  -10.139  52.514 0.0000000000
65591  -32.124  -10.624  51.811 0.0000000000
65610  -31.879  -10.522  49.952 0.0000000000
62004  -30.571  -12.046  48.465 0.0000000000
95603  -52.976  14.608  20.240 0.0000000000
96728  -53.377  14.794  19.342 0.0000000000
97866  -53.376  15.823  18.127 0.0000000000
99000  -53.478  16.472  17.595 0.0000000000
66708  -7.355  -9.976  52.202 0.0000000000
65587  -9.109  -10.355  52.211 0.0000000000
65570  -8.358  -10.468  52.713 0.0000000000
142871  -9.353  -12.070  53.184 0.0000000000
60721  -8.610  -14.083  53.071 0.0000000000
89667  -51.493  8.724  29.439 0.0000000000
90870  -52.241  10.072  30.903 0.0000000000
82343  -45.592  3.279  29.919 0.0000000000
83619  -46.545  3.555  29.000 0.0000000000
84861  -46.804  4.462  27.946 0.0000000000
86046  -47.424  5.593  28.924 0.0000000000
88490  -49.477  7.371  29.653 0.0000000000
142691  -14.874  -16.000  56.966 0.0000000000
60678  -15.901  -15.742  57.276 0.0000000000
59538  -14.829  -15.471  55.363 0.0000000000
59549  -14.248  -15.604  53.621 0.0000000000
143061  -16.714  -15.124  47.128 0.0000000000
59646  -15.365  -15.617  48.385 0.0000000000
73179  -4.527  -4.343  46.593 0.0000000000
74467  -4.280  -4.054  45.766 0.0000000000
70501  -5.663  -5.937  46.336 0.0000000000
70526  -6.439  -6.502  45.307 0.0000000000
70550  -8.735  -6.504  44.784 0.0000000000
63286  -9.966  -12.419  44.181 0.0000000000
63340  -9.915  -13.019  42.928 0.0000000000
63365  -11.112  -12.691  41.853 0.0000000000
62136  -11.415  -13.081  41.210 0.0000000000
66650  -9.626  -9.646  59.037 0.0000000000
65501  -8.868  -10.463  58.917 0.0000000000
64344  -6.644  -11.974  58.999 0.0000000000
142588  -5.178  -18.579  57.459 0.0000000000
142584  -6.339  -17.987  56.596 0.0000000000
142574  -5.694  -18.222  56.333 0.0000000000
58269  -5.144  -17.474  55.858 0.0000000000
58276  -4.938  -16.850  54.670 0.0000000000
59530  -4.507  -16.217  53.491 0.0000000000
57054  -3.967  -17.390  52.836 0.0000000000
55862  -3.543  -18.288  51.801 0.0000000000
53514  -4.523  -19.911  50.166 0.0000000000
74481  -41.714  -3.633  45.259 0.0000000000
73174  -41.086  -3.629  46.492 0.0000000000
74461  -42.637  -3.281  46.809 0.0000000000
77099  -41.611  -1.590  45.549 0.0000000000
79586  -40.697  0.532  47.192 0.0000000000
82081  -40.979  2.941  47.720 0.0000000000
70378  -32.989  -6.638  54.858 0.0000000000
143274  -36.009  -6.365  55.628 0.0000000000
71759  -34.242  -5.880  54.576 0.0000000000
67847  -32.585  -9.156  52.984 0.0000000000
66737  -32.738  -9.546  51.628 0.0000000000
92198  -51.717  11.860  21.161 0.0000000000
95586  -54.992  13.747  21.135 0.0000000000
97838  -56.797  14.624  21.182 0.0000000000
85996  -49.028  5.540  32.679 0.0000000000
87212  -50.926  6.960  32.890 0.0000000000
85991  -50.163  5.739  33.805 0.0000000000
81049  -42.146  3.195  31.574 0.0000000000
79826  -45.519  2.428  31.318 0.0000000000
83584  -47.483  3.736  32.302 0.0000000000
61975  -25.119  -13.336  49.377 0.0000000000
61952  -23.957  -14.389  49.811 0.0000000000
62017  -22.756  -13.497  47.615 0.0000000000
59669  -22.100  -14.331  46.987 0.0000000000
71949  -7.160  -5.005  41.070 0.0000000000
70602  -6.926  -6.996  41.622 0.0000000000
67895  -10.155  -8.417  48.304 0.0000000000
69217  -10.351  -7.451  47.823 0.0000000000
66768  -11.538  -9.454  48.073 0.0000000000
64451  -11.944  -11.527  46.737 0.0000000000
62054  -11.112  -13.229  45.589 0.0000000000
62034  -9.092  -13.508  46.447 0.0000000000
62052  -9.611  -13.386  45.709 0.0000000000
62078  -10.722  -13.121  44.816 0.0000000000
62097  -8.653  -13.713  43.813 0.0000000000
60671  -9.995  -14.331  58.421 0.0000000000
59507  -10.681  -15.581  57.947 0.0000000000
58252  -9.676  -16.907  57.325 0.0000000000
57024  -8.722  -17.451  57.923 0.0000000000
55822  -10.665  -18.718  57.680 0.0000000000
54626  -9.298  -18.727  59.119 0.0000000000
57008  -6.575  -17.987  59.166 0.0000000000
142575  -5.688  -19.542  58.158 0.0000000000
51011  -6.025  -20.666  55.338 0.0000000000
51012  -5.466  -21.729  53.297 0.0000000000
85937  -41.005  6.165  36.126 0.0000000000
85938  -42.146  6.408  36.376 0.0000000000
87158  -41.639  6.667  36.771 0.0000000000
75777  -38.578  -2.088  44.309 0.0000000000
80969  -38.515  2.374  37.882 0.0000000000
83509  -38.760  4.777  36.728 0.0000000000
142900  -26.952  -12.553  52.878 0.0000000000
59567  -26.734  -15.047  51.849 0.0000000000
73071  -31.344  -4.699  54.606 0.0000000000
70390  -30.727  -6.631  53.606 0.0000000000
69150  -29.251  -8.828  51.827 0.0000000000
65599  -30.946  -10.808  51.500 0.0000000000
65597  -29.727  -10.315  51.280 0.0000000000
64403  -29.103  -11.611  51.645 0.0000000000
61933  -28.976  -13.663  51.498 0.0000000000
59615  -27.444  -15.206  50.817 0.0000000000
61953  -25.670  -13.413  50.003 0.0000000000
61996  -24.706  -13.128  48.409 0.0000000000
100150  -53.339  17.322  17.064 0.0000000000
100158  -54.035  17.974  16.556 0.0000000000
101341  -54.049  18.342  15.818 0.0000000000
69190  -5.792  -6.661  47.987 0.0000000000
69191  -6.815  -6.850  48.246 0.0000000000
69153  -5.688  -6.808  50.202 0.0000000000
69172  -6.952  -7.471  49.490 0.0000000000
142856  -9.187  -7.959  49.762 0.0000000000
142823  -10.066  -8.834  49.315 0.0000000000
66743  -11.490  -10.352  50.055 0.0000000000
63196  -11.218  -11.900  49.685 0.0000000000
142820  -9.993  -11.548  51.703 0.0000000000
61946  -10.365  -12.861  50.037 0.0000000000
60808  -9.942  -13.957  49.574 0.0000000000
61967  -7.511  -13.790  48.534 0.0000000000
60822  -6.809  -14.699  48.452 0.0000000000
58351  -6.836  -16.387  47.186 0.0000000000
92142  -53.669  10.477  26.453 0.0000000000
84869  -47.076  5.029  27.478 0.0000000000
86063  -47.397  5.702  26.842 0.0000000000
87274  -47.841  6.519  26.275 0.0000000000
88522  -49.605  7.716  25.815 0.0000000000
143924  -51.121  9.563  25.485 0.0000000000
57020  -12.748  -17.479  58.341 0.0000000000
58266  -12.026  -16.776  56.772 0.0000000000
57028  -13.891  -16.688  57.589 0.0000000000
58267  -12.669  -16.182  56.371 0.0000000000
58278  -11.802  -17.135  55.301 0.0000000000
55866  -11.475  -18.252  52.851 0.0000000000
60788  -22.589  -14.371  50.251 0.0000000000
60787  -21.756  -14.422  50.001 0.0000000000
59586  -20.961  -14.985  51.096 0.0000000000
59635  -18.939  -14.123  48.705 0.0000000000
60811  -20.234  -14.453  50.154 0.0000000000
60786  -20.368  -14.245  50.979 0.0000000000
61929  -19.240  -13.600  51.915 0.0000000000
61906  -18.604  -13.025  52.735 0.0000000000
63152  -17.863  -13.339  53.324 0.0000000000
60703  -16.933  -13.824  53.223 0.0000000000
60724  -15.066  -14.668  52.413 0.0000000000
59564  -14.512  -15.549  52.428 0.0000000000
59607  -14.414  -15.616  50.248 0.0000000000
58306  -13.750  -16.516  51.060 0.0000000000
57081  -14.019  -17.381  51.909 0.0000000000
57079  -12.015  -17.610  51.416 0.0000000000
74488  -7.199  -3.353  44.691 0.0000000000
73196  -5.420  -4.434  45.125 0.0000000000
73211  -5.982  -4.589  44.538 0.0000000000
73230  -7.095  -4.277  43.421 0.0000000000
71934  -6.264  -5.694  42.458 0.0000000000
69323  -7.672  -7.874  41.367 0.0000000000
70530  -9.928  -7.079  46.632 0.0000000000
69275  -10.336  -7.428  44.861 0.0000000000
69292  -10.401  -7.356  43.799 0.0000000000
66806  -12.050  -9.283  43.712 0.0000000000
67978  -11.449  -8.328  43.736 0.0000000000
69308  -10.394  -7.530  42.881 0.0000000000
69307  -9.324  -7.527  42.372 0.0000000000
68013  -9.542  -7.829  41.199 0.0000000000
68012  -8.470  -8.186  40.787 0.0000000000
66846  -9.457  -8.626  39.808 0.0000000000
61870  -9.194  -13.683  58.620 0.0000000000
61866  -7.566  -13.926  59.196 0.0000000000
142730  -6.035  -13.448  58.210 0.0000000000
58249  -6.509  -16.141  57.275 0.0000000000
60667  -6.063  -14.045  57.691 0.0000000000
142747  -4.199  -13.178  58.101 0.0000000000
142771  -5.109  -12.817  56.903 0.0000000000
64361  -6.044  -12.289  56.203 0.0000000000
64378  -6.702  -11.304  55.000 0.0000000000
142878  -7.605  -12.957  55.110 0.0000000000
60698  -8.146  -14.258  53.997 0.0000000000
60749  -6.227  -14.289  51.685 0.0000000000
60717  -4.154  -14.940  52.369 0.0000000000
60748  -5.119  -14.680  51.875 0.0000000000
59581  -6.249  -14.511  51.071 0.0000000000
59631  -6.244  -15.453  49.416 0.0000000000
58350  -6.292  -16.567  47.891 0.0000000000
55933  -6.531  -18.366  46.835 0.0000000000
49778  -4.893  -23.086  51.282 0.0000000000
48623  -4.876  -24.342  50.600 0.0000000000
51040  -4.845  -22.094  50.722 0.0000000000
51066  -4.639  -22.272  49.598 0.0000000000
52335  -4.493  -21.347  49.310 0.0000000000
52356  -3.987  -21.481  48.208 0.0000000000
49854  -5.115  -23.511  47.130 0.0000000000
53573  -5.548  -20.803  47.620 0.0000000000
53595  -5.996  -20.950  46.623 0.0000000000
53596  -7.065  -20.480  46.404 0.0000000000
54764  -7.707  -19.936  46.148 0.0000000000
52394  -9.121  -21.483  45.089 0.0000000000
51185  -8.505  -22.564  43.320 0.0000000000
75671  -40.724  -2.474  52.141 0.0000000000
75672  -41.310  -1.924  52.183 0.0000000000
75664  -39.822  -2.457  52.357 0.0000000000
74398  -40.260  -3.537  51.485 0.0000000000
75681  -40.661  -2.731  51.132 0.0000000000
74384  -39.173  -3.414  51.872 0.0000000000
74397  -39.355  -3.955  51.570 0.0000000000
74373  -39.475  -2.753  52.425 0.0000000000
74371  -38.636  -3.770  52.320 0.0000000000
75663  -39.443  -2.620  52.827 0.0000000000
90938  -53.806  9.632  25.780 0.0000000000
90945  -53.624  9.501  25.289 0.0000000000
92158  -54.063  9.913  24.989 0.0000000000
93308  -54.627  10.853  24.557 0.0000000000
84766  -42.674  5.277  35.162 0.0000000000
85956  -42.876  5.952  35.768 0.0000000000
84750  -41.445  5.338  35.578 0.0000000000
83512  -41.312  4.410  35.355 0.0000000000
84785  -42.366  4.693  34.510 0.0000000000
58352  -7.318  -16.690  46.825 0.0000000000
58360  -7.679  -16.609  46.226 0.0000000000
54667  -9.915  -19.455  52.057 0.0000000000
83393  -39.788  3.757  45.722 0.0000000000
65539  -6.648  -10.333  54.345 0.0000000000
87220  -49.556  6.577  31.620 0.0000000000
88450  -50.784  6.935  31.368 0.0000000000
87222  -50.763  6.833  32.258 0.0000000000
86005  -48.354  5.349  31.818 0.0000000000
84821  -47.363  4.918  31.473 0.0000000000
142763  -17.369  -13.489  55.513 0.0000000000
60761  -25.791  -14.295  51.212 0.0000000000
69337  -6.606  -7.721  40.808 0.0000000000
69352  -6.352  -7.466  39.987 0.0000000000
69214  -7.917  -7.018  48.170 0.0000000000
71858  -8.094  -6.117  47.558 0.0000000000
71841  -8.744  -6.133  48.314 0.0000000000
60925  -9.204  -14.903  41.902 0.0000000000
142686  -10.749  -13.134  59.396 0.0000000000
53488  -4.302  -19.512  52.596 0.0000000000
78279  -42.128  -0.351  48.627 0.0000000000
79558  -42.011  0.582  48.503 0.0000000000
80800  -42.508  1.390  48.120 0.0000000000
70420  -35.202  -6.054  51.937 0.0000000000
70406  -34.833  -6.251  52.578 0.0000000000
71776  -33.557  -5.740  52.220 0.0000000000
96699  -55.981  14.417  23.179 0.0000000000
94468  -56.368  12.906  22.808 0.0000000000
94478  -56.409  13.028  22.552 0.0000000000
95575  -56.174  13.650  22.724 0.0000000000
83556  -46.813  3.401  33.784 0.0000000000
83537  -47.691  4.099  34.229 0.0000000000
84790  -46.932  3.989  34.147 0.0000000000
83572  -45.590  4.741  33.062 0.0000000000
82306  -45.190  4.115  32.318 0.0000000000
83555  -46.253  4.367  33.093 0.0000000000
82288  -46.653  3.901  32.681 0.0000000000
75785  -8.587  -2.338  43.723 0.0000000000
73249  -8.268  -4.046  42.466 0.0000000000
74517  -8.134  -3.689  43.038 0.0000000000
61971  -10.999  -12.884  48.600 0.0000000000
63215  -11.071  -12.495  48.108 0.0000000000
61991  -10.346  -13.220  47.996 0.0000000000
59697  -6.643  -15.711  43.850 0.0000000000
59706  -6.647  -15.369  43.210 0.0000000000
57161  -6.664  -17.448  42.705 0.0000000000
58265  -11.029  -16.635  56.552 0.0000000000
58253  -10.849  -17.052  57.274 0.0000000000
58264  -10.703  -17.074  56.337 0.0000000000
142572  -8.247  -20.943  55.221 0.0000000000
85906  -39.072  6.403  39.035 0.0000000000
85892  -39.241  6.264  39.297 0.0000000000
74496  -40.310  -3.340  44.600 0.0000000000
84712  -39.625  4.013  39.929 0.0000000000
84725  -38.548  4.795  39.104 0.0000000000
69136  -27.902  -7.983  52.890 0.0000000000
67855  -27.504  -8.678  52.415 0.0000000000
66717  -27.611  -9.766  52.390 0.0000000000
70392  -32.181  -7.034  53.941 0.0000000000
69127  -31.705  -8.045  53.547 0.0000000000
67845  -32.015  -9.004  53.432 0.0000000000
61981  -29.836  -13.256  49.817 0.0000000000
62001  -29.093  -12.818  48.660 0.0000000000
60832  -28.043  -12.594  47.657 0.0000000000
60831  -27.445  -12.924  47.504 0.0000000000
59670  -27.880  -12.877  46.983 0.0000000000
142855  -7.541  -8.696  51.363 0.0000000000
142822  -7.920  -9.106  51.457 0.0000000000
66727  -8.622  -9.502  51.598 0.0000000000
61923  -7.882  -13.919  51.293 0.0000000000
61924  -8.581  -13.849  51.230 0.0000000000
60751  -7.874  -14.051  50.928 0.0000000000
60778  -7.394  -14.441  50.470 0.0000000000
90909  -52.150  9.348  28.501 0.0000000000
92119  -52.583  10.136  29.001 0.0000000000
88505  -50.624  8.130  28.536 0.0000000000
89682  -51.378  8.715  28.395 0.0000000000
89693  -51.017  8.903  27.588 0.0000000000
59548  -13.540  -15.883  53.895 0.0000000000
58280  -13.360  -16.375  54.456 0.0000000000
57058  -12.897  -16.876  53.335 0.0000000000
143081  -20.119  -13.859  46.931 0.0000000000
143079  -19.701  -14.279  47.069 0.0000000000
143080  -17.184  -13.323  49.326 0.0000000000
59585  -17.058  -14.026  50.516 0.0000000000
60783  -16.528  -14.284  50.171 0.0000000000
60782  -16.112  -14.430  50.430 0.0000000000
75737  -5.219  -3.052  45.962 0.0000000000
70549  -7.457  -6.436  44.465 0.0000000000
64463  -11.738  -11.537  45.690 0.0000000000
65645  -12.005  -10.706  45.179 0.0000000000
64478  -11.655  -11.488  44.652 0.0000000000
63366  -11.748  -12.184  41.407 0.0000000000
65685  -11.548  -10.155  41.340 0.0000000000
65694  -11.402  -10.131  40.322 0.0000000000
63388  -11.870  -11.910  40.512 0.0000000000
64338  -6.005  -11.281  59.381 0.0000000000
64342  -5.495  -11.801  58.385 0.0000000000
57031  -8.123  -17.543  57.116 0.0000000000
58262  -7.794  -16.948  56.761 0.0000000000
60681  -6.088  -14.743  55.870 0.0000000000
59532  -5.611  -14.926  54.791 0.0000000000
142627  -4.968  -19.000  49.755 0.0000000000
142629  -4.701  -17.818  49.869 0.0000000000
55903  -5.394  -18.743  49.212 0.0000000000
46568  -4.199  -26.671  48.228 0.0000000000
78266  -42.134  -0.127  50.323 0.0000000000
71831  -39.337  -4.775  49.363 0.0000000000
71851  -39.581  -4.462  48.584 0.0000000000
75693  -41.753  -1.615  50.664 0.0000000000
75692  -41.124  -2.518  50.276 0.0000000000
77010  -41.909  -1.052  50.020 0.0000000000
70422  -36.389  -5.646  51.473 0.0000000000
70409  -37.524  -5.494  51.715 0.0000000000
71815  -39.452  -4.704  50.363 0.0000000000
70439  -38.565  -5.385  50.726 0.0000000000
71830  -38.850  -4.936  48.916 0.0000000000
73105  -37.638  -4.835  52.276 0.0000000000
73087  -37.180  -4.632  53.034 0.0000000000
70397  -36.996  -5.731  52.400 0.0000000000
93310  -56.277  12.582  24.308 0.0000000000
95560  -56.023  13.300  24.658 0.0000000000
143930  -55.889  12.906  25.086 0.0000000000
87290  -50.412  7.468  25.238 0.0000000000
143634  -49.727  7.233  25.037 0.0000000000
143636  -50.411  7.318  24.837 0.0000000000
88565  -52.302  8.169  24.524 0.0000000000
87320  -52.275  6.885  23.996 0.0000000000
88584  -51.773  8.044  24.100 0.0000000000
88583  -51.350  8.157  23.414 0.0000000000
89751  -51.927  8.926  23.694 0.0000000000
89765  -52.508  9.519  23.448 0.0000000000
90965  -52.955  9.543  23.176 0.0000000000
93320  -55.461  11.814  24.183 0.0000000000
93319  -54.572  11.156  23.662 0.0000000000
94460  -56.010  12.444  23.498 0.0000000000
85987  -44.691  5.506  34.531 0.0000000000
85977  -45.470  5.460  34.761 0.0000000000
85976  -44.709  5.346  35.248 0.0000000000
85941  -45.192  5.571  35.983 0.0000000000
87161  -45.520  6.583  35.320 0.0000000000
82243  -38.328  3.884  36.508 0.0000000000
83548  -39.615  3.820  34.001 0.0000000000
83549  -40.416  3.801  33.787 0.0000000000
83550  -41.523  3.930  34.158 0.0000000000
83534  -43.537  5.199  34.691 0.0000000000
83553  -43.549  5.261  34.430 0.0000000000
84786  -43.695  5.089  33.703 0.0000000000
62012  -7.292  -14.227  47.589 0.0000000000
62013  -7.754  -13.839  47.489 0.0000000000
60840  -7.255  -14.529  47.186 0.0000000000
58370  -6.876  -16.111  45.666 0.0000000000
57151  -7.446  -16.864  44.303 0.0000000000
57162  -7.472  -17.259  43.713 0.0000000000
54786  -8.595  -19.341  44.455 0.0000000000
54807  -8.228  -19.392  43.287 0.0000000000
53640  -8.215  -20.580  43.132 0.0000000000
52444  -7.815  -21.706  42.917 0.0000000000
57044  -10.942  -18.117  54.933 0.0000000000
85852  -40.848  5.063  41.945 0.0000000000
79585  -39.838  0.406  46.827 0.0000000000
82102  -38.304  2.785  45.540 0.0000000000
80829  -37.851  2.031  45.928 0.0000000000
82101  -37.725  2.802  44.793 0.0000000000
80845  -37.312  2.241  44.512 0.0000000000
82115  -37.701  2.784  44.041 0.0000000000
82136  -37.984  3.391  43.311 0.0000000000
83421  -41.546  4.146  43.298 0.0000000000
83420  -40.557  4.344  43.174 0.0000000000
71755  -28.355  -5.781  53.789 0.0000000000
71756  -29.126  -5.861  53.716 0.0000000000
65593  -33.216  -10.422  51.320 0.0000000000
64407  -33.432  -11.156  51.070 0.0000000000
65602  -32.998  -10.650  50.455 0.0000000000
94510  -54.037  13.746  19.867 0.0000000000
95604  -53.830  14.172  19.702 0.0000000000
97847  -54.909  15.349  19.781 0.0000000000
96729  -54.345  14.847  19.615 0.0000000000
97856  -53.703  15.722  18.938 0.0000000000
97855  -53.076  15.178  18.458 0.0000000000
98993  -53.750  16.272  18.240 0.0000000000
65553  -8.079  -10.452  53.484 0.0000000000
142892  -8.743  -11.945  54.044 0.0000000000
142872  -9.072  -10.878  53.615 0.0000000000
61903  -9.217  -13.318  52.819 0.0000000000
60722  -8.850  -13.701  53.227 0.0000000000
90893  -51.748  9.365  30.348 0.0000000000
89647  -51.368  8.761  30.670 0.0000000000
79865  -46.218  1.780  30.674 0.0000000000
82359  -46.020  2.658  30.471 0.0000000000
83605  -45.788  3.832  30.269 0.0000000000
84846  -46.519  4.009  29.371 0.0000000000
84847  -47.000  4.637  29.296 0.0000000000
86031  -47.343  5.386  29.841 0.0000000000
88470  -49.233  7.237  30.357 0.0000000000
88489  -48.936  7.208  29.970 0.0000000000
88491  -50.334  7.898  29.487 0.0000000000
142760  -16.939  -15.738  56.959 0.0000000000
59550  -14.869  -15.400  54.420 0.0000000000
60701  -15.270  -14.843  53.555 0.0000000000
143072  -16.469  -15.131  47.394 0.0000000000
59680  -15.711  -15.720  46.804 0.0000000000
71874  -4.352  -5.262  46.685 0.0000000000
71873  -3.772  -5.056  46.388 0.0000000000
70504  -8.371  -6.191  46.616 0.0000000000
70527  -7.655  -6.443  45.574 0.0000000000
69256  -9.217  -6.698  45.172 0.0000000000
63313  -9.517  -12.976  43.535 0.0000000000
63314  -9.859  -12.570  43.588 0.0000000000
62117  -9.977  -13.553  43.214 0.0000000000
62118  -10.267  -13.629  42.628 0.0000000000
62135  -10.568  -13.440  41.647 0.0000000000
64355  -9.246  -11.950  58.169 0.0000000000
64346  -9.365  -11.078  58.532 0.0000000000
64345  -8.185  -11.643  58.648 0.0000000000
142720  -7.354  -12.744  58.352 0.0000000000
142581  -5.807  -18.477  56.658 0.0000000000
142570  -5.642  -18.719  56.509 0.0000000000
142573  -5.379  -18.372  55.251 0.0000000000
57037  -5.263  -17.903  54.661 0.0000000000
57043  -4.568  -17.440  54.034 0.0000000000
57042  -4.173  -17.234  53.543 0.0000000000
55842  -3.982  -17.922  53.553 0.0000000000
53501  -4.132  -19.914  51.822 0.0000000000
54665  -3.480  -18.593  51.990 0.0000000000
54675  -3.874  -19.280  51.391 0.0000000000
142630  -4.289  -18.994  50.413 0.0000000000
73187  -40.240  -4.706  45.392 0.0000000000
73188  -41.027  -4.483  45.985 0.0000000000
73157  -40.237  -3.239  46.876 0.0000000000
74430  -40.836  -2.741  46.793 0.0000000000
77057  -41.335  -1.274  47.593 0.0000000000
74445  -42.407  -2.738  47.274 0.0000000000
75749  -42.121  -1.596  46.744 0.0000000000
75765  -42.213  -1.929  46.311 0.0000000000
77085  -41.505  -1.253  46.221 0.0000000000
78321  -40.709  -0.587  46.854 0.0000000000
79587  -40.905  -0.219  47.190 0.0000000000
80806  -41.015  1.503  47.933 0.0000000000
69163  -35.958  -6.300  49.728 0.0000000000
70365  -32.887  -6.289  55.555 0.0000000000
143272  -33.833  -5.665  55.544 0.0000000000
70367  -38.036  -6.924  55.323 0.0000000000
70379  -36.806  -6.425  55.376 0.0000000000
70405  -33.154  -6.040  53.029 0.0000000000
70394  -33.968  -5.944  53.976 0.0000000000
70393  -32.692  -6.656  53.735 0.0000000000
69129  -32.911  -7.791  53.309 0.0000000000
67859  -32.666  -9.128  52.749 0.0000000000
66736  -31.950  -8.960  51.304 0.0000000000
96708  -58.442  15.283  21.945 0.0000000000
90992  -52.666  10.364  22.695 0.0000000000
92189  -52.568  11.043  22.428 0.0000000000
93332  -52.745  12.249  21.512 0.0000000000
94473  -52.956  12.534  21.159 0.0000000000
94488  -53.910  12.828  20.639 0.0000000000
94500  -53.472  13.061  20.305 0.0000000000
94489  -54.566  13.240  20.821 0.0000000000
96707  -57.438  14.494  21.891 0.0000000000
96706  -56.767  14.164  21.581 0.0000000000
96714  -57.124  14.724  21.162 0.0000000000
85990  -48.301  5.347  32.998 0.0000000000
84813  -49.260  5.547  32.887 0.0000000000
84804  -49.559  5.470  33.626 0.0000000000
85964  -49.668  5.691  34.335 0.0000000000
85980  -50.036  5.762  34.229 0.0000000000
85943  -46.957  5.694  35.353 0.0000000000
85944  -47.830  5.664  35.550 0.0000000000
82302  -41.962  3.728  32.565 0.0000000000
82317  -41.464  3.437  32.250 0.0000000000
81033  -42.250  3.805  32.028 0.0000000000
81036  -44.534  2.888  32.668 0.0000000000
79824  -43.760  2.567  32.155 0.0000000000
81053  -45.214  2.426  31.741 0.0000000000
82319  -47.120  3.507  31.679 0.0000000000
85989  -48.005  5.216  32.940 0.0000000000
61995  -23.387  -13.439  48.464 0.0000000000
59685  -22.087  -13.700  46.292 0.0000000000
74534  -8.011  -4.014  40.867 0.0000000000
71936  -6.926  -5.089  41.416 0.0000000000
70618  -6.201  -6.767  40.666 0.0000000000
66767  -10.963  -9.011  48.735 0.0000000000
67896  -10.929  -8.687  48.063 0.0000000000
63230  -11.547  -12.418  47.278 0.0000000000
64452  -12.256  -11.921  46.919 0.0000000000
63247  -11.496  -12.624  46.350 0.0000000000
62033  -8.072  -13.803  46.733 0.0000000000
62015  -9.645  -13.277  47.170 0.0000000000
60881  -9.161  -14.105  45.357 0.0000000000
62077  -9.650  -13.488  44.830 0.0000000000
62076  -8.705  -13.449  44.333 0.0000000000
60910  -6.726  -14.976  42.495 0.0000000000
56020  -7.113  -19.117  42.564 0.0000000000
54823  -6.580  -19.934  41.716 0.0000000000
59514  -10.416  -16.369  57.376 0.0000000000
57017  -9.397  -17.535  59.041 0.0000000000
55828  -10.818  -19.113  56.622 0.0000000000
53447  -8.941  -20.133  57.900 0.0000000000
53444  -9.846  -19.631  58.206 0.0000000000
53442  -8.399  -19.643  58.374 0.0000000000
55808  -8.042  -18.305  59.185 0.0000000000
55812  -7.893  -18.930  58.605 0.0000000000
54624  -6.107  -19.075  58.568 0.0000000000
54625  -6.885  -19.858  58.173 0.0000000000
51013  -6.345  -21.747  53.512 0.0000000000
87157  -41.227  7.009  36.520 0.0000000000
87156  -40.541  6.894  36.649 0.0000000000
77081  -38.271  -0.831  45.845 0.0000000000
77096  -38.487  -1.631  44.974 0.0000000000
82200  -39.258  3.052  39.487 0.0000000000
80931  -38.786  2.493  39.923 0.0000000000
80952  -38.234  2.803  38.999 0.0000000000
80970  -39.120  2.651  38.130 0.0000000000
84737  -38.699  4.753  37.248 0.0000000000
84748  -39.122  5.182  36.772 0.0000000000
84749  -40.135  5.171  36.176 0.0000000000
63158  -27.606  -12.361  52.466 0.0000000000
61911  -27.328  -13.489  52.096 0.0000000000
60733  -27.025  -14.219  51.902 0.0000000000
59568  -27.591  -15.190  52.250 0.0000000000
69126  -30.661  -8.050  53.070 0.0000000000
69125  -29.640  -7.571  53.014 0.0000000000
67857  -29.956  -9.024  52.343 0.0000000000
65600  -32.184  -11.197  51.166 0.0000000000
65590  -30.990  -10.711  52.344 0.0000000000
65608  -31.298  -11.189  51.039 0.0000000000
63161  -30.597  -14.083  52.111 0.0000000000
64413  -30.212  -11.466  51.471 0.0000000000
64404  -29.856  -11.833  51.821 0.0000000000
65589  -29.171  -10.580  51.739 0.0000000000
63172  -29.612  -12.662  51.310 0.0000000000
63171  -28.564  -12.579  51.757 0.0000000000
60765  -29.629  -14.385  51.368 0.0000000000
61956  -27.949  -13.604  50.526 0.0000000000
60794  -28.193  -14.590  50.692 0.0000000000
61955  -27.150  -13.526  50.389 0.0000000000
60792  -26.728  -14.143  50.895 0.0000000000
61954  -26.382  -13.366  50.191 0.0000000000
61976  -26.116  -12.641  49.305 0.0000000000
63216  -26.073  -12.115  48.886 0.0000000000
63232  -25.121  -12.230  47.004 0.0000000000
62019  -25.650  -12.276  47.805 0.0000000000
99001  -54.088  16.657  17.856 0.0000000000
100137  -54.575  17.020  17.880 0.0000000000
100169  -54.465  18.065  16.145 0.0000000000
71837  -5.331  -5.496  48.983 0.0000000000
70456  -5.167  -6.352  48.490 0.0000000000
69154  -7.604  -7.822  50.286 0.0000000000
69155  -8.089  -8.073  50.292 0.0000000000
69173  -8.187  -7.912  49.590 0.0000000000
142854  -8.654  -7.976  49.863 0.0000000000
142781  -10.655  -9.903  50.741 0.0000000000
142779  -11.112  -11.245  50.492 0.0000000000
142821  -9.591  -11.166  51.958 0.0000000000
61944  -8.997  -13.969  50.702 0.0000000000
60781  -10.064  -13.704  50.145 0.0000000000
60809  -10.298  -13.495  49.707 0.0000000000
60807  -8.829  -14.039  49.486 0.0000000000
61968  -8.330  -13.702  48.691 0.0000000000
60805  -6.825  -14.786  49.187 0.0000000000
59663  -6.696  -15.561  47.654 0.0000000000
92141  -53.330  10.408  27.165 0.0000000000
93295  -53.488  11.137  26.903 0.0000000000
85939  -43.377  6.261  36.321 0.0000000000
84862  -47.229  4.907  28.337 0.0000000000
86054  -47.721  5.701  27.906 0.0000000000
87266  -48.785  7.853  27.293 0.0000000000
87264  -47.995  6.441  27.216 0.0000000000
87275  -48.564  6.785  26.642 0.0000000000
88523  -49.597  8.197  26.527 0.0000000000
93294  -51.079  10.434  26.973 0.0000000000
90934  -50.282  10.576  25.606 0.0000000000
93302  -51.193  10.595  26.127 0.0000000000
90928  -53.212  9.800  26.493 0.0000000000
57013  -12.803  -17.033  58.961 0.0000000000
55823  -13.397  -18.145  58.041 0.0000000000
57026  -12.100  -17.447  57.520 0.0000000000
57027  -12.798  -17.434  57.454 0.0000000000
59528  -14.218  -15.932  56.068 0.0000000000
58273  -13.086  -16.519  55.435 0.0000000000
58272  -12.289  -16.647  55.790 0.0000000000
57046  -12.069  -17.259  54.520 0.0000000000
55867  -12.021  -18.247  53.226 0.0000000000
57066  -11.424  -17.937  52.129 0.0000000000
61973  -22.942  -13.977  49.300 0.0000000000
61951  -23.474  -14.247  49.850 0.0000000000
60813  -22.265  -14.371  49.123 0.0000000000
60812  -21.800  -14.515  49.408 0.0000000000
59612  -21.525  -14.636  50.565 0.0000000000
59611  -20.757  -14.641  50.314 0.0000000000
59647  -18.872  -14.587  47.718 0.0000000000
60810  -19.527  -13.837  50.033 0.0000000000
60785  -19.800  -13.736  50.789 0.0000000000
61950  -19.822  -13.687  51.325 0.0000000000
61949  -19.185  -13.500  50.911 0.0000000000
61927  -17.258  -13.675  51.720 0.0000000000
61905  -17.607  -13.520  52.742 0.0000000000
63156  -18.051  -12.938  53.127 0.0000000000
60726  -16.946  -13.829  52.708 0.0000000000
59565  -14.661  -14.923  52.251 0.0000000000
60723  -14.595  -14.920  52.509 0.0000000000
59582  -14.618  -15.734  51.360 0.0000000000
59645  -14.582  -16.114  48.584 0.0000000000
59633  -14.462  -15.754  49.215 0.0000000000
58312  -13.710  -16.208  49.824 0.0000000000
58305  -13.046  -16.869  50.989 0.0000000000
57080  -13.107  -17.381  51.626 0.0000000000
57086  -12.568  -17.057  50.951 0.0000000000
75756  -7.305  -2.566  45.691 0.0000000000
75770  -7.760  -2.624  44.694 0.0000000000
71891  -4.572  -5.340  45.705 0.0000000000
73195  -4.785  -4.744  45.440 0.0000000000
71915  -5.539  -5.706  43.756 0.0000000000
73210  -5.516  -5.140  44.590 0.0000000000
73228  -5.776  -5.189  43.651 0.0000000000
73229  -6.424  -4.569  43.684 0.0000000000
73246  -6.120  -5.229  42.914 0.0000000000
71925  -5.691  -5.793  42.835 0.0000000000
70586  -7.709  -6.745  42.303 0.0000000000
71926  -6.396  -6.108  42.300 0.0000000000
70603  -7.935  -7.202  41.676 0.0000000000
70604  -8.256  -7.338  41.725 0.0000000000
67909  -11.364  -8.622  47.469 0.0000000000
69240  -10.295  -7.397  47.056 0.0000000000
67926  -11.157  -7.936  46.742 0.0000000000
67961  -12.138  -8.880  45.253 0.0000000000
69276  -11.075  -7.768  45.461 0.0000000000
67959  -10.815  -7.923  44.200 0.0000000000
66807  -12.292  -9.125  43.178 0.0000000000
67995  -11.432  -8.168  42.701 0.0000000000
69309  -10.937  -7.811  43.334 0.0000000000
67994  -10.474  -7.956  42.173 0.0000000000
66830  -10.773  -8.892  41.001 0.0000000000
68038  -10.216  -8.382  40.837 0.0000000000
68037  -9.539  -8.248  40.427 0.0000000000
68036  -8.925  -8.401  40.229 0.0000000000
65524  -5.843  -10.757  56.173 0.0000000000
60669  -7.556  -14.485  58.889 0.0000000000
60663  -7.891  -14.126  59.305 0.0000000000
60662  -7.330  -14.088  59.083 0.0000000000
142719  -7.117  -13.624  58.619 0.0000000000
60668  -6.642  -14.240  58.637 0.0000000000
58261  -6.782  -16.995  56.890 0.0000000000
58260  -6.107  -16.467  56.888 0.0000000000
60673  -5.663  -14.380  57.111 0.0000000000
142735  -4.931  -13.274  57.676 0.0000000000
61872  -4.284  -13.537  57.330 0.0000000000
142758  -3.924  -13.057  57.541 0.0000000000
142770  -4.363  -13.329  56.950 0.0000000000
142824  -6.355  -13.350  56.161 0.0000000000
142800  -6.148  -13.019  56.114 0.0000000000
142825  -6.634  -12.591  55.940 0.0000000000
142862  -6.689  -11.974  55.499 0.0000000000
142861  -7.112  -12.306  55.427 0.0000000000
142879  -7.376  -11.856  54.999 0.0000000000
60720  -7.437  -14.242  52.610 0.0000000000
58296  -4.294  -16.335  52.452 0.0000000000
59544  -4.722  -16.244  52.760 0.0000000000
58303  -3.795  -15.610  52.126 0.0000000000
59603  -4.997  -15.949  50.545 0.0000000000
59579  -4.521  -15.169  51.261 0.0000000000
59580  -5.677  -14.843  51.182 0.0000000000
59604  -5.522  -15.359  50.488 0.0000000000
59605  -6.500  -14.865  50.391 0.0000000000
59630  -5.525  -15.991  50.029 0.0000000000
57110  -5.790  -17.617  47.636 0.0000000000
58349  -5.720  -17.055  48.415 0.0000000000
57124  -6.106  -17.806  46.929 0.0000000000
48604  -5.089  -23.799  51.296 0.0000000000
47578  -4.119  -25.512  49.944 0.0000000000
49798  -4.630  -23.284  50.137 0.0000000000
49819  -4.419  -23.369  49.017 0.0000000000
51090  -3.863  -22.285  48.407 0.0000000000
52355  -4.209  -21.450  48.643 0.0000000000
51091  -3.752  -21.896  47.814 0.0000000000
52385  -5.368  -21.849  47.373 0.0000000000
53594  -5.677  -21.331  47.029 0.0000000000
52386  -5.901  -21.842  46.776 0.0000000000
52392  -7.509  -21.508  45.844 0.0000000000
53612  -7.963  -20.567  45.771 0.0000000000
75683  -41.923  -1.447  51.197 0.0000000000
76992  -41.500  -1.116  51.357 0.0000000000
76976  -41.378  -1.646  51.919 0.0000000000
76975  -40.657  -1.401  52.145 0.0000000000
71816  -39.994  -4.362  50.674 0.0000000000
73133  -40.464  -4.084  50.443 0.0000000000
74399  -40.893  -3.940  50.979 0.0000000000
73106  -38.248  -4.419  52.003 0.0000000000
71780  -38.532  -5.116  51.592 0.0000000000
73107  -38.783  -4.848  51.641 0.0000000000
71796  -39.604  -4.568  51.043 0.0000000000
73089  -38.783  -3.929  53.867 0.0000000000
75659  -39.072  -2.706  53.349 0.0000000000
143934  -55.798  12.216  24.503 0.0000000000
143932  -55.590  12.542  25.056 0.0000000000
89708  -51.974  8.575  25.593 0.0000000000
87291  -51.917  6.922  25.138 0.0000000000
89717  -52.356  8.054  25.262 0.0000000000
90944  -53.370  9.359  24.800 0.0000000000
89735  -52.754  8.692  24.462 0.0000000000
90954  -53.174  9.625  23.833 0.0000000000
84768  -44.077  5.265  35.072 0.0000000000
85940  -44.300  5.897  36.072 0.0000000000
82244  -39.421  3.851  35.934 0.0000000000
83511  -40.554  4.063  35.789 0.0000000000
83532  -41.392  4.018  35.028 0.0000000000
84784  -41.872  4.364  34.418 0.0000000000
83533  -43.039  4.877  34.505 0.0000000000
59678  -6.869  -15.223  47.083 0.0000000000
60856  -7.034  -14.819  46.869 0.0000000000
58359  -6.952  -16.166  46.541 0.0000000000
57152  -7.807  -17.382  44.575 0.0000000000
55974  -8.316  -18.325  44.988 0.0000000000
55855  -10.582  -18.396  53.351 0.0000000000
54660  -9.966  -18.762  53.153 0.0000000000
54659  -9.479  -19.385  52.869 0.0000000000
82092  -40.037  2.287  46.974 0.0000000000
82091  -39.318  2.504  46.555 0.0000000000
83383  -39.200  3.185  46.308 0.0000000000
83404  -39.151  3.474  45.204 0.0000000000
82117  -39.638  3.729  43.983 0.0000000000
83406  -41.643  4.208  44.049 0.0000000000
74370  -30.315  -4.083  53.745 0.0000000000
65618  -31.557  -10.161  49.035 0.0000000000
97843  -55.950  15.215  20.755 0.0000000000
96720  -54.979  14.734  20.110 0.0000000000
97848  -55.829  15.624  19.830 0.0000000000
98986  -57.283  16.488  19.959 0.0000000000
142899  -8.032  -11.880  54.688 0.0000000000
88471  -50.377  7.186  30.730 0.0000000000
88472  -51.002  8.094  31.056 0.0000000000
88451  -51.050  7.457  31.944 0.0000000000
81073  -47.495  2.554  31.201 0.0000000000
81083  -47.358  2.048  30.449 0.0000000000
83593  -46.909  4.020  31.530 0.0000000000
84820  -46.748  4.603  31.211 0.0000000000
86018  -47.797  5.529  30.651 0.0000000000
86017  -47.396  5.228  30.273 0.0000000000
87234  -49.511  6.737  30.894 0.0000000000
60702  -16.433  -14.263  54.137 0.0000000000
61910  -26.394  -13.657  52.779 0.0000000000
70617  -6.079  -6.317  40.235 0.0000000000
71947  -5.994  -6.095  40.002 0.0000000000
70632  -5.842  -6.844  39.744 0.0000000000
69213  -6.267  -6.921  47.458 0.0000000000
69237  -5.966  -6.868  46.601 0.0000000000
70479  -7.008  -6.707  47.302 0.0000000000
71875  -8.109  -6.212  46.951 0.0000000000
71892  -9.165  -6.069  46.619 0.0000000000
60913  -9.715  -14.401  42.821 0.0000000000
64364  -10.094  -12.368  58.521 0.0000000000
142712  -9.063  -12.899  57.193 0.0000000000
142562  -5.736  -18.883  55.449 0.0000000000
142561  -5.176  -19.037  54.710 0.0000000000
54656  -4.318  -18.886  53.279 0.0000000000
75707  -41.549  -1.566  48.526 0.0000000000
75734  -41.536  -2.413  47.650 0.0000000000
75722  -41.575  -1.652  48.035 0.0000000000
77042  -41.407  -0.972  48.178 0.0000000000
78305  -41.453  -0.415  47.766 0.0000000000
79568  -41.291  0.609  47.476 0.0000000000
79569  -41.809  0.533  47.886 0.0000000000
69165  -37.466  -5.441  49.215 0.0000000000
71761  -36.153  -5.501  53.865 0.0000000000
69152  -32.486  -8.119  52.318 0.0000000000
69140  -32.677  -7.188  52.165 0.0000000000
96697  -57.498  15.151  22.862 0.0000000000
94466  -55.333  12.429  22.636 0.0000000000
93324  -53.942  12.086  22.343 0.0000000000
94465  -54.496  12.475  22.174 0.0000000000
94477  -56.099  13.072  22.362 0.0000000000
94476  -55.110  13.272  21.834 0.0000000000
84791  -47.999  4.755  33.547 0.0000000000
84792  -48.932  5.337  33.895 0.0000000000
85963  -49.252  5.883  34.614 0.0000000000
81034  -43.040  3.650  32.038 0.0000000000
82305  -44.177  3.834  32.764 0.0000000000
81038  -45.775  3.059  31.858 0.0000000000
82307  -46.049  3.762  32.020 0.0000000000
82289  -47.211  3.305  33.089 0.0000000000
62037  -23.179  -13.044  46.264 0.0000000000
74535  -8.744  -3.323  41.406 0.0000000000
73267  -8.479  -3.848  42.046 0.0000000000
73265  -6.937  -4.894  42.140 0.0000000000
142768  -11.456  -10.907  49.101 0.0000000000
65617  -11.559  -10.649  48.276 0.0000000000
63229  -10.676  -12.840  47.023 0.0000000000
60858  -8.400  -13.793  45.914 0.0000000000
60879  -7.443  -14.512  44.745 0.0000000000
60899  -7.593  -14.629  43.779 0.0000000000
60900  -8.249  -14.127  44.209 0.0000000000
59707  -7.058  -14.853  43.504 0.0000000000
59716  -6.416  -15.584  42.343 0.0000000000
58401  -6.430  -16.391  41.911 0.0000000000
57178  -6.584  -17.181  41.981 0.0000000000
54639  -8.505  -19.582  55.679 0.0000000000
54633  -9.707  -20.032  56.280 0.0000000000
142586  -8.527  -20.876  56.047 0.0000000000
52256  -8.085  -20.487  57.230 0.0000000000
52262  -7.295  -20.583  56.926 0.0000000000
142560  -7.510  -21.352  56.000 0.0000000000
142563  -7.327  -21.676  54.898 0.0000000000
85922  -39.514  5.854  37.946 0.0000000000
85923  -39.929  5.952  37.512 0.0000000000
87142  -39.843  6.292  37.808 0.0000000000
78331  -36.780  0.175  45.122 0.0000000000
82167  -39.669  3.358  40.623 0.0000000000
83461  -39.742  3.373  40.388 0.0000000000
83474  -39.472  3.590  39.593 0.0000000000
82199  -39.144  3.479  39.158 0.0000000000
83484  -38.718  3.795  38.371 0.0000000000
66716  -26.888  -9.469  52.663 0.0000000000
64394  -27.629  -11.555  52.113 0.0000000000
63159  -27.957  -12.748  51.981 0.0000000000
70364  -32.027  -6.128  55.411 0.0000000000
70391  -31.604  -7.116  53.859 0.0000000000
63220  -30.556  -12.479  49.313 0.0000000000
63202  -30.420  -11.886  50.812 0.0000000000
61982  -29.990  -12.912  49.818 0.0000000000
61959  -30.083  -13.701  50.301 0.0000000000
60796  -30.093  -14.374  50.532 0.0000000000
59618  -30.051  -15.063  51.070 0.0000000000
61958  -29.166  -14.123  50.266 0.0000000000
61979  -28.346  -13.153  49.446 0.0000000000
63200  -27.358  -12.478  49.334 0.0000000000
63217  -26.435  -12.083  48.754 0.0000000000
61998  -26.816  -12.644  48.234 0.0000000000
60844  -26.740  -12.765  48.171 0.0000000000
97854  -52.230  15.151  18.205 0.0000000000
63184  -9.944  -12.460  51.539 0.0000000000
59632  -6.962  -14.982  49.645 0.0000000000
90921  -52.169  9.854  27.249 0.0000000000
92137  -52.877  10.397  27.751 0.0000000000
92121  -53.529  11.183  28.683 0.0000000000
87257  -48.892  6.879  28.443 0.0000000000
86055  -48.265  6.483  27.965 0.0000000000
88503  -49.104  7.310  28.267 0.0000000000
88514  -49.043  7.687  27.861 0.0000000000
88515  -49.655  8.380  27.599 0.0000000000
89692  -50.313  8.991  27.365 0.0000000000
143923  -50.946  9.844  27.463 0.0000000000
55825  -14.542  -17.765  57.832 0.0000000000
58274  -13.722  -16.169  55.244 0.0000000000
59650  -22.012  -15.021  47.660 0.0000000000
59649  -21.198  -14.746  48.516 0.0000000000
59648  -19.861  -14.311  48.079 0.0000000000
143064  -17.714  -14.144  47.555 0.0000000000
143077  -17.739  -13.212  48.746 0.0000000000
61993  -18.452  -13.493  50.031 0.0000000000
61948  -18.441  -13.590  50.594 0.0000000000
143069  -17.787  -13.613  50.339 0.0000000000
60754  -17.548  -14.018  50.833 0.0000000000
61926  -16.751  -13.826  51.898 0.0000000000
58326  -13.893  -16.282  48.882 0.0000000000
58310  -12.457  -17.021  49.796 0.0000000000
57085  -12.138  -17.271  50.293 0.0000000000
75755  -6.263  -2.756  45.718 0.0000000000
71902  -5.343  -5.646  44.687 0.0000000000
70565  -5.520  -6.008  43.807 0.0000000000
69289  -7.851  -7.131  42.773 0.0000000000
69306  -8.318  -7.164  42.389 0.0000000000
66783  -12.040  -9.426  46.429 0.0000000000
66784  -12.336  -9.859  46.106 0.0000000000
66799  -12.464  -9.660  44.969 0.0000000000
66798  -12.039  -9.057  44.414 0.0000000000
63342  -11.370  -12.096  42.480 0.0000000000
65665  -12.435  -10.018  43.024 0.0000000000
66815  -11.880  -8.895  42.128 0.0000000000
66831  -11.356  -9.135  41.503 0.0000000000
59513  -9.525  -15.978  57.434 0.0000000000
59512  -8.331  -15.855  57.860 0.0000000000
59511  -7.106  -15.780  58.099 0.0000000000
59517  -5.279  -16.550  56.194 0.0000000000
60676  -5.591  -14.033  56.500 0.0000000000
60682  -6.451  -14.037  56.093 0.0000000000
60686  -6.990  -14.430  55.156 0.0000000000
59547  -5.899  -14.640  54.091 0.0000000000
60696  -5.907  -14.642  53.604 0.0000000000
57076  -4.551  -17.474  51.174 0.0000000000
58304  -4.156  -16.084  51.705 0.0000000000
142632  -4.805  -17.465  49.832 0.0000000000
142631  -4.970  -17.273  49.652 0.0000000000
58335  -5.243  -16.947  49.233 0.0000000000
47593  -4.542  -25.577  48.938 0.0000000000
48650  -4.495  -24.476  48.568 0.0000000000
48663  -4.616  -24.450  47.865 0.0000000000
49853  -4.573  -23.532  47.698 0.0000000000
51130  -6.293  -22.631  46.401 0.0000000000
70494  -39.187  -5.775  47.892 0.0000000000
70495  -38.729  -5.316  47.286 0.0000000000
71868  -38.807  -4.831  47.833 0.0000000000
74428  -40.328  -2.847  48.508 0.0000000000
74406  -40.734  -3.481  50.288 0.0000000000
74414  -40.396  -2.923  49.012 0.0000000000
75706  -41.129  -1.773  48.851 0.0000000000
77026  -41.835  -1.452  49.154 0.0000000000
78278  -42.276  -0.566  49.397 0.0000000000
71793  -35.474  -5.685  51.595 0.0000000000
70436  -36.135  -5.645  50.596 0.0000000000
70437  -37.028  -5.521  50.338 0.0000000000
70424  -38.115  -5.610  51.064 0.0000000000
70438  -38.033  -5.195  49.955 0.0000000000
71848  -38.817  -5.337  48.022 0.0000000000
71748  -37.712  -5.829  54.821 0.0000000000
73074  -37.960  -4.513  54.607 0.0000000000
73073  -37.132  -4.513  54.211 0.0000000000
73072  -36.722  -4.959  53.830 0.0000000000
70396  -36.558  -6.305  52.915 0.0000000000
70407  -36.052  -6.462  52.374 0.0000000000
95570  -56.236  13.766  23.856 0.0000000000
96695  -55.963  14.375  23.457 0.0000000000
86075  -51.038  7.253  24.937 0.0000000000
89732  -50.043  7.763  23.886 0.0000000000
88561  -49.251  7.990  23.384 0.0000000000
88581  -50.008  7.922  22.464 0.0000000000
90963  -51.647  9.733  23.313 0.0000000000
90978  -52.371  10.114  23.036 0.0000000000
90980  -52.921  9.934  22.723 0.0000000000
90955  -53.438  10.187  23.477 0.0000000000
92173  -53.797  10.663  23.199 0.0000000000
93325  -54.339  11.591  22.752 0.0000000000
94459  -55.656  12.217  23.282 0.0000000000
94461  -56.308  12.806  23.570 0.0000000000
84801  -45.830  4.630  33.628 0.0000000000
84769  -46.653  4.641  34.387 0.0000000000
85978  -46.096  4.826  34.476 0.0000000000
85960  -46.224  5.354  34.810 0.0000000000
85942  -45.940  5.810  35.226 0.0000000000
82282  -38.906  3.686  34.112 0.0000000000
82300  -39.227  3.374  33.406 0.0000000000
83566  -40.805  3.466  32.974 0.0000000000
83567  -41.526  3.613  33.165 0.0000000000
83569  -43.826  4.489  33.329 0.0000000000
84810  -44.575  5.109  33.317 0.0000000000
75784  -7.965  -2.630  43.896 0.0000000000
61990  -9.021  -13.455  47.988 0.0000000000
58390  -6.822  -16.579  43.366 0.0000000000
55998  -7.183  -18.500  43.024 0.0000000000
54806  -7.505  -19.288  42.747 0.0000000000
53654  -7.383  -20.668  42.635 0.0000000000
59534  -10.918  -17.007  55.431 0.0000000000
58270  -10.892  -17.352  55.603 0.0000000000
55844  -8.839  -19.047  54.673 0.0000000000
55834  -8.506  -18.916  55.243 0.0000000000
85873  -40.208  5.057  40.807 0.0000000000
85871  -39.389  6.092  40.765 0.0000000000
87083  -39.449  6.034  41.158 0.0000000000
78350  -40.372  -1.292  45.546 0.0000000000
77097  -39.835  -1.559  45.020 0.0000000000
78334  -39.946  -1.197  45.661 0.0000000000
77071  -38.765  -0.795  46.315 0.0000000000
79601  -37.844  0.046  45.997 0.0000000000
80815  -38.540  1.767  46.251 0.0000000000
80814  -37.676  1.328  45.984 0.0000000000
79600  -37.399  0.694  45.450 0.0000000000
79616  -37.239  1.408  44.542 0.0000000000
79635  -36.983  1.891  44.132 0.0000000000
82134  -36.055  2.433  43.321 0.0000000000
82153  -37.524  2.711  42.746 0.0000000000
82154  -38.476  3.176  42.481 0.0000000000
82155  -39.470  3.363  41.965 0.0000000000
82138  -39.887  4.040  42.687 0.0000000000
83449  -40.379  3.664  41.211 0.0000000000
70388  -28.478  -6.616  53.618 0.0000000000
69124  -28.650  -7.466  53.247 0.0000000000
65548  -33.350  -10.653  54.292 0.0000000000
64390  -32.224  -10.820  53.916 0.0000000000
65592  -32.843  -10.274  51.905 0.0000000000
64416  -33.148  -11.530  51.184 0.0000000000
65609  -31.603  -11.005  50.590 0.0000000000
64424  -31.319  -11.054  49.245 0.0000000000
63204  -30.912  -11.537  49.440 0.0000000000
62003  -30.435  -12.491  48.669 0.0000000000
60835  -30.065  -12.240  48.202 0.0000000000
59672  -28.655  -12.714  46.811 0.0000000000
144143  -52.419  14.424  19.301 0.0000000000
96727  -52.633  14.447  18.953 0.0000000000
97865  -52.834  15.750  17.727 0.0000000000
98994  -54.385  16.531  18.552 0.0000000000
98984  -55.852  16.545  19.417 0.0000000000
66709  -8.120  -10.120  51.928 0.0000000000
142849  -9.366  -11.211  52.694 0.0000000000
142746  -9.510  -11.834  52.726 0.0000000000
61902  -8.557  -13.784  52.209 0.0000000000
61901  -7.903  -13.840  51.720 0.0000000000
88506  -51.076  8.521  28.879 0.0000000000
89668  -52.116  8.955  29.066 0.0000000000
90894  -52.218  9.620  29.592 0.0000000000
90869  -51.719  9.397  31.272 0.0000000000
82360  -46.948  2.253  29.872 0.0000000000
81100  -45.676  2.730  30.383 0.0000000000
83635  -46.552  3.918  28.407 0.0000000000
86032  -47.931  6.151  29.607 0.0000000000
87246  -49.022  6.586  29.300 0.0000000000
87247  -49.439  6.923  29.071 0.0000000000
88492  -50.856  8.354  29.168 0.0000000000
59521  -16.134  -16.785  58.287 0.0000000000
60684  -15.274  -15.262  56.128 0.0000000000
59529  -14.751  -15.438  55.984 0.0000000000
59699  -18.931  -14.500  45.693 0.0000000000
59691  -18.291  -15.011  46.131 0.0000000000
59683  -18.072  -15.139  46.856 0.0000000000
143063  -17.251  -14.783  47.153 0.0000000000
143062  -16.804  -14.414  47.604 0.0000000000
143065  -16.448  -14.845  47.681 0.0000000000
60824  -16.015  -15.071  48.020 0.0000000000
59634  -15.224  -15.263  49.486 0.0000000000
74450  -5.084  -3.528  46.376 0.0000000000
73178  -3.786  -4.763  46.289 0.0000000000
71890  -3.780  -5.075  46.126 0.0000000000
63315  -10.888  -12.443  43.410 0.0000000000
63341  -10.540  -12.815  42.615 0.0000000000
66649  -9.203  -9.944  58.960 0.0000000000
66644  -8.670  -9.546  59.332 0.0000000000
65498  -8.028  -10.404  59.287 0.0000000000
64339  -6.990  -11.167  59.537 0.0000000000
142589  -6.404  -17.835  57.548 0.0000000000
57030  -7.295  -17.513  57.200 0.0000000000
142585  -5.624  -17.739  56.430 0.0000000000
142571  -5.781  -18.533  55.887 0.0000000000
58275  -4.331  -16.660  53.946 0.0000000000
58286  -4.276  -16.694  53.215 0.0000000000
57053  -3.908  -17.573  52.336 0.0000000000
55853  -3.746  -18.232  52.730 0.0000000000
55852  -3.525  -17.909  52.304 0.0000000000
57063  -3.844  -17.758  51.887 0.0000000000
55873  -4.082  -18.656  51.051 0.0000000000
142626  -5.142  -19.407  49.513 0.0000000000
74480  -40.963  -3.819  45.224 0.0000000000
74497  -41.664  -2.747  44.918 0.0000000000
71869  -39.493  -4.708  47.271 0.0000000000
74444  -41.877  -3.169  47.219 0.0000000000
73189  -42.094  -3.899  46.237 0.0000000000
74482  -42.623  -3.030  45.821 0.0000000000
74498  -42.132  -2.465  45.216 0.0000000000
75780  -41.670  -1.979  44.915 0.0000000000
78335  -40.473  -1.062  45.903 0.0000000000
78320  -40.310  -0.445  46.651 0.0000000000
80817  -40.242  1.320  47.092 0.0000000000
79567  -41.097  0.926  47.410 0.0000000000
80818  -40.678  1.358  47.429 0.0000000000
80805  -40.457  2.041  47.648 0.0000000000
83375  -40.376  3.330  47.338 0.0000000000
71737  -32.207  -5.648  55.462 0.0000000000
69128  -32.397  -7.935  53.630 0.0000000000
67800  -36.028  -6.201  57.142 0.0000000000
143276  -35.503  -5.623  55.114 0.0000000000
143271  -33.965  -6.132  55.237 0.0000000000
67846  -32.458  -8.996  53.180 0.0000000000
66686  -34.257  -10.058  53.778 0.0000000000
66721  -33.699  -9.653  52.787 0.0000000000
67868  -32.608  -8.830  52.057 0.0000000000
92180  -52.742  11.653  22.038 0.0000000000
91004  -51.456  11.252  21.509 0.0000000000
92197  -51.207  11.528  20.989 0.0000000000
94501  -54.161  13.421  20.196 0.0000000000
95595  -54.755  13.875  20.442 0.0000000000
95578  -55.540  13.811  21.480 0.0000000000
96713  -55.431  14.347  21.017 0.0000000000
97844  -56.787  14.916  20.760 0.0000000000
96715  -57.396  15.139  21.091 0.0000000000
87210  -49.657  6.327  32.370 0.0000000000
87211  -50.341  6.538  32.649 0.0000000000
85997  -49.873  5.768  33.133 0.0000000000
87204  -50.453  6.463  33.450 0.0000000000
84793  -49.837  5.332  34.073 0.0000000000
84752  -47.606  5.478  34.948 0.0000000000
84753  -47.973  5.445  35.328 0.0000000000
81071  -46.714  2.281  31.312 0.0000000000
82318  -46.101  3.383  31.843 0.0000000000
82332  -47.130  2.995  31.226 0.0000000000
82333  -47.274  3.037  31.473 0.0000000000
85995  -48.164  5.194  32.631 0.0000000000
60815  -24.610  -13.962  49.708 0.0000000000
60814  -24.312  -14.282  49.869 0.0000000000
61974  -24.041  -13.910  49.341 0.0000000000
61994  -22.486  -13.983  48.477 0.0000000000
60862  -22.538  -13.849  46.735 0.0000000000
60843  -22.581  -14.622  47.526 0.0000000000
59651  -22.468  -15.003  47.479 0.0000000000
142857  -9.550  -8.068  48.865 0.0000000000
142876  -10.001  -7.216  48.458 0.0000000000
66776  -11.769  -9.284  47.232 0.0000000000
65627  -11.951  -10.336  47.291 0.0000000000
63262  -11.551  -12.513  45.185 0.0000000000
62035  -10.165  -12.823  46.240 0.0000000000
60859  -9.179  -13.920  45.903 0.0000000000
60860  -10.681  -13.038  46.042 0.0000000000
60883  -10.773  -13.221  45.838 0.0000000000
62079  -11.300  -13.003  44.896 0.0000000000
64475  -8.547  -12.289  44.074 0.0000000000
63312  -8.935  -13.174  43.719 0.0000000000
60912  -8.574  -14.453  43.173 0.0000000000
60924  -8.033  -15.019  42.394 0.0000000000
58263  -8.686  -17.234  56.944 0.0000000000
55821  -8.021  -17.472  58.233 0.0000000000
54632  -10.403  -20.020  57.288 0.0000000000
54631  -10.208  -19.353  58.065 0.0000000000
57018  -10.143  -17.778  59.392 0.0000000000
57016  -8.047  -17.442  59.005 0.0000000000
57015  -6.977  -17.589  59.086 0.0000000000
142587  -5.950  -17.888  58.639 0.0000000000
142580  -5.268  -18.902  58.388 0.0000000000
142564  -5.023  -19.482  57.452 0.0000000000
142578  -6.345  -20.359  57.341 0.0000000000
142579  -5.709  -20.068  57.289 0.0000000000
142567  -5.440  -19.888  56.692 0.0000000000
88352  -40.503  6.580  36.961 0.0000000000
75778  -39.276  -2.485  44.561 0.0000000000
77111  -38.049  -1.775  43.922 0.0000000000
82227  -39.102  2.904  37.424 0.0000000000
83496  -38.369  3.921  37.313 0.0000000000
59566  -26.384  -14.504  51.625 0.0000000000
59589  -26.281  -14.374  51.275 0.0000000000
73070  -30.755  -4.751  54.113 0.0000000000
70375  -31.359  -6.045  54.014 0.0000000000
71745  -30.822  -5.555  53.779 0.0000000000
71757  -30.017  -5.591  53.427 0.0000000000
69149  -28.926  -8.630  51.793 0.0000000000
65578  -30.958  -10.919  53.211 0.0000000000
66720  -30.699  -9.867  52.616 0.0000000000
64414  -30.613  -11.546  51.112 0.0000000000
66749  -30.378  -10.339  51.563 0.0000000000
66734  -30.032  -9.508  51.835 0.0000000000
67866  -29.527  -9.106  51.898 0.0000000000
66733  -29.160  -9.824  51.961 0.0000000000
66718  -28.458  -9.866  52.302 0.0000000000
65588  -28.485  -10.883  51.365 0.0000000000
61932  -28.082  -13.562  51.700 0.0000000000
59617  -29.372  -15.072  50.984 0.0000000000
59592  -28.445  -15.163  51.679 0.0000000000
59569  -28.127  -15.102  52.420 0.0000000000
59591  -27.487  -15.364  51.496 0.0000000000
60762  -26.241  -14.234  51.026 0.0000000000
60791  -25.956  -13.861  50.677 0.0000000000
61997  -25.908  -12.378  48.515 0.0000000000
98999  -52.577  16.703  17.310 0.0000000000
100149  -52.649  17.463  16.956 0.0000000000
100157  -53.127  17.860  16.397 0.0000000000
101352  -54.551  18.247  14.953 0.0000000000
71856  -5.171  -5.509  47.852 0.0000000000
70478  -5.212  -6.120  47.426 0.0000000000
70458  -7.518  -6.683  48.113 0.0000000000
69192  -7.804  -7.308  48.481 0.0000000000
67884  -5.891  -7.494  50.112 0.0000000000
67885  -6.159  -7.535  49.850 0.0000000000
69193  -8.917  -7.267  48.907 0.0000000000
142798  -11.075  -9.419  49.437 0.0000000000
142782  -10.710  -9.361  50.104 0.0000000000
63197  -11.290  -12.590  48.816 0.0000000000
61970  -10.790  -13.337  49.087 0.0000000000
142796  -10.709  -11.851  51.000 0.0000000000
61969  -9.559  -13.700  48.776 0.0000000000
61988  -7.171  -13.888  48.060 0.0000000000
60823  -7.098  -13.995  48.601 0.0000000000
61987  -6.970  -14.362  47.856 0.0000000000
57112  -7.048  -17.044  47.042 0.0000000000
92150  -54.095  10.267  25.842 0.0000000000
93296  -54.012  11.335  26.136 0.0000000000
84868  -46.473  4.608  27.288 0.0000000000
84877  -46.261  4.614  26.881 0.0000000000
87288  -47.782  6.690  25.601 0.0000000000
87289  -48.947  6.993  25.534 0.0000000000
89706  -50.234  8.247  25.756 0.0000000000
89700  -50.095  9.166  26.638 0.0000000000
90926  -50.379  9.647  26.032 0.0000000000
89707  -50.942  8.606  25.875 0.0000000000
90936  -52.370  9.040  25.603 0.0000000000
90929  -53.816  9.965  26.194 0.0000000000
57019  -12.098  -17.498  57.867 0.0000000000
60674  -14.907  -16.449  58.853 0.0000000000
58256  -13.396  -16.250  56.517 0.0000000000
57034  -13.083  -16.728  56.873 0.0000000000
57033  -12.618  -16.785  56.866 0.0000000000
58271  -11.500  -16.474  55.978 0.0000000000
59527  -11.173  -16.553  55.610 0.0000000000
57045  -11.568  -17.466  54.539 0.0000000000
57056  -11.254  -17.809  53.837 0.0000000000
55857  -11.810  -17.977  53.456 0.0000000000
55856  -11.442  -18.133  53.316 0.0000000000
55865  -10.587  -18.542  52.282 0.0000000000
60789  -23.984  -14.562  50.309 0.0000000000
60759  -23.637  -14.544  51.294 0.0000000000
59587  -21.527  -14.872  51.370 0.0000000000
143074  -19.306  -14.573  47.422 0.0000000000
59636  -20.216  -14.618  49.364 0.0000000000
60756  -21.015  -14.691  52.204 0.0000000000
61930  -20.076  -13.934  52.086 0.0000000000
63157  -18.452  -13.061  53.355 0.0000000000
61889  -17.546  -13.551  54.048 0.0000000000
60725  -16.291  -14.173  52.528 0.0000000000
60700  -14.535  -14.918  52.924 0.0000000000
58289  -14.324  -16.308  52.930 0.0000000000
58298  -14.388  -16.641  52.130 0.0000000000
58297  -13.997  -16.790  52.705 0.0000000000
57069  -14.048  -17.123  52.358 0.0000000000
55876  -11.595  -17.879  51.227 0.0000000000
57078  -11.433  -17.983  51.557 0.0000000000
74503  -7.499  -3.384  43.640 0.0000000000
74468  -5.060  -3.739  45.628 0.0000000000
74469  -5.943  -3.722  45.274 0.0000000000
74487  -6.585  -3.979  44.616 0.0000000000
74502  -6.925  -3.881  43.973 0.0000000000
73247  -6.955  -5.041  43.013 0.0000000000
73264  -6.555  -5.350  42.431 0.0000000000
69322  -7.074  -7.978  41.130 0.0000000000
70482  -9.680  -6.327  47.888 0.0000000000
70505  -9.567  -6.821  47.056 0.0000000000
70529  -9.648  -6.487  46.333 0.0000000000
67942  -11.186  -7.797  46.130 0.0000000000
69258  -10.608  -7.239  46.049 0.0000000000
69257  -9.803  -6.576  45.463 0.0000000000
69274  -9.646  -6.921  44.963 0.0000000000
70551  -9.561  -6.659  44.655 0.0000000000
70569  -9.540  -6.527  44.036 0.0000000000
65655  -12.045  -10.262  44.269 0.0000000000
67977  -10.814  -7.948  43.875 0.0000000000
69291  -9.495  -6.844  43.197 0.0000000000
67993  -9.827  -7.888  41.825 0.0000000000
69324  -8.554  -7.599  41.709 0.0000000000
68011  -7.559  -8.390  40.834 0.0000000000
66845  -8.420  -8.612  39.966 0.0000000000
66864  -9.210  -8.958  39.217 0.0000000000
66865  -10.229  -9.154  39.285 0.0000000000
142697  -9.896  -13.373  58.594 0.0000000000
142702  -9.340  -13.305  57.469 0.0000000000
142707  -8.972  -13.295  57.530 0.0000000000
60670  -8.609  -14.337  58.973 0.0000000000
61868  -8.526  -13.821  59.191 0.0000000000
142713  -8.155  -13.358  58.372 0.0000000000
142731  -6.227  -12.798  58.627 0.0000000000
59510  -6.005  -15.274  57.854 0.0000000000
59503  -6.178  -14.750  58.365 0.0000000000
142736  -5.214  -12.778  58.031 0.0000000000
63145  -5.366  -12.549  57.868 0.0000000000
64352  -5.152  -12.399  57.219 0.0000000000
64359  -5.159  -12.147  56.944 0.0000000000
142783  -5.202  -13.295  56.672 0.0000000000
142784  -5.722  -12.785  56.252 0.0000000000
64360  -5.784  -11.856  56.371 0.0000000000
64371  -6.081  -11.068  55.621 0.0000000000
64377  -6.258  -10.897  55.096 0.0000000000
142898  -8.106  -12.960  54.265 0.0000000000
60687  -7.738  -13.705  54.639 0.0000000000
60699  -8.634  -13.905  53.463 0.0000000000
59545  -5.201  -15.908  53.141 0.0000000000
59563  -5.412  -15.312  52.770 0.0000000000
60718  -4.893  -14.894  52.305 0.0000000000
59578  -3.665  -15.056  51.815 0.0000000000
60747  -4.133  -14.641  51.971 0.0000000000
60777  -6.672  -14.320  50.977 0.0000000000
58323  -5.626  -16.241  49.441 0.0000000000
58336  -5.868  -16.307  48.770 0.0000000000
57111  -6.217  -17.031  46.919 0.0000000000
55934  -7.071  -18.280  46.512 0.0000000000
49761  -5.333  -22.674  52.204 0.0000000000
51027  -4.844  -21.508  51.118 0.0000000000
52317  -4.560  -21.280  50.812 0.0000000000
53532  -4.442  -20.888  49.124 0.0000000000
53533  -4.668  -20.565  49.014 0.0000000000
53553  -4.762  -20.919  48.363 0.0000000000
48664  -5.019  -24.414  47.291 0.0000000000
51114  -4.567  -22.559  47.667 0.0000000000
52373  -4.725  -21.645  47.942 0.0000000000
54722  -5.859  -19.545  47.634 0.0000000000
53574  -6.432  -20.179  47.135 0.0000000000
52387  -6.661  -21.653  46.388 0.0000000000
54723  -6.668  -19.223  47.044 0.0000000000
54724  -7.035  -19.412  46.855 0.0000000000
54742  -7.354  -19.245  46.486 0.0000000000
54743  -7.773  -18.859  45.963 0.0000000000
54765  -8.115  -19.412  45.593 0.0000000000
53613  -8.681  -20.608  45.045 0.0000000000
51198  -7.900  -22.719  42.665 0.0000000000
51041  -4.706  -21.512  50.803 0.0000000000
51147  -9.234  -21.877  44.835 0.0000000000
52303  -4.556  -21.351  51.033 0.0000000000
53443  -9.341  -19.674  58.307 0.0000000000
53453  -8.816  -20.377  57.058 0.0000000000
53552  -4.400  -21.108  48.651 0.0000000000
53575  -6.996  -19.748  46.895 0.0000000000
53614  -9.146  -21.096  44.912 0.0000000000
54627  -9.595  -18.927  58.899 0.0000000000
54628  -8.523  -19.037  58.759 0.0000000000
54629  -9.085  -19.148  58.929 0.0000000000
54630  -9.807  -19.107  58.598 0.0000000000
54674  -3.713  -18.743  51.717 0.0000000000
54741  -6.930  -18.761  46.763 0.0000000000
55803  -9.277  -18.000  59.979 0.0000000000
55804  -9.540  -18.139  59.830 0.0000000000
55805  -9.998  -18.140  59.884 0.0000000000
55806  -6.121  -18.417  58.710 0.0000000000
55807  -6.979  -18.590  58.853 0.0000000000
55809  -8.988  -18.334  59.320 0.0000000000
55810  -9.655  -18.409  59.368 0.0000000000
55811  -10.161  -18.117  59.518 0.0000000000
55813  -8.442  -18.653  58.966 0.0000000000
55814  -8.754  -18.816  59.022 0.0000000000
55815  -10.007  -18.583  59.050 0.0000000000
55816  -10.355  -18.362  58.743 0.0000000000
55819  -14.516  -18.055  58.137 0.0000000000
55826  -7.813  -17.699  57.430 0.0000000000
55827  -8.190  -17.652  57.510 0.0000000000
55854  -10.000  -18.625  52.835 0.0000000000
55863  -3.465  -18.387  52.203 0.0000000000
55935  -7.625  -18.283  46.121 0.0000000000
55996  -6.330  -18.072  42.283 0.0000000000
56019  -6.653  -18.989  42.091 0.0000000000
57005  -9.150  -17.877  59.781 0.0000000000
57006  -9.516  -17.878  60.012 0.0000000000
57007  -9.749  -18.004  60.058 0.0000000000
57009  -7.483  -17.843  59.281 0.0000000000
57010  -8.635  -17.767  59.491 0.0000000000
57011  -9.524  -17.713  59.742 0.0000000000
57012  -9.963  -17.819  59.947 0.0000000000
57021  -13.471  -17.413  58.716 0.0000000000
57023  -7.338  -17.471  58.232 0.0000000000
57065  -11.150  -18.298  51.779 0.0000000000
57075  -3.904  -18.044  51.488 0.0000000000
57125  -6.711  -17.640  46.729 0.0000000000
57160  -6.325  -17.824  42.308 0.0000000000
58255  -12.087  -17.248  57.339 0.0000000000
58281  -13.771  -16.044  54.692 0.0000000000
58295  -3.904  -15.656  52.341 0.0000000000
58321  -4.946  -16.870  50.185 0.0000000000
58322  -5.325  -16.497  49.828 0.0000000000
58324  -12.783  -17.071  49.539 0.0000000000
58337  -13.718  -16.903  48.566 0.0000000000
58382  -7.432  -16.769  44.632 0.0000000000
59520  -10.933  -16.313  55.952 0.0000000000
59526  -10.782  -16.664  55.708 0.0000000000
59533  -6.265  -14.626  54.483 0.0000000000
59535  -11.138  -16.868  55.412 0.0000000000
59536  -13.721  -15.816  54.272 0.0000000000
59560  -3.682  -15.262  52.273 0.0000000000
59561  -4.135  -15.548  52.468 0.0000000000
59562  -4.922  -15.630  52.481 0.0000000000
59584  -16.764  -14.081  50.161 0.0000000000
59590  -26.637  -15.071  51.153 0.0000000000
59593  -29.429  -14.965  51.279 0.0000000000
59594  -29.934  -14.821  51.293 0.0000000000
59610  -17.206  -13.741  49.984 0.0000000000
59614  -26.905  -15.028  50.635 0.0000000000
59616  -28.377  -15.166  51.006 0.0000000000
59652  -28.046  -12.763  47.217 0.0000000000
59653  -28.362  -12.634  47.280 0.0000000000
59654  -28.665  -12.621  47.091 0.0000000000
59666  -16.150  -15.358  47.310 0.0000000000
60664  -8.273  -14.038  59.366 0.0000000000
60666  -5.238  -13.620  57.305 0.0000000000
60675  -5.091  -13.322  56.950 0.0000000000
60716  -3.842  -15.088  52.398 0.0000000000
60734  -27.852  -14.645  52.339 0.0000000000
60735  -28.315  -14.845  52.273 0.0000000000
60736  -30.866  -14.538  52.015 0.0000000000
60737  -30.776  -14.408  51.779 0.0000000000
60746  -3.744  -14.858  52.224 0.0000000000
60755  -18.057  -13.790  50.740 0.0000000000
60763  -28.149  -14.387  51.981 0.0000000000
60764  -28.637  -14.435  51.493 0.0000000000
60766  -30.388  -14.354  51.411 0.0000000000
60767  -30.530  -14.185  51.163 0.0000000000
60784  -18.093  -13.628  50.458 0.0000000000
60793  -27.361  -14.509  50.668 0.0000000000
60797  -30.393  -14.015  50.646 0.0000000000
60816  -29.712  -14.081  50.253 0.0000000000
60817  -29.875  -14.044  49.798 0.0000000000
60825  -18.881  -13.553  49.944 0.0000000000
60828  -22.637  -15.181  47.794 0.0000000000
60830  -26.443  -13.227  47.970 0.0000000000
60834  -29.520  -12.307  47.989 0.0000000000
60839  -6.912  -14.789  47.544 0.0000000000
60842  -22.884  -14.921  48.067 0.0000000000
60848  -29.193  -12.559  46.929 0.0000000000
60861  -10.918  -13.424  45.985 0.0000000000
60882  -10.433  -12.902  45.895 0.0000000000
60914  -10.178  -14.212  42.737 0.0000000000
61867  -7.930  -13.800  59.217 0.0000000000
61869  -4.309  -12.959  58.058 0.0000000000
61871  -4.004  -13.233  57.814 0.0000000000
61912  -27.788  -13.038  52.151 0.0000000000
61914  -31.082  -14.248  52.090 0.0000000000
61934  -30.069  -13.913  51.553 0.0000000000
61935  -30.965  -13.960  51.847 0.0000000000
61947  -18.108  -13.514  50.219 0.0000000000
61957  -28.823  -13.759  50.468 0.0000000000
61960  -30.055  -13.143  51.072 0.0000000000
61978  -27.593  -13.019  49.837 0.0000000000
61999  -27.562  -12.629  48.109 0.0000000000
62000  -28.200  -12.589  48.397 0.0000000000
62016  -22.410  -14.012  47.995 0.0000000000
62021  -27.757  -12.564  48.220 0.0000000000
62022  -27.971  -12.554  48.319 0.0000000000
62036  -10.919  -13.181  46.166 0.0000000000
62039  -26.624  -12.581  47.560 0.0000000000
62053  -10.350  -13.124  45.529 0.0000000000
62075  -8.373  -13.167  44.217 0.0000000000
62096  -8.337  -13.406  44.048 0.0000000000
62099  -10.170  -14.116  43.152 0.0000000000
63160  -30.619  -14.061  52.362 0.0000000000
63170  -27.937  -12.182  51.933 0.0000000000
63173  -30.030  -13.601  51.787 0.0000000000
63174  -30.312  -13.659  51.644 0.0000000000
63185  -30.044  -12.115  51.686 0.0000000000
63186  -29.994  -12.267  51.184 0.0000000000
63198  -26.232  -11.988  49.053 0.0000000000
63199  -26.695  -12.095  49.215 0.0000000000
63201  -27.783  -12.827  49.365 0.0000000000
63203  -30.209  -12.122  50.135 0.0000000000
63218  -27.257  -12.335  48.669 0.0000000000
63219  -27.794  -12.647  48.927 0.0000000000
63221  -31.076  -12.006  48.911 0.0000000000
63231  -12.112  -12.222  47.109 0.0000000000
63235  -27.551  -12.565  48.356 0.0000000000
63248  -12.004  -12.240  46.780 0.0000000000
63283  -8.107  -12.955  44.031 0.0000000000
63284  -8.452  -12.796  44.253 0.0000000000
63285  -9.049  -12.703  44.282 0.0000000000
63311  -8.458  -13.194  43.823 0.0000000000
64337  -5.412  -11.326  59.222 0.0000000000
64340  -7.639  -10.929  59.499 0.0000000000
64353  -5.431  -12.135  57.637 0.0000000000
64362  -8.998  -12.711  57.048 0.0000000000
64363  -9.291  -12.487  57.526 0.0000000000
64388  -31.258  -11.163  53.613 0.0000000000
64389  -31.726  -10.993  53.791 0.0000000000
64395  -31.164  -11.350  53.384 0.0000000000
64396  -31.630  -11.232  53.497 0.0000000000
64397  -32.168  -11.001  53.786 0.0000000000
64402  -28.128  -11.604  51.520 0.0000000000
64405  -32.694  -10.839  51.537 0.0000000000
64406  -33.045  -10.965  51.444 0.0000000000
64412  -29.707  -11.053  51.568 0.0000000000
64415  -32.775  -11.154  51.419 0.0000000000
64417  -33.213  -11.300  50.856 0.0000000000
64423  -30.882  -10.944  49.955 0.0000000000
64441  -11.983  -11.908  47.231 0.0000000000
64474  -8.154  -12.485  44.067 0.0000000000
64476  -9.121  -12.190  44.025 0.0000000000
64477  -9.481  -12.149  43.929 0.0000000000
64492  -8.434  -12.695  43.750 0.0000000000
64493  -8.881  -12.450  43.683 0.0000000000
64494  -9.291  -12.271  43.681 0.0000000000
64495  -9.522  -12.212  43.697 0.0000000000
65496  -6.358  -10.488  59.474 0.0000000000
65507  -5.280  -11.645  57.197 0.0000000000
65513  -5.124  -11.764  57.006 0.0000000000
65515  -5.509  -10.461  56.602 0.0000000000
65549  -33.639  -10.633  54.205 0.0000000000
65550  -34.085  -10.479  53.927 0.0000000000
65560  -31.377  -10.812  53.626 0.0000000000
65561  -32.094  -10.625  53.569 0.0000000000
65562  -32.854  -10.691  54.082 0.0000000000
65563  -33.571  -10.602  53.590 0.0000000000
65564  -34.176  -10.231  53.302 0.0000000000
65577  -28.628  -10.424  52.082 0.0000000000
65579  -31.407  -11.175  52.897 0.0000000000
65580  -32.477  -10.607  53.029 0.0000000000
65582  -34.166  -9.963  52.871 0.0000000000
65598  -30.179  -10.580  51.474 0.0000000000
65601  -32.686  -11.232  50.676 0.0000000000
65611  -32.521  -10.168  49.570 0.0000000000
65636  -12.436  -10.017  45.894 0.0000000000
65646  -12.413  -10.138  45.472 0.0000000000
65666  -12.364  -9.347  42.853 0.0000000000
66674  -6.616  -9.929  53.900 0.0000000000
66684  -33.472  -10.423  54.291 0.0000000000
66685  -33.997  -10.120  54.335 0.0000000000
66689  -6.845  -9.839  53.749 0.0000000000
66700  -31.645  -10.068  53.159 0.0000000000
66702  -33.235  -9.821  53.965 0.0000000000
66703  -33.823  -9.525  53.604 0.0000000000
66704  -34.175  -9.843  53.392 0.0000000000
66719  -30.279  -9.332  52.396 0.0000000000
66722  -34.211  -9.895  53.124 0.0000000000
66735  -30.455  -10.180  51.826 0.0000000000
66747  -29.567  -9.843  51.335 0.0000000000
66748  -30.136  -9.961  51.283 0.0000000000
66752  -32.983  -9.918  50.463 0.0000000000
66792  -11.995  -9.053  45.971 0.0000000000
66793  -12.288  -9.486  45.734 0.0000000000
66816  -12.207  -8.837  42.711 0.0000000000
66829  -8.004  -8.528  40.535 0.0000000000
67843  -27.064  -8.229  52.991 0.0000000000
67865  -28.933  -9.198  51.774 0.0000000000
67867  -32.214  -8.420  51.444 0.0000000000
67908  -10.616  -8.087  47.620 0.0000000000
67943  -11.577  -8.454  45.900 0.0000000000
67979  -12.020  -8.797  43.502 0.0000000000
67996  -12.012  -8.558  43.167 0.0000000000
69137  -28.567  -7.976  52.149 0.0000000000
69138  -29.570  -8.438  52.239 0.0000000000
69139  -30.127  -8.637  52.647 0.0000000000
69194  -10.218  -7.878  48.013 0.0000000000
69215  -8.275  -7.073  48.377 0.0000000000
69216  -10.138  -6.929  47.641 0.0000000000
69238  -6.271  -7.053  46.914 0.0000000000
69239  -9.852  -7.175  47.171 0.0000000000
69259  -11.163  -7.769  45.861 0.0000000000
69273  -9.273  -6.768  44.913 0.0000000000
69293  -10.878  -7.880  43.653 0.0000000000
69305  -7.945  -7.067  42.531 0.0000000000
69325  -9.300  -7.745  41.811 0.0000000000
70380  -37.626  -6.841  54.895 0.0000000000
70381  -38.120  -6.605  54.933 0.0000000000
70410  -38.266  -5.402  51.428 0.0000000000
70411  -38.643  -5.368  51.402 0.0000000000
70421  -35.677  -6.184  51.894 0.0000000000
70425  -38.567  -5.502  51.215 0.0000000000
70460  -9.173  -6.458  48.400 0.0000000000
70471  -38.687  -5.437  48.277 0.0000000000
70472  -39.075  -5.887  48.291 0.0000000000
70480  -7.715  -6.604  47.700 0.0000000000
70481  -8.063  -6.602  48.111 0.0000000000
70493  -39.003  -5.548  48.078 0.0000000000
70503  -7.814  -6.462  46.693 0.0000000000
70506  -9.826  -7.197  46.925 0.0000000000
70552  -9.963  -6.890  44.776 0.0000000000
70566  -5.971  -6.306  43.542 0.0000000000
70570  -10.037  -6.837  44.401 0.0000000000
71738  -36.274  -5.943  55.174 0.0000000000
71746  -31.352  -5.548  54.401 0.0000000000
71758  -29.978  -5.259  53.447 0.0000000000
71762  -36.856  -5.566  53.027 0.0000000000
71773  -29.396  -5.206  53.219 0.0000000000
71774  -29.790  -5.146  53.344 0.0000000000
71777  -34.089  -5.813  52.467 0.0000000000
71779  -37.873  -5.062  51.777 0.0000000000
71794  -35.886  -5.713  51.582 0.0000000000
71797  -40.031  -4.380  51.068 0.0000000000
71812  -35.882  -5.464  51.275 0.0000000000
71813  -38.592  -5.102  49.198 0.0000000000
71829  -38.595  -5.103  48.461 0.0000000000
71840  -8.345  -6.076  48.191 0.0000000000
71849  -38.728  -5.026  48.173 0.0000000000
71857  -7.938  -6.526  47.174 0.0000000000
71867  -38.677  -5.105  47.976 0.0000000000
71876  -8.644  -5.913  46.942 0.0000000000
71877  -9.208  -6.140  47.203 0.0000000000
71893  -9.350  -6.372  46.773 0.0000000000
73084  -30.224  -4.826  53.481 0.0000000000
73085  -30.173  -5.109  53.441 0.0000000000
73104  -29.968  -4.977  53.405 0.0000000000
73119  -38.765  -4.220  51.734 0.0000000000
73120  -39.082  -4.465  51.494 0.0000000000
73121  -39.856  -4.236  51.311 0.0000000000
73194  -3.841  -4.665  45.785 0.0000000000
73205  -41.713  -4.375  45.600 0.0000000000
73206  -42.340  -4.015  45.702 0.0000000000
74396  -38.958  -4.133  51.592 0.0000000000
74405  -40.717  -3.410  50.949 0.0000000000
74413  -40.340  -2.925  48.744 0.0000000000
74429  -40.458  -2.762  47.840 0.0000000000
74443  -41.116  -2.482  47.363 0.0000000000
74449  -3.958  -4.127  46.171 0.0000000000
74462  -42.625  -2.519  46.809 0.0000000000
74483  -42.565  -2.472  46.377 0.0000000000
75704  -40.510  -2.631  48.802 0.0000000000
75705  -40.806  -2.166  49.074 0.0000000000
75719  -40.639  -2.553  48.519 0.0000000000
75721  -41.485  -2.092  48.157 0.0000000000
75735  -41.883  -2.337  47.585 0.0000000000
75738  -5.885  -2.599  46.520 0.0000000000
75750  -42.228  -1.695  46.993 0.0000000000
75766  -42.452  -2.204  46.623 0.0000000000
75781  -42.161  -2.081  45.521 0.0000000000
76949  -39.067  -2.384  52.991 0.0000000000
77025  -41.257  -1.764  49.194 0.0000000000
77070  -38.528  -0.602  46.224 0.0000000000
77072  -41.531  -1.374  46.962 0.0000000000
77073  -41.732  -1.466  47.186 0.0000000000
77080  -37.777  -0.821  45.607 0.0000000000
77083  -40.794  -1.292  45.699 0.0000000000
77084  -41.056  -1.264  45.828 0.0000000000
77095  -37.607  -1.093  45.332 0.0000000000
77098  -40.769  -1.564  45.396 0.0000000000
77100  -42.008  -1.618  45.829 0.0000000000
78304  -41.129  -0.591  47.441 0.0000000000
78318  -38.490  -0.248  46.271 0.0000000000
78322  -40.951  -0.983  46.907 0.0000000000
78333  -38.048  -0.357  45.962 0.0000000000
78336  -40.871  -0.939  46.322 0.0000000000
78337  -40.974  -1.016  46.569 0.0000000000
78349  -40.246  -1.387  45.353 0.0000000000
79542  -42.198  0.202  50.326 0.0000000000
79582  -37.600  0.853  45.954 0.0000000000
79583  -37.995  0.679  46.218 0.0000000000
79599  -37.100  0.482  45.050 0.0000000000
79825  -45.269  2.317  31.353 0.0000000000
79850  -45.787  2.345  31.018 0.0000000000
79851  -46.745  1.705  31.203 0.0000000000
79866  -47.060  1.638  30.775 0.0000000000
80860  -36.589  2.154  43.753 0.0000000000
81052  -44.411  2.438  32.171 0.0000000000
81054  -45.940  2.763  31.358 0.0000000000
81082  -46.858  1.689  30.217 0.0000000000
81084  -47.600  2.363  30.951 0.0000000000
81101  -46.588  1.909  29.831 0.0000000000
81102  -47.103  1.813  29.947 0.0000000000
82080  -40.125  2.995  47.665 0.0000000000
82135  -37.092  2.534  43.374 0.0000000000
82182  -39.613  3.188  40.420 0.0000000000
82213  -38.964  3.597  38.834 0.0000000000
82286  -45.658  4.417  32.273 0.0000000000
82309  -47.637  3.068  32.683 0.0000000000
82320  -47.393  3.213  32.187 0.0000000000
82331  -46.613  2.821  31.270 0.0000000000
82344  -45.706  3.245  30.198 0.0000000000
82345  -46.279  2.946  30.688 0.0000000000
82346  -46.993  2.940  30.981 0.0000000000
82358  -45.489  3.093  29.708 0.0000000000
83374  -40.047  3.280  47.417 0.0000000000
83382  -38.993  3.062  46.111 0.0000000000
83392  -38.986  3.219  45.862 0.0000000000
83422  -42.017  3.901  43.120 0.0000000000
83438  -41.602  4.356  43.006 0.0000000000
83462  -39.821  3.598  40.218 0.0000000000
83495  -38.581  4.602  37.014 0.0000000000
83536  -47.321  3.706  34.176 0.0000000000
83554  -45.656  4.596  32.496 0.0000000000
83571  -45.035  5.115  32.624 0.0000000000
83581  -41.220  3.422  32.769 0.0000000000
83582  -44.451  4.897  33.275 0.0000000000
83583  -44.684  4.998  33.083 0.0000000000
83592  -46.603  4.247  31.252 0.0000000000
83607  -46.618  3.932  31.213 0.0000000000
83620  -46.893  3.955  28.929 0.0000000000
83636  -46.958  4.335  28.564 0.0000000000
84643  -40.291  4.265  45.617 0.0000000000
84674  -40.995  4.884  42.134 0.0000000000
84691  -40.887  4.609  42.017 0.0000000000
84747  -38.714  4.869  37.033 0.0000000000
84770  -47.325  4.659  34.366 0.0000000000
84773  -49.718  5.530  34.157 0.0000000000
84787  -43.920  5.369  34.462 0.0000000000
84788  -45.718  4.918  34.195 0.0000000000
84798  -44.111  4.909  33.488 0.0000000000
84799  -44.389  5.309  33.629 0.0000000000
84800  -45.245  5.217  33.476 0.0000000000
84802  -47.849  4.803  32.986 0.0000000000
84803  -48.791  5.372  33.349 0.0000000000
84811  -44.765  5.211  33.188 0.0000000000
84814  -49.472  5.501  33.359 0.0000000000
84832  -46.212  4.410  29.984 0.0000000000
84834  -47.270  4.926  30.931 0.0000000000
84845  -46.318  3.685  29.349 0.0000000000
85828  -41.176  5.099  42.366 0.0000000000
85829  -41.835  5.145  42.907 0.0000000000
85849  -39.481  5.805  40.969 0.0000000000
85850  -40.075  5.589  41.005 0.0000000000
85872  -39.690  5.472  40.432 0.0000000000
85935  -39.508  5.540  37.372 0.0000000000
85962  -48.271  5.881  35.079 0.0000000000
85979  -49.891  5.986  34.431 0.0000000000
86091  -51.879  6.924  24.487 0.0000000000
86106  -51.863  7.108  24.237 0.0000000000
86107  -52.078  6.919  24.167 0.0000000000
87082  -39.751  5.926  40.731 0.0000000000
87102  -39.627  6.090  40.954 0.0000000000
87122  -39.325  6.631  39.124 0.0000000000
87131  -39.244  6.501  38.827 0.0000000000
87143  -40.400  6.510  37.439 0.0000000000
87144  -41.411  6.765  37.342 0.0000000000
87145  -41.877  6.509  37.019 0.0000000000
87191  -50.150  6.217  34.344 0.0000000000
87221  -50.393  6.772  31.720 0.0000000000
87258  -49.325  6.839  28.845 0.0000000000
87265  -48.657  7.109  27.536 0.0000000000
87267  -48.972  8.166  27.463 0.0000000000
87276  -49.091  7.427  26.608 0.0000000000
87292  -52.513  6.950  25.063 0.0000000000
87305  -52.305  6.800  24.547 0.0000000000
87306  -52.641  6.838  24.698 0.0000000000
87321  -52.600  7.205  24.163 0.0000000000
87340  -52.295  7.225  23.922 0.0000000000
87341  -51.931  7.598  24.203 0.0000000000
88351  -40.460  6.758  37.124 0.0000000000
88363  -40.460  7.002  37.043 0.0000000000
88364  -40.697  7.291  36.815 0.0000000000
88469  -48.904  7.116  30.245 0.0000000000
88535  -52.357  7.482  25.188 0.0000000000
88547  -52.508  7.893  25.041 0.0000000000
88548  -52.562  7.517  24.901 0.0000000000
88563  -51.556  7.712  23.978 0.0000000000
88564  -51.963  7.340  24.134 0.0000000000
88585  -51.990  8.214  24.202 0.0000000000
89666  -50.815  8.368  29.566 0.0000000000
89690  -49.282  10.143  27.145 0.0000000000
89698  -49.017  10.026  27.007 0.0000000000
89699  -49.494  10.253  26.956 0.0000000000
89701  -51.147  9.237  25.965 0.0000000000
89702  -51.648  9.129  25.729 0.0000000000
89709  -52.547  8.846  25.447 0.0000000000
89718  -52.669  8.490  25.090 0.0000000000
89733  -51.571  9.086  23.513 0.0000000000
89734  -51.728  8.996  23.587 0.0000000000
89753  -52.869  9.299  22.933 0.0000000000
89766  -53.004  9.503  22.762 0.0000000000
90908  -51.437  9.383  27.664 0.0000000000
90918  -49.191  10.226  26.936 0.0000000000
90919  -49.628  10.301  27.122 0.0000000000
90920  -50.421  9.757  27.395 0.0000000000
90924  -49.192  10.143  26.695 0.0000000000
90925  -49.732  10.277  26.324 0.0000000000
90927  -51.828  9.523  25.879 0.0000000000
90935  -50.643  9.998  25.217 0.0000000000
90942  -51.252  9.932  25.135 0.0000000000
90943  -51.138  9.697  25.232 0.0000000000
90952  -51.700  9.298  23.498 0.0000000000
90953  -51.893  9.176  23.584 0.0000000000
90964  -51.965  9.508  23.419 0.0000000000
90966  -53.189  9.950  22.941 0.0000000000
90979  -53.005  9.678  22.754 0.0000000000
90993  -52.836  10.059  22.750 0.0000000000
91003  -51.327  11.348  21.270 0.0000000000
92120  -52.904  10.916  28.590 0.0000000000
92133  -49.932  10.496  27.041 0.0000000000
92134  -50.102  10.390  27.166 0.0000000000
92135  -50.689  10.212  27.309 0.0000000000
92139  -50.051  10.561  26.766 0.0000000000
92140  -50.464  10.537  26.985 0.0000000000
92143  -56.455  12.154  25.034 0.0000000000
92148  -50.321  10.880  26.014 0.0000000000
92149  -50.710  10.760  25.389 0.0000000000
92151  -56.206  12.016  25.188 0.0000000000
92152  -56.457  12.174  25.021 0.0000000000
92156  -51.178  10.286  25.325 0.0000000000
92167  -53.588  9.835  24.496 0.0000000000
92179  -52.563  11.862  21.712 0.0000000000
92188  -52.335  11.746  21.683 0.0000000000
92190  -52.888  10.371  22.695 0.0000000000
93287  -53.125  11.269  27.732 0.0000000000
93293  -50.598  10.808  26.567 0.0000000000
93297  -56.483  12.498  25.033 0.0000000000
93304  -56.393  12.026  25.127 0.0000000000
93305  -56.231  12.358  24.904 0.0000000000
93309  -56.162  12.224  24.391 0.0000000000
93321  -55.957  12.229  24.256 0.0000000000
93322  -56.258  12.516  23.964 0.0000000000
93333  -53.330  11.987  22.085 0.0000000000
93334  -53.697  11.652  22.501 0.0000000000
94444  -56.555  12.874  24.950 0.0000000000
94448  -56.298  12.944  24.935 0.0000000000
94449  -56.313  12.839  24.717 0.0000000000
94451  -56.462  12.993  23.920 0.0000000000
94474  -53.437  12.544  21.315 0.0000000000
94486  -52.758  12.558  21.029 0.0000000000
94487  -53.130  12.695  20.697 0.0000000000
94499  -53.137  12.870  20.385 0.0000000000
95555  -56.230  13.008  24.640 0.0000000000
95571  -56.293  13.342  23.673 0.0000000000
96702  -58.739  15.413  22.218 0.0000000000
96705  -56.056  14.104  21.484 0.0000000000
96709  -59.020  15.607  22.001 0.0000000000
96712  -52.524  14.645  19.634 0.0000000000
96718  -52.798  14.826  19.737 0.0000000000
96730  -54.591  14.456  19.809 0.0000000000
97831  -58.669  15.850  22.581 0.0000000000
97833  -58.561  15.551  22.493 0.0000000000
97834  -59.007  15.769  22.386 0.0000000000
97837  -56.293  14.630  21.221 0.0000000000
100170  -54.659  17.901  16.320 0.0000000000
142568  -4.899  -19.620  58.074 0.0000000000
142569  -4.639  -19.185  58.018 0.0000000000
142576  -5.990  -20.381  57.194 0.0000000000
142583  -8.031  -20.783  56.455 0.0000000000
142625  -4.934  -18.503  49.606 0.0000000000
142633  -4.680  -17.596  50.217 0.0000000000
142705  -9.213  -13.247  57.179 0.0000000000
142708  -9.100  -13.086  57.061 0.0000000000
142714  -8.390  -12.787  57.724 0.0000000000
142718  -4.558  -12.928  58.030 0.0000000000
142729  -6.049  -12.820  56.153 0.0000000000
142748  -4.464  -12.896  57.787 0.0000000000
142756  -9.856  -11.076  51.759 0.0000000000
142757  -4.080  -13.033  58.065 0.0000000000
142759  -4.306  -12.860  57.182 0.0000000000
142767  -10.856  -11.316  50.746 0.0000000000
142769  -3.899  -13.266  57.334 0.0000000000
142799  -5.721  -13.372  56.233 0.0000000000
142801  -6.247  -12.577  56.145 0.0000000000
142826  -6.383  -11.808  55.749 0.0000000000
142851  -7.619  -8.912  51.480 0.0000000000
143060  -16.657  -14.769  47.461 0.0000000000
143067  -17.644  -14.957  47.063 0.0000000000
143073  -19.272  -14.617  47.175 0.0000000000
143078  -20.228  -13.978  47.607 0.0000000000
143268  -33.279  -6.551  55.346 0.0000000000
143269  -35.948  -6.691  56.135 0.0000000000
143273  -36.490  -6.874  55.840 0.0000000000
143275  -36.670  -6.830  55.694 0.0000000000
143437  -30.033  -3.681  53.895 0.0000000000
143523  -42.070  3.842  43.892 0.0000000000
143632  -50.940  7.474  24.330 0.0000000000
143633  -50.751  7.370  24.689 0.0000000000
143635  -51.392  7.555  24.066 0.0000000000
143639  -49.332  7.123  25.164 0.0000000000
143640  -49.221  7.230  24.852 0.0000000000
143925  -51.282  10.009  27.419 0.0000000000
143926  -50.887  9.656  25.166 0.0000000000
143928  -56.228  12.660  24.926 0.0000000000
143929  -55.887  12.310  24.707 0.0000000000
143933  -55.933  13.061  25.285 0.0000000000
143935  -55.933  13.056  25.044 0.0000000000
143937  -55.824  12.912  24.822 0.0000000000
143938  -55.779  13.106  24.706 0.0000000000
