#!ascii label  , from subject 3781 vox2ras=TkReg
682
70027  24.152  -4.986  -21.531 0.1428571492
68955  23.607  -5.501  -21.424 0.1428571492
71125  24.116  -4.078  -23.138 0.1428571492
68953  25.458  -5.060  -21.114 0.1428571492
70042  24.801  -4.468  -22.912 0.2857142985
68969  23.376  -4.912  -21.840 0.1428571492
70025  25.633  -4.244  -21.856 0.1428571492
72247  24.254  -2.788  -23.906 0.5714285970
71123  25.876  -3.612  -22.555 0.1428571492
72223  27.879  -2.193  -22.543 0.2857142985
72224  26.884  -2.508  -22.776 0.2857142985
73385  28.239  -1.483  -22.848 0.1428571492
73386  27.483  -1.721  -22.994 0.2857142985
76959  28.662  1.390  -24.270 0.2857142985
75763  28.698  0.665  -23.893 0.1428571492
74577  28.263  0.075  -24.063 0.2857142985
79179  28.842  3.642  -24.661 0.2857142985
78080  29.407  2.361  -23.663 0.2857142985
80308  29.243  4.654  -25.165 0.2857142985
82489  29.157  6.156  -25.851 0.2857142985
84671  29.618  8.407  -26.618 0.8571428657
82510  29.646  6.828  -26.739 0.4285714328
81408  29.527  5.437  -24.910 0.2857142985
85710  29.781  9.756  -27.085 0.7142857313
85700  29.900  9.440  -26.483 0.7142857313
85701  29.443  9.141  -26.851 0.7142857313
83600  29.611  7.483  -27.083 0.7142857313
87647  30.288  11.256  -27.415 0.8571428657
86713  29.788  10.367  -27.502 0.5714285970
86714  29.008  10.335  -27.745 0.8571428657
85711  29.138  9.465  -27.336 0.7142857313
84679  29.168  8.388  -27.100 0.7142857313
88636  30.105  12.322  -26.841 0.4285714328
87665  29.450  11.271  -27.659 0.7142857313
90799  30.407  14.637  -27.551 0.2857142985
89750  29.611  13.999  -28.549 0.5714285970
89729  29.432  12.886  -27.905 0.8571428657
88656  28.878  12.305  -27.727 0.8571428657
91942  30.199  15.322  -28.381 0.1428571492
90821  30.008  14.540  -28.774 0.4285714328
89751  29.095  13.444  -28.510 0.5714285970
93061  29.682  16.642  -29.130 0.1428571492
91943  29.852  16.159  -28.173 0.1428571492
91964  29.555  15.582  -28.943 0.1428571492
90841  29.525  14.898  -29.300 0.4285714328
94161  29.673  17.848  -30.490 0.1428571492
94146  29.954  17.641  -29.324 0.1428571492
94147  29.206  17.638  -29.754 0.1428571492
93062  28.852  16.388  -29.250 0.4285714328
91965  28.968  15.325  -29.297 0.5714285970
90823  28.426  14.614  -28.948 0.7142857313
89752  28.070  13.408  -28.604 0.8571428657
94162  29.308  17.765  -30.847 0.1428571492
95271  28.870  18.369  -30.354 0.1428571492
93063  28.356  16.661  -29.055 0.5714285970
91944  28.344  15.778  -28.900 0.8571428657
90824  27.161  14.354  -28.681 0.8571428657
96284  29.410  19.068  -30.400 0.1428571492
96285  28.685  19.564  -30.091 0.2857142985
95251  28.576  17.941  -29.743 0.1428571492
95252  27.876  18.408  -29.289 0.8571428657
93041  28.376  16.352  -28.958 0.8571428657
93042  27.754  16.607  -28.735 0.8571428657
97310  28.417  20.706  -30.086 0.1428571492
98262  28.717  21.569  -30.372 0.1428571492
96286  28.236  19.355  -29.393 0.4285714328
95253  26.835  18.911  -28.352 0.8571428657
95231  27.319  18.088  -28.440 0.8571428657
94128  26.902  17.340  -28.441 0.8571428657
93043  26.491  16.328  -28.447 0.8571428657
96267  28.150  20.210  -29.375 0.4285714328
95232  26.329  18.079  -28.176 0.8571428657
95233  25.390  17.987  -28.430 0.8571428657
98249  28.143  21.573  -29.763 0.1428571492
99166  27.925  22.181  -29.131 0.2857142985
97293  27.879  20.929  -29.589 0.5714285970
97294  27.289  20.690  -29.190 0.8571428657
96268  27.284  19.687  -28.944 0.8571428657
96269  25.953  19.487  -29.020 0.8571428657
95254  25.633  18.642  -28.674 0.8571428657
99181  27.527  23.029  -29.307 0.2857142985
99167  27.031  22.211  -29.049 0.7142857313
98250  27.519  21.482  -29.212 0.5714285970
98251  26.613  21.368  -29.122 0.8571428657
97295  26.239  20.454  -29.144 0.8571428657
97296  24.775  20.216  -29.282 0.8571428657
99168  26.051  22.104  -29.257 0.8571428657
98252  25.546  21.254  -29.151 0.8571428657
99170  24.601  21.804  -29.669 0.7142857313
98253  24.610  21.326  -29.274 0.7142857313
99182  26.513  22.926  -29.476 0.8571428657
99183  25.526  22.759  -29.641 0.8571428657
99169  25.115  21.990  -29.441 0.8571428657
100067  25.153  23.310  -30.102 0.8571428657
99184  24.580  22.396  -30.184 0.7142857313
100953  26.511  24.749  -30.221 0.7142857313
100078  25.509  23.876  -30.489 0.8571428657
100966  25.711  24.619  -30.373 0.8571428657
100967  25.029  24.504  -30.780 0.8571428657
102992  24.798  26.234  -31.340 0.7142857313
104958  28.901  28.413  -30.821 0.1428571492
101959  25.630  25.946  -30.357 0.8571428657
102981  25.174  26.412  -30.755 0.7142857313
102991  25.298  26.882  -31.416 0.7142857313
101972  24.736  25.393  -31.123 0.8571428657
105807  29.285  29.985  -32.294 0.1428571492
104047  26.069  27.921  -31.314 0.5714285970
104968  25.703  29.018  -32.926 0.5714285970
105792  27.097  29.094  -31.706 0.1428571492
106573  30.221  30.592  -34.391 0.1428571492
140361  25.933  29.632  -33.014 0.5714285970
106584  30.062  31.173  -34.308 0.1428571492
107339  30.728  31.468  -35.684 0.1428571492
106562  27.403  29.844  -32.341 0.1428571492
108098  30.049  32.507  -35.794 0.1428571492
140360  26.253  29.575  -32.695 0.5714285970
107340  29.942  31.956  -34.777 0.1428571492
107334  29.752  31.910  -33.553 0.1428571492
108856  30.140  33.644  -36.241 0.1428571492
108092  28.930  32.875  -34.017 0.1428571492
67839  23.384  -6.615  -20.826 0.1428571492
70041  25.454  -4.114  -22.960 0.2857142985
71106  26.321  -3.655  -21.844 0.1428571492
72205  27.042  -3.026  -22.311 0.2857142985
71142  26.203  -3.208  -23.099 0.2857142985
75762  29.366  0.649  -23.459 0.2857142985
74551  28.636  -0.243  -23.529 0.2857142985
81422  29.330  5.461  -25.574 0.2857142985
80309  28.863  4.747  -25.768 0.2857142985
83595  29.720  7.558  -26.305 0.4285714328
82499  29.080  6.338  -26.480 0.5714285970
83601  28.922  7.428  -27.522 0.7142857313
89728  30.013  13.418  -27.908 0.1428571492
88657  28.389  11.709  -27.692 0.8571428657
90822  29.302  14.420  -28.910 0.7142857313
95270  29.694  18.208  -31.132 0.1428571492
94148  28.300  17.301  -29.311 0.8571428657
91946  26.638  15.737  -28.476 0.8571428657
94129  25.891  17.299  -28.358 0.8571428657
100077  26.156  24.105  -30.188 0.8571428657
101970  25.909  25.269  -30.248 0.8571428657
102980  26.085  26.830  -30.771 0.7142857313
104960  27.054  28.481  -31.142 0.2857142985
106574  29.793  30.667  -33.714 0.1428571492
108105  30.534  32.705  -36.881 0.1428571492
71163  25.526  -3.058  -23.478 0.4285714328
73409  26.687  -1.543  -23.550 0.2857142985
72245  25.920  -2.543  -23.421 0.4285714328
72246  25.149  -2.774  -23.643 0.2857142985
73408  27.922  -1.168  -23.591 0.1428571492
76957  29.807  1.567  -23.472 0.2857142985
79163  28.901  2.941  -23.848 0.2857142985
78082  28.350  2.018  -24.359 0.2857142985
76978  28.267  1.403  -24.829 0.2857142985
78099  28.477  2.672  -24.258 0.2857142985
82511  29.096  6.480  -27.245 0.7142857313
93040  30.226  16.786  -28.452 0.1428571492
95249  30.086  18.325  -29.443 0.1428571492
97309  29.025  20.442  -30.724 0.1428571492
91945  27.288  15.465  -28.665 0.8571428657
90843  26.702  14.827  -28.703 1.0000000000
99180  28.426  22.624  -29.910 0.1428571492
97311  24.131  19.736  -29.712 0.8571428657
100065  26.845  24.029  -29.450 0.5714285970
101958  26.617  25.728  -30.261 0.5714285970
104040  27.007  27.474  -30.810 0.4285714328
104039  27.945  27.112  -30.789 0.2857142985
104949  27.659  27.909  -30.679 0.2857142985
104959  27.969  28.534  -30.876 0.1428571492
105790  28.295  29.222  -31.269 0.1428571492
105800  28.815  29.886  -31.695 0.1428571492
140365  27.172  31.174  -33.596 0.2857142985
105806  29.477  29.781  -33.100 0.1428571492
107328  29.098  31.419  -33.320 0.1428571492
107329  28.158  31.489  -33.189 0.1428571492
108087  28.605  32.219  -33.509 0.1428571492
108099  29.439  32.972  -34.844 0.1428571492
108850  29.500  33.394  -34.678 0.1428571492
100064  28.096  23.791  -30.020 0.4285714328
100952  27.561  24.911  -30.042 0.4285714328
101943  27.697  25.858  -29.979 0.4285714328
102979  27.326  26.475  -30.373 0.4285714328
70026  24.712  -4.677  -21.717 0.1428571492
70043  23.851  -4.609  -22.193 0.1428571492
68956  22.391  -5.977  -21.556 0.1428571492
71124  24.496  -4.219  -23.354 0.4285714328
71144  24.657  -3.823  -23.621 0.5714285970
76958  29.117  1.467  -23.779 0.2857142985
85712  28.427  9.443  -27.854 0.7142857313
88655  29.682  12.247  -27.517 0.8571428657
87666  28.710  11.154  -27.789 0.8571428657
90842  29.070  14.759  -29.317 0.5714285970
95272  28.575  18.895  -29.751 0.5714285970
94127  27.619  17.624  -28.839 0.8571428657
100066  25.973  23.490  -29.932 0.8571428657
105789  29.251  29.039  -31.205 0.1428571492
104967  26.604  28.768  -32.145 0.5714285970
104054  25.981  27.950  -32.297 0.5714285970
106583  30.579  30.775  -35.111 0.1428571492
106568  29.007  30.761  -33.151 0.1428571492
106569  28.550  30.476  -32.554 0.1428571492
107323  27.701  30.991  -32.630 0.1428571492
75741  29.876  0.279  -23.145 0.1428571492
73410  25.339  -1.485  -23.774 0.4285714328
78100  28.042  2.449  -24.895 0.5714285970
78115  27.711  2.096  -26.181 0.5714285970
75823  26.640  0.581  -26.709 0.5714285970
75824  25.688  0.393  -26.929 0.2857142985
78126  27.962  2.908  -26.440 0.5714285970
78128  26.403  2.092  -27.338 0.5714285970
75808  24.962  0.273  -26.153 0.4285714328
78127  27.098  2.387  -26.816 0.5714285970
75825  24.736  0.673  -27.238 0.2857142985
77025  25.147  1.541  -27.619 0.4285714328
80321  28.308  4.866  -26.531 0.4285714328
79221  27.462  3.735  -27.130 0.5714285970
79223  26.377  3.008  -28.232 0.5714285970
78157  25.829  2.858  -28.392 0.4285714328
81454  27.502  4.978  -27.668 0.5714285970
79222  26.915  3.500  -27.535 0.4285714328
81469  27.890  5.602  -28.303 0.7142857313
80349  27.334  5.157  -29.015 0.4285714328
81468  28.434  5.751  -28.081 0.4285714328
78129  26.152  1.971  -27.762 0.4285714328
77010  24.425  1.607  -27.129 0.2857142985
79239  25.725  3.486  -28.666 0.4285714328
81453  28.300  5.558  -27.516 0.7142857313
83612  28.187  7.493  -27.953 0.7142857313
82540  26.264  6.790  -29.035 0.4285714328
84707  26.795  8.461  -29.284 0.7142857313
83629  26.360  7.635  -29.634 0.5714285970
84720  26.077  8.541  -30.570 0.2857142985
83613  27.450  7.611  -28.388 0.7142857313
85724  27.946  9.390  -28.545 0.7142857313
85726  26.548  9.560  -29.201 0.7142857313
86728  25.997  10.198  -29.124 0.7142857313
86737  25.457  9.895  -29.830 0.7142857313
85740  25.552  9.588  -30.468 0.4285714328
86729  25.533  10.607  -29.628 0.4285714328
84692  27.998  8.504  -28.190 0.5714285970
86715  28.288  10.254  -27.995 0.5714285970
86727  26.846  10.183  -28.561 0.5714285970
87682  26.423  11.116  -28.395 0.7142857313
87683  25.587  11.178  -28.903 0.7142857313
89755  25.638  12.943  -28.631 0.7142857313
87684  25.357  11.387  -29.850 0.7142857313
88687  24.753  12.232  -29.851 0.5714285970
89769  24.992  13.106  -29.276 0.5714285970
87681  27.248  11.015  -27.757 0.5714285970
88676  26.801  12.092  -27.852 0.7142857313
90826  25.928  13.423  -28.379 0.8571428657
90845  25.378  14.034  -28.604 0.7142857313
90846  24.632  14.062  -29.596 0.5714285970
88675  27.919  12.234  -27.956 0.5714285970
88677  25.863  12.030  -28.237 0.7142857313
90825  26.383  13.780  -28.290 0.8571428657
90844  26.285  14.633  -28.426 0.8571428657
91969  24.711  15.036  -29.234 0.7142857313
91980  24.206  14.860  -30.072 0.5714285970
93080  24.178  16.264  -30.531 0.2857142985
91968  25.542  15.239  -28.694 0.7142857313
95273  23.902  17.896  -30.009 0.7142857313
91967  26.454  15.344  -28.619 0.7142857313
93066  24.897  16.177  -29.107 0.8571428657
95255  24.705  17.954  -29.230 0.8571428657
94163  24.304  16.888  -29.796 0.5714285970
96271  24.303  18.509  -29.687 0.8571428657
93044  25.399  16.569  -28.599 0.8571428657
96270  24.840  19.046  -29.405 0.8571428657
96287  24.421  19.476  -29.619 0.8571428657
99194  23.952  22.574  -31.273 0.7142857313
100079  24.651  23.507  -30.885 0.5714285970
98275  23.633  21.861  -31.822 0.7142857313
100968  24.357  24.421  -31.432 0.7142857313
100969  23.559  24.520  -32.099 0.7142857313
100088  23.588  23.535  -32.717 0.7142857313
101990  23.567  25.365  -33.354 0.7142857313
100990  23.265  24.527  -33.748 0.5714285970
101980  24.549  25.750  -31.843 0.7142857313
103001  23.720  26.156  -32.884 0.7142857313
102001  22.982  25.498  -33.958 0.5714285970
103010  23.969  26.901  -33.187 0.4285714328
103011  23.374  26.400  -33.731 0.5714285970
103018  22.906  26.420  -34.506 0.5714285970
103000  24.571  26.713  -32.260 0.5714285970
101002  22.698  24.669  -34.097 0.5714285970
104063  23.686  27.578  -34.018 0.5714285970
104064  23.294  26.925  -34.353 0.5714285970
102002  22.291  25.788  -34.451 0.4285714328
102003  21.660  25.753  -34.799 0.5714285970
101003  22.087  24.729  -34.035 0.4285714328
103029  22.071  26.821  -35.686 0.5714285970
102013  22.053  26.197  -35.301 0.5714285970
101992  21.158  25.773  -34.277 0.4285714328
100089  21.321  23.474  -33.474 0.4285714328
103020  21.309  26.573  -35.037 0.5714285970
104980  20.724  27.910  -33.934 0.4285714328
84670  30.082  8.483  -26.071 0.2857142985
87667  28.061  11.051  -27.766 0.5714285970
104987  21.269  28.210  -34.793 0.2857142985
104073  20.744  27.151  -34.130 0.4285714328
104065  20.770  27.270  -33.288 0.2857142985
75822  27.381  0.695  -26.209 0.5714285970
74604  26.095  -0.397  -25.629 0.5714285970
79194  28.463  3.722  -25.833 0.2857142985
78114  28.085  2.703  -25.699 0.4285714328
79193  28.894  4.179  -25.373 0.2857142985
79205  28.103  3.745  -26.780 0.5714285970
78146  25.817  2.271  -28.094 0.4285714328
80350  26.608  4.256  -28.991 0.4285714328
81470  27.189  4.792  -28.315 0.5714285970
78130  24.264  2.331  -26.851 0.2857142985
78159  24.881  3.078  -28.203 0.2857142985
81483  26.897  6.127  -29.320 0.5714285970
85685  30.228  9.439  -25.631 0.2857142985
82551  25.516  7.111  -30.111 0.2857142985
85739  25.997  9.207  -29.903 0.7142857313
93065  25.973  15.971  -29.072 0.8571428657
93079  24.309  15.791  -29.873 0.7142857313
98263  24.223  21.394  -29.923 0.7142857313
98274  23.959  21.444  -30.989 0.7142857313
100979  23.825  24.435  -33.121 0.7142857313
101991  21.840  25.125  -33.834 0.2857142985
102999  25.568  27.245  -32.111 0.5714285970
104056  24.335  27.771  -33.015 0.5714285970
104070  22.951  27.450  -34.898 0.5714285970
104986  22.662  28.141  -35.444 0.2857142985
79180  28.249  3.173  -25.236 0.2857142985
84680  28.626  8.463  -27.634 0.5714285970
88674  28.521  12.848  -28.281 0.7142857313
89753  27.151  13.149  -28.248 0.7142857313
94130  24.825  17.594  -28.852 0.7142857313
101973  24.197  25.116  -31.783 0.8571428657
82526  28.457  6.389  -27.918 0.5714285970
97312  23.817  20.338  -30.196 0.7142857313
77007  27.364  1.347  -26.632 0.5714285970
76996  27.998  1.286  -25.959 0.4285714328
75835  25.649  0.794  -27.513 0.5714285970
77023  26.151  1.130  -27.521 0.4285714328
75807  25.838  0.321  -26.009 0.5714285970
78143  27.528  3.198  -26.816 0.5714285970
79206  26.260  2.895  -27.205 0.5714285970
78144  26.933  3.247  -26.907 0.5714285970
79207  26.403  2.377  -27.834 0.4285714328
74605  25.198  -0.494  -25.660 0.5714285970
78147  24.965  2.566  -27.462 0.4285714328
80334  27.874  4.505  -27.225 0.5714285970
80336  27.006  4.001  -28.147 0.5714285970
79253  25.237  3.458  -28.602 0.4285714328
81482  27.365  5.976  -28.852 0.5714285970
80366  27.148  5.621  -29.238 0.4285714328
82527  27.733  6.628  -28.354 0.5714285970
82539  26.962  6.771  -28.643 0.7142857313
83628  26.680  7.699  -28.775 0.5714285970
83630  25.964  7.413  -30.109 0.4285714328
82541  25.842  6.715  -29.700 0.4285714328
81484  26.258  5.952  -29.622 0.4285714328
84693  27.335  8.516  -28.694 0.7142857313
83641  25.630  7.842  -30.473 0.2857142985
85738  26.711  9.019  -29.560 0.7142857313
86726  27.666  10.201  -28.360 0.7142857313
88678  25.260  12.126  -29.037 0.7142857313
89754  26.333  12.903  -28.287 0.5714285970
89770  24.515  13.213  -30.101 0.2857142985
93096  24.209  15.470  -30.733 0.2857142985
94149  24.575  17.077  -29.115 0.8571428657
100080  23.768  23.548  -31.693 0.7142857313
101981  24.052  25.415  -32.512 0.8571428657
104069  23.405  28.015  -34.592 0.7142857313
104077  21.837  27.487  -36.131 0.5714285970
103021  21.010  26.491  -34.507 0.4285714328
79241  24.624  3.673  -28.466 0.1428571492
80369  25.194  4.907  -29.284 0.4285714328
79178  29.519  4.111  -24.232 0.1428571492
80294  29.457  4.671  -24.523 0.1428571492
82498  29.340  6.806  -26.060 0.1428571492
83581  29.646  7.220  -25.633 0.1428571492
81407  29.555  5.540  -24.220 0.1428571492
80293  29.775  4.687  -23.856 0.1428571492
83580  30.066  7.366  -24.973 0.1428571492
82488  29.676  6.386  -25.238 0.1428571492
82472  29.635  5.986  -24.667 0.1428571492
83594  29.989  7.791  -25.690 0.1428571492
86681  30.568  10.476  -25.530 0.2857142985
87622  30.761  11.150  -26.495 0.1428571492
97297  24.155  20.847  -29.489 0.5714285970
110301  28.421  35.483  -35.020 0.1428571492
96288  24.094  19.017  -30.281 0.4285714328
110296  27.964  35.049  -34.945 0.1428571492
97327  23.643  20.440  -31.471 0.4285714328
108101  24.757  32.557  -35.542 0.2857142985
105824  23.965  29.831  -35.840 0.2857142985
104984  24.011  28.480  -34.690 0.2857142985
105816  24.792  30.043  -35.208 0.2857142985
97341  22.480  20.543  -32.769 0.1428571492
99195  23.609  22.598  -32.279 0.5714285970
106588  23.401  30.839  -35.508 0.2857142985
104969  24.872  28.534  -33.047 0.4285714328
98295  23.026  21.952  -33.597 0.4285714328
100094  23.363  23.595  -33.571 0.5714285970
105825  22.782  29.650  -35.605 0.2857142985
98297  22.018  22.367  -33.666 0.4285714328
99214  22.261  22.746  -34.008 0.2857142985
105827  21.564  29.063  -35.416 0.1428571492
104993  22.303  28.520  -36.031 0.1428571492
105826  22.063  29.278  -35.757 0.1428571492
99206  21.140  22.640  -32.941 0.1428571492
100095  21.668  23.630  -34.117 0.4285714328
104979  21.368  28.588  -33.679 0.1428571492
106590  21.940  29.764  -35.248 0.1428571492
106578  22.488  30.432  -34.691 0.1428571492
104972  20.792  28.136  -33.133 0.2857142985
104048  21.301  27.793  -30.862 0.1428571492
105812  21.987  28.999  -33.750 0.1428571492
105818  22.275  29.748  -34.422 0.1428571492
104971  21.366  28.850  -32.468 0.1428571492
104970  21.844  29.412  -32.883 0.1428571492
105803  20.913  29.723  -31.726 0.1428571492
72248  23.458  -2.332  -23.978 0.4285714328
72269  23.220  -1.819  -24.250 0.2857142985
79162  29.719  3.522  -23.711 0.1428571492
82471  29.887  6.536  -24.304 0.1428571492
84657  30.260  8.411  -25.331 0.1428571492
102998  26.087  27.424  -32.005 0.4285714328
105809  24.935  29.718  -34.201 0.2857142985
106586  25.198  30.875  -35.389 0.2857142985
107336  23.044  31.178  -35.003 0.2857142985
73413  22.345  -1.782  -24.112 0.2857142985
74531  29.098  -0.614  -23.086 0.1428571492
73407  28.640  -1.018  -23.232 0.1428571492
78070  30.153  2.494  -23.272 0.1428571492
86700  30.389  10.272  -27.038 0.1428571492
98288  21.634  21.810  -33.142 0.1428571492
96304  23.765  19.512  -31.290 0.4285714328
98287  22.386  21.456  -33.096 0.2857142985
100100  23.030  23.813  -34.122 0.5714285970
107343  24.080  31.999  -35.888 0.2857142985
107342  24.871  31.786  -35.514 0.2857142985
106570  25.476  30.308  -34.367 0.2857142985
106575  25.770  30.736  -34.812 0.2857142985
108851  25.645  32.280  -35.414 0.2857142985
108088  27.047  33.042  -34.191 0.1428571492
140373  26.257  33.433  -34.845 0.1428571492
108093  28.028  33.420  -34.465 0.1428571492
106571  22.344  30.802  -33.548 0.2857142985
107335  23.317  31.996  -35.432 0.2857142985
88612  30.653  12.350  -25.950 0.2857142985
105808  25.932  30.274  -33.529 0.4285714328
108094  24.785  33.059  -35.352 0.2857142985
140368  26.171  31.707  -34.793 0.1428571492
73412  24.035  -1.947  -24.092 0.4285714328
71145  23.730  -3.404  -23.632 0.4285714328
86682  30.282  10.211  -26.250 0.4285714328
104055  25.077  27.963  -32.400 0.4285714328
104976  24.993  29.165  -33.378 0.2857142985
98285  23.477  21.148  -31.847 0.4285714328
104977  24.402  28.658  -33.781 0.2857142985
104072  21.138  27.240  -34.708 0.4285714328
104058  21.381  27.601  -32.544 0.2857142985
104994  21.534  28.399  -35.957 0.2857142985
99219  22.440  23.309  -34.247 0.5714285970
104985  23.234  28.374  -34.981 0.2857142985
104992  22.977  28.974  -35.228 0.2857142985
82487  29.871  6.759  -24.844 0.1428571492
81388  30.015  5.670  -23.427 0.1428571492
84635  30.610  8.350  -24.615 0.1428571492
97340  23.143  20.485  -32.262 0.2857142985
106587  24.326  31.018  -35.547 0.2857142985
105817  24.379  29.305  -35.018 0.2857142985
99205  23.350  22.639  -33.236 0.4285714328
106589  22.552  30.193  -35.493 0.1428571492
98296  22.402  22.170  -33.651 0.4285714328
99213  22.972  22.848  -34.096 0.5714285970
99220  21.970  23.190  -34.234 0.4285714328
72249  22.584  -2.172  -23.899 0.2857142985
106585  25.774  31.241  -35.217 0.2857142985
108837  27.356  33.603  -34.641 0.1428571492
91992  24.278  14.743  -30.846 0.2857142985
107330  24.206  31.812  -33.008 0.1428571492
108089  24.043  32.654  -35.305 0.1428571492
140371  25.392  32.407  -33.746 0.1428571492
106566  21.517  30.326  -31.568 0.1428571492
140378  24.387  31.725  -32.733 0.1428571492
107331  24.225  32.327  -34.157 0.1428571492
106565  22.566  30.864  -32.396 0.1428571492
106564  23.747  30.863  -32.320 0.1428571492
107326  23.107  31.404  -33.532 0.1428571492
107324  24.196  31.368  -32.512 0.1428571492
140375  25.719  32.556  -32.885 0.1428571492
107332  22.991  31.454  -34.442 0.1428571492
107325  23.647  31.424  -33.017 0.1428571492
106557  24.610  30.800  -31.717 0.1428571492
140376  24.840  31.888  -32.825 0.1428571492
90858  24.322  14.082  -30.458 0.2857142985
106558  23.299  30.656  -31.638 0.1428571492
140374  26.373  31.698  -32.204 0.1428571492
81436  28.455  5.951  -26.725 0.2857142985
140377  25.691  33.264  -34.723 0.1428571492
140379  25.261  32.745  -34.238 0.1428571492
105793  23.804  30.332  -31.318 0.1428571492
81423  28.669  5.675  -26.007 0.4285714328
73452  26.274  -0.862  -25.355 0.4285714328
74579  27.120  -0.510  -24.725 0.2857142985
74552  28.060  -0.550  -24.081 0.1428571492
75805  27.610  0.483  -25.471 0.2857142985
74578  27.774  -0.142  -24.490 0.1428571492
75804  28.196  0.713  -25.091 0.2857142985
73432  26.335  -1.165  -24.719 0.2857142985
100102  22.035  23.825  -34.515 0.4285714328
78101  27.858  2.026  -25.572 0.2857142985
73453  25.678  -1.104  -25.415 0.4285714328
75785  27.883  0.319  -24.912 0.1428571492
73431  27.245  -0.747  -24.103 0.1428571492
76995  28.217  1.068  -25.415 0.2857142985
75806  26.695  0.338  -25.798 0.4285714328
74603  26.824  -0.354  -25.276 0.2857142985
98286  23.146  21.562  -32.649 0.2857142985
74581  24.509  -1.547  -24.633 0.2857142985
73433  25.147  -1.553  -24.835 0.2857142985
73455  24.034  -1.232  -25.375 0.2857142985
73454  24.773  -1.238  -25.434 0.2857142985
80367  26.742  5.316  -29.378 0.2857142985
81485  25.503  5.738  -29.582 0.2857142985
82542  25.127  6.447  -29.902 0.2857142985
85754  25.904  9.165  -30.803 0.1428571492
85755  25.479  9.620  -31.103 0.1428571492
86738  25.330  10.400  -30.429 0.2857142985
87695  24.263  11.892  -30.743 0.1428571492
91993  24.056  15.018  -31.427 0.1428571492
93097  23.717  16.076  -31.181 0.1428571492
94164  24.025  17.052  -30.763 0.1428571492
95274  23.709  17.954  -30.920 0.1428571492
96317  22.659  19.619  -32.458 0.1428571492
101004  21.867  24.493  -34.155 0.1428571492
101983  21.186  25.276  -33.162 0.1428571492
100081  20.464  23.493  -31.917 0.1428571492
101984  20.507  25.285  -32.226 0.1428571492
103012  21.002  26.398  -33.674 0.1428571492
71146  23.051  -2.913  -23.521 0.2857142985
74580  24.776  -1.267  -24.276 0.1428571492
95288  23.048  17.962  -31.477 0.1428571492
72225  22.393  -2.845  -23.251 0.2857142985
80351  25.592  4.212  -29.165 0.2857142985
80368  26.009  4.983  -29.567 0.2857142985
86750  24.999  10.310  -31.029 0.1428571492
88688  24.286  12.380  -30.458 0.1428571492
89782  23.990  13.312  -30.726 0.1428571492
91994  23.077  15.198  -31.504 0.1428571492
93098  22.850  16.376  -31.608 0.1428571492
96289  23.590  18.665  -31.232 0.1428571492
100981  20.655  24.354  -32.385 0.1428571492
100980  21.219  24.230  -33.170 0.1428571492
81486  24.600  5.522  -29.377 0.2857142985
74554  24.227  -1.337  -24.117 0.2857142985
87702  24.599  10.814  -30.859 0.1428571492
100090  20.901  23.469  -32.690 0.1428571492
80352  24.823  4.268  -28.968 0.1428571492
96316  23.200  19.796  -31.887 0.1428571492
73435  23.760  -1.570  -24.547 0.2857142985
94180  23.361  17.098  -31.397 0.1428571492
72226  21.726  -2.307  -22.895 0.1428571492
72250  22.144  -2.243  -23.496 0.1428571492
74622  24.367  -0.949  -25.505 0.1428571492
100965  28.332  24.460  -30.076 0.1428571492
71107  22.536  -3.814  -22.175 0.1428571492
73437  22.042  -1.243  -24.214 0.1428571492
73456  23.393  -1.312  -25.022 0.1428571492
74606  24.351  -0.431  -25.551 0.1428571492
73436  22.677  -1.392  -24.403 0.1428571492
75809  23.885  0.572  -25.976 0.1428571492
101942  28.175  25.740  -29.885 0.1428571492
75826  24.109  1.081  -26.756 0.1428571492
100063  28.586  23.326  -30.258 0.1428571492
71126  23.062  -3.800  -22.747 0.1428571492
72206  22.244  -3.234  -22.446 0.1428571492
70058  25.400  -3.976  -23.255 0.5714285970
70059  25.192  -4.116  -23.356 0.5714285970
71122  26.537  -3.186  -22.364 0.2857142985
71143  25.481  -3.578  -23.319 0.4285714328
71162  25.784  -3.117  -23.355 0.4285714328
72267  25.748  -2.911  -23.441 0.4285714328
72268  25.538  -2.809  -23.516 0.4285714328
72270  22.967  -1.974  -24.188 0.2857142985
73384  29.032  -1.211  -22.705 0.1428571492
73411  24.583  -1.927  -23.848 0.2857142985
73434  24.408  -1.629  -25.029 0.2857142985
73472  24.576  -1.084  -25.505 0.2857142985
73473  24.373  -1.194  -25.438 0.2857142985
74553  24.662  -1.296  -23.817 0.2857142985
74555  24.152  -1.589  -24.457 0.2857142985
74582  24.222  -1.587  -24.730 0.2857142985
74602  27.467  -0.076  -24.999 0.1428571492
74621  24.656  -0.852  -25.556 0.2857142985
75784  28.392  0.565  -24.570 0.1428571492
75834  26.231  0.712  -27.331 0.5714285970
75836  25.288  1.026  -27.702 0.4285714328
76979  28.021  1.625  -25.310 0.2857142985
77008  26.688  1.351  -27.246 0.4285714328
77009  26.264  1.575  -27.544 0.4285714328
77024  25.778  1.459  -27.641 0.4285714328
78081  28.789  2.151  -23.991 0.2857142985
78145  26.046  2.653  -28.360 0.4285714328
78158  25.368  2.799  -28.214 0.2857142985
78171  25.538  3.119  -28.443 0.4285714328
78172  25.239  3.190  -28.426 0.2857142985
78173  24.974  3.362  -28.486 0.4285714328
79208  26.229  2.171  -28.056 0.4285714328
79224  26.267  2.414  -28.152 0.4285714328
79240  25.156  3.746  -28.797 0.4285714328
79252  25.430  3.320  -28.536 0.4285714328
79254  24.983  3.562  -28.633 0.4285714328
80273  30.341  4.564  -23.027 0.1428571492
80335  27.356  4.191  -27.615 0.5714285970
81455  27.159  4.524  -27.873 0.5714285970
82552  25.025  7.190  -30.283 0.2857142985
83640  26.268  7.906  -30.345 0.2857142985
84708  26.617  8.473  -30.076 0.7142857313
85725  27.146  9.326  -28.911 0.7142857313
85769  25.106  9.706  -31.255 0.1428571492
86751  24.522  10.224  -30.840 0.1428571492
86762  24.923  9.892  -31.150 0.1428571492
89783  23.681  12.900  -30.761 0.1428571492
90840  29.889  15.005  -29.251 0.4285714328
91963  30.110  15.116  -29.051 0.1428571492
91966  26.894  15.004  -28.877 0.8571428657
93045  24.669  16.776  -28.628 0.8571428657
93064  26.355  15.850  -28.623 0.8571428657
95230  27.553  18.033  -28.896 0.8571428657
95250  30.027  17.982  -30.402 0.1428571492
95287  29.696  18.421  -30.957 0.1428571492
96302  29.624  18.661  -30.662 0.1428571492
96303  29.749  18.487  -30.738 0.1428571492
99215  21.705  22.812  -33.717 0.1428571492
99218  22.745  23.443  -34.217 0.5714285970
100076  28.549  24.146  -30.298 0.1428571492
100101  22.550  23.929  -34.329 0.5714285970
100938  27.993  25.275  -29.811 0.1428571492
100939  27.738  25.502  -29.936 0.4285714328
100951  28.505  25.057  -29.931 0.1428571492
100991  21.481  24.238  -33.828 0.1428571492
101957  27.403  25.755  -30.155 0.4285714328
101960  25.057  25.835  -30.618 0.8571428657
101971  25.289  25.254  -30.484 0.8571428657
101982  21.418  24.690  -33.539 0.1428571492
102004  21.067  26.018  -34.884 0.4285714328
102014  21.850  26.408  -35.409 0.5714285970
102965  27.804  26.154  -30.062 0.4285714328
102966  27.537  26.070  -30.139 0.4285714328
102982  24.849  26.019  -30.889 0.8571428657
102990  25.945  27.146  -31.608 0.7142857313
102993  21.397  27.455  -31.389 0.1428571492
103019  22.459  26.648  -35.256 0.5714285970
103030  21.738  26.738  -35.468 0.5714285970
104049  20.486  27.671  -30.497 0.1428571492
104071  22.414  27.474  -35.811 0.2857142985
104078  21.479  27.437  -35.401 0.4285714328
104978  21.910  28.992  -33.195 0.1428571492
104988  20.912  27.636  -34.402 0.2857142985
104991  23.757  28.929  -35.269 0.2857142985
105791  27.534  29.088  -31.399 0.1428571492
105799  29.842  29.153  -32.047 0.1428571492
105801  25.371  29.581  -33.473 0.2857142985
105810  24.382  29.082  -34.424 0.2857142985
105811  22.337  29.641  -33.608 0.1428571492
105819  21.821  29.233  -34.509 0.1428571492
105823  24.568  30.483  -35.455 0.2857142985
106563  24.194  30.918  -32.231 0.1428571492
106576  25.372  30.231  -34.905 0.2857142985
106577  22.969  30.953  -35.293 0.1428571492
106579  22.071  29.830  -34.772 0.1428571492
106582  30.935  30.937  -35.724 0.1428571492
106593  31.053  30.918  -35.977 0.1428571492
107338  30.993  31.127  -35.858 0.1428571492
107341  25.528  31.714  -35.338 0.2857142985
107346  31.009  31.157  -36.103 0.1428571492
108095  24.170  32.552  -35.653 0.2857142985
108100  25.241  32.253  -35.464 0.2857142985
108102  24.281  32.566  -35.659 0.2857142985
108846  25.160  32.810  -35.575 0.2857142985
108852  25.284  32.638  -35.537 0.2857142985
108853  25.067  32.663  -35.540 0.2857142985
140372  25.817  32.714  -34.233 0.1428571492
