#!ascii label  , from subject 3781 vox2ras=TkReg
234
89754  26.333  12.903  -28.287 0.0000000000
79205  28.103  3.745  -26.780 0.0000000000
95273  23.902  17.896  -30.009 0.0000000000
103018  22.906  26.420  -34.506 0.0000000000
77007  27.364  1.347  -26.632 0.0000000000
97295  26.239  20.454  -29.144 0.0000000000
100067  25.153  23.310  -30.102 0.0000000000
86737  25.457  9.895  -29.830 0.0000000000
84692  27.998  8.504  -28.190 0.0000000000
87666  28.710  11.154  -27.789 0.0000000000
91944  28.344  15.778  -28.900 0.0000000000
89729  29.432  12.886  -27.905 0.0000000000
91969  24.711  15.036  -29.234 0.0000000000
95232  26.329  18.079  -28.176 0.0000000000
100979  23.825  24.435  -33.121 0.0000000000
101972  24.736  25.393  -31.123 0.0000000000
82499  29.080  6.338  -26.480 0.0000000000
98263  24.223  21.394  -29.923 0.0000000000
99194  23.952  22.574  -31.273 0.0000000000
87683  25.587  11.178  -28.903 0.0000000000
86727  26.846  10.183  -28.561 0.0000000000
87681  27.248  11.015  -27.757 0.0000000000
78126  27.962  2.908  -26.440 0.0000000000
93079  24.309  15.791  -29.873 0.0000000000
93044  25.399  16.569  -28.599 0.0000000000
95233  25.390  17.987  -28.430 0.0000000000
98251  26.613  21.368  -29.122 0.0000000000
97294  27.289  20.690  -29.190 0.0000000000
102003  21.660  25.753  -34.799 0.0000000000
99219  22.440  23.309  -34.247 0.0000000000
102001  22.982  25.498  -33.958 0.0000000000
140360  26.253  29.575  -32.695 0.0000000000
104047  26.069  27.921  -31.314 0.0000000000
102991  25.298  26.882  -31.416 0.0000000000
102980  26.085  26.830  -30.771 0.0000000000
101970  25.909  25.269  -30.248 0.0000000000
84679  29.168  8.388  -27.100 0.0000000000
83601  28.922  7.428  -27.522 0.0000000000
75823  26.640  0.581  -26.709 0.0000000000
96270  24.840  19.046  -29.405 0.0000000000
97311  24.131  19.736  -29.712 0.0000000000
99169  25.115  21.990  -29.441 0.0000000000
99182  26.513  22.926  -29.476 0.0000000000
83629  26.360  7.635  -29.634 0.0000000000
85738  26.711  9.019  -29.560 0.0000000000
85724  27.946  9.390  -28.545 0.0000000000
85710  29.781  9.756  -27.085 0.0000000000
90824  27.161  14.354  -28.681 0.0000000000
88674  28.521  12.848  -28.281 0.0000000000
90822  29.302  14.420  -28.910 0.0000000000
88678  25.260  12.126  -29.037 0.0000000000
90846  24.632  14.062  -29.596 0.0000000000
90845  25.378  14.034  -28.604 0.0000000000
91967  26.454  15.344  -28.619 0.0000000000
93042  27.754  16.607  -28.735 0.0000000000
94148  28.300  17.301  -29.311 0.0000000000
95253  26.835  18.911  -28.352 0.0000000000
95252  27.876  18.408  -29.289 0.0000000000
100088  23.588  23.535  -32.717 0.0000000000
104063  23.686  27.578  -34.018 0.0000000000
103001  23.720  26.156  -32.884 0.0000000000
100969  23.559  24.520  -32.099 0.0000000000
100080  23.768  23.548  -31.693 0.0000000000
100967  25.029  24.504  -30.780 0.0000000000
100077  26.156  24.105  -30.188 0.0000000000
81454  27.502  4.978  -27.668 0.0000000000
82539  26.962  6.771  -28.643 0.0000000000
88656  28.878  12.305  -27.727 0.0000000000
87647  30.288  11.256  -27.415 0.0000000000
98274  23.959  21.444  -30.989 0.0000000000
98275  23.633  21.861  -31.822 0.0000000000
88677  25.863  12.030  -28.237 0.0000000000
87682  26.423  11.116  -28.395 0.0000000000
88676  26.801  12.092  -27.852 0.0000000000
74605  25.198  -0.494  -25.660 0.0000000000
74604  26.095  -0.397  -25.629 0.0000000000
78143  27.528  3.198  -26.816 0.0000000000
94163  24.304  16.888  -29.796 0.0000000000
94149  24.575  17.077  -29.115 0.0000000000
95255  24.705  17.954  -29.230 0.0000000000
99167  27.031  22.211  -29.049 0.0000000000
98250  27.519  21.482  -29.212 0.0000000000
102013  22.053  26.197  -35.301 0.0000000000
101002  22.698  24.669  -34.097 0.0000000000
104040  27.007  27.474  -30.810 0.0000000000
85701  29.443  9.141  -26.851 0.0000000000
84671  29.618  8.407  -26.618 0.0000000000
79223  26.377  3.008  -28.232 0.0000000000
97312  23.817  20.338  -30.196 0.0000000000
99184  24.580  22.396  -30.184 0.0000000000
99170  24.601  21.804  -29.669 0.0000000000
99168  26.051  22.104  -29.257 0.0000000000
99183  25.526  22.759  -29.641 0.0000000000
104077  21.837  27.487  -36.131 0.0000000000
85739  25.997  9.207  -29.903 0.0000000000
85726  26.548  9.560  -29.201 0.0000000000
86726  27.666  10.201  -28.360 0.0000000000
86715  28.288  10.254  -27.995 0.0000000000
85712  28.427  9.443  -27.854 0.0000000000
86714  29.008  10.335  -27.745 0.0000000000
75822  27.381  0.695  -26.209 0.0000000000
89752  28.070  13.408  -28.604 0.0000000000
90823  28.426  14.614  -28.948 0.0000000000
88687  24.753  12.232  -29.851 0.0000000000
91980  24.206  14.860  -30.072 0.0000000000
90844  26.285  14.633  -28.426 0.0000000000
91968  25.542  15.239  -28.694 0.0000000000
94129  25.891  17.299  -28.358 0.0000000000
93043  26.491  16.328  -28.447 0.0000000000
94128  26.902  17.340  -28.441 0.0000000000
94127  27.619  17.624  -28.839 0.0000000000
96269  25.953  19.487  -29.020 0.0000000000
96268  27.284  19.687  -28.944 0.0000000000
95272  28.575  18.895  -29.751 0.0000000000
100100  23.030  23.813  -34.122 0.0000000000
99213  22.972  22.848  -34.096 0.0000000000
100094  23.363  23.595  -33.571 0.0000000000
99205  23.350  22.639  -33.236 0.0000000000
104968  25.703  29.018  -32.926 0.0000000000
140361  25.933  29.632  -33.014 0.0000000000
104056  24.335  27.771  -33.015 0.0000000000
103000  24.571  26.713  -32.260 0.0000000000
102992  24.798  26.234  -31.340 0.0000000000
101980  24.549  25.750  -31.843 0.0000000000
101973  24.197  25.116  -31.783 0.0000000000
100968  24.357  24.421  -31.432 0.0000000000
101958  26.617  25.728  -30.261 0.0000000000
100953  26.511  24.749  -30.221 0.0000000000
100065  26.845  24.029  -29.450 0.0000000000
81470  27.189  4.792  -28.315 0.0000000000
84707  26.795  8.461  -29.284 0.0000000000
83628  26.680  7.699  -28.775 0.0000000000
83613  27.450  7.611  -28.388 0.0000000000
82511  29.096  6.480  -27.245 0.0000000000
82526  28.457  6.389  -27.918 0.0000000000
81453  28.300  5.558  -27.516 0.0000000000
86729  25.533  10.607  -29.628 0.0000000000
86728  25.997  10.198  -29.124 0.0000000000
87667  28.061  11.051  -27.766 0.0000000000
78127  27.098  2.387  -26.816 0.0000000000
78115  27.711  2.096  -26.181 0.0000000000
78100  28.042  2.449  -24.895 0.0000000000
91965  28.968  15.325  -29.297 0.0000000000
93066  24.897  16.177  -29.107 0.0000000000
94130  24.825  17.594  -28.852 0.0000000000
97293  27.879  20.929  -29.589 0.0000000000
100990  23.265  24.527  -33.748 0.0000000000
104967  26.604  28.768  -32.145 0.0000000000
104054  25.981  27.950  -32.297 0.0000000000
102999  25.568  27.245  -32.111 0.0000000000
102981  25.174  26.412  -30.755 0.0000000000
101959  25.630  25.946  -30.357 0.0000000000
102979  27.326  26.475  -30.373 0.0000000000
84680  28.626  8.463  -27.634 0.0000000000
83612  28.187  7.493  -27.953 0.0000000000
83600  29.611  7.483  -27.083 0.0000000000
75807  25.838  0.321  -26.009 0.0000000000
75835  25.649  0.794  -27.513 0.0000000000
78128  26.403  2.092  -27.338 0.0000000000
79206  26.260  2.895  -27.205 0.0000000000
78144  26.933  3.247  -26.907 0.0000000000
79221  27.462  3.735  -27.130 0.0000000000
96271  24.303  18.509  -29.687 0.0000000000
96287  24.421  19.476  -29.619 0.0000000000
97296  24.775  20.216  -29.282 0.0000000000
97297  24.155  20.847  -29.489 0.0000000000
98253  24.610  21.326  -29.274 0.0000000000
98252  25.546  21.254  -29.151 0.0000000000
99181  27.527  23.029  -29.307 0.0000000000
103020  21.309  26.573  -35.037 0.0000000000
103029  22.071  26.821  -35.686 0.0000000000
104070  22.951  27.450  -34.898 0.0000000000
84693  27.335  8.516  -28.694 0.0000000000
85711  29.138  9.465  -27.336 0.0000000000
85700  29.900  9.440  -26.483 0.0000000000
89753  27.151  13.149  -28.248 0.0000000000
89751  29.095  13.444  -28.510 0.0000000000
90842  29.070  14.759  -29.317 0.0000000000
89750  29.611  13.999  -28.549 0.0000000000
89728  30.013  13.418  -27.908 0.0000000000
87684  25.357  11.387  -29.850 0.0000000000
89755  25.638  12.943  -28.631 0.0000000000
89769  24.992  13.106  -29.276 0.0000000000
90826  25.928  13.423  -28.379 0.0000000000
90825  26.383  13.780  -28.290 0.0000000000
90843  26.702  14.827  -28.703 0.0000000000
91945  27.288  15.465  -28.665 0.0000000000
93065  25.973  15.971  -29.072 0.0000000000
91946  26.638  15.737  -28.476 0.0000000000
93041  28.376  16.352  -28.958 0.0000000000
93063  28.356  16.661  -29.055 0.0000000000
95254  25.633  18.642  -28.674 0.0000000000
95231  27.319  18.088  -28.440 0.0000000000
99195  23.609  22.598  -32.279 0.0000000000
104069  23.405  28.015  -34.592 0.0000000000
104064  23.294  26.925  -34.353 0.0000000000
103011  23.374  26.400  -33.731 0.0000000000
101990  23.567  25.365  -33.354 0.0000000000
101981  24.052  25.415  -32.512 0.0000000000
100079  24.651  23.507  -30.885 0.0000000000
100966  25.711  24.619  -30.373 0.0000000000
100078  25.509  23.876  -30.489 0.0000000000
100066  25.973  23.490  -29.932 0.0000000000
80336  27.006  4.001  -28.147 0.0000000000
80334  27.874  4.505  -27.225 0.0000000000
81483  26.897  6.127  -29.320 0.0000000000
82527  27.733  6.628  -28.354 0.0000000000
81482  27.365  5.976  -28.852 0.0000000000
81469  27.890  5.602  -28.303 0.0000000000
88675  27.919  12.234  -27.956 0.0000000000
88657  28.389  11.709  -27.692 0.0000000000
88655  29.682  12.247  -27.517 0.0000000000
87665  29.450  11.271  -27.659 0.0000000000
86713  29.788  10.367  -27.502 0.0000000000
75834  26.231  0.712  -27.331 0.0000000000
80335  27.356  4.191  -27.615 0.0000000000
80350  26.608  4.256  -28.991 0.0000000000
81455  27.159  4.524  -27.873 0.0000000000
84708  26.617  8.473  -30.076 0.0000000000
85725  27.146  9.326  -28.911 0.0000000000
86700  30.389  10.272  -27.038 0.0000000000
91966  26.894  15.004  -28.877 0.0000000000
93045  24.669  16.776  -28.628 0.0000000000
93064  26.355  15.850  -28.623 0.0000000000
95230  27.553  18.033  -28.896 0.0000000000
99218  22.745  23.443  -34.217 0.0000000000
100101  22.550  23.929  -34.329 0.0000000000
101960  25.057  25.835  -30.618 0.0000000000
101971  25.289  25.254  -30.484 0.0000000000
102014  21.850  26.408  -35.409 0.0000000000
102982  24.849  26.019  -30.889 0.0000000000
102990  25.945  27.146  -31.608 0.0000000000
103019  22.459  26.648  -35.256 0.0000000000
103030  21.738  26.738  -35.468 0.0000000000
