#!ascii label  , from subject 4083 vox2ras=TkReg
1643
46358  -11.297  -55.374  58.269 0.0000000000
58455  -33.926  -45.180  46.099 0.0000000000
70471  -31.538  -38.527  45.955 0.0000000000
66581  -27.175  -41.297  50.111 0.0000000000
83703  -35.587  -28.861  36.591 0.0000000000
77284  -32.861  -32.868  37.387 0.0000000000
59694  -34.478  -45.055  51.298 0.0000000000
61143  -29.784  -44.656  47.930 0.0000000000
86143  -41.640  -24.419  38.108 0.0000000000
95108  -44.441  -19.586  36.206 0.0000000000
101131  -46.744  -15.022  36.551 0.0000000000
75799  -33.796  -33.503  46.575 0.0000000000
77187  -30.486  -33.246  42.422 0.0000000000
79831  -36.697  -30.867  42.179 0.0000000000
73220  -38.349  -34.457  38.847 0.0000000000
55835  -20.952  -48.325  46.598 0.0000000000
41803  -9.535  -57.629  62.459 0.0000000000
66677  -35.610  -42.298  46.324 0.0000000000
71731  -32.664  -37.168  50.851 0.0000000000
63934  -22.234  -43.324  44.119 0.0000000000
66712  -27.683  -40.718  43.134 0.0000000000
100061  -42.789  -14.930  28.382 0.0000000000
101148  -49.211  -13.980  33.326 0.0000000000
76014  -35.150  -33.103  34.566 0.0000000000
81148  -40.797  -30.634  38.215 0.0000000000
49113  -11.556  -52.673  54.241 0.0000000000
40478  -3.335  -59.632  60.495 0.0000000000
90239  -43.086  -23.070  34.507 0.0000000000
164279  -35.361  -32.046  45.025 0.0000000000
55856  -17.503  -49.002  44.997 0.0000000000
41828  -10.741  -57.039  60.362 0.0000000000
62571  -35.686  -44.003  42.780 0.0000000000
61187  -35.429  -44.282  45.957 0.0000000000
65339  -24.301  -40.843  47.877 0.0000000000
69215  -24.694  -39.757  44.698 0.0000000000
66660  -27.308  -40.103  47.194 0.0000000000
59799  -32.148  -47.175  46.411 0.0000000000
61207  -29.736  -45.155  45.049 0.0000000000
59874  -32.612  -46.180  43.246 0.0000000000
62451  -26.289  -43.172  49.821 0.0000000000
62496  -22.455  -43.672  47.766 0.0000000000
95146  -38.560  -19.922  32.455 0.0000000000
100051  -41.749  -15.801  30.273 0.0000000000
99983  -47.866  -14.828  34.515 0.0000000000
78544  -31.215  -32.004  40.258 0.0000000000
74614  -34.073  -34.084  36.094 0.0000000000
75951  -41.256  -34.011  36.712 0.0000000000
54484  -15.975  -49.196  50.670 0.0000000000
53257  -14.995  -49.611  52.599 0.0000000000
51889  -14.825  -50.799  55.298 0.0000000000
50516  -12.274  -51.842  52.185 0.0000000000
43354  -4.569  -58.547  58.937 0.0000000000
58398  -34.431  -47.040  48.326 0.0000000000
61127  -36.005  -43.928  48.621 0.0000000000
61081  -36.442  -44.019  51.601 0.0000000000
66550  -29.122  -41.507  53.291 0.0000000000
65308  -29.373  -41.799  48.611 0.0000000000
63820  -31.043  -43.056  52.265 0.0000000000
59709  -31.927  -45.815  50.286 0.0000000000
86159  -38.205  -25.798  38.516 0.0000000000
88962  -39.792  -23.566  35.842 0.0000000000
92646  -41.557  -21.823  33.989 0.0000000000
96312  -42.166  -18.306  35.389 0.0000000000
99998  -43.383  -15.836  34.005 0.0000000000
97554  -45.398  -17.490  37.469 0.0000000000
73112  -31.318  -35.641  46.679 0.0000000000
73132  -30.412  -36.308  44.773 0.0000000000
75825  -32.442  -33.485  45.331 0.0000000000
79807  -33.180  -31.022  43.067 0.0000000000
79857  -34.511  -31.090  39.753 0.0000000000
75890  -35.467  -33.477  38.610 0.0000000000
77209  -37.459  -32.293  40.302 0.0000000000
54537  -20.710  -50.930  47.313 0.0000000000
55787  -17.353  -48.706  47.263 0.0000000000
104769  -47.345  -11.358  28.474 0.0000000000
43306  -7.691  -57.430  63.454 0.0000000000
66691  -34.662  -42.299  44.228 0.0000000000
69197  -33.360  -40.470  46.068 0.0000000000
67901  -35.521  -41.814  48.995 0.0000000000
70415  -33.624  -40.357  48.829 0.0000000000
71757  -31.486  -37.897  48.544 0.0000000000
74412  -32.604  -35.294  49.192 0.0000000000
63927  -29.794  -42.185  44.991 0.0000000000
59746  -23.145  -45.819  49.101 0.0000000000
61202  -22.328  -45.748  45.267 0.0000000000
97594  -44.700  -15.556  32.359 0.0000000000
101175  -46.311  -14.258  31.043 0.0000000000
103567  -46.585  -12.586  29.600 0.0000000000
103559  -49.922  -12.292  31.775 0.0000000000
46407  -9.430  -54.918  55.327 0.0000000000
44919  -8.289  -55.516  57.228 0.0000000000
79950  -36.291  -31.537  35.249 0.0000000000
73300  -36.658  -34.849  36.954 0.0000000000
78648  -38.406  -32.126  35.976 0.0000000000
82460  -38.625  -29.717  37.759 0.0000000000
84887  -41.420  -27.513  39.570 0.0000000000
47761  -11.523  -53.766  56.346 0.0000000000
43347  -7.396  -56.959  59.588 0.0000000000
44856  -6.383  -57.261  61.412 0.0000000000
44843  -4.967  -56.724  61.840 0.0000000000
44895  -10.843  -56.132  59.420 0.0000000000
59853  -33.904  -45.341  44.793 0.0000000000
61210  -34.486  -44.634  44.451 0.0000000000
59855  -35.058  -45.035  45.555 0.0000000000
66617  -25.438  -39.898  48.872 0.0000000000
66638  -25.203  -39.873  47.984 0.0000000000
66619  -27.650  -40.451  49.133 0.0000000000
58429  -32.825  -46.684  46.421 0.0000000000
59822  -32.202  -46.618  45.461 0.0000000000
59852  -33.214  -45.702  44.818 0.0000000000
59875  -33.267  -45.916  43.509 0.0000000000
65260  -28.002  -42.534  51.855 0.0000000000
62428  -27.088  -43.561  52.089 0.0000000000
65294  -26.698  -42.319  50.310 0.0000000000
63877  -25.025  -41.410  50.266 0.0000000000
98853  -40.568  -16.805  30.488 0.0000000000
69218  -32.410  -39.788  44.676 0.0000000000
70489  -31.363  -38.791  44.799 0.0000000000
79867  -31.686  -31.490  38.126 0.0000000000
77282  -31.197  -33.085  37.375 0.0000000000
74613  -33.207  -33.334  35.938 0.0000000000
54497  -14.178  -50.073  49.958 0.0000000000
53295  -15.326  -49.571  51.149 0.0000000000
53277  -14.154  -49.698  51.742 0.0000000000
53255  -13.241  -50.505  52.631 0.0000000000
51969  -12.693  -50.973  50.811 0.0000000000
58356  -34.443  -46.122  49.627 0.0000000000
59712  -35.570  -45.169  50.265 0.0000000000
59675  -35.970  -44.800  51.725 0.0000000000
65204  -30.521  -41.852  54.652 0.0000000000
66563  -30.347  -41.620  52.824 0.0000000000
65227  -31.662  -42.427  54.047 0.0000000000
59671  -33.448  -44.426  51.942 0.0000000000
59691  -32.488  -44.432  51.659 0.0000000000
59693  -33.675  -45.351  50.970 0.0000000000
58354  -33.067  -46.994  49.312 0.0000000000
86142  -40.741  -24.809  38.440 0.0000000000
87543  -39.522  -24.566  37.685 0.0000000000
87545  -41.117  -24.272  37.167 0.0000000000
92635  -44.389  -21.303  34.661 0.0000000000
91455  -42.206  -22.659  33.120 0.0000000000
93896  -43.209  -20.660  35.211 0.0000000000
95118  -40.981  -19.466  34.980 0.0000000000
95107  -43.590  -19.150  36.258 0.0000000000
97559  -43.555  -17.535  36.320 0.0000000000
95092  -44.654  -19.044  37.278 0.0000000000
74455  -32.586  -34.027  46.513 0.0000000000
75813  -31.751  -34.258  45.448 0.0000000000
75815  -33.524  -33.141  46.119 0.0000000000
79780  -36.626  -30.911  44.604 0.0000000000
79809  -34.515  -30.948  44.050 0.0000000000
81091  -34.535  -30.407  42.850 0.0000000000
79829  -34.238  -30.322  41.324 0.0000000000
79830  -35.347  -30.531  41.521 0.0000000000
78547  -36.156  -31.794  40.035 0.0000000000
78535  -37.802  -31.452  40.952 0.0000000000
57105  -21.872  -47.296  48.315 0.0000000000
54518  -21.899  -48.940  49.157 0.0000000000
54580  -20.841  -49.388  46.681 0.0000000000
55806  -17.913  -48.822  46.116 0.0000000000
104764  -49.380  -11.064  29.962 0.0000000000
105946  -49.395  -10.449  29.344 0.0000000000
43307  -8.208  -57.267  62.901 0.0000000000
65395  -35.084  -43.079  44.657 0.0000000000
65394  -35.042  -42.986  43.746 0.0000000000
66676  -34.781  -41.907  45.673 0.0000000000
67967  -33.964  -41.240  45.246 0.0000000000
67933  -34.394  -40.930  46.959 0.0000000000
65297  -36.405  -42.738  49.952 0.0000000000
65325  -36.022  -42.608  48.300 0.0000000000
67883  -35.565  -41.759  49.928 0.0000000000
70371  -33.303  -38.616  51.663 0.0000000000
70388  -34.345  -40.249  50.711 0.0000000000
70402  -33.046  -39.180  49.494 0.0000000000
71745  -32.521  -39.040  48.713 0.0000000000
70400  -32.172  -37.610  49.940 0.0000000000
71742  -31.532  -36.781  49.114 0.0000000000
73083  -32.482  -36.693  50.334 0.0000000000
67984  -25.892  -39.975  43.810 0.0000000000
62464  -30.215  -43.292  48.218 0.0000000000
63894  -29.491  -41.641  47.147 0.0000000000
62480  -29.981  -42.931  46.870 0.0000000000
62549  -30.236  -43.591  43.041 0.0000000000
61110  -22.780  -44.798  50.201 0.0000000000
63909  -22.731  -42.576  46.528 0.0000000000
61179  -22.437  -44.608  46.522 0.0000000000
62523  -22.353  -44.055  44.801 0.0000000000
59894  -21.987  -45.975  43.242 0.0000000000
99980  -45.393  -15.934  35.543 0.0000000000
100013  -43.723  -15.639  32.834 0.0000000000
99991  -46.329  -15.341  34.437 0.0000000000
101147  -48.650  -14.639  33.547 0.0000000000
101146  -47.204  -14.698  32.983 0.0000000000
101163  -47.407  -14.416  31.708 0.0000000000
102382  -46.465  -13.541  30.376 0.0000000000
101177  -48.085  -13.868  30.816 0.0000000000
103564  -48.265  -12.674  30.677 0.0000000000
102370  -49.365  -13.539  32.561 0.0000000000
75823  -30.486  -34.116  43.842 0.0000000000
73148  -30.728  -36.773  42.870 0.0000000000
79971  -35.510  -31.996  32.758 0.0000000000
78658  -35.753  -32.194  34.587 0.0000000000
74550  -36.842  -34.359  38.453 0.0000000000
74571  -35.559  -35.218  37.704 0.0000000000
73247  -37.149  -34.641  37.779 0.0000000000
79909  -40.305  -31.852  37.448 0.0000000000
75974  -39.113  -33.354  36.802 0.0000000000
81206  -39.443  -31.432  36.943 0.0000000000
81205  -38.577  -31.207  36.957 0.0000000000
81146  -39.307  -30.116  37.742 0.0000000000
83691  -39.221  -28.822  38.602 0.0000000000
82421  -40.982  -28.953  38.982 0.0000000000
51887  -12.855  -52.089  54.731 0.0000000000
50444  -13.270  -52.257  55.982 0.0000000000
50443  -12.711  -52.953  56.395 0.0000000000
49103  -11.604  -53.152  54.751 0.0000000000
47772  -10.965  -54.060  54.967 0.0000000000
49112  -10.851  -53.030  53.934 0.0000000000
44904  -7.240  -56.415  57.672 0.0000000000
44892  -8.192  -56.256  59.094 0.0000000000
44890  -6.237  -56.767  58.468 0.0000000000
41819  -4.172  -58.846  59.816 0.0000000000
43333  -5.098  -57.672  60.012 0.0000000000
43323  -5.204  -57.522  60.622 0.0000000000
44855  -5.586  -57.209  61.473 0.0000000000
43321  -4.185  -57.548  60.744 0.0000000000
62395  -32.171  -42.629  54.812 0.0000000000
88942  -44.192  -24.172  36.776 0.0000000000
86196  -42.694  -24.221  35.718 0.0000000000
88979  -44.754  -24.666  34.733 0.0000000000
77147  -35.241  -32.753  45.986 0.0000000000
57155  -20.140  -48.009  44.661 0.0000000000
55833  -19.553  -49.261  45.574 0.0000000000
43327  -11.639  -56.813  61.864 0.0000000000
41815  -10.474  -57.526  61.629 0.0000000000
61232  -34.726  -44.566  43.586 0.0000000000
62531  -35.002  -43.792  44.773 0.0000000000
65358  -35.842  -42.577  46.504 0.0000000000
73071  -33.486  -36.369  51.708 0.0000000000
65353  -22.651  -41.570  45.981 0.0000000000
65369  -22.941  -41.113  44.405 0.0000000000
66657  -23.739  -40.330  46.638 0.0000000000
66673  -25.994  -39.895  45.694 0.0000000000
65355  -26.981  -40.369  45.361 0.0000000000
61163  -30.532  -45.561  46.707 0.0000000000
61184  -29.992  -44.904  46.044 0.0000000000
61185  -30.613  -45.635  45.574 0.0000000000
61209  -31.481  -45.318  44.010 0.0000000000
59900  -33.165  -45.644  42.318 0.0000000000
62437  -25.204  -43.054  51.265 0.0000000000
62461  -23.022  -43.416  49.786 0.0000000000
62462  -23.918  -42.589  49.985 0.0000000000
63910  -23.060  -42.231  47.557 0.0000000000
92659  -38.311  -21.494  32.416 0.0000000000
100060  -42.188  -15.413  28.756 0.0000000000
101121  -48.178  -14.084  37.764 0.0000000000
101132  -47.193  -14.652  36.016 0.0000000000
77226  -31.123  -32.323  41.055 0.0000000000
74667  -33.121  -34.206  34.083 0.0000000000
75989  -34.217  -33.561  34.757 0.0000000000
74534  -40.808  -34.569  39.203 0.0000000000
74595  -39.987  -35.178  37.784 0.0000000000
74597  -41.777  -34.780  37.719 0.0000000000
163998  -18.062  -49.381  50.412 0.0000000000
53280  -16.864  -49.199  51.384 0.0000000000
51911  -16.974  -49.891  54.230 0.0000000000
51909  -14.906  -50.381  54.363 0.0000000000
51908  -13.981  -51.064  54.245 0.0000000000
50495  -12.135  -51.885  52.927 0.0000000000
49124  -11.144  -52.962  52.770 0.0000000000
50515  -11.637  -52.488  51.689 0.0000000000
58431  -33.675  -45.613  46.981 0.0000000000
59801  -34.774  -44.900  47.338 0.0000000000
59753  -35.244  -45.262  48.894 0.0000000000
61115  -36.227  -43.885  49.502 0.0000000000
66572  -28.462  -41.540  51.605 0.0000000000
66602  -28.474  -41.122  49.679 0.0000000000
66584  -29.316  -41.331  50.960 0.0000000000
65279  -30.259  -42.433  51.020 0.0000000000
62452  -29.903  -43.861  49.691 0.0000000000
62419  -32.032  -43.287  52.557 0.0000000000
61077  -31.108  -44.631  51.037 0.0000000000
61112  -30.654  -45.264  49.405 0.0000000000
59751  -31.770  -46.152  48.502 0.0000000000
58396  -33.131  -45.909  48.049 0.0000000000
63799  -27.800  -42.838  53.923 0.0000000000
164457  -37.098  -27.280  38.457 0.0000000000
86157  -35.840  -26.934  36.821 0.0000000000
87541  -37.288  -24.880  37.375 0.0000000000
90175  -37.912  -23.680  35.983 0.0000000000
90206  -38.934  -22.992  34.824 0.0000000000
87602  -41.709  -23.410  34.021 0.0000000000
90208  -40.578  -22.802  34.449 0.0000000000
92644  -39.656  -21.809  33.788 0.0000000000
93923  -39.439  -20.510  33.694 0.0000000000
96324  -40.219  -18.536  34.065 0.0000000000
97593  -40.700  -17.070  33.446 0.0000000000
100011  -41.927  -16.216  33.105 0.0000000000
98785  -42.396  -16.742  35.005 0.0000000000
98772  -44.120  -16.830  36.195 0.0000000000
98774  -45.685  -16.054  36.843 0.0000000000
97556  -47.213  -17.771  38.564 0.0000000000
101114  -47.763  -15.324  38.563 0.0000000000
73121  -30.825  -36.649  46.105 0.0000000000
71818  -30.544  -37.431  45.183 0.0000000000
73122  -30.689  -36.129  45.662 0.0000000000
75824  -31.391  -34.004  44.723 0.0000000000
77172  -31.355  -33.149  44.007 0.0000000000
164278  -34.434  -32.332  45.056 0.0000000000
78509  -33.086  -31.728  43.939 0.0000000000
77188  -31.581  -32.664  43.028 0.0000000000
78532  -31.700  -31.548  41.452 0.0000000000
79842  -32.715  -30.800  40.188 0.0000000000
79869  -33.219  -31.510  38.730 0.0000000000
77265  -34.281  -32.725  37.901 0.0000000000
77246  -35.017  -32.664  38.712 0.0000000000
77228  -36.035  -32.564  39.414 0.0000000000
75875  -37.719  -33.554  39.928 0.0000000000
75858  -39.217  -33.139  40.873 0.0000000000
74533  -39.191  -33.949  40.339 0.0000000000
53318  -19.538  -51.019  48.708 0.0000000000
54578  -19.169  -49.930  45.844 0.0000000000
54534  -18.485  -48.878  47.457 0.0000000000
53329  -18.226  -48.999  48.833 0.0000000000
54514  -16.199  -48.804  48.796 0.0000000000
67965  -33.140  -40.118  45.171 0.0000000000
70452  -32.286  -39.114  46.433 0.0000000000
61164  -35.416  -43.812  46.919 0.0000000000
65342  -36.264  -42.631  47.422 0.0000000000
66642  -35.551  -42.378  47.550 0.0000000000
69152  -35.105  -40.709  49.040 0.0000000000
67918  -34.574  -41.213  47.695 0.0000000000
69165  -33.382  -40.296  47.442 0.0000000000
71773  -32.432  -39.347  47.636 0.0000000000
70450  -31.473  -38.259  46.851 0.0000000000
73111  -31.289  -36.293  47.268 0.0000000000
74423  -31.573  -35.009  48.090 0.0000000000
74425  -33.602  -33.956  48.033 0.0000000000
74401  -33.292  -35.148  50.116 0.0000000000
74414  -34.636  -34.420  48.891 0.0000000000
65323  -28.696  -40.779  47.533 0.0000000000
63912  -28.884  -41.197  46.444 0.0000000000
63936  -29.193  -41.385  44.555 0.0000000000
62513  -29.398  -43.336  44.863 0.0000000000
63937  -29.186  -42.510  44.264 0.0000000000
58389  -22.560  -46.841  49.223 0.0000000000
58423  -21.927  -46.523  47.399 0.0000000000
61142  -22.723  -44.770  48.104 0.0000000000
61160  -22.473  -45.692  46.751 0.0000000000
58447  -21.681  -46.763  46.282 0.0000000000
58493  -21.034  -46.434  44.050 0.0000000000
100030  -42.436  -15.629  32.122 0.0000000000
100031  -43.505  -15.401  31.526 0.0000000000
100042  -43.504  -14.847  30.619 0.0000000000
100001  -46.511  -15.079  33.386 0.0000000000
100033  -45.033  -14.763  31.267 0.0000000000
101187  -44.218  -13.788  29.400 0.0000000000
102391  -44.739  -13.336  28.742 0.0000000000
102392  -45.426  -12.891  28.618 0.0000000000
103576  -45.723  -12.509  27.704 0.0000000000
104761  -46.799  -12.072  29.255 0.0000000000
104757  -48.401  -11.953  30.419 0.0000000000
46388  -10.177  -54.772  56.399 0.0000000000
44921  -9.546  -55.383  57.310 0.0000000000
44936  -8.674  -55.454  56.607 0.0000000000
71829  -30.477  -37.716  43.360 0.0000000000
82477  -35.762  -30.304  35.929 0.0000000000
75928  -34.765  -34.280  37.522 0.0000000000
74615  -34.994  -34.449  36.400 0.0000000000
75970  -35.673  -33.798  35.765 0.0000000000
74619  -38.281  -34.496  36.873 0.0000000000
75972  -37.666  -33.575  36.205 0.0000000000
77360  -36.819  -32.826  35.053 0.0000000000
79951  -37.353  -31.820  35.433 0.0000000000
81172  -36.834  -30.686  36.705 0.0000000000
83704  -36.380  -29.340  37.169 0.0000000000
164456  -38.550  -27.506  38.768 0.0000000000
84885  -39.393  -26.577  39.088 0.0000000000
86099  -41.317  -26.233  39.226 0.0000000000
46346  -12.459  -55.012  59.028 0.0000000000
49075  -12.730  -53.596  58.405 0.0000000000
46371  -11.429  -54.637  57.310 0.0000000000
47759  -10.374  -54.338  55.953 0.0000000000
47783  -9.519  -54.383  53.964 0.0000000000
44893  -9.274  -56.255  58.891 0.0000000000
44865  -9.100  -56.705  60.013 0.0000000000
41822  -8.642  -57.304  60.891 0.0000000000
44875  -5.865  -57.103  59.387 0.0000000000
43325  -7.441  -57.465  60.868 0.0000000000
43326  -7.928  -57.534  61.443 0.0000000000
43314  -7.503  -57.164  62.767 0.0000000000
44837  -6.698  -56.926  62.997 0.0000000000
41808  -3.308  -58.653  60.354 0.0000000000
43311  -3.420  -57.443  60.886 0.0000000000
46345  -12.040  -55.584  58.519 0.0000000000
44909  -11.395  -55.640  58.649 0.0000000000
58482  -33.993  -45.278  45.396 0.0000000000
59854  -34.482  -45.114  45.138 0.0000000000
59825  -34.698  -45.166  46.121 0.0000000000
66600  -26.745  -40.949  50.040 0.0000000000
66618  -26.347  -39.930  49.399 0.0000000000
58454  -33.173  -45.355  46.235 0.0000000000
59823  -32.590  -46.058  45.359 0.0000000000
58480  -33.041  -45.536  45.659 0.0000000000
65259  -27.693  -41.981  51.174 0.0000000000
65277  -27.138  -42.233  50.637 0.0000000000
65276  -26.864  -41.687  50.381 0.0000000000
65306  -25.723  -41.072  50.288 0.0000000000
98841  -40.665  -16.703  31.328 0.0000000000
70472  -32.031  -39.323  45.421 0.0000000000
69217  -31.776  -39.397  44.410 0.0000000000
79883  -31.724  -31.332  37.696 0.0000000000
77283  -31.938  -32.748  37.199 0.0000000000
77303  -32.191  -33.219  36.643 0.0000000000
75946  -32.351  -33.282  36.159 0.0000000000
75947  -33.050  -33.301  36.761 0.0000000000
53293  -13.472  -50.179  50.546 0.0000000000
54482  -14.217  -49.859  50.488 0.0000000000
53276  -13.207  -50.257  51.733 0.0000000000
58336  -34.362  -45.441  50.419 0.0000000000
58338  -35.172  -45.037  50.934 0.0000000000
59695  -35.067  -44.957  51.385 0.0000000000
65178  -30.832  -41.967  55.377 0.0000000000
65205  -31.375  -42.153  54.594 0.0000000000
63764  -31.522  -42.256  55.254 0.0000000000
59672  -34.106  -44.621  52.037 0.0000000000
58335  -33.954  -45.613  49.899 0.0000000000
65177  -29.924  -42.129  55.517 0.0000000000
87520  -41.042  -24.221  38.093 0.0000000000
86162  -41.837  -24.346  36.793 0.0000000000
93897  -44.077  -20.758  35.122 0.0000000000
92634  -43.669  -21.336  34.609 0.0000000000
93883  -43.786  -20.000  35.659 0.0000000000
95120  -42.770  -19.435  35.594 0.0000000000
95099  -44.188  -19.023  36.886 0.0000000000
95100  -44.865  -19.538  37.040 0.0000000000
74456  -33.282  -33.643  46.808 0.0000000000
75798  -33.039  -33.643  46.324 0.0000000000
164280  -35.415  -30.395  43.380 0.0000000000
81103  -35.360  -30.390  42.435 0.0000000000
55808  -21.543  -48.109  47.367 0.0000000000
54559  -21.780  -49.033  47.366 0.0000000000
104759  -50.131  -11.319  30.527 0.0000000000
104765  -50.136  -11.025  29.840 0.0000000000
41804  -10.353  -57.640  62.364 0.0000000000
41796  -10.247  -57.753  62.935 0.0000000000
41795  -9.538  -57.694  63.027 0.0000000000
41802  -8.808  -57.539  62.621 0.0000000000
65357  -35.259  -42.417  45.945 0.0000000000
65372  -34.991  -42.608  44.968 0.0000000000
67948  -34.936  -41.226  45.991 0.0000000000
67934  -34.603  -41.660  46.630 0.0000000000
66604  -35.822  -42.092  50.037 0.0000000000
67870  -35.480  -41.706  50.864 0.0000000000
69131  -33.249  -39.102  50.987 0.0000000000
70386  -32.828  -38.497  50.790 0.0000000000
70401  -32.336  -38.165  49.869 0.0000000000
70385  -32.379  -37.750  50.339 0.0000000000
71730  -32.202  -37.145  50.148 0.0000000000
65389  -22.351  -42.851  43.731 0.0000000000
62481  -29.540  -43.980  47.318 0.0000000000
63925  -22.596  -42.747  45.579 0.0000000000
62524  -22.596  -43.617  45.344 0.0000000000
62545  -21.939  -44.182  43.906 0.0000000000
101201  -43.804  -14.353  27.789 0.0000000000
99981  -46.240  -15.575  35.777 0.0000000000
99990  -45.180  -15.744  34.780 0.0000000000
100018  -47.905  -14.830  32.762 0.0000000000
101155  -48.394  -14.502  32.517 0.0000000000
101164  -48.291  -14.178  31.400 0.0000000000
102376  -48.705  -13.919  32.095 0.0000000000
102377  -48.904  -13.667  31.528 0.0000000000
75840  -30.465  -34.299  42.746 0.0000000000
75839  -30.189  -34.076  42.114 0.0000000000
76013  -34.153  -33.198  34.094 0.0000000000
76027  -34.413  -33.936  33.015 0.0000000000
77368  -34.489  -32.983  33.617 0.0000000000
78668  -35.249  -32.217  33.473 0.0000000000
77358  -35.038  -32.559  34.135 0.0000000000
74551  -37.584  -34.368  38.884 0.0000000000
74573  -37.099  -34.527  38.246 0.0000000000
73219  -37.656  -34.422  38.344 0.0000000000
81176  -40.991  -31.297  37.839 0.0000000000
81175  -40.211  -30.989  37.411 0.0000000000
81174  -39.149  -30.703  37.416 0.0000000000
81147  -39.882  -30.344  37.943 0.0000000000
82439  -40.462  -29.466  38.724 0.0000000000
50457  -13.061  -52.149  55.294 0.0000000000
50456  -12.380  -52.648  55.120 0.0000000000
44903  -6.257  -56.903  57.500 0.0000000000
41810  -4.054  -58.541  60.192 0.0000000000
41811  -4.516  -58.081  60.104 0.0000000000
43322  -4.602  -57.602  60.655 0.0000000000
41809  -3.732  -58.535  60.264 0.0000000000
75801  -36.324  -32.739  46.950 0.0000000000
57154  -19.482  -48.189  44.537 0.0000000000
43351  -11.069  -56.782  60.232 0.0000000000
43340  -11.751  -56.554  61.054 0.0000000000
41825  -11.183  -57.324  60.807 0.0000000000
41816  -11.348  -57.251  61.660 0.0000000000
41824  -10.577  -57.298  60.733 0.0000000000
61212  -35.018  -43.975  45.310 0.0000000000
61211  -34.830  -44.319  44.859 0.0000000000
62532  -35.174  -43.680  45.628 0.0000000000
63928  -35.305  -43.073  46.148 0.0000000000
65338  -23.657  -41.071  47.207 0.0000000000
65354  -23.380  -41.149  46.496 0.0000000000
66659  -26.371  -39.941  46.855 0.0000000000
65340  -27.142  -40.120  45.790 0.0000000000
59798  -31.377  -46.453  46.316 0.0000000000
59850  -32.015  -45.677  44.204 0.0000000000
59849  -31.442  -45.547  44.465 0.0000000000
61231  -31.650  -45.557  43.571 0.0000000000
59873  -31.784  -46.089  42.927 0.0000000000
59901  -33.845  -45.225  42.438 0.0000000000
62427  -26.622  -43.641  51.522 0.0000000000
61095  -26.124  -43.955  51.494 0.0000000000
61074  -25.758  -44.202  51.895 0.0000000000
62450  -25.473  -43.178  50.104 0.0000000000
62449  -24.228  -43.020  50.479 0.0000000000
63864  -24.759  -42.445  50.312 0.0000000000
65321  -24.657  -40.769  48.783 0.0000000000
63892  -23.774  -41.578  48.451 0.0000000000
63911  -23.689  -41.464  47.789 0.0000000000
65337  -23.081  -41.744  46.762 0.0000000000
93922  -38.610  -20.507  32.991 0.0000000000
77225  -30.247  -32.861  40.389 0.0000000000
77244  -30.618  -32.601  39.592 0.0000000000
74639  -33.043  -33.752  34.980 0.0000000000
75988  -33.583  -33.689  34.295 0.0000000000
74640  -33.967  -33.705  35.343 0.0000000000
74556  -42.075  -34.682  40.004 0.0000000000
74576  -41.329  -35.118  38.162 0.0000000000
79912  -42.112  -31.738  38.439 0.0000000000
163995  -16.781  -49.074  50.479 0.0000000000
51970  -17.810  -49.324  51.114 0.0000000000
163992  -17.026  -48.869  50.909 0.0000000000
53258  -15.797  -49.693  52.376 0.0000000000
51951  -16.503  -49.634  52.552 0.0000000000
51931  -16.055  -49.724  53.262 0.0000000000
51910  -15.928  -50.171  54.238 0.0000000000
51930  -14.924  -49.859  53.515 0.0000000000
51929  -13.899  -50.312  53.557 0.0000000000
51928  -13.081  -51.325  53.045 0.0000000000
51907  -12.873  -51.568  54.057 0.0000000000
58414  -33.867  -45.845  48.133 0.0000000000
58415  -34.472  -46.020  48.320 0.0000000000
58399  -35.118  -46.766  48.650 0.0000000000
61080  -36.187  -44.419  51.232 0.0000000000
61099  -36.024  -44.423  50.253 0.0000000000
61100  -36.263  -43.882  50.643 0.0000000000
66561  -28.835  -41.492  52.633 0.0000000000
66573  -29.388  -41.458  51.907 0.0000000000
65246  -30.885  -42.248  52.924 0.0000000000
65261  -30.652  -42.100  51.924 0.0000000000
63838  -30.508  -43.120  51.430 0.0000000000
62439  -29.903  -43.685  50.291 0.0000000000
62440  -30.150  -43.985  50.729 0.0000000000
62396  -32.570  -43.074  54.380 0.0000000000
62405  -32.315  -43.083  53.529 0.0000000000
61098  -32.133  -45.474  50.623 0.0000000000
61078  -32.070  -44.794  51.150 0.0000000000
61097  -31.522  -45.309  50.438 0.0000000000
61096  -30.852  -44.831  50.220 0.0000000000
59728  -31.003  -45.788  49.313 0.0000000000
59750  -30.963  -45.916  48.860 0.0000000000
59729  -31.498  -45.933  49.601 0.0000000000
58376  -33.798  -47.231  48.808 0.0000000000
58375  -33.135  -46.843  48.571 0.0000000000
58397  -33.648  -46.819  48.074 0.0000000000
58413  -33.339  -45.792  47.726 0.0000000000
65203  -29.212  -42.133  54.552 0.0000000000
65224  -28.506  -42.072  53.491 0.0000000000
65245  -28.213  -41.952  52.531 0.0000000000
86158  -36.461  -26.078  37.598 0.0000000000
88939  -40.035  -24.005  36.718 0.0000000000
88938  -39.051  -23.940  36.732 0.0000000000
90195  -39.038  -23.646  36.200 0.0000000000
90194  -38.834  -23.505  35.623 0.0000000000
88961  -39.526  -23.236  35.250 0.0000000000
88992  -42.671  -23.723  34.728 0.0000000000
87603  -42.107  -23.916  34.635 0.0000000000
89005  -42.213  -23.610  33.521 0.0000000000
90222  -41.515  -23.080  32.900 0.0000000000
91453  -40.534  -22.346  34.073 0.0000000000
92645  -40.474  -21.468  34.005 0.0000000000
92661  -39.633  -21.270  33.762 0.0000000000
96311  -41.157  -18.573  35.110 0.0000000000
96310  -40.638  -18.878  34.626 0.0000000000
97570  -40.465  -17.840  34.700 0.0000000000
97582  -40.352  -17.603  33.764 0.0000000000
97571  -41.341  -17.536  34.936 0.0000000000
97584  -41.594  -16.933  34.590 0.0000000000
97572  -42.004  -17.200  34.950 0.0000000000
96296  -44.830  -17.822  37.053 0.0000000000
98773  -44.943  -16.693  36.717 0.0000000000
98766  -45.492  -16.642  37.264 0.0000000000
99970  -48.039  -15.973  38.818 0.0000000000
73115  -30.980  -36.585  46.606 0.0000000000
73116  -31.062  -35.703  46.232 0.0000000000
77163  -35.777  -31.993  45.671 0.0000000000
77162  -34.587  -32.576  45.631 0.0000000000
79808  -33.544  -30.948  43.365 0.0000000000
78508  -32.824  -31.273  43.223 0.0000000000
78520  -32.270  -31.857  43.401 0.0000000000
78519  -32.117  -31.505  42.508 0.0000000000
79817  -33.018  -30.823  42.662 0.0000000000
79843  -33.794  -30.639  40.412 0.0000000000
79855  -32.596  -31.263  39.278 0.0000000000
79856  -33.641  -31.220  39.437 0.0000000000
78559  -34.079  -32.032  38.628 0.0000000000
78560  -34.510  -31.798  39.272 0.0000000000
77208  -36.644  -32.187  40.026 0.0000000000
77229  -36.754  -32.880  40.109 0.0000000000
75874  -36.883  -33.439  39.551 0.0000000000
75856  -37.373  -33.148  40.105 0.0000000000
77193  -40.371  -32.866  41.809 0.0000000000
75859  -39.881  -33.601  41.494 0.0000000000
74511  -39.641  -33.770  40.828 0.0000000000
73175  -40.308  -34.120  40.828 0.0000000000
53335  -21.230  -49.455  48.087 0.0000000000
53321  -21.377  -50.139  48.869 0.0000000000
53307  -20.718  -50.138  49.899 0.0000000000
53332  -19.750  -51.087  48.004 0.0000000000
55832  -18.761  -49.019  45.533 0.0000000000
54577  -18.640  -49.401  45.884 0.0000000000
55805  -17.295  -48.762  46.472 0.0000000000
54554  -18.246  -48.734  46.555 0.0000000000
53316  -19.025  -49.273  48.620 0.0000000000
53330  -18.271  -48.933  48.254 0.0000000000
54533  -17.248  -48.928  48.082 0.0000000000
43305  -6.942  -57.728  63.757 0.0000000000
63980  -36.067  -43.465  42.194 0.0000000000
66716  -34.547  -42.005  43.367 0.0000000000
67947  -34.321  -40.937  45.818 0.0000000000
67946  -33.318  -40.461  45.482 0.0000000000
69196  -32.891  -39.860  45.613 0.0000000000
69179  -32.860  -39.903  46.520 0.0000000000
59777  -35.131  -44.051  48.306 0.0000000000
59802  -34.829  -44.065  47.549 0.0000000000
61145  -35.399  -43.502  47.805 0.0000000000
65324  -36.126  -42.378  48.122 0.0000000000
65343  -36.084  -42.557  47.676 0.0000000000
66643  -35.877  -42.399  48.085 0.0000000000
66662  -35.831  -42.502  46.911 0.0000000000
67920  -35.471  -42.016  48.180 0.0000000000
70403  -33.905  -40.147  49.768 0.0000000000
70404  -34.581  -40.609  49.790 0.0000000000
70416  -34.371  -40.560  49.193 0.0000000000
67899  -34.910  -41.229  48.362 0.0000000000
69151  -34.517  -40.747  48.518 0.0000000000
69166  -34.042  -40.572  47.795 0.0000000000
70429  -33.347  -40.168  48.109 0.0000000000
71758  -31.963  -38.684  48.279 0.0000000000
71759  -32.422  -39.247  48.093 0.0000000000
71792  -32.024  -38.719  46.865 0.0000000000
71771  -31.567  -38.172  47.711 0.0000000000
71790  -31.122  -37.672  47.091 0.0000000000
71770  -31.482  -37.207  47.847 0.0000000000
73103  -32.131  -35.758  49.119 0.0000000000
75767  -31.967  -34.865  48.412 0.0000000000
74424  -32.431  -34.275  47.720 0.0000000000
75769  -32.908  -34.352  48.333 0.0000000000
74376  -34.106  -35.759  51.486 0.0000000000
74389  -33.851  -35.634  50.957 0.0000000000
74377  -34.525  -35.147  51.391 0.0000000000
66685  -23.469  -40.702  44.210 0.0000000000
65391  -22.942  -41.269  43.921 0.0000000000
66686  -24.178  -40.271  43.862 0.0000000000
65295  -28.982  -41.337  48.933 0.0000000000
66641  -28.306  -40.666  48.308 0.0000000000
65307  -29.104  -41.218  48.187 0.0000000000
63913  -29.586  -42.034  46.084 0.0000000000
63926  -29.044  -41.243  45.486 0.0000000000
62514  -29.462  -44.224  45.388 0.0000000000
62529  -29.964  -44.032  44.194 0.0000000000
58390  -22.788  -46.463  49.041 0.0000000000
58405  -22.534  -46.795  48.156 0.0000000000
59768  -23.003  -46.456  47.893 0.0000000000
62478  -22.828  -43.277  49.077 0.0000000000
62479  -22.660  -43.602  48.882 0.0000000000
61178  -22.400  -45.179  45.930 0.0000000000
61161  -22.287  -45.025  47.153 0.0000000000
59844  -22.132  -46.095  45.702 0.0000000000
59815  -22.316  -46.086  46.584 0.0000000000
58475  -22.011  -46.640  45.407 0.0000000000
58474  -21.482  -47.069  44.877 0.0000000000
59843  -22.120  -46.226  44.951 0.0000000000
99997  -42.705  -16.078  33.881 0.0000000000
100029  -41.916  -16.077  32.710 0.0000000000
100012  -42.502  -15.945  33.268 0.0000000000
98811  -44.457  -15.555  32.923 0.0000000000
100032  -44.272  -15.008  30.907 0.0000000000
101133  -48.241  -14.582  35.382 0.0000000000
99982  -47.131  -14.878  34.995 0.0000000000
99992  -47.228  -15.052  34.076 0.0000000000
101162  -46.601  -14.524  32.062 0.0000000000
100034  -45.749  -14.585  31.666 0.0000000000
100045  -45.612  -14.102  31.130 0.0000000000
101173  -44.501  -13.804  30.610 0.0000000000
102380  -45.124  -13.601  30.548 0.0000000000
102387  -44.933  -13.385  29.972 0.0000000000
103562  -46.704  -13.030  30.251 0.0000000000
102389  -46.157  -13.062  29.555 0.0000000000
102393  -46.087  -12.821  28.856 0.0000000000
103570  -45.691  -12.593  28.230 0.0000000000
103571  -46.242  -12.390  28.504 0.0000000000
103568  -47.169  -12.202  29.897 0.0000000000
103565  -49.073  -12.551  30.800 0.0000000000
104752  -49.589  -12.229  31.254 0.0000000000
104758  -49.353  -11.731  30.626 0.0000000000
46387  -9.361  -55.281  56.506 0.0000000000
46406  -8.466  -55.275  55.235 0.0000000000
71830  -30.502  -37.605  44.286 0.0000000000
73131  -30.539  -36.508  43.752 0.0000000000
78669  -35.596  -31.899  33.547 0.0000000000
81228  -35.775  -30.860  34.634 0.0000000000
81202  -36.160  -30.900  35.578 0.0000000000
77266  -34.654  -33.017  38.315 0.0000000000
75906  -34.265  -33.337  37.867 0.0000000000
73271  -36.066  -35.540  36.998 0.0000000000
74593  -35.000  -35.156  37.074 0.0000000000
73298  -35.541  -34.924  36.590 0.0000000000
75949  -35.566  -34.092  36.029 0.0000000000
74642  -36.065  -34.210  36.343 0.0000000000
74621  -41.015  -34.783  36.962 0.0000000000
74620  -39.615  -34.490  37.297 0.0000000000
77348  -38.937  -32.518  36.635 0.0000000000
74672  -38.641  -33.125  36.867 0.0000000000
77347  -38.275  -32.548  36.112 0.0000000000
77345  -37.352  -33.115  35.330 0.0000000000
77346  -37.630  -32.790  35.516 0.0000000000
77361  -37.208  -32.694  35.223 0.0000000000
79952  -38.162  -31.903  35.727 0.0000000000
81173  -37.793  -30.709  37.086 0.0000000000
82458  -36.747  -30.160  37.150 0.0000000000
82459  -37.281  -29.481  37.591 0.0000000000
83705  -37.756  -28.604  38.404 0.0000000000
83692  -40.027  -28.659  38.993 0.0000000000
83678  -39.726  -27.820  39.150 0.0000000000
84886  -40.650  -26.795  39.388 0.0000000000
84868  -41.121  -26.626  39.377 0.0000000000
49088  -12.472  -53.940  56.904 0.0000000000
50429  -13.088  -53.272  57.334 0.0000000000
47749  -11.731  -54.428  57.010 0.0000000000
46389  -10.715  -54.449  56.551 0.0000000000
47760  -10.815  -53.912  56.156 0.0000000000
47784  -10.327  -53.955  54.282 0.0000000000
44920  -9.175  -55.548  57.385 0.0000000000
44906  -9.219  -55.910  58.101 0.0000000000
43357  -8.088  -56.600  59.391 0.0000000000
44878  -8.564  -56.787  59.717 0.0000000000
43337  -8.977  -56.968  60.438 0.0000000000
43336  -8.294  -57.230  60.015 0.0000000000
43355  -4.824  -58.288  58.199 0.0000000000
44889  -5.545  -57.212  58.721 0.0000000000
43345  -5.270  -57.554  59.368 0.0000000000
43324  -6.330  -57.349  60.704 0.0000000000
43334  -6.423  -57.432  60.156 0.0000000000
44857  -7.154  -57.391  61.285 0.0000000000
44858  -7.596  -57.492  61.265 0.0000000000
44847  -7.627  -57.486  61.610 0.0000000000
43315  -8.006  -57.499  62.182 0.0000000000
44846  -7.236  -57.378  61.958 0.0000000000
44854  -4.898  -57.268  61.437 0.0000000000
44844  -5.826  -57.023  62.227 0.0000000000
44836  -6.173  -56.580  63.126 0.0000000000
41800  -3.541  -57.775  60.464 0.0000000000
43360  -10.772  -56.457  59.751 0.0000000000
59877  -34.171  -44.863  44.161 0.0000000000
66639  -26.386  -39.548  48.075 0.0000000000
58428  -32.526  -47.065  46.072 0.0000000000
58451  -32.459  -46.980  45.752 0.0000000000
59851  -32.618  -45.925  44.432 0.0000000000
59876  -33.649  -45.194  43.810 0.0000000000
63819  -28.066  -43.000  52.809 0.0000000000
63837  -27.804  -43.348  52.033 0.0000000000
63836  -27.202  -42.988  51.252 0.0000000000
63865  -25.597  -42.341  50.347 0.0000000000
65305  -25.145  -40.696  49.668 0.0000000000
96332  -38.693  -19.258  32.174 0.0000000000
98842  -41.437  -16.306  30.869 0.0000000000
69219  -32.725  -40.646  44.362 0.0000000000
78558  -31.042  -31.971  39.273 0.0000000000
78557  -30.504  -32.699  38.807 0.0000000000
78572  -30.937  -32.217  38.219 0.0000000000
77264  -30.642  -32.986  37.915 0.0000000000
74591  -33.717  -33.703  36.689 0.0000000000
54483  -14.849  -49.695  50.508 0.0000000000
53278  -15.153  -49.522  51.781 0.0000000000
53256  -13.918  -49.730  52.731 0.0000000000
51950  -12.571  -51.254  51.780 0.0000000000
51949  -12.019  -52.025  51.329 0.0000000000
58377  -34.647  -47.130  49.102 0.0000000000
58378  -35.092  -46.417  49.308 0.0000000000
58357  -34.836  -45.551  49.969 0.0000000000
59696  -35.479  -44.906  51.085 0.0000000000
66551  -29.743  -41.583  53.612 0.0000000000
66552  -30.557  -41.779  53.577 0.0000000000
65226  -31.258  -42.083  53.789 0.0000000000
63800  -31.399  -42.618  52.968 0.0000000000
61061  -32.559  -43.908  52.083 0.0000000000
59670  -32.848  -44.103  52.069 0.0000000000
59692  -32.808  -44.901  51.254 0.0000000000
59710  -32.756  -45.694  50.013 0.0000000000
59711  -33.539  -45.628  49.932 0.0000000000
58355  -33.753  -46.666  49.624 0.0000000000
65176  -29.302  -42.510  55.427 0.0000000000
86117  -39.345  -25.644  38.844 0.0000000000
86140  -39.117  -25.151  38.631 0.0000000000
86141  -39.858  -24.850  38.516 0.0000000000
87544  -40.365  -24.369  37.324 0.0000000000
88963  -40.622  -23.741  36.036 0.0000000000
91457  -44.021  -22.484  33.995 0.0000000000
90224  -43.048  -22.991  34.116 0.0000000000
92648  -43.360  -21.940  33.966 0.0000000000
93909  -42.754  -21.484  34.756 0.0000000000
93908  -42.028  -21.046  34.252 0.0000000000
93907  -41.103  -20.810  34.259 0.0000000000
93895  -42.235  -20.539  35.204 0.0000000000
95119  -41.711  -19.494  35.358 0.0000000000
96313  -42.585  -18.701  35.618 0.0000000000
97564  -42.964  -17.527  35.901 0.0000000000
96294  -43.648  -18.541  36.545 0.0000000000
96295  -44.248  -18.225  36.955 0.0000000000
96289  -44.949  -18.490  37.372 0.0000000000
74454  -31.703  -34.862  46.415 0.0000000000
74469  -32.106  -34.412  46.146 0.0000000000
75814  -32.569  -33.979  45.891 0.0000000000
75826  -33.049  -33.142  45.753 0.0000000000
164281  -35.003  -31.706  44.641 0.0000000000
164284  -34.661  -30.523  43.440 0.0000000000
81090  -33.606  -30.609  42.871 0.0000000000
81100  -33.268  -30.581  42.370 0.0000000000
81102  -34.675  -30.433  42.078 0.0000000000
79844  -34.953  -30.689  40.453 0.0000000000
78546  -35.371  -31.719  39.638 0.0000000000
78533  -35.924  -31.106  40.689 0.0000000000
78534  -36.821  -31.398  40.519 0.0000000000
55771  -22.135  -48.216  48.993 0.0000000000
54539  -21.679  -48.516  48.461 0.0000000000
53348  -21.259  -49.462  47.494 0.0000000000
54557  -20.485  -49.965  47.400 0.0000000000
55830  -17.233  -49.080  45.578 0.0000000000
54532  -15.673  -49.174  47.376 0.0000000000
105944  -47.905  -11.063  29.173 0.0000000000
105950  -47.829  -10.757  28.394 0.0000000000
105945  -48.582  -10.753  29.253 0.0000000000
105951  -48.590  -10.414  28.387 0.0000000000
63939  -35.440  -43.759  44.220 0.0000000000
63959  -35.703  -43.516  43.504 0.0000000000
63960  -35.225  -43.373  44.174 0.0000000000
66690  -34.217  -41.480  44.785 0.0000000000
66675  -34.597  -41.284  45.392 0.0000000000
69198  -33.782  -40.610  46.361 0.0000000000
62466  -36.497  -43.330  48.909 0.0000000000
62483  -36.261  -43.006  48.375 0.0000000000
65310  -36.303  -42.634  49.207 0.0000000000
66621  -35.785  -42.222  49.011 0.0000000000
69120  -33.463  -39.340  51.106 0.0000000000
70387  -33.533  -39.455  50.601 0.0000000000
70414  -32.973  -39.627  48.525 0.0000000000
71744  -32.052  -38.497  49.121 0.0000000000
71756  -31.475  -36.952  48.656 0.0000000000
71743  -31.701  -37.364  49.477 0.0000000000
73094  -32.171  -36.224  49.764 0.0000000000
74400  -32.707  -35.626  49.777 0.0000000000
74378  -35.044  -34.625  51.115 0.0000000000
67963  -24.958  -39.665  44.355 0.0000000000
63879  -29.849  -42.320  48.684 0.0000000000
63878  -29.728  -42.099  48.040 0.0000000000
62463  -29.982  -42.472  47.529 0.0000000000
62497  -29.697  -43.125  45.732 0.0000000000
62530  -30.647  -44.791  43.780 0.0000000000
62495  -22.910  -43.344  46.983 0.0000000000
62511  -22.647  -43.841  46.149 0.0000000000
62510  -22.480  -44.295  45.491 0.0000000000
61201  -22.188  -45.188  44.685 0.0000000000
59867  -21.520  -45.970  44.150 0.0000000000
61225  -21.804  -45.132  43.538 0.0000000000
98788  -44.516  -15.983  34.960 0.0000000000
99999  -44.476  -15.590  33.827 0.0000000000
100000  -45.537  -15.426  33.755 0.0000000000
100002  -47.376  -14.853  33.383 0.0000000000
100003  -48.041  -14.924  33.125 0.0000000000
101154  -47.396  -14.618  32.539 0.0000000000
102381  -45.662  -13.614  30.446 0.0000000000
101176  -47.367  -14.094  30.874 0.0000000000
102383  -47.347  -13.456  30.625 0.0000000000
103563  -47.350  -12.721  30.468 0.0000000000
102384  -48.060  -13.300  30.790 0.0000000000
102385  -48.783  -13.322  30.930 0.0000000000
103552  -49.653  -12.942  32.363 0.0000000000
46425  -8.743  -55.124  54.367 0.0000000000
74477  -30.472  -35.162  44.324 0.0000000000
74493  -30.754  -35.514  43.013 0.0000000000
74492  -30.468  -35.668  42.322 0.0000000000
75891  -36.367  -33.853  38.650 0.0000000000
75908  -35.547  -34.454  38.180 0.0000000000
75909  -36.286  -34.528  38.384 0.0000000000
73246  -36.445  -35.339  37.496 0.0000000000
73272  -36.855  -34.794  37.266 0.0000000000
78612  -40.894  -32.431  37.374 0.0000000000
77328  -39.882  -33.086  36.827 0.0000000000
78632  -39.561  -32.179  36.713 0.0000000000
79935  -39.487  -31.869  36.794 0.0000000000
79954  -39.100  -31.824  36.535 0.0000000000
81231  -38.375  -31.695  36.241 0.0000000000
82438  -39.500  -29.722  38.116 0.0000000000
83679  -40.789  -28.338  39.216 0.0000000000
51888  -13.666  -51.491  55.355 0.0000000000
49095  -11.787  -53.319  55.754 0.0000000000
49094  -11.242  -53.715  55.620 0.0000000000
49102  -11.324  -53.671  54.820 0.0000000000
47785  -10.911  -53.833  54.273 0.0000000000
49111  -10.319  -53.579  53.639 0.0000000000
44918  -7.242  -55.972  56.817 0.0000000000
44905  -8.293  -56.132  57.952 0.0000000000
44891  -7.133  -56.391  58.755 0.0000000000
44877  -6.985  -56.522  59.214 0.0000000000
43344  -4.552  -58.309  59.512 0.0000000000
41820  -4.542  -58.233  59.967 0.0000000000
44853  -4.293  -57.276  61.431 0.0000000000
62384  -31.796  -42.251  56.041 0.0000000000
59629  -33.587  -43.741  53.664 0.0000000000
86164  -42.993  -24.534  37.250 0.0000000000
86179  -42.397  -24.354  36.180 0.0000000000
87569  -43.767  -23.961  36.133 0.0000000000
87605  -43.481  -24.025  35.176 0.0000000000
88993  -43.692  -23.771  34.848 0.0000000000
93898  -44.701  -20.953  35.191 0.0000000000
95109  -45.272  -19.934  36.266 0.0000000000
95101  -45.834  -19.569  37.130 0.0000000000
75785  -34.784  -33.477  46.977 0.0000000000
75816  -34.468  -33.048  46.177 0.0000000000
75800  -35.180  -33.227  46.593 0.0000000000
77148  -35.929  -32.438  46.280 0.0000000000
78494  -36.660  -31.817  45.665 0.0000000000
164283  -38.031  -30.549  43.260 0.0000000000
55861  -20.737  -47.958  45.834 0.0000000000
55860  -20.515  -48.352  45.482 0.0000000000
55859  -19.943  -48.706  45.073 0.0000000000
55858  -19.072  -48.406  45.207 0.0000000000
41814  -9.552  -57.486  61.709 0.0000000000
62551  -35.406  -44.357  43.351 0.0000000000
61233  -35.277  -44.386  43.955 0.0000000000
62552  -35.644  -44.156  43.984 0.0000000000
63940  -35.088  -43.391  44.816 0.0000000000
65373  -35.180  -42.835  45.555 0.0000000000
63935  -22.695  -43.056  44.737 0.0000000000
65368  -22.602  -41.786  44.705 0.0000000000
66670  -23.004  -41.109  45.340 0.0000000000
67941  -23.431  -40.647  45.243 0.0000000000
67942  -24.148  -40.228  45.271 0.0000000000
66658  -24.651  -39.894  47.032 0.0000000000
66672  -24.426  -39.941  46.022 0.0000000000
67943  -24.934  -39.626  45.178 0.0000000000
67944  -25.706  -39.563  44.817 0.0000000000
66674  -26.858  -40.519  45.003 0.0000000000
66688  -27.329  -40.498  44.204 0.0000000000
61144  -30.233  -45.370  47.562 0.0000000000
61162  -29.906  -44.770  47.004 0.0000000000
59821  -31.316  -46.139  44.964 0.0000000000
61208  -30.817  -45.211  44.460 0.0000000000
61230  -31.130  -45.333  43.279 0.0000000000
62436  -24.009  -43.470  51.212 0.0000000000
63875  -23.349  -42.730  49.449 0.0000000000
63876  -24.254  -41.773  49.725 0.0000000000
63891  -23.125  -42.622  48.725 0.0000000000
91467  -38.185  -22.606  32.906 0.0000000000
101194  -42.837  -14.608  29.257 0.0000000000
101126  -47.316  -14.789  37.050 0.0000000000
101127  -48.154  -14.346  36.539 0.0000000000
101143  -50.040  -14.038  33.852 0.0000000000
77206  -30.262  -32.861  41.490 0.0000000000
77186  -29.998  -33.617  41.734 0.0000000000
75990  -35.006  -33.474  35.087 0.0000000000
73221  -39.209  -34.224  39.096 0.0000000000
73249  -39.020  -34.445  38.377 0.0000000000
74575  -40.493  -35.042  38.374 0.0000000000
74596  -40.765  -35.297  37.597 0.0000000000
74622  -41.862  -34.470  37.003 0.0000000000
75952  -42.012  -33.715  37.366 0.0000000000
78614  -41.743  -32.210  38.039 0.0000000000
81177  -41.483  -31.463  38.142 0.0000000000
81149  -41.759  -30.973  38.356 0.0000000000
82440  -41.568  -30.155  38.859 0.0000000000
53279  -16.145  -49.591  51.727 0.0000000000
51952  -17.277  -49.669  52.135 0.0000000000
50475  -12.111  -52.305  53.871 0.0000000000
50474  -11.385  -52.628  53.468 0.0000000000
50494  -11.600  -52.520  52.750 0.0000000000
49139  -11.321  -52.889  52.107 0.0000000000
40480  -3.711  -59.793  60.292 0.0000000000
59800  -34.704  -45.005  46.678 0.0000000000
58432  -34.292  -45.322  47.189 0.0000000000
59776  -35.215  -44.833  48.136 0.0000000000
59754  -35.495  -44.584  48.776 0.0000000000
59731  -35.368  -45.326  49.561 0.0000000000
61114  -35.837  -44.452  49.409 0.0000000000
62454  -36.396  -43.384  49.902 0.0000000000
61062  -36.238  -44.255  52.225 0.0000000000
66582  -27.653  -41.480  50.435 0.0000000000
66601  -27.644  -40.941  49.757 0.0000000000
66583  -28.515  -41.384  50.618 0.0000000000
66603  -29.096  -41.516  50.164 0.0000000000
65296  -29.361  -41.833  49.356 0.0000000000
66574  -30.024  -41.601  52.144 0.0000000000
65278  -29.901  -41.894  50.296 0.0000000000
63867  -30.066  -42.673  49.388 0.0000000000
61125  -29.860  -44.637  48.911 0.0000000000
63782  -31.854  -42.594  54.281 0.0000000000
63801  -31.828  -42.740  53.394 0.0000000000
62418  -31.650  -43.641  52.053 0.0000000000
61060  -32.205  -44.068  51.905 0.0000000000
61059  -31.643  -44.225  51.511 0.0000000000
62429  -31.029  -43.813  51.499 0.0000000000
62453  -30.391  -44.469  49.869 0.0000000000
61111  -30.174  -44.560  49.447 0.0000000000
61126  -30.335  -45.398  48.409 0.0000000000
59773  -30.978  -46.121  47.731 0.0000000000
59774  -32.009  -46.909  47.489 0.0000000000
59730  -32.417  -46.503  49.073 0.0000000000
59752  -32.614  -46.017  48.262 0.0000000000
59775  -32.761  -46.326  47.600 0.0000000000
58412  -33.024  -46.407  47.186 0.0000000000
58430  -33.148  -46.028  46.750 0.0000000000
164452  -36.174  -27.816  37.637 0.0000000000
84905  -35.640  -27.874  37.019 0.0000000000
164459  -36.302  -27.341  37.676 0.0000000000
87542  -38.455  -24.602  37.669 0.0000000000
88936  -37.023  -24.301  36.271 0.0000000000
86178  -41.945  -24.402  36.177 0.0000000000
87566  -41.105  -23.899  35.413 0.0000000000
87565  -40.665  -23.534  35.207 0.0000000000
90237  -42.268  -23.496  32.925 0.0000000000
88977  -40.977  -23.116  34.408 0.0000000000
88976  -40.292  -23.133  34.964 0.0000000000
90207  -39.787  -22.726  34.617 0.0000000000
90220  -39.191  -22.756  34.340 0.0000000000
91451  -38.721  -22.488  33.565 0.0000000000
92643  -38.838  -22.016  33.383 0.0000000000
92660  -39.017  -21.272  33.393 0.0000000000
93893  -40.698  -19.998  34.676 0.0000000000
95148  -39.810  -19.315  33.597 0.0000000000
95147  -39.017  -19.618  32.993 0.0000000000
96334  -39.962  -18.260  33.357 0.0000000000
97592  -40.308  -17.421  32.738 0.0000000000
98808  -40.760  -16.913  32.691 0.0000000000
98826  -40.723  -16.795  32.244 0.0000000000
98809  -41.310  -16.632  33.097 0.0000000000
98799  -42.104  -16.530  34.076 0.0000000000
98786  -43.111  -16.382  34.824 0.0000000000
98777  -43.094  -16.907  35.725 0.0000000000
98778  -43.768  -16.580  35.542 0.0000000000
98787  -44.034  -16.257  34.946 0.0000000000
98779  -44.669  -16.249  35.592 0.0000000000
98780  -45.406  -16.126  36.085 0.0000000000
99977  -46.499  -15.518  37.063 0.0000000000
95093  -45.219  -19.138  37.419 0.0000000000
96290  -45.907  -18.713  37.698 0.0000000000
97555  -46.387  -17.777  38.098 0.0000000000
98762  -46.867  -16.299  38.266 0.0000000000
99973  -46.768  -15.867  37.885 0.0000000000
99974  -47.053  -15.327  37.570 0.0000000000
101120  -47.576  -14.936  38.068 0.0000000000
71804  -30.959  -37.605  46.266 0.0000000000
71805  -30.875  -38.020  45.629 0.0000000000
71817  -30.731  -37.201  45.769 0.0000000000
74468  -31.386  -34.749  45.963 0.0000000000
74478  -30.803  -34.979  45.286 0.0000000000
77171  -30.871  -33.498  43.218 0.0000000000
77161  -33.688  -32.733  45.697 0.0000000000
77174  -33.385  -32.619  45.319 0.0000000000
78510  -33.825  -31.973  44.697 0.0000000000
77173  -32.478  -32.728  44.654 0.0000000000
77189  -32.149  -32.430  43.853 0.0000000000
77207  -31.315  -32.459  41.950 0.0000000000
78545  -31.421  -31.719  40.890 0.0000000000
78531  -31.697  -31.072  40.758 0.0000000000
79828  -32.722  -30.529  41.469 0.0000000000
79827  -32.116  -30.698  40.580 0.0000000000
79841  -31.680  -31.034  39.856 0.0000000000
79854  -31.705  -31.535  38.886 0.0000000000
79868  -32.378  -31.340  38.384 0.0000000000
78590  -32.689  -32.167  37.734 0.0000000000
78574  -33.274  -31.883  37.923 0.0000000000
77245  -34.427  -32.534  38.463 0.0000000000
77227  -35.518  -32.305  39.201 0.0000000000
77247  -35.683  -32.950  38.830 0.0000000000
74530  -37.199  -33.841  38.898 0.0000000000
74531  -37.746  -34.028  39.633 0.0000000000
78521  -38.959  -31.268  41.914 0.0000000000
77191  -38.670  -32.001  40.882 0.0000000000
78522  -40.103  -32.031  41.666 0.0000000000
77192  -39.503  -32.558  41.398 0.0000000000
77210  -38.233  -32.357  40.459 0.0000000000
75857  -38.261  -33.082  40.210 0.0000000000
74510  -38.830  -33.645  40.357 0.0000000000
74532  -38.550  -34.154  40.012 0.0000000000
73198  -40.198  -34.206  40.242 0.0000000000
73223  -40.998  -34.419  40.055 0.0000000000
55834  -20.221  -48.968  45.994 0.0000000000
54579  -20.080  -49.988  46.107 0.0000000000
54556  -19.637  -49.754  46.952 0.0000000000
54555  -18.683  -49.563  46.395 0.0000000000
54535  -19.430  -50.061  47.588 0.0000000000
54517  -19.559  -50.202  48.094 0.0000000000
53317  -19.813  -50.030  48.656 0.0000000000
163997  -18.692  -49.362  49.436 0.0000000000
54515  -17.593  -49.174  49.609 0.0000000000
55769  -16.569  -49.006  49.662 0.0000000000
54499  -15.725  -48.982  49.607 0.0000000000
105947  -50.275  -10.399  29.739 0.0000000000
107186  -49.802  -9.924  29.181 0.0000000000
67966  -33.396  -40.917  44.855 0.0000000000
59827  -35.036  -44.332  46.760 0.0000000000
62515  -35.570  -43.494  46.510 0.0000000000
63895  -36.248  -42.996  47.477 0.0000000000
62499  -35.985  -43.325  47.229 0.0000000000
66661  -35.222  -42.359  46.755 0.0000000000
69143  -35.253  -41.354  49.927 0.0000000000
69142  -34.962  -40.964  49.825 0.0000000000
69153  -35.296  -41.200  49.263 0.0000000000
67900  -35.264  -41.481  48.617 0.0000000000
67919  -34.969  -41.971  47.740 0.0000000000
69181  -33.914  -40.628  46.860 0.0000000000
69180  -33.350  -40.365  46.742 0.0000000000
70428  -32.779  -39.801  47.783 0.0000000000
69164  -32.931  -40.006  47.154 0.0000000000
70451  -31.767  -38.554  46.624 0.0000000000
70470  -31.339  -38.185  46.569 0.0000000000
73108  -31.567  -36.221  48.015 0.0000000000
74438  -31.507  -35.605  47.551 0.0000000000
74439  -32.070  -35.089  47.043 0.0000000000
74440  -32.860  -33.783  47.102 0.0000000000
74441  -34.147  -33.729  47.180 0.0000000000
73084  -33.005  -36.191  50.507 0.0000000000
73095  -32.778  -35.796  50.052 0.0000000000
74390  -34.404  -34.820  50.717 0.0000000000
74402  -34.420  -34.563  49.846 0.0000000000
74413  -33.421  -34.609  48.933 0.0000000000
67897  -28.072  -40.613  49.157 0.0000000000
66640  -27.582  -40.223  48.036 0.0000000000
65322  -28.213  -40.652  47.003 0.0000000000
63893  -29.028  -40.822  46.898 0.0000000000
65341  -27.871  -40.576  46.238 0.0000000000
65356  -27.965  -40.653  45.026 0.0000000000
65370  -28.452  -41.377  43.958 0.0000000000
62498  -29.524  -44.041  46.415 0.0000000000
62528  -29.652  -43.180  44.441 0.0000000000
65371  -29.016  -42.086  43.809 0.0000000000
58369  -22.911  -47.180  50.182 0.0000000000
57095  -22.064  -47.263  48.846 0.0000000000
57116  -21.737  -47.199  47.796 0.0000000000
57135  -21.532  -47.318  47.207 0.0000000000
62448  -23.293  -43.554  50.796 0.0000000000
61124  -22.680  -44.754  49.072 0.0000000000
59793  -22.786  -45.511  47.687 0.0000000000
59769  -22.944  -45.910  48.243 0.0000000000
59792  -22.949  -46.177  47.353 0.0000000000
57134  -21.296  -47.500  46.569 0.0000000000
57156  -20.821  -47.809  45.120 0.0000000000
58473  -20.488  -47.440  44.273 0.0000000000
98827  -41.466  -16.236  31.965 0.0000000000
98843  -42.056  -16.084  30.994 0.0000000000
100041  -42.470  -15.588  30.950 0.0000000000
100052  -42.397  -14.929  29.961 0.0000000000
101185  -42.982  -14.548  29.841 0.0000000000
101186  -43.598  -14.322  29.915 0.0000000000
100015  -45.775  -15.397  33.048 0.0000000000
101145  -46.929  -14.749  33.165 0.0000000000
100016  -46.140  -14.946  32.504 0.0000000000
97614  -45.337  -15.377  31.861 0.0000000000
100043  -44.359  -14.412  31.009 0.0000000000
101172  -44.020  -14.337  30.588 0.0000000000
101195  -43.468  -14.333  28.654 0.0000000000
101196  -44.071  -13.822  28.390 0.0000000000
102395  -44.837  -13.058  27.786 0.0000000000
102388  -45.580  -13.208  29.651 0.0000000000
104768  -46.724  -11.806  28.503 0.0000000000
104762  -47.547  -11.672  29.551 0.0000000000
104756  -47.713  -12.158  30.336 0.0000000000
104763  -48.523  -11.323  29.883 0.0000000000
105927  -50.554  -11.077  31.246 0.0000000000
46369  -10.391  -55.185  57.485 0.0000000000
46357  -10.639  -55.447  58.170 0.0000000000
46368  -9.935  -55.384  57.503 0.0000000000
44937  -9.173  -55.317  56.932 0.0000000000
46386  -8.298  -55.601  55.882 0.0000000000
44935  -7.695  -55.818  56.038 0.0000000000
70502  -30.873  -38.498  43.835 0.0000000000
75854  -29.983  -34.577  41.380 0.0000000000
82456  -35.602  -29.475  36.381 0.0000000000
75927  -33.828  -33.596  37.317 0.0000000000
75929  -35.157  -34.890  37.638 0.0000000000
74641  -34.857  -34.072  35.839 0.0000000000
77326  -34.982  -33.628  35.263 0.0000000000
75991  -35.968  -33.436  35.356 0.0000000000
73274  -38.832  -34.631  37.801 0.0000000000
73273  -37.880  -34.544  37.489 0.0000000000
74618  -37.315  -34.467  36.828 0.0000000000
74646  -38.962  -33.647  36.781 0.0000000000
74645  -38.461  -33.894  36.603 0.0000000000
74617  -36.793  -34.528  36.798 0.0000000000
74670  -36.561  -33.714  35.727 0.0000000000
76015  -35.974  -33.084  34.767 0.0000000000
77359  -35.876  -32.624  34.709 0.0000000000
78659  -36.879  -32.327  35.188 0.0000000000
79962  -36.473  -31.973  35.237 0.0000000000
81204  -37.917  -31.459  36.465 0.0000000000
79933  -37.319  -31.522  35.956 0.0000000000
79906  -36.729  -31.203  36.226 0.0000000000
81144  -36.274  -30.295  36.492 0.0000000000
82457  -36.081  -29.906  36.544 0.0000000000
164458  -36.338  -28.238  37.736 0.0000000000
86118  -40.173  -25.777  38.831 0.0000000000
86119  -41.046  -25.610  38.796 0.0000000000
86120  -41.839  -25.394  38.767 0.0000000000
82422  -41.530  -29.069  39.326 0.0000000000
47737  -12.171  -54.404  58.040 0.0000000000
46359  -11.742  -54.943  57.935 0.0000000000
46370  -11.009  -54.828  57.289 0.0000000000
46408  -10.018  -54.564  55.519 0.0000000000
47771  -10.351  -54.335  55.063 0.0000000000
47770  -9.764  -54.615  54.855 0.0000000000
46426  -9.298  -54.800  54.427 0.0000000000
49123  -10.483  -53.377  52.773 0.0000000000
44907  -10.096  -55.711  58.167 0.0000000000
44894  -10.011  -56.168  58.915 0.0000000000
43358  -9.987  -56.373  59.339 0.0000000000
43349  -9.732  -56.427  59.403 0.0000000000
43350  -10.218  -56.623  59.978 0.0000000000
43338  -9.699  -56.874  60.346 0.0000000000
41823  -9.658  -57.304  60.960 0.0000000000
44876  -6.413  -56.756  59.251 0.0000000000
43346  -6.519  -57.269  59.734 0.0000000000
43335  -7.572  -57.502  60.268 0.0000000000
41821  -8.033  -57.496  60.943 0.0000000000
41813  -8.586  -57.478  61.701 0.0000000000
43313  -7.091  -57.231  63.252 0.0000000000
44845  -6.625  -57.172  62.353 0.0000000000
40477  -3.218  -59.615  60.956 0.0000000000
41801  -3.738  -57.951  60.392 0.0000000000
43312  -3.812  -57.457  60.922 0.0000000000
41812  -8.037  -57.530  61.198 0.0000000000
41817  -11.732  -56.783  62.148 0.0000000000
41829  -10.942  -57.228  60.506 0.0000000000
43332  -4.538  -58.262  59.770 0.0000000000
43339  -11.561  -57.035  61.254 0.0000000000
43348  -8.084  -56.837  59.550 0.0000000000
43352  -11.452  -56.627  60.450 0.0000000000
43356  -7.820  -56.597  59.368 0.0000000000
43359  -10.484  -56.413  59.612 0.0000000000
44864  -8.710  -56.921  60.066 0.0000000000
44866  -9.619  -56.605  59.876 0.0000000000
44879  -9.196  -56.517  59.488 0.0000000000
44880  -9.746  -56.510  59.638 0.0000000000
44908  -11.019  -55.588  58.708 0.0000000000
46329  -6.731  -56.495  59.060 0.0000000000
46330  -6.955  -56.396  58.970 0.0000000000
46343  -6.487  -56.571  58.895 0.0000000000
46344  -6.739  -56.492  58.799 0.0000000000
46356  -10.278  -55.462  57.866 0.0000000000
46385  -7.776  -55.621  55.733 0.0000000000
47748  -11.152  -54.420  56.885 0.0000000000
53294  -14.484  -49.628  51.017 0.0000000000
53319  -20.158  -51.183  48.708 0.0000000000
53320  -20.654  -50.600  48.660 0.0000000000
53322  -21.602  -49.243  48.783 0.0000000000
53331  -19.536  -50.666  48.199 0.0000000000
53333  -20.691  -51.159  47.853 0.0000000000
53334  -21.392  -50.682  48.037 0.0000000000
53336  -21.392  -48.893  48.380 0.0000000000
53346  -21.178  -50.860  47.366 0.0000000000
53347  -21.146  -50.046  47.604 0.0000000000
54516  -19.225  -49.753  48.088 0.0000000000
54536  -20.131  -50.705  47.469 0.0000000000
54538  -21.327  -48.706  48.036 0.0000000000
54558  -21.333  -49.555  47.162 0.0000000000
54560  -21.580  -48.304  47.816 0.0000000000
54581  -21.760  -49.232  46.774 0.0000000000
55752  -16.399  -49.092  50.116 0.0000000000
55770  -16.961  -49.210  50.086 0.0000000000
55788  -21.789  -47.810  48.035 0.0000000000
55807  -21.997  -48.826  46.914 0.0000000000
55831  -18.086  -48.883  45.657 0.0000000000
55836  -21.305  -47.838  47.049 0.0000000000
57153  -18.902  -48.333  44.455 0.0000000000
57157  -20.968  -47.558  45.899 0.0000000000
58337  -34.862  -45.216  50.778 0.0000000000
58358  -35.227  -45.250  50.479 0.0000000000
58379  -35.206  -45.601  49.733 0.0000000000
58400  -35.244  -46.046  49.093 0.0000000000
58406  -22.752  -46.451  48.770 0.0000000000
58411  -32.631  -47.035  46.858 0.0000000000
58416  -34.908  -45.648  48.393 0.0000000000
58433  -34.551  -45.462  47.831 0.0000000000
58446  -21.332  -47.213  45.935 0.0000000000
58452  -32.524  -46.698  45.836 0.0000000000
58453  -32.674  -45.876  46.031 0.0000000000
58481  -33.547  -45.384  45.512 0.0000000000
59669  -32.523  -44.174  51.878 0.0000000000
59673  -34.799  -44.734  52.159 0.0000000000
59674  -35.466  -44.896  52.053 0.0000000000
59697  -35.814  -44.732  50.767 0.0000000000
59713  -35.866  -44.966  49.937 0.0000000000
59732  -35.475  -44.890  49.350 0.0000000000
59745  -23.143  -46.369  49.342 0.0000000000
59824  -32.856  -45.749  45.492 0.0000000000
59826  -35.177  -44.922  46.260 0.0000000000
59866  -21.434  -46.396  43.513 0.0000000000
61079  -32.440  -45.278  50.820 0.0000000000
61094  -25.564  -44.004  51.420 0.0000000000
61113  -31.115  -45.391  49.933 0.0000000000
61128  -36.388  -43.813  49.008 0.0000000000
61177  -22.376  -44.702  45.222 0.0000000000
61186  -35.228  -44.731  45.653 0.0000000000
62406  -32.590  -43.270  53.631 0.0000000000
62407  -36.062  -43.845  52.680 0.0000000000
62421  -36.444  -43.574  52.023 0.0000000000
62430  -36.430  -43.614  51.247 0.0000000000
62438  -26.269  -43.565  50.660 0.0000000000
62460  -22.823  -43.365  49.295 0.0000000000
62465  -36.277  -43.518  48.656 0.0000000000
62482  -35.986  -43.090  48.141 0.0000000000
62512  -22.630  -44.135  46.902 0.0000000000
63821  -31.659  -43.076  52.612 0.0000000000
63852  -26.887  -42.986  50.152 0.0000000000
63853  -30.032  -43.085  50.330 0.0000000000
63854  -30.151  -43.172  50.912 0.0000000000
63866  -26.474  -42.688  49.916 0.0000000000
63868  -36.547  -42.967  49.467 0.0000000000
63874  -22.975  -43.160  49.332 0.0000000000
63880  -36.376  -42.908  48.645 0.0000000000
63890  -22.973  -43.077  49.085 0.0000000000
63896  -36.193  -42.787  47.784 0.0000000000
63914  -36.351  -42.953  46.983 0.0000000000
63915  -36.495  -42.750  47.433 0.0000000000
63955  -22.323  -43.355  43.281 0.0000000000
65225  -29.136  -41.821  53.754 0.0000000000
65293  -26.255  -41.871  50.495 0.0000000000
65309  -36.008  -42.515  48.782 0.0000000000
65367  -22.420  -42.618  44.147 0.0000000000
66532  -30.150  -41.740  54.142 0.0000000000
66533  -30.673  -41.784  54.077 0.0000000000
66562  -29.596  -41.309  52.756 0.0000000000
66571  -28.070  -41.565  50.957 0.0000000000
66585  -30.017  -41.663  51.341 0.0000000000
66605  -36.129  -42.432  50.162 0.0000000000
66620  -28.470  -40.762  48.944 0.0000000000
66622  -36.064  -42.406  49.382 0.0000000000
66671  -23.499  -40.689  45.883 0.0000000000
66684  -23.074  -40.892  44.801 0.0000000000
66687  -26.488  -39.851  44.582 0.0000000000
66689  -33.738  -41.322  44.496 0.0000000000
67881  -27.925  -40.683  49.358 0.0000000000
67882  -28.066  -40.827  49.534 0.0000000000
67898  -28.207  -40.770  49.309 0.0000000000
67945  -33.127  -40.108  45.411 0.0000000000
67961  -23.655  -40.499  44.837 0.0000000000
67962  -24.276  -40.159  44.607 0.0000000000
67964  -25.831  -39.841  44.160 0.0000000000
69119  -33.418  -39.091  51.281 0.0000000000
69130  -33.218  -38.836  51.162 0.0000000000
69194  -24.582  -39.838  44.948 0.0000000000
69195  -24.837  -39.661  44.872 0.0000000000
69216  -24.891  -39.638  44.626 0.0000000000
70427  -32.561  -39.493  47.168 0.0000000000
70490  -31.880  -39.411  44.974 0.0000000000
71772  -32.140  -38.872  47.398 0.0000000000
71791  -31.696  -38.406  47.080 0.0000000000
73093  -31.686  -36.633  49.334 0.0000000000
73102  -31.727  -36.116  48.852 0.0000000000
73174  -39.734  -34.000  40.428 0.0000000000
73196  -38.707  -34.304  39.503 0.0000000000
73197  -39.347  -34.210  39.916 0.0000000000
73222  -39.975  -34.263  39.532 0.0000000000
73248  -38.155  -34.371  38.050 0.0000000000
73250  -39.818  -34.420  38.660 0.0000000000
73270  -35.507  -35.231  36.712 0.0000000000
73275  -39.625  -34.856  38.081 0.0000000000
73299  -35.988  -35.088  36.701 0.0000000000
73301  -37.616  -34.653  37.082 0.0000000000
73302  -38.647  -34.613  37.351 0.0000000000
73303  -39.413  -34.783  37.678 0.0000000000
73326  -36.029  -34.685  36.602 0.0000000000
73327  -36.384  -34.626  36.700 0.0000000000
74411  -32.083  -35.351  48.664 0.0000000000
74509  -38.206  -33.785  40.083 0.0000000000
74535  -41.049  -34.601  39.159 0.0000000000
74552  -38.151  -34.456  39.493 0.0000000000
74553  -40.436  -34.700  38.680 0.0000000000
74554  -40.507  -34.576  38.911 0.0000000000
74555  -41.229  -34.559  39.312 0.0000000000
74572  -36.373  -35.085  38.063 0.0000000000
74574  -40.164  -35.008  38.191 0.0000000000
74577  -41.888  -34.250  38.821 0.0000000000
74592  -34.085  -33.997  36.821 0.0000000000
74594  -35.872  -35.608  37.476 0.0000000000
74616  -35.638  -34.550  36.464 0.0000000000
74643  -36.831  -34.075  36.302 0.0000000000
74644  -37.667  -34.079  36.517 0.0000000000
74668  -33.635  -33.688  34.616 0.0000000000
74669  -36.257  -33.828  35.919 0.0000000000
74671  -38.505  -33.260  36.644 0.0000000000
75751  -32.336  -34.944  48.596 0.0000000000
75752  -32.758  -34.682  48.641 0.0000000000
75753  -33.031  -34.524  48.615 0.0000000000
75768  -32.251  -34.572  48.279 0.0000000000
75784  -34.443  -33.505  46.803 0.0000000000
75841  -38.715  -32.622  40.613 0.0000000000
75842  -39.029  -32.589  40.938 0.0000000000
75843  -40.160  -33.491  41.882 0.0000000000
75873  -36.094  -33.233  38.966 0.0000000000
75876  -40.851  -34.586  38.980 0.0000000000
75877  -41.026  -34.741  39.026 0.0000000000
75889  -35.080  -33.268  38.485 0.0000000000
75892  -40.488  -34.812  38.596 0.0000000000
75893  -40.687  -34.725  38.759 0.0000000000
75894  -41.043  -34.622  38.924 0.0000000000
75907  -34.701  -33.547  38.213 0.0000000000
75910  -40.635  -34.897  38.563 0.0000000000
75911  -40.890  -34.880  38.631 0.0000000000
75912  -41.131  -34.737  38.758 0.0000000000
75930  -42.321  -34.003  37.714 0.0000000000
75948  -35.233  -34.239  36.098 0.0000000000
75950  -40.110  -34.071  36.959 0.0000000000
75966  -31.877  -33.476  36.106 0.0000000000
75967  -32.183  -33.357  36.108 0.0000000000
75968  -34.572  -33.722  35.396 0.0000000000
75969  -35.099  -33.866  35.629 0.0000000000
75971  -37.286  -33.803  36.131 0.0000000000
75973  -38.061  -33.304  36.315 0.0000000000
75992  -36.957  -33.504  35.405 0.0000000000
75993  -37.684  -33.194  35.798 0.0000000000
75994  -38.171  -33.029  36.291 0.0000000000
75995  -38.730  -32.808  36.781 0.0000000000
76016  -36.481  -33.057  34.895 0.0000000000
77175  -34.043  -32.541  45.415 0.0000000000
77190  -38.053  -31.920  40.546 0.0000000000
77211  -39.625  -33.181  41.400 0.0000000000
77212  -39.924  -33.206  41.647 0.0000000000
77281  -30.614  -33.568  37.676 0.0000000000
77285  -40.606  -33.070  37.041 0.0000000000
77286  -40.591  -33.126  37.121 0.0000000000
77302  -31.746  -33.263  36.834 0.0000000000
77304  -32.604  -33.207  36.745 0.0000000000
77305  -39.787  -33.185  37.164 0.0000000000
77306  -40.135  -33.158  37.281 0.0000000000
77307  -40.497  -33.321  37.148 0.0000000000
77308  -41.320  -33.112  37.196 0.0000000000
77309  -42.082  -32.751  37.623 0.0000000000
77324  -32.001  -33.335  36.270 0.0000000000
77325  -34.809  -33.727  35.437 0.0000000000
77327  -39.950  -33.084  36.936 0.0000000000
77329  -39.723  -33.023  36.862 0.0000000000
77343  -34.681  -33.604  35.177 0.0000000000
77344  -34.759  -33.506  34.962 0.0000000000
77357  -34.600  -32.818  34.146 0.0000000000
78523  -40.528  -32.286  41.894 0.0000000000
78573  -32.540  -31.701  37.848 0.0000000000
78588  -31.497  -32.113  37.634 0.0000000000
78589  -32.120  -32.083  37.659 0.0000000000
78591  -40.518  -32.956  37.279 0.0000000000
78592  -40.779  -32.907  37.037 0.0000000000
78610  -39.605  -32.847  37.219 0.0000000000
78611  -40.033  -32.631  37.170 0.0000000000
78613  -41.304  -32.208  37.629 0.0000000000
78615  -42.199  -32.010  38.359 0.0000000000
78630  -39.872  -32.858  36.635 0.0000000000
78631  -40.058  -32.723  36.380 0.0000000000
78646  -37.386  -32.189  35.323 0.0000000000
78647  -37.741  -32.310  35.509 0.0000000000
78649  -38.930  -32.036  36.408 0.0000000000
78657  -35.448  -32.326  34.252 0.0000000000
78660  -37.398  -32.583  35.341 0.0000000000
79818  -33.328  -30.843  43.000 0.0000000000
79884  -31.900  -31.602  38.227 0.0000000000
79885  -42.029  -31.462  38.420 0.0000000000
79904  -31.681  -31.064  37.467 0.0000000000
79905  -31.957  -31.069  37.233 0.0000000000
79907  -37.320  -31.200  36.521 0.0000000000
79908  -37.664  -31.253  36.625 0.0000000000
79910  -41.282  -31.783  37.802 0.0000000000
79911  -41.740  -31.798  38.236 0.0000000000
79932  -36.767  -31.466  35.686 0.0000000000
79934  -37.598  -31.439  36.296 0.0000000000
79953  -38.622  -31.937  36.184 0.0000000000
79961  -35.729  -31.645  34.438 0.0000000000
81080  -33.752  -30.708  43.201 0.0000000000
81081  -34.106  -30.641  43.325 0.0000000000
81089  -33.304  -30.678  42.621 0.0000000000
81101  -33.837  -30.491  42.167 0.0000000000
81129  -31.562  -31.275  38.051 0.0000000000
81130  -31.900  -31.086  38.162 0.0000000000
81142  -31.722  -31.011  37.980 0.0000000000
81143  -32.033  -30.867  37.959 0.0000000000
81145  -36.458  -30.421  36.612 0.0000000000
81169  -31.790  -30.895  37.735 0.0000000000
81170  -31.916  -30.783  37.463 0.0000000000
81171  -36.305  -30.564  36.325 0.0000000000
81203  -37.718  -31.584  35.972 0.0000000000
81229  -37.652  -31.630  35.706 0.0000000000
81230  -37.915  -31.671  35.821 0.0000000000
81232  -38.873  -31.644  36.531 0.0000000000
82436  -36.364  -30.187  36.671 0.0000000000
82437  -36.533  -30.280  36.808 0.0000000000
82476  -35.285  -29.628  35.907 0.0000000000
86160  -38.880  -24.863  38.338 0.0000000000
86161  -39.336  -24.823  38.392 0.0000000000
86163  -42.409  -24.467  37.164 0.0000000000
86180  -43.036  -24.379  36.586 0.0000000000
86197  -42.998  -24.186  35.998 0.0000000000
87518  -40.101  -24.612  37.875 0.0000000000
87519  -40.585  -24.464  37.987 0.0000000000
87546  -43.696  -24.402  36.932 0.0000000000
87547  -44.429  -24.324  36.854 0.0000000000
87567  -41.594  -24.311  35.942 0.0000000000
87568  -42.043  -24.418  35.874 0.0000000000
87585  -40.799  -23.346  34.710 0.0000000000
87586  -41.198  -23.465  34.446 0.0000000000
87587  -41.606  -24.116  34.846 0.0000000000
87588  -42.300  -24.349  35.389 0.0000000000
87589  -43.167  -24.066  35.486 0.0000000000
87590  -44.079  -24.418  35.167 0.0000000000
87601  -41.404  -23.241  33.832 0.0000000000
87604  -42.883  -23.969  35.112 0.0000000000
87615  -42.022  -23.576  33.679 0.0000000000
87616  -41.984  -23.486  34.102 0.0000000000
88937  -38.029  -24.110  36.766 0.0000000000
88940  -40.671  -24.106  36.660 0.0000000000
88941  -43.968  -24.238  36.825 0.0000000000
88964  -41.029  -24.054  36.225 0.0000000000
88965  -44.008  -24.093  36.626 0.0000000000
88966  -44.266  -24.103  36.444 0.0000000000
88975  -39.662  -22.934  34.997 0.0000000000
88978  -44.318  -24.381  34.699 0.0000000000
88989  -41.352  -23.322  33.500 0.0000000000
88990  -41.485  -23.496  33.577 0.0000000000
88991  -42.179  -23.535  34.278 0.0000000000
88994  -44.665  -24.250  34.515 0.0000000000
88995  -45.090  -24.438  34.573 0.0000000000
89003  -41.466  -23.954  33.013 0.0000000000
89004  -41.855  -23.975  33.217 0.0000000000
89006  -42.576  -23.325  34.230 0.0000000000
89007  -42.963  -23.382  34.718 0.0000000000
90176  -38.614  -23.721  36.305 0.0000000000
90177  -38.898  -23.744  36.420 0.0000000000
90221  -41.281  -22.945  33.996 0.0000000000
90223  -42.482  -22.982  33.273 0.0000000000
90225  -43.868  -23.074  34.543 0.0000000000
90226  -44.529  -23.628  34.588 0.0000000000
90227  -45.268  -24.045  34.444 0.0000000000
90235  -41.292  -23.469  33.056 0.0000000000
90236  -41.685  -23.601  32.832 0.0000000000
90238  -42.547  -23.109  33.736 0.0000000000
91440  -39.794  -22.550  34.404 0.0000000000
91441  -40.076  -22.516  34.404 0.0000000000
91442  -41.792  -22.529  33.318 0.0000000000
91443  -41.952  -22.517  33.151 0.0000000000
91452  -39.454  -22.422  34.083 0.0000000000
91454  -41.610  -22.578  33.512 0.0000000000
91456  -42.759  -22.620  33.981 0.0000000000
91468  -41.993  -23.102  32.672 0.0000000000
91469  -42.292  -23.073  32.822 0.0000000000
91470  -42.969  -22.707  34.243 0.0000000000
91471  -43.475  -22.777  34.363 0.0000000000
92632  -41.838  -22.453  33.574 0.0000000000
92633  -41.929  -22.331  33.141 0.0000000000
92647  -42.245  -22.257  34.087 0.0000000000
92649  -44.211  -21.719  34.029 0.0000000000
93884  -44.593  -20.383  35.722 0.0000000000
93885  -45.262  -20.989  35.946 0.0000000000
93894  -41.383  -20.308  34.920 0.0000000000
93906  -40.158  -20.294  34.317 0.0000000000
95091  -44.423  -19.005  37.168 0.0000000000
95098  -43.799  -18.920  36.574 0.0000000000
95117  -40.653  -19.439  34.652 0.0000000000
95133  -40.328  -19.414  34.341 0.0000000000
96288  -44.478  -18.776  37.191 0.0000000000
96303  -42.491  -18.011  35.625 0.0000000000
96304  -42.850  -18.298  35.934 0.0000000000
96333  -39.386  -18.567  32.630 0.0000000000
97560  -44.435  -17.409  36.705 0.0000000000
97561  -44.896  -17.351  37.006 0.0000000000
97563  -42.531  -17.444  35.514 0.0000000000
97583  -40.963  -16.826  34.186 0.0000000000
97595  -45.276  -15.488  32.253 0.0000000000
97596  -45.625  -15.255  32.162 0.0000000000
97597  -45.844  -14.799  32.088 0.0000000000
97612  -44.433  -15.589  32.111 0.0000000000
97613  -44.928  -15.572  32.138 0.0000000000
97615  -45.766  -15.025  32.012 0.0000000000
97628  -44.326  -15.542  31.898 0.0000000000
97629  -44.816  -15.529  31.818 0.0000000000
97630  -45.108  -15.503  31.908 0.0000000000
98767  -46.178  -16.541  37.737 0.0000000000
98771  -43.571  -16.861  36.026 0.0000000000
98776  -42.719  -16.773  35.327 0.0000000000
98798  -41.479  -16.630  33.763 0.0000000000
98800  -42.824  -16.163  34.196 0.0000000000
98810  -41.956  -16.295  33.385 0.0000000000
98812  -44.994  -15.514  32.929 0.0000000000
98813  -45.792  -15.280  32.572 0.0000000000
98814  -46.054  -14.824  32.242 0.0000000000
98828  -41.972  -15.943  31.393 0.0000000000
98829  -44.097  -15.552  32.086 0.0000000000
98830  -44.078  -15.351  31.398 0.0000000000
98831  -44.877  -15.222  31.388 0.0000000000
98832  -45.528  -15.021  31.774 0.0000000000
98844  -43.913  -15.487  31.757 0.0000000000
98845  -44.486  -15.442  31.628 0.0000000000
98846  -44.936  -15.443  31.640 0.0000000000
99968  -46.957  -15.966  38.173 0.0000000000
99969  -47.263  -15.764  38.296 0.0000000000
99978  -46.920  -15.163  37.136 0.0000000000
99988  -43.701  -16.080  34.559 0.0000000000
99989  -44.212  -15.862  34.506 0.0000000000
99993  -47.999  -14.898  33.827 0.0000000000
100014  -44.865  -15.496  33.181 0.0000000000
100017  -47.637  -14.809  32.954 0.0000000000
100040  -41.976  -16.020  30.736 0.0000000000
100044  -44.972  -14.009  31.353 0.0000000000
100053  -43.108  -14.578  30.133 0.0000000000
101125  -46.845  -15.088  36.916 0.0000000000
101149  -49.796  -13.766  33.490 0.0000000000
101153  -46.759  -14.717  32.783 0.0000000000
101156  -48.892  -13.935  32.763 0.0000000000
101165  -48.623  -13.876  30.957 0.0000000000
101174  -45.360  -13.841  30.952 0.0000000000
101178  -48.440  -13.655  30.848 0.0000000000
102363  -49.648  -13.650  33.229 0.0000000000
102369  -48.804  -13.938  32.499 0.0000000000
103553  -50.008  -12.576  32.344 0.0000000000
103558  -49.404  -12.887  31.673 0.0000000000
104742  -50.399  -12.115  32.183 0.0000000000
163993  -17.983  -49.322  50.694 0.0000000000
163996  -17.803  -49.238  50.808 0.0000000000
163999  -17.517  -49.194  50.528 0.0000000000
164453  -36.286  -27.692  37.779 0.0000000000
164454  -36.191  -27.564  37.588 0.0000000000
164455  -36.042  -27.641  37.415 0.0000000000
