#!ascii label  , from subject 4083 vox2ras=TkReg
1106
92073  -27.747  -22.334  -14.030 0.4285714328
94591  -27.594  -20.559  -14.420 0.2857142985
93325  -27.166  -21.489  -14.429 0.4285714328
94592  -28.651  -20.533  -14.318 0.4285714328
95758  -29.045  -19.645  -14.542 0.4285714328
97007  -27.348  -19.001  -14.917 0.2857142985
97008  -28.344  -18.808  -14.771 0.4285714328
97009  -29.390  -18.665  -14.537 0.4285714328
98269  -27.028  -17.653  -16.151 0.4285714328
98270  -28.007  -16.750  -15.618 0.4285714328
99510  -28.281  -16.442  -16.814 0.4285714328
99511  -29.022  -15.557  -16.727 0.4285714328
100698  -28.375  -15.259  -18.670 0.5714285970
99532  -28.411  -15.843  -17.658 0.5714285970
100664  -29.388  -14.985  -17.138 0.4285714328
101769  -30.245  -14.192  -17.063 0.2857142985
101784  -29.493  -14.373  -18.103 0.7142857313
101785  -29.938  -14.201  -17.624 0.7142857313
104140  -30.854  -12.448  -18.199 0.7142857313
104141  -31.504  -12.469  -17.765 0.4285714328
102934  -30.016  -13.459  -18.147 0.7142857313
102935  -30.620  -13.192  -17.677 0.5714285970
105355  -32.363  -11.273  -18.233 0.5714285970
104159  -30.646  -12.164  -19.115 0.5714285970
105354  -31.512  -11.075  -19.202 0.5714285970
106544  -32.236  -10.110  -18.850 0.5714285970
105353  -30.982  -11.481  -19.602 0.5714285970
107770  -33.122  -9.345  -18.200 0.4285714328
108919  -32.784  -8.584  -19.057 0.5714285970
110025  -33.956  -7.655  -18.567 0.5714285970
107780  -31.746  -9.739  -20.397 0.7142857313
110024  -33.272  -7.870  -18.862 0.7142857313
110039  -33.955  -7.060  -19.333 0.7142857313
111196  -35.269  -6.193  -18.857 0.5714285970
107781  -32.100  -9.558  -19.851 0.5714285970
106579  -30.895  -11.354  -21.379 0.5714285970
108947  -32.751  -8.108  -20.138 0.8571428657
111209  -35.052  -5.888  -19.583 0.7142857313
112364  -35.826  -5.643  -18.830 0.5714285970
108946  -32.091  -8.850  -20.751 0.7142857313
108945  -31.842  -8.950  -21.422 0.5714285970
112404  -35.262  -4.806  -20.481 0.7142857313
113506  -36.484  -4.620  -19.793 0.5714285970
110051  -33.060  -7.399  -20.516 0.7142857313
112386  -34.879  -5.683  -19.934 0.7142857313
114665  -36.250  -3.681  -21.063 0.5714285970
111220  -33.338  -6.658  -20.750 0.7142857313
114690  -37.795  -3.971  -21.498 0.5714285970
111221  -33.764  -6.045  -20.948 0.7142857313
113519  -35.058  -4.624  -21.012 0.7142857313
115844  -36.920  -3.283  -22.779 0.7142857313
114689  -36.499  -3.850  -21.795 0.7142857313
112427  -34.294  -5.335  -22.289 0.7142857313
113542  -35.336  -4.463  -21.889 0.7142857313
113543  -35.675  -3.781  -22.381 0.7142857313
114735  -37.050  -3.890  -24.841 0.7142857313
114723  -37.545  -3.317  -23.677 0.5714285970
112428  -34.886  -5.048  -22.878 0.7142857313
111241  -33.453  -6.653  -21.875 0.5714285970
115881  -37.797  -2.666  -25.535 0.5714285970
112447  -34.243  -5.270  -23.339 0.8571428657
114748  -36.958  -3.654  -25.580 0.7142857313
114733  -35.319  -4.098  -25.097 0.7142857313
113574  -34.909  -3.982  -23.521 0.8571428657
114721  -35.396  -3.662  -24.098 0.7142857313
117150  -35.672  -1.896  -25.003 0.8571428657
115872  -35.951  -2.595  -25.769 0.5714285970
114732  -35.265  -3.508  -24.785 0.8571428657
114707  -34.508  -3.332  -23.514 0.8571428657
113573  -34.292  -4.172  -23.609 0.8571428657
114720  -34.781  -3.528  -23.830 0.8571428657
117149  -34.708  -1.716  -24.385 0.8571428657
118361  -34.462  -0.650  -24.839 0.8571428657
119476  -34.344  0.098  -23.035 0.8571428657
115870  -35.123  -2.779  -24.552 0.8571428657
118350  -34.093  -0.859  -23.733 0.8571428657
118310  -34.259  -1.002  -20.727 1.0000000000
117136  -34.317  -1.950  -23.356 0.8571428657
119464  -34.611  -0.131  -21.639 1.0000000000
118336  -34.341  -1.172  -22.543 1.0000000000
120645  -34.559  1.323  -21.123 1.0000000000
120608  -33.528  1.650  -18.965 0.7142857313
119452  -34.370  0.223  -20.002 1.0000000000
120631  -34.276  1.578  -19.742 1.0000000000
123966  -33.001  4.619  -18.583 1.0000000000
123965  -31.963  4.313  -18.329 0.8571428657
126125  -31.363  6.531  -18.353 0.8571428657
125047  -31.840  5.794  -17.933 1.0000000000
129411  -30.469  9.752  -18.747 0.8571428657
128347  -31.277  8.159  -18.450 0.8571428657
127232  -31.739  7.356  -18.468 1.0000000000
131326  -30.330  11.364  -19.367 0.8571428657
132332  -28.713  11.855  -19.749 0.7142857313
131324  -28.313  11.026  -19.841 0.5714285970
133384  -27.799  12.874  -20.821 0.7142857313
133385  -28.985  13.217  -20.342 0.5714285970
131356  -26.668  11.872  -21.843 0.5714285970
131323  -27.741  10.947  -20.794 0.5714285970
131355  -26.026  11.964  -22.176 0.4285714328
133422  -25.196  13.702  -22.314 0.4285714328
133423  -25.663  13.582  -22.509 0.4285714328
132329  -24.609  13.442  -19.333 0.2857142985
133336  -24.730  13.502  -18.878 0.2857142985
132330  -24.849  13.011  -19.698 0.2857142985
133337  -25.219  13.596  -18.697 0.2857142985
95756  -27.109  -19.752  -14.743 0.2857142985
107769  -32.629  -9.108  -18.979 0.5714285970
112387  -35.591  -5.244  -19.640 0.5714285970
115880  -36.415  -3.012  -25.798 0.5714285970
113575  -35.442  -3.598  -23.568 0.7142857313
114734  -35.951  -4.157  -24.651 0.7142857313
115871  -35.528  -3.223  -25.593 0.8571428657
117162  -34.747  -1.289  -25.497 0.8571428657
121791  -33.640  2.380  -19.153 0.8571428657
133322  -28.104  13.865  -17.708 0.1428571492
95755  -26.537  -19.623  -15.167 0.2857142985
97034  -26.449  -18.782  -15.691 0.2857142985
97036  -28.631  -17.698  -14.761 0.4285714328
98271  -29.258  -16.823  -15.072 0.4285714328
97035  -27.637  -18.116  -15.334 0.4285714328
99488  -29.101  -16.176  -15.844 0.4285714328
99531  -27.764  -16.631  -17.664 0.5714285970
100683  -29.114  -14.880  -17.711 0.5714285970
101786  -30.462  -13.808  -17.208 0.4285714328
101796  -29.118  -14.261  -18.664 0.2857142985
101797  -29.627  -13.900  -18.272 0.7142857313
102947  -30.327  -12.858  -18.367 0.7142857313
104160  -31.491  -11.912  -18.427 0.4285714328
104178  -30.202  -12.202  -19.941 0.5714285970
110007  -34.560  -7.895  -17.887 0.4285714328
105371  -30.685  -11.660  -20.025 0.7142857313
105372  -31.180  -11.131  -20.128 0.7142857313
108921  -33.858  -8.301  -18.219 0.5714285970
110038  -33.314  -7.546  -19.465 0.7142857313
111208  -34.310  -6.272  -19.860 0.7142857313
107806  -31.120  -10.468  -21.485 0.5714285970
107792  -31.563  -9.708  -21.033 0.5714285970
114710  -38.542  -3.986  -22.365 0.5714285970
108962  -32.383  -8.540  -21.822 0.5714285970
114667  -37.501  -4.170  -20.759 0.5714285970
113541  -34.828  -5.001  -21.535 0.7142857313
112403  -34.595  -5.386  -20.799 0.7142857313
114709  -37.472  -3.517  -22.626 0.5714285970
113561  -35.455  -3.483  -23.043 0.7142857313
117151  -35.966  -2.143  -25.452 0.5714285970
120668  -34.642  0.775  -23.198 1.0000000000
118322  -34.339  -1.240  -21.575 1.0000000000
120609  -33.980  1.209  -19.359 0.8571428657
121766  -32.146  2.740  -18.571 0.7142857313
121767  -33.067  2.642  -18.727 1.0000000000
122892  -33.835  3.319  -19.479 1.0000000000
122890  -32.533  3.554  -18.639 0.7142857313
122891  -33.381  3.618  -19.025 1.0000000000
122889  -31.566  3.423  -18.566 0.7142857313
123945  -32.313  5.113  -18.212 0.8571428657
128346  -30.257  8.190  -18.732 0.8571428657
126126  -32.209  6.611  -18.196 1.0000000000
131325  -29.272  11.194  -19.475 0.7142857313
131368  -25.652  12.484  -22.333 0.7142857313
132348  -27.616  12.024  -20.858 0.7142857313
133383  -27.395  12.545  -21.251 0.7142857313
130406  -25.948  11.215  -21.615 0.4285714328
133382  -24.693  13.864  -20.280 0.2857142985
133399  -25.187  13.830  -21.428 0.4285714328
133401  -27.060  13.074  -21.752 0.4285714328
134423  -25.059  14.623  -22.225 0.4285714328
134361  -24.793  14.001  -18.889 0.2857142985
102960  -29.186  -13.170  -19.417 0.4285714328
104177  -29.461  -12.674  -19.801 0.4285714328
132368  -24.868  12.865  -21.974 0.4285714328
132369  -26.559  12.428  -22.144 0.7142857313
132347  -25.000  12.945  -20.923 0.2857142985
134378  -24.684  14.367  -19.260 0.2857142985
93326  -28.199  -21.415  -14.033 0.4285714328
94590  -26.464  -20.519  -14.838 0.2857142985
95757  -28.000  -19.686  -14.493 0.4285714328
97006  -26.821  -19.244  -15.064 0.2857142985
98288  -27.444  -16.995  -16.798 0.2857142985
99487  -28.643  -16.301  -16.263 0.4285714328
100684  -29.564  -14.706  -17.311 0.4285714328
102946  -29.687  -13.183  -18.916 0.5714285970
104158  -30.072  -12.656  -19.488 0.5714285970
106556  -31.917  -10.064  -19.514 0.5714285970
108906  -33.631  -8.732  -18.080 0.4285714328
108932  -32.923  -8.168  -19.232 0.7142857313
110026  -34.838  -7.047  -18.140 0.5714285970
106566  -31.298  -10.819  -20.956 0.7142857313
108931  -32.575  -8.750  -19.666 0.7142857313
105388  -30.922  -11.447  -20.789 0.7142857313
108963  -32.517  -7.905  -21.254 0.5714285970
114666  -36.851  -3.613  -20.833 0.5714285970
108972  -33.098  -8.066  -22.164 0.7142857313
111242  -33.726  -5.739  -21.624 0.8571428657
115857  -36.551  -3.191  -23.048 0.7142857313
112426  -33.421  -5.937  -22.297 0.8571428657
115879  -35.900  -3.692  -26.016 0.8571428657
115856  -34.441  -2.747  -23.872 0.8571428657
114719  -34.135  -3.971  -23.596 0.8571428657
119435  -33.733  0.737  -19.360 1.0000000000
120607  -32.254  1.723  -18.547 0.8571428657
130381  -29.931  10.426  -19.250 0.8571428657
132349  -28.318  12.395  -20.220 0.7142857313
132331  -28.047  11.678  -20.173 0.5714285970
132370  -27.108  12.214  -21.598 0.5714285970
131340  -27.126  11.465  -21.423 0.5714285970
130405  -25.364  11.291  -21.100 0.4285714328
131354  -25.523  12.144  -21.479 0.4285714328
132384  -25.912  12.700  -22.403 0.4285714328
132312  -24.934  12.830  -18.740 0.2857142985
133338  -26.232  13.784  -18.677 0.2857142985
132292  -27.647  13.455  -18.118 0.1428571492
102945  -28.962  -13.612  -19.233 0.2857142985
133400  -26.347  13.059  -22.352 0.5714285970
136413  -25.075  17.555  -21.093 0.2857142985
137299  -25.016  17.913  -20.076 0.1428571492
135450  -25.038  15.370  -22.061 0.2857142985
136437  -25.922  16.976  -21.943 0.2857142985
136403  -25.018  17.314  -20.309 0.1428571492
138154  -25.555  18.727  -18.924 0.1428571492
135428  -25.262  15.191  -19.435 0.1428571492
135429  -25.668  15.665  -19.715 0.1428571492
135492  -25.511  15.735  -23.254 0.2857142985
135475  -24.902  16.082  -22.695 0.2857142985
134428  -30.730  14.896  -21.127 0.2857142985
134447  -28.670  15.713  -21.834 0.2857142985
137293  -25.807  17.949  -19.209 0.1428571492
134443  -25.109  14.467  -22.907 0.2857142985
134406  -29.470  14.160  -20.394 0.2857142985
135474  -24.812  15.253  -23.035 0.2857142985
132352  -32.797  12.723  -20.021 0.1428571492
134427  -29.231  15.108  -21.126 0.2857142985
134446  -27.836  15.614  -21.882 0.2857142985
136404  -25.453  16.644  -19.660 0.1428571492
134445  -26.827  15.118  -22.633 0.2857142985
135491  -25.140  15.013  -23.244 0.2857142985
130418  -33.892  10.480  -22.283 0.1428571492
131357  -33.727  11.577  -21.544 0.1428571492
133387  -31.292  13.523  -20.104 0.4285714328
133402  -27.841  13.743  -21.131 0.2857142985
128384  -33.987  8.294  -21.094 0.2857142985
131328  -32.458  11.614  -19.178 0.4285714328
133363  -29.955  12.832  -19.813 0.2857142985
134424  -26.366  13.676  -22.345 0.2857142985
127281  -33.212  7.354  -22.582 0.1428571492
130395  -33.623  10.401  -19.957 0.2857142985
133364  -30.780  13.019  -19.673 0.4285714328
129413  -32.449  9.713  -18.690 0.5714285970
132334  -30.664  12.273  -19.495 0.7142857313
126180  -32.805  6.392  -22.820 0.1428571492
127269  -33.863  7.265  -21.715 0.1428571492
131327  -31.386  11.554  -19.178 0.7142857313
133362  -29.425  12.666  -19.935 0.4285714328
129414  -33.530  9.285  -19.153 0.4285714328
124029  -32.533  4.526  -23.606 0.2857142985
125119  -33.055  5.581  -22.575 0.7142857313
129412  -31.425  9.840  -18.502 0.7142857313
125049  -33.151  5.932  -18.707 0.8571428657
127247  -33.675  7.235  -19.611 0.8571428657
129398  -32.723  8.800  -18.722 0.5714285970
122975  -31.872  3.503  -25.536 0.2857142985
124039  -32.078  4.442  -24.835 0.2857142985
128362  -33.488  8.146  -19.152 0.7142857313
128345  -29.823  8.727  -18.975 0.5714285970
128348  -32.162  8.119  -18.628 0.8571428657
122986  -32.014  2.993  -26.061 0.1428571492
125107  -33.848  5.333  -21.442 0.7142857313
121863  -32.455  2.495  -26.775 0.1428571492
115806  -31.191  -2.507  -20.258 0.5714285970
118309  -33.591  -0.926  -19.932 0.8571428657
119451  -33.333  -0.096  -19.432 0.8571428657
118308  -32.455  -0.878  -19.484 0.4285714328
119434  -32.794  0.563  -19.071 0.5714285970
123967  -33.783  4.464  -19.141 0.8571428657
121821  -34.353  2.586  -22.128 0.8571428657
125088  -33.867  4.958  -19.557 0.8571428657
121849  -33.151  2.115  -25.829 0.2857142985
122934  -33.853  4.267  -21.831 0.8571428657
125108  -34.044  5.133  -20.861 0.8571428657
127234  -33.206  7.318  -18.930 0.8571428657
120702  -32.746  1.915  -27.665 0.4285714328
122957  -33.154  3.692  -23.489 0.7142857313
122946  -33.125  4.474  -22.640 0.7142857313
115824  -30.286  -3.001  -20.382 0.2857142985
117094  -32.898  -1.732  -20.074 0.5714285970
117093  -31.841  -1.603  -19.970 0.5714285970
121810  -34.350  2.591  -20.700 0.8571428657
122935  -34.087  3.696  -21.451 0.8571428657
122914  -34.062  3.570  -20.188 0.8571428657
120676  -33.642  1.634  -25.377 0.4285714328
121828  -34.167  2.034  -23.306 0.8571428657
122948  -34.058  3.394  -22.140 0.8571428657
120703  -33.382  1.653  -27.084 0.4285714328
111240  -31.608  -6.799  -21.641 0.7142857313
112424  -31.138  -6.031  -20.984 0.4285714328
111253  -32.254  -7.051  -22.400 0.7142857313
113558  -32.943  -5.253  -22.862 0.8571428657
113538  -31.624  -5.034  -21.023 0.5714285970
114683  -31.109  -3.868  -20.393 0.5714285970
114682  -29.813  -3.854  -20.497 0.4285714328
114686  -33.654  -3.593  -22.304 0.8571428657
114684  -32.204  -4.134  -20.867 0.5714285970
115842  -34.664  -3.015  -22.897 0.8571428657
115809  -33.864  -2.613  -20.996 0.7142857313
115808  -33.207  -2.568  -20.568 0.5714285970
118374  -34.264  -0.610  -25.938 0.7142857313
119498  -34.264  0.254  -25.298 0.7142857313
120667  -34.517  1.136  -23.662 0.7142857313
119523  -35.812  0.600  -26.847 0.2857142985
119522  -34.021  0.249  -27.131 0.4285714328
119510  -33.806  0.880  -26.854 0.5714285970
108971  -32.788  -8.129  -22.571 0.4285714328
110076  -31.883  -8.041  -22.515 0.4285714328
111239  -30.860  -7.223  -20.899 0.4285714328
112461  -34.184  -4.729  -23.551 0.7142857313
112460  -33.770  -4.999  -23.517 0.7142857313
113572  -33.869  -4.413  -23.582 0.7142857313
115825  -34.106  -3.201  -22.541 0.8571428657
117163  -35.227  -1.472  -26.112 0.7142857313
117175  -34.734  -0.965  -26.622 0.5714285970
117174  -34.501  -1.109  -26.312 0.5714285970
108961  -31.713  -8.892  -21.663 0.4285714328
108960  -30.446  -9.118  -21.154 0.5714285970
110077  -32.764  -7.829  -22.729 0.5714285970
112446  -33.402  -5.594  -23.074 0.7142857313
117165  -37.151  -1.717  -25.613 0.4285714328
118376  -36.343  -0.859  -26.077 0.4285714328
118389  -36.566  -0.065  -26.529 0.4285714328
118388  -35.273  -0.496  -26.905 0.4285714328
105404  -30.169  -11.824  -21.175 0.5714285970
113522  -37.919  -4.889  -20.402 0.4285714328
115892  -39.725  -2.969  -26.248 0.4285714328
114736  -38.381  -3.237  -24.394 0.4285714328
117154  -39.471  -1.853  -25.649 0.4285714328
99512  -29.824  -15.418  -15.984 0.1428571492
114724  -38.935  -3.618  -23.485 0.4285714328
114737  -39.456  -3.769  -24.718 0.4285714328
114762  -40.425  -3.246  -25.997 0.4285714328
101770  -30.684  -13.982  -16.663 0.1428571492
102920  -31.611  -13.391  -16.842 0.1428571492
106529  -33.665  -9.737  -17.621 0.2857142985
111223  -38.557  -6.180  -19.552 0.2857142985
112450  -40.589  -5.888  -22.921 0.2857142985
112430  -39.559  -5.541  -21.295 0.2857142985
111197  -36.171  -5.973  -18.303 0.4285714328
112464  -40.780  -5.553  -23.418 0.2857142985
113546  -39.556  -5.000  -21.832 0.2857142985
113508  -37.691  -5.219  -19.862 0.2857142985
113578  -40.739  -4.685  -23.629 0.2857142985
113577  -40.018  -4.662  -23.553 0.4285714328
101771  -31.578  -14.167  -16.268 0.1428571492
100665  -29.901  -14.731  -16.813 0.1428571492
104143  -33.342  -12.052  -17.081 0.2857142985
105335  -33.249  -11.468  -17.477 0.2857142985
108910  -37.059  -8.219  -17.172 0.2857142985
110029  -37.580  -7.252  -17.996 0.2857142985
110028  -36.847  -6.604  -17.768 0.2857142985
110008  -35.323  -7.551  -17.472 0.2857142985
111211  -38.165  -6.357  -19.216 0.2857142985
102921  -32.494  -13.556  -16.432 0.1428571492
106521  -35.701  -10.470  -16.326 0.2857142985
104122  -33.429  -12.818  -16.407 0.2857142985
106531  -35.264  -10.129  -16.849 0.2857142985
105336  -34.058  -11.016  -17.048 0.2857142985
104120  -31.883  -12.759  -17.286 0.2857142985
107757  -35.016  -9.114  -16.744 0.2857142985
99489  -30.023  -16.243  -15.514 0.1428571492
99513  -30.743  -15.552  -15.631 0.1428571492
90869  -28.268  -23.178  -13.855 0.2857142985
90868  -27.277  -23.112  -13.991 0.2857142985
97037  -29.803  -17.704  -14.647 0.2857142985
92074  -28.800  -22.334  -13.792 0.1428571492
90845  -26.690  -23.752  -13.608 0.2857142985
104121  -32.506  -12.776  -16.925 0.1428571492
104144  -34.221  -11.970  -16.562 0.2857142985
107758  -36.156  -9.202  -17.035 0.2857142985
110052  -38.773  -6.852  -19.756 0.2857142985
110009  -36.331  -7.390  -17.320 0.2857142985
112407  -39.153  -5.919  -20.792 0.2857142985
112388  -36.724  -5.231  -19.377 0.4285714328
113544  -37.981  -4.417  -20.960 0.4285714328
113563  -39.743  -4.910  -22.621 0.2857142985
114726  -40.729  -3.941  -23.830 0.2857142985
112425  -31.985  -6.017  -21.782 0.7142857313
113601  -40.326  -4.007  -25.402 0.4285714328
114662  -33.318  -3.161  -21.297 0.5714285970
114749  -38.550  -3.175  -25.278 0.4285714328
117164  -36.099  -1.789  -25.670 0.4285714328
118390  -37.179  0.090  -26.465 0.2857142985
118398  -34.812  -0.000  -27.504 0.5714285970
126141  -30.544  6.434  -18.645 0.7142857313
120677  -34.083  1.241  -24.663 0.7142857313
125065  -33.683  5.424  -19.041 0.8571428657
130380  -28.845  10.235  -19.512 0.4285714328
129410  -29.579  9.387  -19.192 0.5714285970
129397  -31.818  8.947  -18.504 0.7142857313
119521  -33.913  1.067  -27.185 0.2857142985
126143  -33.943  5.581  -20.028 0.8571428657
129427  -33.904  9.434  -20.455 0.4285714328
137294  -26.431  17.610  -18.651 0.1428571492
132351  -32.056  13.140  -19.997 0.2857142985
131342  -33.415  11.587  -20.350 0.1428571492
135493  -26.869  16.105  -22.802 0.2857142985
93324  -26.057  -21.618  -14.561 0.2857142985
95759  -30.086  -19.555  -14.346 0.1428571492
98272  -30.308  -16.947  -14.945 0.1428571492
101772  -32.464  -14.290  -15.864 0.1428571492
104104  -33.811  -13.129  -15.917 0.1428571492
105334  -32.810  -11.465  -17.755 0.2857142985
106530  -34.354  -9.983  -17.244 0.2857142985
108909  -35.791  -8.268  -17.008 0.2857142985
110041  -38.363  -6.984  -18.840 0.2857142985
107755  -33.760  -9.084  -17.761 0.2857142985
111224  -39.116  -6.327  -20.202 0.2857142985
110065  -29.994  -8.072  -21.247 0.2857142985
115861  -40.121  -3.213  -23.484 0.2857142985
112445  -32.771  -6.027  -22.489 0.7142857313
113537  -30.498  -4.939  -20.653 0.4285714328
114738  -40.928  -3.862  -24.838 0.4285714328
115805  -30.079  -2.055  -20.355 0.2857142985
115884  -40.617  -3.180  -25.496 0.2857142985
114685  -32.926  -3.981  -21.563 0.7142857313
115859  -39.443  -1.790  -24.629 0.1428571492
118364  -38.373  -0.760  -25.571 0.4285714328
118378  -38.556  -0.982  -25.923 0.4285714328
118363  -37.798  -0.400  -25.007 0.1428571492
119513  -37.300  0.104  -25.461 0.1428571492
118387  -34.266  -0.568  -26.832 0.5714285970
120718  -35.061  1.121  -27.336 0.2857142985
120689  -33.584  1.318  -26.284 0.5714285970
121837  -33.363  2.546  -24.430 0.7142857313
126142  -33.967  6.133  -19.850 0.8571428657
121880  -32.267  2.745  -27.536 0.2857142985
134401  -24.641  14.496  -19.855 0.2857142985
122964  -32.510  3.300  -24.707 0.4285714328
122974  -31.341  3.779  -25.851 0.1428571492
127258  -34.153  7.098  -20.584 0.5714285970
124049  -31.473  4.110  -25.483 0.1428571492
125127  -32.470  5.524  -23.160 0.1428571492
126193  -32.393  6.417  -23.540 0.1428571492
135418  -26.304  16.067  -19.156 0.1428571492
128375  -33.745  8.250  -20.013 0.5714285970
128391  -33.897  8.282  -22.208 0.1428571492
131341  -32.918  11.915  -19.681 0.2857142985
129436  -33.878  9.436  -21.542 0.1428571492
129444  -33.739  9.279  -22.733 0.1428571492
134408  -31.469  14.339  -20.636 0.2857142985
134409  -32.226  14.426  -20.879 0.2857142985
133404  -32.896  14.106  -21.019 0.1428571492
132353  -33.504  12.609  -20.973 0.1428571492
94594  -30.743  -20.433  -14.316 0.1428571492
99514  -31.611  -15.719  -15.447 0.1428571492
111255  -40.070  -6.180  -21.688 0.2857142985
120705  -35.453  1.633  -26.499 0.2857142985
131369  -34.163  11.628  -22.583 0.1428571492
134429  -31.712  14.898  -21.208 0.2857142985
92072  -26.778  -22.384  -14.304 0.2857142985
93327  -29.283  -21.393  -14.021 0.1428571492
94593  -29.703  -20.503  -14.325 0.1428571492
100666  -30.660  -14.742  -16.078 0.1428571492
102936  -31.321  -13.093  -17.361 0.2857142985
104142  -32.476  -12.049  -17.587 0.2857142985
102919  -30.924  -13.495  -17.137 0.1428571492
106545  -33.002  -10.345  -18.000 0.2857142985
111254  -33.012  -6.746  -22.554 0.5714285970
108979  -33.117  -7.979  -22.631 0.4285714328
115882  -38.965  -2.773  -26.059 0.4285714328
114706  -34.004  -3.793  -23.379 0.7142857313
117123  -34.251  -2.150  -22.584 0.8571428657
117096  -34.215  -1.929  -21.134 0.8571428657
120656  -34.665  1.067  -22.645 0.8571428657
120630  -33.860  2.055  -19.391 0.8571428657
129395  -30.173  9.032  -18.723 0.5714285970
130382  -30.947  10.611  -18.999 0.7142857313
132333  -29.631  12.117  -19.635 0.5714285970
134444  -25.851  14.554  -22.795 0.2857142985
118375  -35.680  -1.175  -26.260 0.4285714328
105387  -30.435  -11.838  -20.635 0.5714285970
108908  -34.796  -8.348  -17.222 0.2857142985
113576  -39.328  -4.263  -22.807 0.4285714328
123990  -33.859  4.393  -19.883 0.8571428657
126128  -33.411  6.435  -19.136 0.8571428657
134425  -26.928  14.164  -22.041 0.2857142985
134402  -25.135  14.885  -20.698 0.2857142985
113540  -33.132  -4.588  -22.416 0.8571428657
137305  -24.767  18.082  -20.801 0.1428571492
136414  -25.374  16.680  -20.586 0.2857142985
136396  -25.580  17.343  -19.699 0.1428571492
135451  -25.504  15.804  -20.948 0.2857142985
136451  -25.229  16.565  -23.119 0.2857142985
134404  -26.090  15.022  -19.704 0.1428571492
136397  -26.099  16.989  -18.958 0.1428571492
133403  -28.659  14.213  -20.822 0.2857142985
134407  -30.414  14.317  -20.487 0.2857142985
133386  -30.169  13.530  -20.100 0.2857142985
132335  -31.784  12.608  -19.469 0.2857142985
133389  -33.092  13.388  -20.705 0.1428571492
134426  -27.728  14.784  -21.345 0.2857142985
130408  -33.783  10.452  -20.995 0.1428571492
133388  -32.292  13.685  -20.442 0.1428571492
130383  -31.979  10.727  -18.693 0.5714285970
130384  -32.947  10.529  -19.126 0.4285714328
127294  -32.852  7.685  -23.218 0.1428571492
126181  -33.435  6.392  -22.220 0.1428571492
131329  -33.189  11.253  -19.569 0.2857142985
129437  -34.011  9.864  -20.903 0.2857142985
126168  -33.930  6.217  -21.405 0.4285714328
124021  -32.742  4.821  -22.768 0.5714285970
126169  -34.090  5.698  -20.977 0.7142857313
126155  -34.116  6.163  -20.636 0.7142857313
124030  -32.989  4.021  -23.954 0.5714285970
121848  -32.512  2.755  -25.407 0.4285714328
124010  -33.926  4.609  -21.385 0.8571428657
115807  -32.316  -2.504  -20.278 0.5714285970
118296  -31.953  0.016  -19.122 0.4285714328
121827  -33.666  2.957  -22.993 0.8571428657
121864  -33.135  1.859  -26.535 0.5714285970
122947  -33.619  3.976  -22.453 0.8571428657
121838  -34.204  1.811  -24.060 0.7142857313
111252  -31.558  -7.482  -22.003 0.5714285970
113539  -32.620  -5.081  -21.770 0.7142857313
114660  -31.950  -3.295  -20.369 0.5714285970
113536  -29.299  -4.830  -20.781 0.2857142985
114664  -33.703  -2.733  -21.889 0.8571428657
119511  -33.996  0.294  -26.369 0.5714285970
120690  -33.937  0.942  -25.627 0.7142857313
108970  -32.379  -8.275  -22.524 0.5714285970
110066  -31.235  -8.198  -21.505 0.5714285970
118377  -37.618  -0.539  -26.010 0.4285714328
119524  -36.691  0.475  -26.354 0.2857142985
113523  -38.565  -5.119  -20.671 0.2857142985
114760  -39.463  -3.195  -25.961 0.4285714328
115874  -40.062  -2.345  -25.252 0.4285714328
117166  -38.704  -1.819  -25.909 0.4285714328
114725  -39.709  -4.119  -24.131 0.4285714328
105357  -33.530  -11.044  -17.470 0.2857142985
112406  -38.729  -5.541  -20.221 0.2857142985
111222  -37.994  -5.989  -19.434 0.2857142985
112463  -40.262  -5.371  -23.031 0.2857142985
112366  -37.060  -5.733  -19.074 0.2857142985
111198  -36.996  -6.018  -18.503 0.2857142985
113589  -40.199  -4.345  -24.507 0.4285714328
100667  -31.562  -14.897  -15.647 0.1428571492
110010  -37.112  -7.398  -17.472 0.2857142985
102922  -33.248  -13.620  -15.988 0.1428571492
105337  -35.025  -10.911  -16.316 0.2857142985
90846  -27.688  -23.807  -13.546 0.1428571492
92075  -29.880  -22.294  -13.950 0.1428571492
127246  -30.062  7.224  -18.766 0.5714285970
123963  -29.814  4.717  -19.207 0.4285714328
125062  -29.439  5.598  -19.283 0.4285714328
126140  -29.734  6.403  -18.930 0.5714285970
125063  -30.211  5.522  -18.816 0.5714285970
127231  -30.873  7.316  -18.573 0.4285714328
121764  -30.065  2.184  -19.193 0.4285714328
122888  -30.741  3.202  -18.902 0.4285714328
122887  -29.910  3.583  -19.264 0.4285714328
123964  -30.783  4.389  -18.547 0.5714285970
123944  -31.559  5.014  -18.153 0.5714285970
125046  -31.018  5.606  -18.344 0.5714285970
119433  -31.775  1.079  -18.707 0.5714285970
112432  -41.534  -6.007  -22.848 0.1428571492
113579  -41.206  -5.382  -23.460 0.1428571492
113564  -41.133  -4.669  -23.156 0.1428571492
99551  -27.922  -16.148  -18.365 0.2857142985
112449  -40.139  -5.595  -22.228 0.1428571492
111225  -41.307  -6.839  -20.760 0.1428571492
111245  -41.445  -6.937  -22.410 0.1428571492
112392  -40.504  -6.099  -20.161 0.1428571492
112408  -41.197  -5.910  -21.399 0.1428571492
112369  -40.131  -6.188  -19.201 0.1428571492
110053  -39.246  -7.292  -20.369 0.1428571492
110079  -41.203  -7.445  -22.177 0.1428571492
111243  -39.573  -6.499  -21.052 0.1428571492
110080  -41.602  -7.549  -22.245 0.1428571492
110031  -40.174  -7.666  -18.863 0.1428571492
110070  -41.980  -7.869  -22.046 0.1428571492
109988  -39.176  -7.606  -16.769 0.1428571492
110030  -39.731  -7.303  -18.211 0.1428571492
111165  -39.012  -6.708  -16.807 0.1428571492
98304  -27.073  -17.161  -17.668 0.2857142985
98322  -26.737  -17.179  -18.086 0.2857142985
107771  -37.763  -8.856  -17.606 0.1428571492
108933  -38.535  -8.350  -19.335 0.1428571492
110042  -38.782  -7.483  -19.671 0.1428571492
108974  -41.612  -8.260  -22.167 0.1428571492
108949  -39.529  -8.479  -20.685 0.1428571492
110044  -41.357  -8.368  -20.428 0.1428571492
108964  -40.162  -8.013  -21.440 0.1428571492
108935  -40.560  -8.552  -19.160 0.1428571492
108913  -39.687  -8.273  -17.630 0.1428571492
108892  -39.325  -8.180  -16.479 0.1428571492
110011  -39.401  -7.516  -17.512 0.1428571492
97069  -26.340  -17.890  -17.335 0.2857142985
97056  -26.308  -18.130  -16.763 0.2857142985
107760  -37.800  -9.720  -17.122 0.1428571492
107772  -38.043  -9.314  -18.001 0.1428571492
107796  -40.374  -9.252  -21.373 0.1428571492
107784  -41.307  -9.650  -20.159 0.1428571492
108924  -40.156  -8.403  -18.288 0.1428571492
107783  -40.701  -9.433  -19.381 0.1428571492
109958  -39.459  -7.828  -15.374 0.1428571492
108874  -39.488  -8.254  -15.790 0.1428571492
104145  -35.035  -11.792  -16.125 0.1428571492
106533  -37.296  -10.320  -16.585 0.1428571492
105320  -36.364  -11.167  -15.755 0.1428571492
106547  -38.430  -10.378  -18.234 0.1428571492
106534  -38.055  -10.290  -17.224 0.1428571492
107807  -39.782  -10.063  -21.358 0.1428571492
107808  -40.513  -9.771  -21.362 0.1428571492
107794  -38.990  -9.545  -20.202 0.1428571492
107797  -41.587  -9.831  -20.791 0.1428571492
106535  -39.715  -9.350  -17.319 0.1428571492
107731  -39.685  -8.993  -15.689 0.1428571492
106524  -39.640  -9.398  -16.607 0.1428571492
104123  -34.383  -12.650  -16.003 0.1428571492
105358  -38.663  -11.388  -18.417 0.1428571492
105339  -38.276  -11.372  -17.081 0.1428571492
105321  -37.246  -11.404  -16.259 0.1428571492
106557  -38.608  -10.405  -19.457 0.1428571492
106583  -41.216  -10.659  -21.011 0.1428571492
106581  -39.482  -10.632  -21.414 0.1428571492
106570  -41.426  -10.675  -20.639 0.1428571492
106558  -40.977  -10.314  -19.540 0.1428571492
107809  -41.289  -10.151  -21.146 0.1428571492
106536  -40.105  -9.644  -17.815 0.1428571492
104146  -38.595  -12.418  -17.449 0.1428571492
105322  -37.721  -11.964  -16.382 0.1428571492
105389  -38.377  -11.418  -20.890 0.1428571492
105373  -38.467  -11.371  -19.730 0.1428571492
106580  -38.699  -10.899  -21.294 0.1428571492
106548  -40.393  -10.018  -18.637 0.1428571492
105391  -41.551  -11.078  -20.343 0.1428571492
108950  -40.189  -8.994  -21.200 0.1428571492
108923  -37.978  -8.133  -17.864 0.1428571492
108860  -39.534  -8.298  -15.078 0.1428571492
109959  -39.757  -7.355  -14.943 0.1428571492
107761  -39.470  -8.763  -17.060 0.1428571492
110043  -40.965  -7.812  -19.927 0.1428571492
110012  -39.896  -7.823  -18.059 0.1428571492
111260  -40.932  -6.176  -23.142 0.1428571492
112431  -41.402  -5.682  -22.335 0.1428571492
105323  -39.695  -10.181  -16.699 0.1428571492
108861  -40.034  -8.298  -14.578 0.1428571492
111137  -40.431  -6.423  -14.562 0.1428571492
120606  -30.975  1.367  -18.812 0.4285714328
109974  -39.510  -6.863  -15.388 0.1428571492
109973  -39.348  -7.405  -15.890 0.1428571492
111182  -39.343  -6.691  -17.918 0.1428571492
113547  -40.914  -4.906  -22.117 0.1428571492
127245  -29.352  7.240  -19.050 0.4285714328
128360  -29.283  8.264  -19.292 0.4285714328
135479  -32.422  15.084  -22.050 0.1428571492
128361  -29.740  7.739  -18.958 0.4285714328
98287  -26.729  -17.531  -17.062 0.2857142985
135496  -30.595  16.004  -22.011 0.1428571492
112451  -41.311  -5.818  -23.294 0.1428571492
107759  -37.300  -9.251  -17.159 0.1428571492
105319  -35.520  -10.818  -16.156 0.1428571492
106532  -36.377  -9.946  -16.627 0.1428571492
115875  -40.466  -3.174  -24.547 0.1428571492
115860  -39.887  -2.445  -24.052 0.1428571492
111256  -40.672  -6.521  -22.330 0.1428571492
111257  -41.331  -6.457  -22.700 0.1428571492
113548  -41.417  -5.326  -22.839 0.1428571492
111226  -41.386  -6.998  -21.707 0.1428571492
111212  -40.976  -6.979  -20.111 0.1428571492
110054  -41.249  -7.380  -20.449 0.1428571492
111200  -40.505  -6.883  -19.446 0.1428571492
113525  -40.136  -5.003  -20.825 0.1428571492
112391  -39.728  -5.620  -19.533 0.1428571492
111199  -39.883  -6.772  -18.709 0.1428571492
108934  -39.055  -7.904  -19.991 0.1428571492
110069  -40.517  -7.474  -21.772 0.1428571492
108973  -41.413  -8.020  -22.263 0.1428571492
108965  -40.813  -8.521  -21.744 0.1428571492
108966  -41.470  -8.921  -21.428 0.1428571492
108936  -41.093  -8.797  -19.988 0.1428571492
108951  -41.545  -8.945  -20.696 0.1428571492
107773  -40.392  -9.166  -18.457 0.1428571492
108948  -38.807  -8.967  -19.913 0.1428571492
107782  -38.508  -9.497  -19.238 0.1428571492
104124  -35.449  -12.042  -15.659 0.1428571492
105338  -37.760  -10.842  -16.762 0.1428571492
107795  -39.696  -9.587  -21.083 0.1428571492
106568  -39.436  -10.182  -21.192 0.1428571492
106569  -41.194  -10.923  -20.879 0.1428571492
106559  -41.493  -10.461  -20.235 0.1428571492
105359  -40.593  -10.962  -18.736 0.1428571492
106567  -38.819  -10.436  -20.768 0.1428571492
89606  -24.923  -24.551  -13.730 0.1428571492
90867  -26.326  -23.135  -14.153 0.1428571492
89624  -24.868  -23.828  -14.251 0.1428571492
90866  -25.374  -23.095  -14.352 0.1428571492
94620  -25.802  -20.442  -15.222 0.1428571492
94619  -25.204  -20.442  -15.468 0.1428571492
95786  -25.806  -19.810  -15.471 0.1428571492
93349  -24.841  -21.250  -15.243 0.1428571492
95785  -24.923  -19.871  -16.126 0.1428571492
97033  -25.530  -19.297  -16.148 0.1428571492
97055  -25.481  -18.673  -16.790 0.1428571492
95813  -24.363  -18.899  -17.348 0.1428571492
97067  -24.955  -18.420  -17.929 0.1428571492
98320  -25.579  -17.412  -18.537 0.1428571492
97082  -25.574  -18.110  -18.308 0.1428571492
99549  -26.107  -16.462  -18.942 0.2857142985
99550  -27.099  -16.682  -18.489 0.1428571492
100696  -26.858  -16.042  -19.157 0.1428571492
101807  -28.356  -14.305  -19.547 0.2857142985
106577  -29.569  -10.914  -21.443 0.4285714328
107805  -30.569  -10.219  -21.462 0.4285714328
119449  -30.970  0.344  -19.178 0.2857142985
120629  -30.608  0.985  -19.490 0.2857142985
123987  -27.666  4.520  -20.431 0.2857142985
125061  -28.686  5.568  -19.674 0.2857142985
126139  -29.002  6.430  -19.385 0.2857142985
98303  -26.460  -17.608  -17.796 0.1428571492
99563  -25.710  -16.090  -19.123 0.1428571492
100706  -26.333  -15.628  -19.432 0.2857142985
92070  -25.165  -22.236  -14.954 0.1428571492
94618  -24.394  -20.517  -16.111 0.1428571492
97054  -24.755  -19.023  -17.144 0.1428571492
97081  -25.222  -17.966  -18.461 0.1428571492
98319  -24.879  -17.559  -18.563 0.1428571492
99548  -25.248  -16.577  -18.834 0.1428571492
101804  -25.833  -14.917  -19.519 0.2857142985
100708  -27.817  -15.105  -19.404 0.2857142985
101805  -26.783  -14.789  -19.858 0.2857142985
102958  -27.171  -14.277  -20.190 0.2857142985
101806  -27.596  -14.548  -20.004 0.2857142985
102959  -28.800  -13.323  -19.856 0.2857142985
104209  -29.713  -12.202  -20.878 0.4285714328
104208  -29.359  -12.239  -21.024 0.4285714328
105402  -28.700  -11.549  -21.381 0.2857142985
118307  -31.382  -0.690  -19.515 0.2857142985
118305  -29.759  -0.031  -20.382 0.2857142985
120627  -29.437  1.359  -20.612 0.2857142985
121790  -29.656  1.752  -19.962 0.2857142985
122911  -28.144  3.449  -20.481 0.2857142985
122932  -27.101  3.356  -20.892 0.2857142985
123962  -29.130  4.930  -19.512 0.2857142985
102970  -28.245  -13.875  -20.276 0.2857142985
118306  -30.435  -0.408  -19.798 0.2857142985
119447  -29.893  0.743  -20.532 0.2857142985
118321  -29.004  -0.618  -20.736 0.2857142985
120626  -28.707  1.686  -20.738 0.2857142985
121788  -28.250  2.381  -20.841 0.2857142985
121789  -29.097  2.374  -20.132 0.2857142985
122933  -27.850  2.954  -21.025 0.2857142985
122912  -29.074  3.459  -19.731 0.2857142985
120644  -28.875  1.190  -21.223 0.2857142985
120643  -28.056  1.490  -21.254 0.2857142985
105403  -29.535  -11.702  -21.369 0.4285714328
106578  -30.411  -11.175  -21.552 0.4285714328
104176  -28.976  -12.768  -20.140 0.4285714328
94589  -25.612  -20.927  -14.955 0.1428571492
92071  -25.935  -22.481  -14.397 0.1428571492
123989  -29.258  4.236  -19.479 0.2857142985
100707  -27.157  -15.365  -19.547 0.1428571492
97068  -25.973  -18.301  -17.718 0.1428571492
90844  -25.747  -23.878  -14.022 0.1428571492
93323  -25.421  -21.494  -14.886 0.1428571492
95803  -24.982  -19.343  -16.636 0.1428571492
95802  -24.218  -19.718  -16.826 0.1428571492
100705  -25.844  -15.701  -19.340 0.2857142985
123988  -28.411  4.496  -19.732 0.2857142985
104191  -28.575  -12.888  -20.554 0.4285714328
121809  -27.573  2.390  -21.330 0.2857142985
107804  -29.464  -9.960  -21.348 0.2857142985
137371  -26.956  18.256  -24.937 0.1428571492
137372  -28.000  18.028  -24.755 0.1428571492
136469  -28.070  17.185  -23.480 0.1428571492
136454  -28.743  16.609  -22.820 0.1428571492
138206  -26.238  19.072  -24.452 0.1428571492
136452  -26.038  16.897  -23.154 0.1428571492
138175  -24.855  18.945  -21.756 0.1428571492
136455  -29.969  16.584  -22.568 0.1428571492
137373  -29.131  18.126  -24.345 0.1428571492
135476  -30.250  15.537  -21.494 0.1428571492
135495  -29.405  15.884  -22.095 0.1428571492
137341  -26.163  17.767  -23.587 0.1428571492
137325  -25.456  18.154  -21.588 0.1428571492
136438  -25.805  17.507  -22.929 0.1428571492
135494  -28.158  16.159  -22.400 0.1428571492
137359  -27.128  17.609  -24.186 0.1428571492
137358  -26.269  18.346  -24.524 0.1428571492
137360  -28.589  17.500  -24.047 0.1428571492
136453  -27.366  16.963  -22.978 0.1428571492
137342  -26.703  17.325  -23.572 0.1428571492
138189  -26.471  18.585  -23.590 0.1428571492
136470  -29.328  16.951  -23.405 0.1428571492
118319  -27.664  0.084  -21.897 0.1428571492
119463  -29.188  0.475  -21.030 0.1428571492
119462  -28.305  0.637  -21.420 0.1428571492
121808  -26.710  2.464  -21.726 0.1428571492
122944  -24.652  3.324  -22.449 0.1428571492
122930  -25.199  3.457  -22.137 0.1428571492
117091  -29.883  -1.018  -20.380 0.1428571492
124005  -24.922  4.507  -22.052 0.1428571492
125104  -25.557  5.362  -21.323 0.1428571492
112423  -30.007  -6.049  -20.379 0.2857142985
112422  -28.738  -5.931  -20.725 0.1428571492
115822  -28.646  -2.413  -21.369 0.1428571492
117108  -29.212  -1.691  -20.818 0.1428571492
120716  -33.415  1.722  -27.688 0.1428571492
119475  -27.274  0.649  -22.369 0.1428571492
124008  -27.057  4.354  -20.753 0.1428571492
125086  -27.042  5.348  -20.835 0.1428571492
125085  -26.145  5.729  -20.974 0.1428571492
127257  -27.929  7.351  -20.174 0.2857142985
129424  -26.172  9.301  -20.912 0.2857142985
129407  -25.781  9.876  -20.543 0.2857142985
130393  -25.646  10.383  -21.064 0.2857142985
134379  -24.947  14.951  -19.512 0.1428571492
131312  -26.830  11.814  -18.107 0.1428571492
127244  -28.680  7.330  -19.616 0.2857142985
126152  -26.650  6.456  -20.739 0.2857142985
128359  -28.260  8.217  -19.877 0.2857142985
129409  -28.492  9.207  -19.834 0.2857142985
129425  -27.423  9.085  -21.152 0.2857142985
128372  -25.937  8.290  -20.656 0.2857142985
130378  -27.707  9.967  -21.024 0.2857142985
130407  -26.528  11.408  -21.659 0.2857142985
131339  -25.241  12.064  -20.475 0.1428571492
130377  -25.633  10.321  -20.184 0.2857142985
134362  -25.403  14.632  -18.897 0.1428571492
133339  -27.337  13.973  -18.505 0.1428571492
129423  -25.722  8.916  -20.515 0.1428571492
128371  -25.235  8.433  -20.260 0.1428571492
126166  -25.383  5.936  -21.219 0.2857142985
130392  -25.196  11.034  -20.308 0.1428571492
131322  -25.123  11.893  -19.381 0.1428571492
125102  -23.835  5.080  -21.276 0.2857142985
129394  -25.752  9.609  -18.694 0.1428571492
130366  -25.769  10.497  -17.742 0.1428571492
123961  -21.541  4.191  -19.494 0.1428571492
121881  -33.011  2.380  -28.002 0.1428571492
120692  -36.294  1.439  -25.390 0.1428571492
115823  -29.416  -2.776  -20.712 0.1428571492
117107  -28.386  -1.323  -21.342 0.1428571492
121865  -34.346  2.378  -26.762 0.1428571492
117106  -27.740  -0.900  -22.046 0.1428571492
119487  -26.454  0.398  -23.258 0.1428571492
120654  -26.286  1.316  -23.112 0.1428571492
120642  -27.219  1.528  -21.890 0.1428571492
121817  -24.305  2.411  -22.494 0.1428571492
122931  -26.044  3.333  -21.433 0.1428571492
123986  -23.189  4.435  -21.472 0.1428571492
125106  -26.709  4.753  -20.974 0.1428571492
125103  -24.643  5.381  -21.353 0.2857142985
127256  -27.043  7.419  -20.493 0.1428571492
127255  -26.291  7.434  -20.687 0.1428571492
127268  -26.682  7.746  -20.507 0.2857142985
128373  -26.704  8.275  -20.557 0.1428571492
130376  -25.581  10.702  -19.178 0.1428571492
131311  -25.576  11.681  -18.316 0.1428571492
130367  -26.360  11.044  -17.702 0.1428571492
132313  -25.786  12.802  -18.281 0.1428571492
120717  -34.212  1.532  -27.274 0.1428571492
121866  -34.924  2.182  -26.444 0.1428571492
130379  -27.756  10.110  -19.973 0.2857142985
130394  -26.838  10.417  -21.432 0.2857142985
134363  -26.649  14.785  -18.555 0.1428571492
114681  -28.863  -3.653  -21.294 0.1428571492
117092  -30.781  -1.383  -20.018 0.1428571492
119512  -36.738  0.773  -25.574 0.1428571492
125087  -27.986  5.480  -20.284 0.1428571492
126154  -28.388  6.442  -20.065 0.1428571492
118320  -28.372  -0.265  -21.421 0.1428571492
120655  -26.839  1.162  -22.593 0.1428571492
120641  -26.595  1.801  -22.428 0.1428571492
118334  -26.837  0.059  -23.190 0.1428571492
118335  -27.285  -0.287  -22.903 0.1428571492
121807  -25.846  2.447  -22.544 0.1428571492
122945  -25.051  3.048  -22.665 0.1428571492
124020  -24.520  4.020  -22.289 0.1428571492
124007  -26.332  4.178  -20.795 0.1428571492
124006  -25.534  4.296  -21.237 0.1428571492
125105  -26.279  4.974  -21.182 0.1428571492
117122  -28.017  -1.984  -22.095 0.1428571492
126153  -27.514  6.419  -20.445 0.2857142985
126151  -25.844  6.351  -20.853 0.2857142985
129406  -25.570  9.527  -19.960 0.1428571492
128374  -27.529  8.223  -20.362 0.2857142985
129426  -27.972  8.803  -20.484 0.2857142985
129408  -27.890  9.410  -20.582 0.2857142985
135419  -27.300  15.506  -18.369 0.1428571492
128382  -26.337  7.975  -20.578 0.2857142985
101794  -24.901  -14.807  -19.023 0.1428571492
102957  -26.725  -13.907  -20.150 0.1428571492
102944  -24.447  -13.770  -19.001 0.1428571492
104173  -25.041  -12.816  -19.352 0.1428571492
105370  -25.456  -12.173  -19.706 0.1428571492
104175  -26.375  -13.362  -20.064 0.1428571492
105384  -26.170  -11.460  -20.135 0.1428571492
104189  -26.826  -12.813  -20.469 0.1428571492
102968  -27.238  -13.286  -20.515 0.1428571492
105401  -27.681  -11.631  -21.279 0.1428571492
104207  -28.706  -12.235  -21.193 0.1428571492
104206  -28.202  -12.062  -21.328 0.1428571492
105399  -26.544  -10.949  -20.714 0.1428571492
106576  -28.428  -10.614  -21.450 0.1428571492
107803  -28.483  -9.683  -21.475 0.1428571492
110064  -28.834  -7.923  -21.324 0.1428571492
111238  -29.438  -7.076  -20.815 0.1428571492
125083  -23.923  6.045  -20.864 0.1428571492
100694  -24.945  -15.832  -18.736 0.1428571492
101793  -23.964  -14.707  -18.404 0.1428571492
102955  -25.276  -13.741  -19.401 0.1428571492
101803  -25.464  -14.343  -19.447 0.1428571492
101795  -25.270  -15.316  -19.109 0.1428571492
104190  -27.790  -12.580  -20.796 0.1428571492
102956  -25.971  -13.852  -19.680 0.1428571492
104157  -24.351  -12.792  -18.772 0.1428571492
104174  -26.004  -12.796  -19.786 0.1428571492
104188  -26.493  -12.241  -20.251 0.1428571492
105385  -26.939  -11.901  -20.602 0.1428571492
105386  -27.356  -12.210  -20.735 0.1428571492
105400  -26.952  -11.135  -20.874 0.1428571492
106573  -26.385  -10.790  -20.600 0.1428571492
106575  -27.579  -10.553  -21.378 0.1428571492
105369  -24.790  -11.589  -19.388 0.1428571492
100693  -24.255  -15.823  -18.279 0.1428571492
98302  -26.047  -17.851  -18.259 0.1428571492
98321  -26.306  -17.187  -18.340 0.2857142985
99564  -25.960  -16.007  -19.315 0.2857142985
100697  -27.593  -15.858  -19.033 0.2857142985
101816  -27.897  -14.171  -20.292 0.2857142985
101817  -28.053  -14.306  -20.135 0.2857142985
102969  -27.651  -13.752  -20.462 0.1428571492
104161  -31.961  -11.923  -17.990 0.4285714328
104192  -29.300  -12.437  -20.485 0.4285714328
104193  -29.900  -12.215  -20.530 0.5714285970
105356  -33.140  -11.059  -17.786 0.2857142985
105375  -41.618  -10.853  -20.241 0.1428571492
105405  -30.647  -11.632  -21.096 0.5714285970
106522  -36.364  -10.611  -16.215 0.1428571492
106523  -36.822  -10.874  -16.200 0.1428571492
106543  -31.802  -10.376  -19.392 0.5714285970
106546  -33.616  -10.541  -17.504 0.2857142985
106555  -31.497  -10.233  -20.036 0.7142857313
106582  -40.628  -10.892  -21.125 0.1428571492
107716  -39.782  -8.905  -14.939 0.1428571492
107748  -39.526  -8.739  -16.311 0.1428571492
107756  -34.288  -9.134  -17.368 0.2857142985
107762  -39.925  -8.951  -17.760 0.1428571492
107793  -31.849  -9.474  -20.538 0.5714285970
108907  -34.159  -8.516  -17.783 0.4285714328
108911  -37.501  -7.733  -17.564 0.2857142985
108912  -39.232  -8.119  -17.139 0.1428571492
108920  -33.227  -8.434  -18.579 0.5714285970
108922  -37.551  -8.624  -17.449 0.1428571492
108978  -32.995  -8.126  -22.743 0.4285714328
110006  -34.179  -8.122  -18.131 0.4285714328
110027  -35.726  -6.589  -17.724 0.4285714328
110040  -37.550  -6.580  -18.387 0.2857142985
110055  -41.582  -7.909  -20.975 0.1428571492
110067  -33.162  -7.427  -21.602 0.7142857313
110068  -39.733  -7.466  -21.296 0.1428571492
110078  -33.119  -7.627  -22.466 0.4285714328
110084  -32.921  -8.074  -22.964 0.4285714328
110085  -33.023  -7.932  -22.852 0.4285714328
111195  -34.444  -6.797  -18.885 0.7142857313
111207  -33.608  -6.988  -19.968 0.7142857313
111210  -37.659  -6.208  -19.024 0.2857142985
111244  -40.076  -6.847  -21.690 0.1428571492
111261  -41.139  -5.988  -23.377 0.1428571492
112365  -36.403  -5.606  -18.928 0.4285714328
112389  -37.510  -5.542  -19.466 0.2857142985
112405  -38.091  -5.547  -19.798 0.2857142985
112409  -41.472  -6.305  -22.206 0.1428571492
112429  -38.913  -5.339  -20.850 0.2857142985
112448  -34.713  -4.787  -23.310 0.8571428657
112462  -34.463  -4.424  -23.489 0.7142857313
112465  -41.105  -5.604  -23.517 0.1428571492
112472  -35.858  -4.383  -25.652 0.7142857313
112477  -36.010  -4.523  -25.773 0.7142857313
113507  -37.262  -4.875  -19.765 0.4285714328
113520  -35.882  -4.112  -20.571 0.7142857313
113521  -37.021  -4.169  -20.188 0.5714285970
113545  -38.647  -4.787  -21.268 0.2857142985
113559  -33.362  -4.664  -23.308 0.7142857313
113560  -35.199  -4.337  -22.884 0.7142857313
113562  -39.099  -4.489  -22.082 0.4285714328
113565  -41.315  -5.382  -23.285 0.1428571492
113587  -35.998  -4.351  -25.445 0.7142857313
113588  -36.476  -4.137  -25.547 0.7142857313
113590  -40.565  -4.267  -25.048 0.4285714328
113598  -36.039  -4.280  -25.773 0.7142857313
113599  -36.392  -4.060  -25.789 0.7142857313
113600  -40.136  -4.176  -25.186 0.4285714328
114661  -32.655  -3.271  -20.797 0.5714285970
114663  -33.656  -2.904  -21.685 0.8571428657
114687  -33.683  -2.961  -22.021 0.8571428657
114688  -35.897  -3.816  -21.297 0.5714285970
114691  -38.524  -4.294  -21.790 0.4285714328
114708  -36.405  -3.349  -22.712 0.7142857313
114722  -36.262  -3.481  -23.646 0.7142857313
114746  -35.648  -4.098  -25.906 0.8571428657
114747  -36.220  -3.933  -25.986 0.8571428657
114750  -39.875  -3.645  -25.515 0.4285714328
114751  -40.466  -3.570  -25.575 0.4285714328
114761  -40.097  -3.301  -26.017 0.4285714328
115810  -33.875  -2.465  -21.628 0.7142857313
115826  -33.930  -2.731  -22.220 0.8571428657
115841  -34.144  -3.447  -22.781 0.8571428657
115843  -36.710  -3.237  -22.861 0.7142857313
115858  -36.911  -3.174  -23.073 0.7142857313
115873  -39.548  -1.762  -25.269 0.1428571492
115883  -40.399  -2.769  -25.989 0.4285714328
115893  -40.306  -3.046  -26.211 0.4285714328
115894  -40.634  -3.172  -25.998 0.4285714328
117095  -33.754  -1.828  -20.493 0.5714285970
117109  -34.078  -1.918  -21.956 0.8571428657
117167  -39.739  -2.326  -25.970 0.4285714328
117176  -39.472  -2.587  -26.122 0.4285714328
117177  -39.980  -2.745  -26.213 0.4285714328
118297  -32.353  -0.124  -19.169 0.5714285970
118397  -34.477  -0.145  -27.345 0.5714285970
119436  -34.156  0.918  -19.580 1.0000000000
119448  -30.258  0.487  -19.863 0.2857142985
119450  -32.670  -0.174  -19.203 0.8571428657
119461  -27.634  0.848  -21.690 0.2857142985
119474  -26.893  0.568  -23.030 0.1428571492
119477  -34.519  0.500  -23.181 1.0000000000
119488  -34.314  0.264  -24.108 0.8571428657
119489  -34.480  0.559  -23.447 0.8571428657
119525  -37.214  0.225  -26.131 0.1428571492
119534  -34.004  1.271  -27.270 0.2857142985
119535  -34.468  0.624  -27.358 0.2857142985
119536  -35.111  0.338  -27.439 0.5714285970
120605  -30.428  1.409  -19.344 0.2857142985
120628  -30.085  1.262  -19.914 0.2857142985
120653  -25.532  1.130  -23.293 0.1428571492
120657  -34.651  0.602  -22.999 1.0000000000
120666  -26.040  0.718  -23.335 0.1428571492
120704  -34.811  1.747  -26.920 0.1428571492
120706  -36.242  1.205  -26.119 0.1428571492
120715  -32.769  1.999  -28.062 0.4285714328
121763  -29.520  2.889  -19.564 0.2857142985
121765  -31.258  2.412  -18.608 0.4285714328
121768  -33.588  2.909  -19.204 1.0000000000
121792  -34.034  2.634  -19.653 0.8571428657
121806  -25.244  2.828  -22.609 0.1428571492
121820  -33.925  3.223  -22.424 0.8571428657
121836  -32.756  2.833  -24.812 0.4285714328
121850  -34.746  2.583  -26.184 0.1428571492
121882  -33.620  2.275  -27.566 0.1428571492
122910  -27.463  3.909  -20.559 0.1428571492
122913  -33.837  3.864  -19.509 1.0000000000
122929  -24.818  3.875  -22.281 0.1428571492
122956  -32.893  4.246  -22.891 0.5714285970
122965  -32.938  3.508  -24.159 0.4285714328
122985  -31.281  3.299  -26.484 0.1428571492
123001  -33.197  2.709  -27.532 0.1428571492
123946  -32.777  5.230  -18.385 0.8571428657
123991  -34.003  4.421  -20.668 0.8571428657
124009  -33.693  4.763  -21.950 0.7142857313
124022  -33.298  4.854  -22.397 0.5714285970
124040  -32.707  4.013  -24.311 0.5714285970
125048  -32.662  5.816  -18.249 0.8571428657
125064  -33.104  5.401  -18.541 0.8571428657
125066  -33.861  5.440  -19.717 0.8571428657
125084  -25.975  5.905  -21.321 0.2857142985
125089  -33.858  5.087  -20.178 0.8571428657
125120  -33.598  5.531  -22.052 0.7142857313
126127  -32.937  6.604  -18.514 1.0000000000
126156  -34.033  5.636  -20.418 0.8571428657
126167  -25.966  5.801  -21.176 0.2857142985
127233  -32.552  7.367  -18.544 0.8571428657
127267  -26.448  7.769  -20.581 0.2857142985
127280  -32.621  7.074  -23.111 0.1428571492
128349  -32.917  8.066  -18.810 0.7142857313
128383  -26.561  7.972  -20.501 0.2857142985
129396  -30.879  9.009  -18.435 0.7142857313
129399  -33.258  8.593  -18.870 0.5714285970
129428  -33.926  9.857  -20.668 0.2857142985
130396  -33.854  10.065  -20.549 0.2857142985
130409  -33.924  10.076  -20.788 0.2857142985
130419  -34.278  10.903  -23.047 0.1428571492
131367  -25.433  12.431  -22.174 0.7142857313
132311  -24.616  13.310  -19.082 0.2857142985
132336  -32.530  12.263  -19.504 0.2857142985
132350  -29.024  12.473  -19.941 0.4285714328
132383  -25.295  12.883  -22.458 0.4285714328
133321  -27.750  13.880  -18.143 0.1428571492
133360  -24.543  13.772  -19.168 0.2857142985
133361  -24.587  13.642  -19.588 0.2857142985
133381  -24.513  14.060  -19.601 0.2857142985
134380  -25.361  15.215  -19.751 0.1428571492
134381  -25.524  15.156  -19.437 0.1428571492
134382  -26.151  15.003  -19.358 0.1428571492
134403  -25.414  15.498  -20.071 0.1428571492
134405  -26.453  14.962  -19.348 0.1428571492
135430  -25.887  15.101  -19.425 0.1428571492
135431  -26.403  15.033  -19.434 0.1428571492
135452  -25.737  15.362  -19.739 0.1428571492
135453  -26.163  15.049  -19.426 0.1428571492
135477  -31.181  15.498  -21.523 0.1428571492
135478  -31.991  15.311  -21.794 0.1428571492
136468  -27.266  17.258  -23.630 0.1428571492
137357  -26.168  18.506  -24.887 0.1428571492
137370  -26.378  18.508  -25.031 0.1428571492
138205  -25.958  18.781  -25.085 0.1428571492
139082  -26.176  19.390  -25.026 0.1428571492
139091  -26.273  19.209  -25.450 0.1428571492
164502  -35.656  -4.326  -25.644 0.7142857313
