#!ascii label  , from subject 3404 vox2ras=TkReg
957
55055  -24.756  -19.928  -2.948 0.4285714328
56125  -25.263  -18.968  -4.269 0.2857142985
56126  -26.195  -18.120  -4.575 0.4285714328
56140  -25.514  -18.387  -5.272 0.2857142985
56141  -26.173  -17.783  -5.334 0.4285714328
57275  -26.742  -17.125  -4.754 0.4285714328
57311  -26.190  -16.950  -6.480 0.4285714328
58607  -26.448  -16.477  -6.421 0.4285714328
58629  -26.355  -16.237  -7.226 0.4285714328
59932  -26.610  -15.689  -7.606 0.4285714328
59961  -26.604  -15.216  -8.972 0.5714285970
61192  -26.715  -15.276  -8.482 0.5714285970
61174  -26.792  -15.219  -8.066 0.4285714328
62376  -27.573  -14.255  -8.291 0.2857142985
61203  -27.224  -14.873  -9.469 0.7142857313
62395  -27.645  -14.535  -8.756 0.7142857313
62409  -28.604  -14.157  -9.575 0.7142857313
63530  -28.690  -13.428  -9.259 0.4285714328
61194  -27.685  -14.690  -9.117 0.7142857313
62396  -28.135  -14.112  -8.891 0.5714285970
63541  -29.788  -12.570  -10.444 0.5714285970
61205  -28.737  -14.371  -10.032 0.5714285970
62419  -29.433  -13.262  -10.618 0.5714285970
62420  -29.972  -12.940  -10.804 0.5714285970
61216  -28.899  -13.990  -10.457 0.5714285970
64685  -30.226  -11.776  -10.404 0.4285714328
64696  -30.539  -11.739  -11.463 0.5714285970
65815  -30.955  -10.885  -11.511 0.5714285970
62439  -29.676  -13.051  -12.009 0.7142857313
65816  -31.821  -10.225  -11.130 0.5714285970
62440  -30.245  -12.904  -12.048 0.5714285970
63559  -28.056  -12.569  -11.946 0.5714285970
64707  -30.410  -12.046  -12.470 0.8571428657
65828  -31.516  -10.328  -11.578 0.7142857313
66971  -32.362  -9.697  -11.807 0.5714285970
64717  -29.805  -11.726  -13.011 0.7142857313
63568  -28.610  -12.223  -13.027 0.5714285970
68074  -31.857  -8.926  -12.466 0.7142857313
65826  -30.271  -10.723  -12.134 0.7142857313
66970  -31.070  -9.831  -12.203 0.7142857313
68075  -33.067  -8.627  -12.305 0.5714285970
66969  -30.034  -9.797  -12.222 0.7142857313
69184  -32.431  -7.895  -12.313 0.7142857313
68073  -30.698  -8.900  -12.329 0.7142857313
69183  -31.314  -7.961  -12.319 0.7142857313
70324  -32.270  -6.197  -11.660 0.7142857313
70338  -32.915  -6.941  -12.068 0.5714285970
66968  -29.117  -9.636  -12.213 0.5714285970
70325  -33.293  -6.090  -11.818 0.5714285970
71481  -32.771  -5.357  -11.408 0.5714285970
69182  -30.244  -7.877  -12.261 0.8571428657
71480  -31.656  -5.316  -11.335 0.7142857313
70336  -30.797  -7.006  -12.108 0.8571428657
70323  -31.216  -6.186  -11.726 0.7142857313
73952  -30.841  -3.511  -10.660 0.8571428657
72696  -31.907  -3.892  -10.584 0.5714285970
71479  -30.482  -5.247  -11.619 0.8571428657
71478  -29.897  -5.036  -11.746 0.8571428657
71495  -30.360  -6.129  -11.955 0.8571428657
75242  -29.493  -2.622  -10.793 0.8571428657
76425  -29.721  -1.610  -10.404 0.8571428657
77569  -28.930  -0.586  -10.626 0.8571428657
72709  -31.070  -4.205  -10.899 0.8571428657
76444  -29.052  -1.962  -10.804 0.8571428657
76442  -27.569  -1.480  -11.594 1.0000000000
76424  -28.974  -1.195  -10.702 1.0000000000
77588  -28.322  -0.637  -10.992 1.0000000000
76443  -28.455  -1.729  -11.145 1.0000000000
78682  -28.109  0.657  -11.004 1.0000000000
79815  -26.895  1.637  -12.771 0.7142857313
77587  -27.393  -0.219  -11.574 1.0000000000
79795  -27.598  1.776  -11.514 1.0000000000
83370  -27.283  5.042  -12.779 1.0000000000
83369  -26.654  4.151  -13.258 0.8571428657
85799  -27.327  6.688  -13.337 0.8571428657
84633  -26.757  5.718  -13.509 1.0000000000
88172  -27.734  9.291  -14.979 0.8571428657
86979  -26.719  7.659  -14.088 0.8571428657
86964  -27.105  7.180  -13.639 1.0000000000
90316  -27.242  10.070  -15.953 0.8571428657
89314  -28.147  9.970  -16.305 0.8571428657
89293  -25.750  9.463  -15.227 0.5714285970
90315  -26.637  10.587  -16.065 0.7142857313
90318  -27.018  11.157  -16.952 0.5714285970
90301  -25.120  10.427  -14.906 0.5714285970
90314  -25.831  10.511  -15.524 0.5714285970
91324  -25.460  11.324  -15.149 0.4285714328
92353  -25.929  12.258  -15.907 0.4285714328
92357  -25.860  12.492  -16.854 0.4285714328
92341  -24.671  12.074  -14.178 0.2857142985
92332  -24.112  12.454  -13.704 0.2857142985
91316  -24.282  11.512  -13.965 0.2857142985
92333  -24.710  12.689  -14.090 0.2857142985
63542  -30.250  -12.551  -10.918 0.5714285970
72710  -32.250  -4.581  -10.930 0.5714285970
70337  -31.820  -7.063  -11.999 0.7142857313
73937  -30.766  -3.037  -10.514 0.8571428657
75226  -30.311  -2.462  -10.456 0.8571428657
77570  -29.461  -0.629  -10.373 0.8571428657
80965  -27.292  2.510  -12.218 0.8571428657
93333  -24.871  14.007  -13.403 0.1428571492
57294  -25.655  -17.760  -5.938 0.2857142985
57295  -26.361  -17.132  -5.880 0.4285714328
59909  -26.822  -15.549  -6.550 0.4285714328
57310  -25.738  -17.185  -6.491 0.2857142985
58643  -25.943  -16.153  -8.206 0.5714285970
59949  -26.671  -15.287  -8.718 0.5714285970
61204  -28.178  -14.721  -9.684 0.7142857313
62410  -29.030  -13.749  -9.956 0.4285714328
61225  -28.562  -14.029  -10.785 0.5714285970
65789  -30.712  -10.959  -9.756 0.4285714328
62429  -28.722  -13.430  -11.069 0.7142857313
62430  -29.333  -13.211  -11.211 0.7142857313
64695  -30.462  -12.052  -11.056 0.7142857313
64686  -30.629  -11.537  -10.818 0.5714285970
65806  -31.101  -10.810  -10.642 0.4285714328
65827  -31.001  -10.545  -11.810 0.7142857313
63561  -29.256  -12.925  -12.579 0.5714285970
68076  -34.200  -8.312  -12.353 0.5714285970
64716  -29.136  -11.326  -12.622 0.5714285970
66972  -33.888  -8.971  -11.958 0.5714285970
69185  -33.571  -7.671  -12.330 0.5714285970
73938  -31.466  -3.329  -10.478 0.5714285970
72708  -29.733  -4.453  -11.561 1.0000000000
78665  -29.009  0.118  -10.507 1.0000000000
78703  -27.152  1.312  -12.105 0.8571428657
80981  -26.498  2.400  -13.389 0.7142857313
82160  -26.996  3.229  -12.819 1.0000000000
82146  -27.779  3.302  -11.762 1.0000000000
83353  -27.498  4.031  -12.277 1.0000000000
82177  -26.041  3.245  -13.726 0.7142857313
84634  -27.668  5.964  -12.863 0.8571428657
88158  -27.081  8.878  -14.743 0.8571428657
89309  -26.810  9.654  -15.465 0.7142857313
91327  -26.339  11.609  -16.508 0.7142857313
90300  -24.239  10.509  -14.157 0.4285714328
92342  -25.237  12.337  -14.707 0.2857142985
91330  -26.500  11.785  -17.461 0.4285714328
92356  -25.403  12.933  -16.944 0.4285714328
93356  -25.654  12.729  -15.616 0.4285714328
62418  -27.754  -14.250  -10.597 0.4285714328
62428  -27.899  -13.674  -10.920 0.4285714328
92352  -25.707  11.969  -15.361 0.4285714328
91325  -25.976  11.366  -15.783 0.7142857313
92343  -25.628  12.520  -15.349 0.2857142985
55056  -25.085  -19.393  -3.521 0.4285714328
56108  -25.686  -18.914  -3.194 0.4285714328
56124  -24.710  -19.252  -4.616 0.2857142985
56109  -26.321  -18.339  -3.568 0.4285714328
57293  -24.976  -18.146  -5.814 0.2857142985
58606  -25.989  -16.764  -6.961 0.2857142985
58628  -25.644  -16.398  -7.719 0.4285714328
59948  -26.351  -15.661  -8.419 0.4285714328
61193  -27.118  -14.912  -8.653 0.4285714328
61215  -28.423  -14.502  -10.373 0.5714285970
62431  -30.007  -13.024  -11.303 0.5714285970
65805  -30.644  -11.238  -10.437 0.4285714328
63551  -30.459  -12.437  -12.036 0.7142857313
63560  -29.022  -12.596  -12.287 0.7142857313
61235  -30.435  -13.341  -13.052 0.7142857313
62438  -28.919  -12.903  -11.536 0.7142857313
64706  -29.749  -11.289  -12.332 0.5714285970
65825  -29.402  -10.639  -12.222 0.7142857313
68072  -29.632  -8.796  -12.244 0.8571428657
73951  -30.156  -3.434  -10.834 0.8571428657
71494  -29.496  -5.421  -11.994 0.8571428657
75241  -28.782  -2.588  -11.215 1.0000000000
78680  -27.085  0.247  -11.927 1.0000000000
80964  -26.975  2.437  -12.854 0.8571428657
88171  -27.362  9.403  -15.204 0.8571428657
89308  -26.232  10.034  -15.620 0.7142857313
91317  -24.862  11.362  -14.496 0.4285714328
92331  -23.477  12.199  -13.322 0.2857142985
93343  -24.495  13.046  -13.749 0.2857142985
93332  -24.164  13.488  -13.109 0.1428571492
61214  -27.689  -14.641  -10.247 0.2857142985
83352  -27.048  3.802  -12.794 1.0000000000
93398  -22.932  13.935  -18.801 0.2857142985
94448  -22.473  14.611  -17.910 0.1428571492
93389  -24.172  13.619  -18.003 0.2857142985
93409  -22.885  13.773  -19.322 0.2857142985
94459  -22.996  14.073  -17.959 0.1428571492
132671  -22.284  14.942  -17.889 0.1428571492
93369  -25.095  13.362  -16.010 0.1428571492
93379  -24.918  13.258  -16.810 0.2857142985
94451  -24.289  13.667  -16.174 0.1428571492
92374  -24.008  12.921  -19.740 0.2857142985
93400  -24.156  13.324  -18.994 0.2857142985
90361  -26.154  10.169  -21.295 0.2857142985
91355  -25.702  11.485  -20.353 0.2857142985
95520  -23.011  15.231  -16.879 0.1428571492
92361  -25.216  12.857  -17.611 0.2857142985
91346  -27.355  11.047  -19.209 0.2857142985
92375  -24.677  12.583  -19.489 0.2857142985
92365  -24.767  13.029  -18.446 0.2857142985
89337  -28.380  9.527  -19.654 0.1428571492
91345  -26.630  11.288  -19.604 0.2857142985
91344  -25.502  12.012  -19.381 0.2857142985
94450  -23.573  14.062  -16.588 0.1428571492
91334  -25.718  12.089  -18.853 0.2857142985
87012  -28.762  7.085  -19.880 0.1428571492
88197  -28.590  8.287  -19.850 0.1428571492
90342  -27.587  10.454  -19.680 0.4285714328
91331  -26.929  11.497  -17.974 0.2857142985
88179  -30.492  8.089  -16.348 0.2857142985
90333  -29.108  9.960  -17.576 0.4285714328
90324  -27.709  11.024  -17.709 0.2857142985
92362  -25.856  12.263  -17.907 0.2857142985
85820  -30.833  6.499  -15.948 0.1428571492
88181  -30.088  8.389  -17.653 0.2857142985
90331  -27.943  10.932  -18.825 0.4285714328
89316  -29.537  9.158  -16.035 0.5714285970
90320  -28.300  10.102  -16.585 0.7142857313
84647  -30.770  5.558  -14.490 0.1428571492
88174  -30.026  8.375  -15.501 0.4285714328
83382  -30.796  4.578  -14.007 0.2857142985
84637  -30.522  5.552  -13.299 0.7142857313
89295  -28.261  9.251  -15.043 0.7142857313
85809  -29.704  6.868  -13.829 0.8571428657
88160  -29.125  8.394  -14.641 0.5714285970
82179  -30.913  3.594  -13.628 0.2857142985
86981  -29.144  7.740  -14.098 0.7142857313
86978  -25.642  7.417  -14.574 0.5714285970
88144  -28.345  8.168  -13.990 0.8571428657
80982  -31.223  2.709  -13.123 0.1428571492
84627  -30.067  5.247  -12.430 0.7142857313
80968  -31.323  2.268  -12.453 0.1428571492
73978  -26.152  -3.078  -12.936 0.5714285970
77605  -26.956  -0.882  -12.166 0.8571428657
77586  -26.933  -0.120  -12.128 0.8571428657
76455  -26.448  -1.377  -12.820 0.4285714328
78702  -26.879  0.584  -12.384 0.5714285970
80950  -28.278  2.656  -11.253 0.8571428657
84625  -28.075  5.220  -12.274 0.8571428657
79817  -31.231  2.114  -11.941 0.2857142985
82162  -29.292  4.152  -11.616 0.8571428657
84626  -29.124  5.278  -12.300 0.8571428657
86966  -28.668  7.486  -13.680 0.8571428657
79818  -31.575  1.593  -12.352 0.4285714328
82163  -30.046  3.826  -11.568 0.7142857313
83356  -30.385  4.517  -12.308 0.7142857313
73977  -25.562  -3.230  -13.571 0.2857142985
76456  -26.967  -1.741  -12.248 0.5714285970
75253  -26.592  -2.410  -12.615 0.5714285970
80949  -27.681  2.576  -11.643 0.8571428657
82147  -28.865  3.574  -11.408 0.8571428657
83342  -28.059  3.848  -11.768 0.8571428657
79798  -30.997  1.714  -11.252 0.4285714328
80952  -30.356  2.499  -10.910 0.8571428657
79799  -31.465  1.202  -11.675 0.4285714328
68070  -27.805  -8.120  -12.669 0.7142857313
69197  -27.047  -7.509  -13.076 0.4285714328
70334  -28.782  -6.596  -12.414 0.8571428657
71492  -27.103  -5.384  -12.818 0.5714285970
72725  -26.745  -4.629  -12.838 0.5714285970
71507  -25.401  -4.684  -13.711 0.4285714328
71493  -28.233  -5.482  -12.387 0.8571428657
72726  -27.608  -4.492  -12.371 0.5714285970
73950  -29.157  -3.547  -11.407 0.8571428657
73965  -27.939  -3.482  -11.893 0.7142857313
73964  -26.901  -3.532  -12.506 0.5714285970
77571  -30.320  -0.702  -10.257 0.7142857313
78666  -29.946  0.220  -10.178 0.7142857313
79782  -28.984  1.011  -10.517 0.7142857313
79796  -28.621  1.790  -10.767 0.8571428657
77590  -32.697  -0.514  -11.732 0.2857142985
78668  -31.293  -0.059  -10.826 0.4285714328
78685  -31.339  0.583  -11.187 0.5714285970
65835  -28.522  -10.588  -12.710 0.4285714328
66980  -27.979  -9.566  -12.500 0.4285714328
68085  -26.582  -8.449  -13.298 0.4285714328
70335  -29.818  -6.792  -12.224 0.7142857313
72727  -28.808  -4.377  -11.872 0.8571428657
75227  -31.180  -2.391  -10.377 0.7142857313
76428  -32.781  -1.476  -11.036 0.2857142985
76427  -31.717  -1.540  -10.478 0.5714285970
76426  -30.738  -1.568  -10.346 0.5714285970
64715  -28.227  -11.325  -13.136 0.4285714328
65833  -26.743  -10.312  -13.285 0.5714285970
66967  -28.538  -9.535  -12.165 0.5714285970
68087  -27.891  -8.772  -12.497 0.5714285970
69181  -29.209  -7.731  -12.329 0.7142857313
72697  -32.754  -3.909  -10.850 0.4285714328
75229  -33.094  -2.421  -10.903 0.4285714328
76429  -33.356  -1.895  -11.281 0.4285714328
75228  -32.177  -2.383  -10.400 0.4285714328
63549  -27.883  -12.987  -11.236 0.5714285970
66957  -33.806  -9.330  -11.215 0.4285714328
71483  -34.566  -5.187  -12.150 0.4285714328
72713  -35.168  -4.568  -12.606 0.4285714328
72711  -33.397  -4.435  -11.303 0.4285714328
61156  -27.350  -14.496  -6.776 0.1428571492
69186  -34.660  -7.480  -12.459 0.4285714328
70340  -35.215  -6.593  -12.687 0.4285714328
71497  -34.976  -5.658  -12.605 0.4285714328
62359  -27.585  -14.064  -7.553 0.1428571492
63499  -28.485  -13.212  -7.928 0.1428571492
64672  -30.058  -11.532  -9.478 0.2857142985
66934  -34.778  -9.664  -9.696 0.2857142985
66960  -36.779  -8.823  -11.730 0.2857142985
66946  -35.876  -9.487  -11.074 0.2857142985
65807  -32.252  -10.086  -10.252 0.4285714328
68065  -36.703  -8.084  -11.986 0.2857142985
68063  -35.569  -8.752  -12.277 0.2857142985
69188  -36.370  -7.406  -12.373 0.2857142985
68078  -35.907  -8.111  -12.477 0.4285714328
62360  -28.092  -13.796  -7.040 0.1428571492
61175  -27.141  -14.619  -7.794 0.1428571492
64639  -29.534  -12.116  -7.951 0.2857142985
64654  -29.459  -12.016  -8.593 0.2857142985
65774  -32.500  -10.565  -8.584 0.2857142985
66920  -34.237  -10.001  -8.967 0.2857142985
66932  -33.301  -9.824  -9.538 0.2857142985
65790  -31.755  -10.403  -9.540 0.2857142985
66933  -33.768  -9.775  -9.360 0.2857142985
62378  -28.533  -13.446  -7.261 0.1428571492
64641  -31.463  -11.924  -7.463 0.2857142985
63489  -29.539  -13.058  -6.759 0.2857142985
64656  -30.956  -11.364  -8.153 0.2857142985
64640  -30.448  -11.910  -7.647 0.2857142985
63515  -28.457  -13.234  -8.388 0.2857142985
65773  -31.352  -10.781  -8.739 0.2857142985
57257  -26.710  -17.668  -4.020 0.2857142985
59887  -27.155  -15.477  -5.759 0.1428571492
61134  -27.763  -14.632  -5.948 0.1428571492
55041  -25.476  -19.369  -2.444 0.2857142985
55040  -24.907  -19.872  -1.972 0.2857142985
58570  -27.139  -16.503  -4.712 0.2857142985
54004  -24.297  -20.275  -2.190 0.2857142985
53986  -23.934  -20.488  -1.364 0.1428571492
63500  -28.925  -12.970  -7.526 0.1428571492
63501  -29.916  -12.461  -7.137 0.2857142985
64657  -32.003  -11.227  -7.912 0.2857142985
66973  -34.789  -8.713  -12.199 0.4285714328
68064  -36.282  -8.573  -12.204 0.2857142985
69189  -36.675  -6.779  -12.208 0.2857142985
69179  -27.696  -7.451  -12.798 0.7142857313
70326  -33.877  -5.957  -11.984 0.4285714328
73939  -32.531  -3.223  -10.605 0.4285714328
75230  -33.817  -2.304  -11.527 0.2857142985
76445  -33.098  -1.081  -11.605 0.2857142985
77573  -32.075  -0.851  -10.902 0.5714285970
85798  -26.785  6.750  -13.714 0.7142857313
78683  -29.971  0.899  -10.298 0.7142857313
89294  -26.422  9.085  -15.124 0.4285714328
88157  -26.113  8.464  -14.807 0.5714285970
88159  -28.117  8.856  -14.509 0.7142857313
78686  -32.002  0.197  -11.700 0.2857142985
84635  -28.647  6.034  -12.713 0.8571428657
86980  -27.567  8.283  -14.098 0.8571428657
83371  -30.794  4.518  -13.040 0.5714285970
91335  -26.185  11.880  -18.538 0.2857142985
86995  -30.563  7.376  -15.463 0.4285714328
88178  -30.162  8.749  -16.578 0.4285714328
94440  -23.776  14.531  -15.662 0.1428571492
89336  -27.714  9.627  -20.164 0.2857142985
88187  -28.992  8.993  -19.112 0.1428571492
92388  -24.370  12.265  -20.292 0.2857142985
56091  -25.874  -18.977  -2.670 0.1428571492
55069  -24.392  -19.754  -4.201 0.2857142985
58591  -27.010  -16.152  -5.387 0.1428571492
62361  -28.976  -13.552  -6.642 0.1428571492
64671  -29.473  -12.008  -9.200 0.2857142985
64655  -30.009  -11.613  -8.531 0.2857142985
65776  -34.969  -10.322  -8.936 0.2857142985
66935  -35.702  -9.677  -10.209 0.2857142985
65834  -27.713  -10.393  -13.179 0.5714285970
65791  -32.973  -10.010  -9.341 0.2857142985
69175  -36.688  -7.656  -12.073 0.2857142985
71500  -36.738  -5.622  -12.423 0.2857142985
69180  -28.280  -7.547  -12.572 0.5714285970
71521  -25.720  -5.978  -13.710 0.4285714328
70349  -26.929  -6.697  -13.101 0.5714285970
70341  -35.998  -6.602  -12.963 0.4285714328
72739  -26.133  -4.002  -13.064 0.5714285970
71498  -35.725  -5.779  -13.083 0.2857142985
70339  -34.127  -6.554  -12.235 0.4285714328
75269  -25.925  -2.171  -13.274 0.2857142985
72714  -35.795  -4.427  -13.219 0.1428571492
73954  -34.874  -3.408  -12.053 0.4285714328
73953  -34.118  -3.920  -11.522 0.4285714328
73941  -34.350  -2.748  -11.701 0.1428571492
75243  -34.665  -2.074  -12.438 0.1428571492
77572  -31.243  -0.692  -10.590 0.5714285970
77589  -31.764  -0.225  -11.143 0.2857142985
78684  -30.527  0.881  -10.550 0.5714285970
80966  -30.112  3.108  -11.159 0.7142857313
85801  -29.165  6.702  -13.329 0.8571428657
79834  -31.521  1.394  -13.463 0.2857142985
80983  -31.494  1.992  -13.069 0.1428571492
82164  -30.754  3.673  -12.560 0.4285714328
80997  -30.647  2.420  -14.380 0.1428571492
85810  -30.325  6.526  -14.146 0.5714285970
82188  -30.685  3.629  -14.587 0.1428571492
84659  -30.815  5.527  -15.522 0.1428571492
86994  -30.161  7.710  -14.969 0.5714285970
85824  -30.501  6.491  -16.936 0.1428571492
90343  -28.435  10.341  -19.151 0.2857142985
89327  -29.356  9.417  -18.217 0.2857142985
87001  -30.199  7.129  -17.663 0.1428571492
87005  -29.647  7.405  -18.405 0.1428571492
87013  -29.076  7.660  -19.162 0.1428571492
90353  -27.150  9.984  -20.401 0.2857142985
89345  -26.752  9.620  -20.948 0.2857142985
89356  -26.934  8.785  -21.123 0.1428571492
88206  -27.573  8.241  -20.869 0.1428571492
56093  -27.126  -18.283  -2.723 0.1428571492
66936  -36.591  -9.668  -10.383 0.2857142985
77607  -33.408  -0.819  -12.486 0.2857142985
87030  -27.761  7.098  -21.170 0.1428571492
89355  -26.322  9.220  -21.477 0.2857142985
61155  -26.873  -15.079  -7.354 0.1428571492
63531  -29.228  -12.783  -9.783 0.4285714328
63516  -28.950  -12.531  -8.694 0.2857142985
62377  -28.154  -13.563  -7.869 0.1428571492
64684  -29.670  -12.074  -9.925 0.2857142985
66956  -32.857  -9.680  -10.781 0.4285714328
68071  -28.530  -8.724  -12.315 0.5714285970
65824  -28.707  -10.146  -12.212 0.4285714328
72728  -29.339  -4.748  -11.824 0.7142857313
73949  -28.504  -3.154  -11.560 0.8571428657
75240  -28.074  -2.504  -11.554 0.8571428657
79816  -27.226  1.810  -12.160 0.8571428657
89310  -27.876  9.685  -15.684 0.7142857313
90319  -27.692  10.368  -16.548 0.5714285970
91336  -27.156  11.338  -18.652 0.2857142985
59910  -27.241  -14.994  -5.981 0.1428571492
68077  -35.140  -8.154  -12.407 0.4285714328
75254  -27.305  -2.538  -12.029 0.5714285970
83354  -28.623  4.440  -11.842 0.8571428657
85800  -28.185  6.793  -13.153 0.8571428657
93380  -25.442  13.020  -16.517 0.2857142985
93399  -23.365  13.751  -18.644 0.2857142985
94458  -22.650  14.268  -18.296 0.1428571492
93388  -23.508  13.853  -17.996 0.2857142985
94449  -23.050  14.558  -17.245 0.1428571492
93378  -24.176  13.613  -17.054 0.2857142985
93410  -23.484  13.242  -19.635 0.2857142985
93377  -23.552  13.933  -17.444 0.1428571492
93411  -24.107  13.059  -19.488 0.2857142985
91365  -26.276  10.652  -20.965 0.2857142985
91354  -24.918  11.946  -20.123 0.2857142985
94439  -23.282  14.760  -16.437 0.1428571492
90341  -26.889  10.633  -20.218 0.2857142985
92366  -25.452  12.364  -18.641 0.2857142985
91343  -25.028  12.174  -19.661 0.2857142985
89326  -28.915  9.820  -18.943 0.2857142985
89347  -27.985  8.870  -20.308 0.1428571492
88188  -29.388  8.386  -18.639 0.1428571492
88207  -28.089  8.225  -20.475 0.1428571492
87002  -30.478  7.638  -16.988 0.1428571492
89315  -28.751  9.756  -16.373 0.5714285970
89320  -29.493  9.506  -17.064 0.4285714328
90332  -28.719  10.390  -18.241 0.5714285970
85817  -30.742  6.472  -15.036 0.1428571492
89312  -29.484  8.874  -15.531 0.5714285970
89296  -28.616  8.955  -14.861 0.7142857313
86983  -30.374  7.140  -14.779 0.5714285970
84628  -30.566  5.015  -12.690 0.5714285970
84636  -29.650  5.966  -12.788 0.7142857313
85802  -29.951  6.396  -13.405 0.7142857313
86967  -29.290  7.262  -13.857 0.7142857313
80967  -30.842  2.789  -11.820 0.4285714328
83355  -29.625  4.639  -11.914 0.8571428657
77619  -26.021  -0.686  -13.260 0.4285714328
76470  -25.962  -1.403  -13.294 0.4285714328
80951  -29.385  2.733  -10.867 0.8571428657
82148  -29.613  3.335  -11.218 0.8571428657
79797  -29.838  1.629  -10.422 0.7142857313
68086  -27.410  -8.653  -12.873 0.5714285970
70333  -27.622  -6.599  -12.814 0.7142857313
71509  -26.814  -6.096  -13.114 0.4285714328
71508  -26.158  -5.199  -13.359 0.4285714328
71520  -25.029  -5.260  -14.027 0.2857142985
73966  -28.595  -3.642  -11.690 0.8571428657
78667  -30.804  0.058  -10.516 0.5714285970
73940  -33.650  -3.304  -11.224 0.4285714328
76446  -33.627  -1.436  -11.872 0.2857142985
66958  -35.013  -9.210  -11.710 0.2857142985
72729  -35.567  -5.073  -13.080 0.4285714328
72712  -34.399  -4.502  -11.802 0.4285714328
69187  -35.568  -7.414  -12.638 0.4285714328
65772  -30.578  -11.172  -8.918 0.2857142985
66945  -34.864  -9.415  -10.723 0.2857142985
66944  -33.862  -9.439  -10.269 0.2857142985
66959  -36.118  -9.220  -11.860 0.2857142985
66943  -33.158  -9.743  -9.925 0.2857142985
61157  -28.229  -14.129  -6.310 0.1428571492
65775  -33.736  -10.326  -8.689 0.2857142985
63488  -29.155  -13.180  -6.967 0.1428571492
55020  -25.389  -19.811  -1.373 0.1428571492
53987  -24.702  -20.152  -1.336 0.1428571492
55021  -26.230  -19.331  -1.617 0.1428571492
55042  -26.113  -19.023  -2.313 0.1428571492
56110  -27.053  -17.805  -3.441 0.1428571492
94441  -24.677  13.984  -15.437 0.1428571492
85807  -25.259  6.356  -14.685 0.5714285970
83381  -25.428  4.812  -14.354 0.4285714328
84644  -24.863  5.282  -14.891 0.4285714328
85808  -26.129  6.457  -14.127 0.5714285970
84645  -25.620  5.605  -14.308 0.5714285970
80980  -25.580  2.424  -13.848 0.4285714328
82176  -25.206  3.249  -14.277 0.4285714328
83368  -25.661  4.049  -14.073 0.5714285970
84632  -26.002  5.010  -13.873 0.5714285970
84646  -26.121  5.698  -13.956 0.5714285970
78716  -26.246  0.593  -13.269 0.5714285970
68053  -37.819  -8.750  -10.193 0.1428571492
68066  -37.028  -8.059  -11.636 0.1428571492
69176  -36.939  -7.428  -11.751 0.1428571492
59960  -25.883  -15.419  -9.034 0.2857142985
66947  -36.753  -9.315  -11.131 0.1428571492
68045  -37.947  -8.825  -8.914 0.1428571492
68054  -38.284  -9.226  -9.525 0.1428571492
68044  -37.270  -8.102  -8.543 0.1428571492
69134  -36.784  -7.490  -8.072 0.1428571492
59947  -25.379  -15.843  -8.411 0.2857142985
65777  -36.289  -10.621  -9.258 0.1428571492
65796  -38.011  -10.537  -9.607 0.1428571492
65794  -36.301  -9.987  -9.792 0.1428571492
66938  -38.440  -9.820  -9.634 0.1428571492
68005  -37.330  -9.046  -7.157 0.1428571492
66923  -38.564  -9.826  -8.846 0.1428571492
70225  -35.591  -6.435  -5.049 0.1428571492
69079  -36.499  -7.951  -6.298 0.1428571492
70245  -35.762  -6.328  -6.087 0.1428571492
59930  -24.597  -15.931  -8.051 0.2857142985
64658  -33.316  -11.469  -7.901 0.1428571492
64659  -34.604  -11.304  -8.295 0.1428571492
64644  -38.022  -11.322  -8.223 0.1428571492
64661  -36.804  -11.437  -8.787 0.1428571492
65763  -38.041  -10.545  -7.664 0.1428571492
64662  -37.745  -11.297  -8.884 0.1428571492
66866  -37.420  -10.115  -6.370 0.1428571492
66837  -36.087  -8.913  -5.003 0.1428571492
67951  -35.891  -8.158  -4.237 0.1428571492
67975  -36.073  -8.157  -5.196 0.1428571492
59931  -25.101  -16.172  -7.983 0.2857142985
58627  -24.817  -16.329  -7.601 0.2857142985
58604  -24.108  -16.574  -7.115 0.2857142985
63517  -33.575  -12.380  -7.681 0.1428571492
63518  -34.303  -12.262  -7.920 0.1428571492
63519  -35.383  -12.329  -8.188 0.1428571492
63521  -37.164  -12.168  -8.239 0.1428571492
64660  -35.749  -11.356  -8.618 0.1428571492
64620  -37.511  -11.452  -6.383 0.1428571492
66865  -36.889  -9.450  -5.870 0.1428571492
65729  -37.331  -10.616  -5.975 0.1428571492
70173  -36.088  -6.779  -3.619 0.1428571492
69035  -35.942  -7.358  -3.682 0.1428571492
63502  -30.903  -12.513  -7.045 0.1428571492
64642  -32.501  -12.055  -7.475 0.1428571492
63503  -31.952  -12.813  -6.939 0.1428571492
63506  -34.827  -13.018  -7.922 0.1428571492
63504  -33.077  -12.910  -7.348 0.1428571492
62383  -36.638  -13.372  -7.790 0.1428571492
62384  -37.121  -12.872  -7.653 0.1428571492
62397  -35.998  -12.710  -8.220 0.1428571492
63492  -37.470  -12.158  -6.792 0.1428571492
66838  -36.312  -9.721  -4.701 0.1428571492
64619  -37.209  -11.505  -5.538 0.1428571492
67931  -35.932  -7.951  -3.728 0.1428571492
67952  -36.013  -8.962  -4.164 0.1428571492
62364  -31.660  -13.758  -6.592 0.1428571492
62380  -33.577  -14.109  -7.499 0.1428571492
62379  -32.583  -13.835  -6.945 0.1428571492
62381  -34.634  -13.907  -7.778 0.1428571492
63505  -34.006  -13.102  -7.706 0.1428571492
62365  -37.044  -13.653  -7.202 0.1428571492
61180  -36.374  -14.467  -7.580 0.1428571492
62345  -37.360  -12.700  -6.503 0.1428571492
62366  -37.301  -12.847  -6.986 0.1428571492
61177  -33.492  -15.160  -7.714 0.1428571492
61176  -32.856  -14.877  -7.144 0.1428571492
61179  -35.281  -14.758  -7.807 0.1428571492
61178  -34.251  -14.963  -7.959 0.1428571492
64592  -36.770  -11.555  -4.615 0.1428571492
62344  -37.178  -13.410  -6.115 0.1428571492
62382  -35.730  -13.449  -7.995 0.1428571492
69036  -36.341  -7.377  -3.184 0.1428571492
70198  -36.207  -5.704  -3.802 0.1428571492
66892  -37.569  -9.773  -6.997 0.1428571492
67976  -36.476  -8.369  -5.884 0.1428571492
69168  -37.326  -7.576  -10.766 0.1428571492
58605  -25.198  -16.742  -7.021 0.2857142985
66821  -36.154  -9.621  -3.651 0.1428571492
70174  -36.555  -6.522  -3.305 0.1428571492
71329  -36.890  -5.103  -3.659 0.1428571492
79831  -25.855  1.553  -13.627 0.4285714328
71346  -35.770  -5.417  -4.415 0.1428571492
70246  -36.048  -6.680  -6.776 0.1428571492
71371  -35.484  -5.431  -5.398 0.1428571492
70307  -37.081  -6.728  -10.372 0.1428571492
70327  -36.889  -6.396  -11.962 0.1428571492
88213  -25.913  8.828  -22.072 0.1428571492
89354  -25.690  9.674  -21.875 0.1428571492
66948  -37.368  -8.939  -11.144 0.1428571492
63490  -30.407  -13.016  -6.608 0.1428571492
65793  -35.630  -10.020  -9.548 0.1428571492
72731  -36.569  -4.990  -12.892 0.1428571492
72730  -36.184  -4.929  -13.247 0.1428571492
66937  -37.534  -9.655  -10.334 0.1428571492
69152  -37.400  -8.085  -9.025 0.1428571492
68032  -37.690  -9.291  -7.850 0.1428571492
66922  -38.171  -9.599  -8.339 0.1428571492
68031  -37.194  -8.418  -7.733 0.1428571492
69161  -37.325  -7.701  -9.643 0.1428571492
70295  -36.623  -6.712  -8.728 0.1428571492
69104  -36.468  -7.509  -6.912 0.1428571492
65778  -37.350  -10.889  -9.297 0.1428571492
65795  -37.071  -10.217  -9.764 0.1428571492
65780  -38.617  -10.549  -9.084 0.1428571492
68004  -36.876  -8.563  -6.634 0.1428571492
66891  -37.185  -9.208  -6.652 0.1428571492
65764  -38.465  -10.575  -8.462 0.1428571492
69078  -36.093  -7.387  -5.811 0.1428571492
64643  -33.124  -12.192  -7.589 0.1428571492
63520  -36.296  -12.157  -8.381 0.1428571492
65752  -37.650  -10.657  -6.753 0.1428571492
64632  -37.723  -11.398  -7.227 0.1428571492
63507  -37.435  -12.132  -7.532 0.1428571492
62399  -36.856  -12.803  -7.922 0.1428571492
65728  -36.842  -10.573  -5.138 0.1428571492
63491  -31.174  -13.132  -6.667 0.1428571492
62398  -36.469  -12.790  -8.092 0.1428571492
63474  -37.390  -12.312  -6.072 0.1428571492
63473  -37.043  -12.524  -5.175 0.1428571492
52884  -22.779  -21.200  -1.985 0.1428571492
54015  -24.070  -20.478  -3.177 0.1428571492
52894  -22.793  -21.105  -2.639 0.1428571492
54014  -23.174  -20.768  -3.340 0.1428571492
54027  -23.774  -20.383  -3.758 0.1428571492
56139  -24.436  -18.921  -5.284 0.1428571492
55079  -23.735  -19.160  -5.152 0.1428571492
56156  -24.413  -18.117  -6.072 0.1428571492
57309  -24.861  -17.433  -6.407 0.1428571492
56138  -23.230  -18.510  -5.399 0.1428571492
57292  -23.271  -17.520  -6.086 0.1428571492
57308  -23.973  -17.527  -6.473 0.1428571492
58603  -23.323  -16.291  -6.871 0.1428571492
59908  -23.470  -16.014  -7.235 0.1428571492
58626  -24.295  -16.100  -7.656 0.1428571492
59946  -24.449  -15.289  -8.532 0.2857142985
59959  -25.068  -15.200  -8.892 0.1428571492
61202  -26.352  -14.978  -9.469 0.1428571492
59958  -24.684  -15.039  -8.807 0.2857142985
61213  -26.773  -14.587  -9.951 0.2857142985
63558  -26.651  -12.111  -12.430 0.4285714328
64714  -27.294  -11.151  -13.196 0.4285714328
78715  -25.317  0.766  -13.722 0.2857142985
79832  -26.431  1.534  -13.336 0.2857142985
83395  -23.355  4.247  -15.462 0.2857142985
84658  -24.293  5.091  -15.272 0.2857142985
85816  -24.234  5.772  -15.371 0.2857142985
85806  -24.695  6.207  -15.112 0.4285714328
61191  -23.959  -14.799  -8.619 0.1428571492
61200  -24.517  -14.647  -9.016 0.2857142985
61212  -26.055  -14.630  -9.800 0.1428571492
55068  -23.296  -19.426  -4.676 0.1428571492
58590  -23.486  -16.871  -6.577 0.1428571492
59929  -23.678  -15.576  -7.819 0.1428571492
59945  -23.818  -15.096  -8.361 0.1428571492
62406  -23.667  -13.556  -9.411 0.2857142985
62408  -25.649  -14.429  -9.767 0.2857142985
62407  -25.025  -14.151  -9.655 0.2857142985
62416  -26.004  -13.997  -10.151 0.2857142985
62417  -27.183  -14.059  -10.453 0.2857142985
63548  -27.039  -12.823  -11.130 0.4285714328
63557  -25.755  -12.010  -12.257 0.2857142985
77618  -25.403  -0.221  -13.635 0.2857142985
78714  -24.775  0.854  -13.952 0.2857142985
79830  -24.909  1.635  -13.997 0.2857142985
82200  -24.062  3.579  -15.043 0.2857142985
82199  -23.593  3.523  -15.290 0.2857142985
83396  -24.216  4.282  -15.153 0.2857142985
77617  -24.722  0.167  -13.909 0.2857142985
76468  -24.765  -0.785  -13.987 0.2857142985
79847  -24.232  1.664  -14.279 0.2857142985
80994  -23.738  2.406  -14.831 0.2857142985
80979  -25.031  2.446  -14.157 0.2857142985
80995  -24.367  2.467  -14.444 0.2857142985
82186  -23.931  3.109  -15.083 0.2857142985
83380  -25.062  4.120  -14.618 0.2857142985
78730  -23.587  0.846  -14.648 0.2857142985
79846  -23.640  1.656  -14.733 0.2857142985
63567  -27.695  -11.982  -13.064 0.4285714328
62427  -27.241  -13.510  -10.737 0.4285714328
55080  -23.980  -19.507  -4.966 0.1428571492
82187  -24.505  3.446  -14.800 0.2857142985
61201  -25.504  -14.821  -9.410 0.1428571492
54003  -23.452  -20.756  -2.288 0.1428571492
54026  -23.305  -20.213  -4.113 0.1428571492
56155  -23.832  -18.232  -5.997 0.1428571492
63547  -25.558  -12.172  -11.509 0.4285714328
79864  -23.120  1.668  -15.297 0.2857142985
65832  -25.712  -10.273  -13.250 0.2857142985
64713  -26.340  -11.245  -13.158 0.2857142985
66979  -27.142  -9.453  -13.188 0.2857142985
91373  -21.886  11.787  -23.029 0.1428571492
90364  -22.497  10.795  -23.423 0.1428571492
91375  -23.473  11.201  -22.396 0.1428571492
91376  -24.220  11.170  -22.050 0.1428571492
90359  -24.783  10.789  -22.052 0.1428571492
91387  -21.587  11.670  -23.675 0.1428571492
91362  -23.728  11.711  -21.654 0.1428571492
92386  -23.033  12.852  -20.514 0.1428571492
94496  -21.488  14.192  -20.661 0.1428571492
66978  -26.162  -9.327  -13.358 0.2857142985
89363  -24.705  9.469  -22.932 0.1428571492
90376  -22.726  9.946  -23.693 0.1428571492
90360  -25.412  10.549  -21.677 0.1428571492
90366  -24.191  10.426  -22.701 0.1428571492
91364  -25.853  10.978  -21.105 0.1428571492
92397  -24.019  12.135  -20.922 0.1428571492
92395  -22.113  12.806  -21.527 0.1428571492
93426  -21.837  13.695  -20.642 0.1428571492
93439  -22.239  12.979  -21.142 0.1428571492
94478  -22.400  14.108  -19.626 0.1428571492
93428  -23.164  13.013  -20.190 0.1428571492
91363  -24.821  11.465  -21.211 0.1428571492
63566  -26.980  -11.647  -13.081 0.2857142985
91374  -22.552  11.501  -22.744 0.1428571492
92418  -21.625  12.112  -23.040 0.1428571492
90365  -23.192  10.577  -23.147 0.1428571492
92408  -22.544  12.033  -22.075 0.1428571492
92417  -21.379  12.589  -23.126 0.1428571492
92396  -22.856  12.470  -21.277 0.1428571492
77651  -23.752  -0.601  -14.773 0.1428571492
77635  -24.141  -0.417  -14.345 0.1428571492
77634  -23.618  0.155  -14.622 0.1428571492
81011  -23.281  2.504  -15.394 0.1428571492
79878  -21.327  2.134  -16.373 0.1428571492
81026  -22.057  2.794  -16.277 0.1428571492
76469  -25.361  -1.365  -13.689 0.1428571492
81010  -22.693  2.624  -15.896 0.1428571492
82213  -21.634  3.824  -16.339 0.1428571492
83410  -21.610  4.972  -16.095 0.1428571492
70348  -26.281  -6.545  -13.450 0.2857142985
70356  -25.375  -6.347  -13.904 0.1428571492
73988  -24.918  -2.809  -14.285 0.1428571492
75268  -25.327  -2.300  -13.844 0.1428571492
76484  -24.475  -1.331  -14.575 0.1428571492
78704  -31.840  0.830  -12.039 0.1428571492
82198  -22.815  3.478  -15.805 0.1428571492
84655  -22.524  5.238  -15.664 0.1428571492
84664  -22.232  5.007  -15.825 0.1428571492
132454  -22.171  5.601  -15.633 0.2857142985
86991  -23.166  6.550  -15.380 0.2857142985
89290  -22.573  9.019  -14.227 0.2857142985
89276  -21.152  9.562  -14.067 0.2857142985
89279  -23.405  10.073  -13.882 0.2857142985
93355  -25.331  13.242  -15.208 0.1428571492
92321  -23.057  12.448  -12.768 0.1428571492
86992  -23.930  6.540  -15.399 0.2857142985
86990  -22.412  6.428  -15.346 0.2857142985
86976  -23.621  7.398  -15.164 0.2857142985
88156  -25.139  8.385  -14.831 0.2857142985
88154  -23.150  8.257  -14.695 0.2857142985
89289  -21.644  8.726  -14.320 0.2857142985
89292  -24.663  9.435  -14.699 0.2857142985
90284  -21.270  10.525  -13.434 0.2857142985
93344  -24.954  13.479  -14.063 0.1428571492
89288  -20.711  8.712  -14.925 0.1428571492
83409  -20.778  5.594  -16.333 0.2857142985
89277  -21.965  9.737  -13.772 0.2857142985
90286  -23.420  10.710  -13.651 0.1428571492
90285  -22.323  10.782  -13.268 0.2857142985
91304  -22.976  11.595  -13.225 0.1428571492
91303  -22.434  11.433  -13.004 0.1428571492
82230  -20.474  4.450  -18.396 0.2857142985
92330  -20.195  11.522  -13.167 0.1428571492
92304  -22.129  12.092  -11.616 0.1428571492
91294  -21.948  11.414  -12.708 0.1428571492
83408  -19.521  4.218  -16.002 0.1428571492
78717  -31.944  0.903  -13.052 0.1428571492
77591  -33.237  -0.939  -11.899 0.1428571492
72748  -24.931  -3.970  -13.994 0.1428571492
75279  -24.427  -2.183  -14.968 0.1428571492
78705  -32.370  0.287  -12.479 0.1428571492
75286  -24.155  -1.505  -15.072 0.1428571492
77649  -22.512  -0.478  -15.160 0.1428571492
78749  -22.125  0.620  -15.693 0.1428571492
78750  -23.037  0.739  -15.106 0.1428571492
79879  -21.914  1.995  -16.277 0.1428571492
81039  -20.261  3.678  -18.166 0.1428571492
83394  -22.856  4.248  -15.686 0.1428571492
86974  -22.067  7.099  -15.061 0.1428571492
86975  -22.771  7.298  -15.070 0.2857142985
88152  -21.421  7.581  -14.926 0.1428571492
88153  -22.259  7.965  -14.632 0.1428571492
92318  -20.391  11.696  -12.785 0.1428571492
91302  -20.695  10.806  -13.523 0.2857142985
91293  -21.022  11.317  -13.087 0.1428571492
91295  -22.543  11.808  -12.786 0.1428571492
91305  -23.715  11.596  -13.597 0.1428571492
92320  -22.326  12.026  -12.294 0.1428571492
92322  -23.615  12.783  -13.205 0.1428571492
89291  -23.588  9.481  -14.280 0.2857142985
90287  -23.955  11.073  -13.781 0.2857142985
86977  -24.613  7.154  -15.052 0.2857142985
72738  -25.608  -4.231  -13.519 0.1428571492
84657  -23.768  5.023  -15.429 0.1428571492
85815  -23.479  5.774  -15.499 0.1428571492
76495  -24.054  -1.027  -14.830 0.1428571492
79863  -22.533  1.768  -15.868 0.1428571492
77650  -23.275  -0.396  -14.907 0.1428571492
76494  -23.616  -1.203  -15.044 0.1428571492
82214  -22.228  3.606  -16.151 0.1428571492
75280  -24.934  -1.898  -14.333 0.1428571492
82212  -20.576  4.256  -16.980 0.1428571492
84665  -22.501  4.876  -15.730 0.1428571492
85814  -22.784  5.762  -15.537 0.2857142985
86973  -21.539  6.284  -15.518 0.2857142985
89278  -22.886  9.950  -13.790 0.2857142985
92305  -22.809  12.638  -11.935 0.1428571492
88155  -24.118  8.377  -14.862 0.2857142985
90277  -21.290  10.997  -13.196 0.2857142985
62405  -22.615  -12.867  -9.074 0.1428571492
62415  -24.837  -13.336  -10.123 0.1428571492
63528  -22.492  -12.302  -9.490 0.1428571492
63536  -22.393  -11.657  -9.875 0.1428571492
64682  -22.883  -11.393  -10.441 0.1428571492
62414  -24.052  -12.915  -10.098 0.1428571492
64691  -22.601  -10.831  -10.843 0.1428571492
63538  -24.527  -12.304  -10.671 0.1428571492
63539  -25.797  -12.993  -10.671 0.1428571492
64692  -23.228  -11.058  -11.163 0.1428571492
63546  -24.767  -11.865  -11.227 0.1428571492
64694  -24.750  -11.727  -11.641 0.1428571492
64701  -23.621  -11.099  -11.801 0.1428571492
64704  -25.813  -11.737  -12.736 0.1428571492
68084  -25.570  -8.181  -13.567 0.1428571492
132451  -20.273  5.291  -17.393 0.1428571492
63540  -26.679  -13.472  -10.599 0.1428571492
62393  -22.677  -13.680  -8.455 0.1428571492
63537  -23.304  -12.334  -10.025 0.1428571492
90283  -20.398  10.214  -14.306 0.1428571492
69196  -26.051  -7.506  -13.598 0.1428571492
64712  -25.329  -11.128  -13.029 0.1428571492
63529  -22.996  -12.780  -9.506 0.1428571492
63535  -21.949  -11.262  -9.800 0.1428571492
64683  -23.633  -11.671  -10.663 0.1428571492
64693  -24.159  -11.483  -11.252 0.1428571492
65813  -22.472  -10.361  -11.626 0.1428571492
64702  -24.263  -11.244  -12.149 0.1428571492
65803  -21.742  -10.211  -10.776 0.1428571492
55070  -24.913  -19.380  -4.008 0.2857142985
58644  -26.243  -16.135  -7.887 0.5714285970
59976  -30.976  -13.363  -12.909 0.7142857313
59977  -30.985  -13.082  -13.033 0.7142857313
59978  -30.785  -12.688  -13.039 0.7142857313
59979  -30.747  -13.311  -13.033 0.7142857313
59980  -30.579  -13.019  -13.190 0.7142857313
61199  -23.749  -14.336  -8.830 0.1428571492
61224  -28.100  -14.333  -10.652 0.4285714328
61226  -29.035  -13.636  -10.845 0.5714285970
61229  -29.948  -13.249  -12.262 0.7142857313
61230  -30.163  -13.235  -12.381 0.7142857313
61231  -30.637  -13.119  -12.600 0.7142857313
61232  -30.825  -12.791  -12.775 0.7142857313
61233  -29.907  -13.356  -12.481 0.7142857313
61234  -30.130  -13.393  -12.818 0.7142857313
62404  -22.116  -12.371  -9.113 0.1428571492
62437  -28.354  -13.032  -11.209 0.7142857313
62443  -29.590  -13.197  -12.807 0.5714285970
62444  -30.030  -12.933  -13.197 0.7142857313
63550  -30.429  -12.534  -11.583 0.5714285970
63562  -30.557  -12.830  -12.197 0.5714285970
63569  -29.272  -12.442  -13.072 0.5714285970
63570  -29.914  -12.299  -13.267 0.7142857313
63571  -30.266  -12.437  -13.225 0.7142857313
64645  -38.465  -10.924  -8.707 0.1428571492
64663  -38.379  -11.086  -8.954 0.1428571492
64673  -38.165  -10.993  -9.249 0.1428571492
64674  -38.408  -10.767  -9.291 0.1428571492
64703  -25.122  -11.652  -12.310 0.1428571492
64705  -29.431  -11.138  -12.234 0.7142857313
64718  -30.225  -12.001  -13.189 0.7142857313
65779  -37.885  -10.989  -9.306 0.1428571492
65792  -33.484  -9.983  -9.087 0.2857142985
65797  -38.461  -10.452  -9.425 0.1428571492
65804  -22.250  -10.542  -10.854 0.1428571492
65814  -23.156  -10.814  -11.813 0.1428571492
65836  -28.939  -10.711  -12.323 0.4285714328
66864  -36.363  -8.729  -5.507 0.1428571492
66912  -38.011  -9.872  -7.813 0.1428571492
66913  -38.342  -10.096  -8.221 0.1428571492
66921  -34.451  -9.873  -9.188 0.2857142985
66961  -37.076  -8.447  -11.572 0.1428571492
68046  -38.463  -9.413  -9.264 0.1428571492
68059  -37.326  -8.213  -11.211 0.1428571492
68079  -36.321  -8.068  -12.290 0.2857142985
69055  -35.737  -7.362  -4.660 0.1428571492
69103  -36.124  -6.965  -6.384 0.1428571492
70197  -35.771  -6.492  -3.959 0.1428571492
70342  -36.455  -6.388  -12.566 0.2857142985
70343  -36.690  -6.280  -12.291 0.2857142985
70357  -25.793  -6.441  -13.733 0.1428571492
71482  -33.815  -5.351  -11.742 0.4285714328
71491  -26.656  -5.085  -12.997 0.5714285970
71496  -34.298  -5.767  -12.114 0.4285714328
71499  -36.330  -5.718  -12.963 0.1428571492
72695  -31.453  -3.819  -10.626 0.5714285970
72707  -29.225  -4.125  -11.626 1.0000000000
75285  -23.877  -1.835  -15.213 0.1428571492
76485  -24.862  -1.371  -14.158 0.1428571492
77604  -26.583  -0.318  -12.689 0.8571428657
78681  -27.302  0.733  -11.705 1.0000000000
78731  -24.157  0.826  -14.234 0.2857142985
79783  -29.539  0.786  -10.348 0.7142857313
81055  -20.280  4.026  -19.024 0.2857142985
82161  -27.370  3.275  -12.257 1.0000000000
82178  -26.562  3.249  -13.326 0.7142857313
83341  -27.770  3.731  -11.934 1.0000000000
83367  -25.331  3.797  -14.375 0.2857142985
83411  -22.360  4.362  -15.940 0.1428571492
84656  -22.942  4.938  -15.577 0.1428571492
86965  -27.678  7.540  -13.584 1.0000000000
86982  -29.767  7.479  -14.376 0.7142857313
86993  -24.376  6.429  -15.270 0.2857142985
86998  -30.682  7.353  -16.263 0.4285714328
87021  -28.076  7.443  -20.763 0.1428571492
88145  -28.823  7.969  -14.073 0.7142857313
88161  -29.795  8.012  -14.856 0.5714285970
88173  -29.401  8.723  -15.250 0.5714285970
88175  -30.549  7.848  -15.871 0.2857142985
88182  -30.383  8.252  -16.910 0.2857142985
88198  -29.008  8.342  -19.189 0.1428571492
89311  -28.901  9.148  -15.397 0.7142857313
89319  -28.997  9.883  -16.929 0.5714285970
89346  -27.340  9.184  -20.620 0.1428571492
90278  -21.573  11.020  -13.099 0.1428571492
90299  -23.684  10.183  -13.949 0.2857142985
90323  -27.038  11.364  -17.526 0.5714285970
90325  -28.593  10.251  -17.129 0.7142857313
90326  -29.067  9.923  -17.175 0.4285714328
90352  -26.621  10.359  -20.757 0.2857142985
90367  -25.056  10.051  -22.326 0.1428571492
91292  -20.434  11.506  -13.119 0.1428571492
91301  -20.272  11.107  -13.487 0.2857142985
91356  -26.400  10.991  -20.570 0.2857142985
91361  -22.995  11.750  -22.002 0.1428571492
91388  -22.068  11.265  -23.370 0.1428571492
92360  -24.716  13.209  -17.878 0.2857142985
92367  -25.830  12.162  -18.356 0.2857142985
92376  -25.221  12.331  -19.175 0.2857142985
92387  -23.694  12.681  -20.257 0.2857142985
92398  -24.537  11.963  -20.646 0.2857142985
93370  -25.665  12.911  -16.008 0.4285714328
93390  -24.651  13.313  -17.462 0.2857142985
94465  -22.704  14.229  -18.849 0.1428571492
94466  -22.876  14.017  -18.476 0.1428571492
95531  -22.479  14.571  -18.451 0.1428571492
132080  -30.530  -12.595  -13.145 0.7142857313
132081  -30.355  -12.793  -13.252 0.7142857313
132082  -30.743  -12.914  -12.462 0.7142857313
132083  -30.645  -12.754  -12.438 0.7142857313
