#!ascii label  , from subject 3316 vox2ras=TkReg
384
91534  -24.384  1.492  -6.462 0.0000000000
86531  -22.248  -3.781  -5.175 0.0000000000
87492  -28.085  -3.874  -4.255 0.0000000000
83440  -24.452  -7.820  -3.606 0.0000000000
104885  -25.312  15.629  -5.294 0.0000000000
101467  -27.774  11.456  -4.830 0.0000000000
95922  -21.323  6.082  -5.819 0.0000000000
79372  -23.445  -11.999  -2.713 0.0000000000
85526  -23.874  -5.499  -4.688 0.0000000000
82458  -22.292  -7.578  -3.841 0.0000000000
103164  -26.357  13.681  -5.250 0.0000000000
100593  -22.609  10.496  -6.109 0.0000000000
92404  -20.928  1.411  -5.364 0.0000000000
94135  -19.863  3.324  -4.486 0.0000000000
94153  -23.034  3.504  -6.648 0.0000000000
96828  -25.238  6.584  -5.616 0.0000000000
94148  -26.638  3.692  -4.635 0.0000000000
92422  -28.115  1.673  -4.433 0.0000000000
89477  -20.508  -1.515  -4.327 0.0000000000
89494  -23.358  -1.588  -5.793 0.0000000000
89497  -25.756  -0.712  -4.464 0.0000000000
88458  -25.214  -2.939  -4.604 0.0000000000
85529  -26.970  -5.615  -3.747 0.0000000000
83443  -27.807  -8.349  -4.192 0.0000000000
98702  -20.196  8.352  -5.552 0.0000000000
98714  -24.376  8.467  -5.599 0.0000000000
99624  -28.454  9.171  -5.085 0.0000000000
81404  -21.606  -9.426  -3.161 0.0000000000
81425  -23.607  -9.701  -3.285 0.0000000000
83437  -21.498  -7.131  -3.484 0.0000000000
82433  -20.957  -7.695  -3.591 0.0000000000
102348  -22.442  12.589  -6.342 0.0000000000
100591  -20.863  10.336  -5.951 0.0000000000
91532  -23.514  1.102  -6.558 0.0000000000
93297  -22.199  2.493  -6.200 0.0000000000
93310  -24.184  2.617  -6.178 0.0000000000
94156  -25.062  3.837  -5.612 0.0000000000
93299  -25.492  2.559  -5.293 0.0000000000
93301  -27.568  2.856  -4.512 0.0000000000
92420  -25.878  1.634  -4.688 0.0000000000
88456  -20.797  -2.338  -4.827 0.0000000000
89492  -21.601  -1.453  -5.477 0.0000000000
88476  -22.992  -2.429  -5.720 0.0000000000
88477  -23.827  -2.595  -5.500 0.0000000000
87510  -23.389  -3.280  -5.517 0.0000000000
84512  -24.204  -6.316  -4.311 0.0000000000
85527  -24.788  -5.499  -4.309 0.0000000000
84513  -25.055  -6.319  -3.766 0.0000000000
84515  -27.532  -6.507  -4.080 0.0000000000
84493  -25.920  -7.362  -3.558 0.0000000000
104006  -22.983  15.421  -5.472 0.0000000000
105718  -22.671  16.614  -5.490 0.0000000000
105720  -25.335  17.037  -6.057 0.0000000000
106519  -26.014  17.994  -6.650 0.0000000000
105699  -26.624  16.920  -8.315 0.0000000000
102320  -26.607  12.247  -4.587 0.0000000000
95021  -19.945  4.730  -4.749 0.0000000000
96825  -19.610  6.276  -4.750 0.0000000000
97772  -20.863  7.483  -6.030 0.0000000000
98711  -21.936  8.477  -6.538 0.0000000000
97775  -23.378  7.582  -6.375 0.0000000000
96830  -27.535  6.126  -4.364 0.0000000000
97763  -26.836  7.485  -4.600 0.0000000000
97765  -28.736  7.340  -4.761 0.0000000000
89482  -27.440  -1.619  -3.878 0.0000000000
90520  -27.742  -0.575  -3.983 0.0000000000
79370  -21.722  -11.622  -2.290 0.0000000000
80380  -22.569  -10.818  -2.659 0.0000000000
81405  -22.569  -9.931  -2.923 0.0000000000
80381  -23.469  -10.917  -3.066 0.0000000000
86512  -21.643  -4.410  -4.675 0.0000000000
86513  -22.597  -4.675  -5.159 0.0000000000
85524  -22.167  -5.481  -4.554 0.0000000000
84510  -22.545  -6.380  -4.355 0.0000000000
83438  -22.894  -7.629  -4.140 0.0000000000
104019  -23.911  14.633  -5.257 0.0000000000
103154  -25.654  14.403  -5.355 0.0000000000
102350  -24.306  12.793  -5.770 0.0000000000
101480  -24.742  12.219  -5.601 0.0000000000
100596  -25.208  10.720  -5.327 0.0000000000
92403  -20.245  1.465  -4.460 0.0000000000
93284  -20.393  2.421  -4.756 0.0000000000
94143  -21.084  3.413  -5.508 0.0000000000
95032  -21.771  4.682  -6.106 0.0000000000
96842  -23.143  6.565  -6.585 0.0000000000
95926  -24.464  5.313  -6.095 0.0000000000
95914  -26.765  5.380  -5.016 0.0000000000
95903  -28.072  5.369  -4.280 0.0000000000
94138  -29.119  3.749  -4.420 0.0000000000
77430  -23.925  -13.453  -3.150 0.0000000000
79373  -24.253  -11.911  -2.711 0.0000000000
91502  -20.757  0.453  -4.764 0.0000000000
91516  -22.113  0.340  -5.725 0.0000000000
91518  -23.949  0.398  -6.397 0.0000000000
90535  -25.426  -0.026  -4.744 0.0000000000
89496  -25.119  -1.053  -4.603 0.0000000000
89480  -25.251  -2.094  -4.565 0.0000000000
88459  -26.073  -2.833  -4.233 0.0000000000
86515  -24.414  -4.591  -4.783 0.0000000000
86516  -25.312  -4.596  -4.203 0.0000000000
86518  -27.483  -4.725  -4.110 0.0000000000
85530  -27.951  -5.683  -4.593 0.0000000000
84516  -28.793  -6.780  -4.801 0.0000000000
104901  -27.277  15.437  -7.261 0.0000000000
99645  -21.354  9.437  -6.245 0.0000000000
99648  -23.927  9.442  -5.628 0.0000000000
100579  -25.218  10.041  -5.151 0.0000000000
97761  -24.872  7.465  -5.775 0.0000000000
98704  -26.128  8.380  -4.765 0.0000000000
100582  -27.782  10.292  -4.925 0.0000000000
91505  -27.047  0.295  -4.316 0.0000000000
92409  -29.116  0.626  -4.408 0.0000000000
81402  -20.364  -8.612  -2.246 0.0000000000
82416  -20.980  -8.826  -3.224 0.0000000000
81424  -22.674  -9.098  -3.453 0.0000000000
82437  -24.712  -8.762  -3.418 0.0000000000
80400  -24.626  -10.868  -3.122 0.0000000000
81427  -25.596  -10.025  -3.254 0.0000000000
82438  -25.846  -8.588  -3.399 0.0000000000
101491  -20.609  11.017  -5.525 0.0000000000
91533  -24.122  1.237  -6.681 0.0000000000
92432  -23.563  1.839  -6.532 0.0000000000
92434  -24.648  1.870  -6.265 0.0000000000
93298  -24.820  2.554  -5.808 0.0000000000
92419  -25.185  1.743  -5.594 0.0000000000
87487  -21.635  -3.490  -4.902 0.0000000000
87486  -20.950  -3.366  -4.485 0.0000000000
87507  -21.348  -2.884  -4.927 0.0000000000
88475  -22.176  -2.300  -5.492 0.0000000000
87509  -22.648  -3.114  -5.395 0.0000000000
84491  -24.301  -6.969  -3.741 0.0000000000
84492  -25.227  -7.148  -3.539 0.0000000000
83441  -25.470  -7.902  -3.466 0.0000000000
104900  -23.545  15.180  -5.231 0.0000000000
104884  -23.935  15.893  -5.216 0.0000000000
105721  -26.551  16.960  -7.181 0.0000000000
104886  -26.115  16.028  -6.051 0.0000000000
102321  -27.335  12.175  -5.040 0.0000000000
102336  -27.788  12.912  -5.865 0.0000000000
102322  -28.107  11.983  -5.289 0.0000000000
101468  -28.573  11.412  -4.833 0.0000000000
95911  -20.964  5.477  -5.602 0.0000000000
95910  -20.120  5.440  -5.035 0.0000000000
96826  -20.250  6.380  -5.267 0.0000000000
96840  -21.471  6.659  -6.097 0.0000000000
97773  -21.733  7.610  -6.400 0.0000000000
96841  -22.214  6.589  -6.454 0.0000000000
96831  -28.601  6.454  -4.476 0.0000000000
97764  -27.861  7.208  -4.505 0.0000000000
88460  -27.160  -2.770  -3.717 0.0000000000
88461  -28.424  -2.768  -4.216 0.0000000000
78391  -23.590  -12.867  -2.749 0.0000000000
78389  -22.106  -12.280  -2.315 0.0000000000
79371  -22.656  -11.756  -2.584 0.0000000000
81406  -23.077  -10.317  -2.924 0.0000000000
85523  -21.302  -5.464  -4.134 0.0000000000
83462  -22.198  -7.114  -3.730 0.0000000000
83464  -23.204  -7.192  -4.260 0.0000000000
82459  -22.463  -7.761  -3.914 0.0000000000
103172  -22.825  13.693  -6.317 0.0000000000
103173  -23.700  13.710  -5.800 0.0000000000
101494  -23.069  11.557  -6.130 0.0000000000
101495  -24.269  11.600  -5.834 0.0000000000
101481  -25.288  11.663  -5.247 0.0000000000
101496  -24.867  11.082  -5.569 0.0000000000
92416  -21.300  1.974  -5.586 0.0000000000
94145  -22.367  3.404  -6.381 0.0000000000
94144  -21.727  3.368  -5.984 0.0000000000
95024  -21.945  4.050  -6.107 0.0000000000
95033  -22.395  4.453  -6.379 0.0000000000
95034  -23.263  4.483  -6.468 0.0000000000
95035  -24.088  4.448  -6.302 0.0000000000
94147  -25.706  3.575  -5.176 0.0000000000
95025  -25.382  4.500  -5.490 0.0000000000
95026  -26.204  4.525  -5.108 0.0000000000
95915  -27.384  5.190  -4.444 0.0000000000
95014  -27.788  4.575  -4.587 0.0000000000
95015  -28.654  4.590  -4.580 0.0000000000
94149  -27.511  3.833  -4.723 0.0000000000
93286  -28.513  3.213  -4.568 0.0000000000
92423  -29.455  1.207  -4.568 0.0000000000
76445  -23.609  -14.019  -3.055 0.0000000000
76426  -24.025  -14.102  -3.296 0.0000000000
90503  -20.203  -0.813  -3.828 0.0000000000
90515  -19.987  -0.140  -3.854 0.0000000000
90516  -20.536  -0.500  -4.439 0.0000000000
89493  -22.469  -1.500  -5.714 0.0000000000
90531  -21.902  -0.574  -5.590 0.0000000000
90532  -22.739  -0.587  -5.928 0.0000000000
91517  -22.937  0.484  -6.340 0.0000000000
90533  -23.657  -0.593  -5.983 0.0000000000
90534  -24.385  -0.293  -5.375 0.0000000000
88457  -24.616  -2.849  -5.188 0.0000000000
89479  -24.865  -2.397  -4.916 0.0000000000
85525  -23.014  -5.544  -4.857 0.0000000000
86514  -23.553  -4.588  -5.288 0.0000000000
85528  -25.771  -5.530  -3.703 0.0000000000
86517  -26.370  -4.617  -3.768 0.0000000000
83466  -27.848  -7.396  -4.099 0.0000000000
83467  -28.711  -7.938  -4.955 0.0000000000
103156  -26.620  14.334  -5.374 0.0000000000
103993  -26.936  14.880  -5.665 0.0000000000
104009  -27.382  14.849  -6.355 0.0000000000
93275  -19.228  2.558  -3.505 0.0000000000
98692  -19.518  8.247  -4.734 0.0000000000
98693  -19.880  8.786  -4.981 0.0000000000
99644  -20.622  9.372  -5.789 0.0000000000
98713  -23.533  8.510  -5.943 0.0000000000
99647  -23.114  9.490  -6.143 0.0000000000
99632  -24.779  9.337  -5.260 0.0000000000
96843  -24.276  6.603  -6.072 0.0000000000
98695  -27.711  8.537  -4.546 0.0000000000
98705  -26.792  8.395  -4.511 0.0000000000
99622  -27.334  8.975  -4.443 0.0000000000
99634  -26.628  9.267  -4.450 0.0000000000
99636  -28.164  9.699  -5.118 0.0000000000
99637  -29.091  9.589  -5.288 0.0000000000
91504  -26.060  0.495  -4.576 0.0000000000
90519  -26.357  -0.457  -4.325 0.0000000000
91506  -28.063  0.208  -4.239 0.0000000000
80378  -20.971  -10.483  -2.462 0.0000000000
81403  -20.612  -9.365  -2.339 0.0000000000
82436  -23.593  -8.540  -3.630 0.0000000000
79387  -25.070  -11.792  -3.255 0.0000000000
82417  -25.366  -9.112  -3.309 0.0000000000
84489  -21.132  -6.336  -3.542 0.0000000000
83436  -20.790  -7.181  -3.268 0.0000000000
102347  -21.485  12.486  -6.139 0.0000000000
101493  -22.008  11.508  -6.235 0.0000000000
100592  -21.668  10.448  -6.124 0.0000000000
92417  -21.919  1.467  -5.872 0.0000000000
92418  -22.882  1.661  -6.306 0.0000000000
93308  -22.927  2.579  -6.565 0.0000000000
93309  -23.579  2.627  -6.446 0.0000000000
94154  -23.741  3.513  -6.327 0.0000000000
94155  -24.473  3.498  -5.894 0.0000000000
94146  -25.106  3.193  -5.588 0.0000000000
93300  -26.314  2.699  -4.704 0.0000000000
92421  -26.921  1.829  -4.306 0.0000000000
88455  -20.445  -2.430  -4.031 0.0000000000
89478  -20.816  -1.459  -5.116 0.0000000000
88474  -21.387  -2.260  -5.269 0.0000000000
87488  -24.169  -3.699  -5.509 0.0000000000
84514  -26.273  -6.668  -3.746 0.0000000000
83465  -27.103  -7.059  -3.810 0.0000000000
83442  -26.713  -7.780  -3.453 0.0000000000
104882  -22.067  15.793  -5.546 0.0000000000
104865  -23.269  16.769  -5.470 0.0000000000
106502  -26.719  17.219  -8.497 0.0000000000
102335  -26.815  12.896  -5.256 0.0000000000
103165  -27.370  14.025  -5.422 0.0000000000
96817  -19.100  6.122  -4.259 0.0000000000
97759  -19.672  7.181  -5.063 0.0000000000
98701  -19.846  7.769  -5.290 0.0000000000
98710  -21.063  8.461  -6.198 0.0000000000
97787  -22.330  7.863  -6.607 0.0000000000
96829  -26.405  6.426  -5.236 0.0000000000
97753  -28.157  7.941  -4.524 0.0000000000
98696  -28.205  8.706  -4.808 0.0000000000
89481  -26.151  -1.648  -4.224 0.0000000000
89483  -28.812  -1.597  -4.224 0.0000000000
79369  -21.237  -11.105  -2.435 0.0000000000
80379  -21.799  -10.519  -2.546 0.0000000000
80399  -24.088  -10.315  -3.248 0.0000000000
86511  -20.655  -4.497  -4.051 0.0000000000
84509  -21.830  -6.327  -3.949 0.0000000000
84511  -23.313  -6.454  -4.456 0.0000000000
84490  -23.674  -6.893  -4.115 0.0000000000
83439  -23.519  -7.610  -3.917 0.0000000000
104898  -21.030  14.645  -5.409 0.0000000000
104004  -21.920  15.040  -5.514 0.0000000000
104018  -23.120  14.670  -5.400 0.0000000000
104007  -24.746  14.725  -5.077 0.0000000000
103991  -25.774  14.872  -5.337 0.0000000000
104008  -25.371  14.689  -5.203 0.0000000000
103163  -25.459  13.872  -5.395 0.0000000000
102333  -25.094  12.830  -5.531 0.0000000000
102349  -23.465  12.663  -6.190 0.0000000000
102334  -25.884  12.754  -4.782 0.0000000000
101465  -26.173  11.625  -4.494 0.0000000000
93296  -21.508  2.533  -5.764 0.0000000000
94136  -20.462  3.349  -5.020 0.0000000000
95022  -20.497  4.387  -5.289 0.0000000000
95912  -21.475  5.019  -5.909 0.0000000000
95923  -21.748  5.555  -6.197 0.0000000000
95924  -22.718  5.519  -6.467 0.0000000000
95925  -23.645  5.487  -6.334 0.0000000000
96844  -24.885  5.803  -5.696 0.0000000000
95036  -24.737  4.447  -5.883 0.0000000000
95927  -25.037  5.103  -5.768 0.0000000000
95913  -25.755  5.471  -5.557 0.0000000000
96818  -27.938  5.783  -4.111 0.0000000000
95904  -29.049  5.499  -4.626 0.0000000000
95016  -29.743  4.419  -4.592 0.0000000000
93285  -27.943  3.445  -4.767 0.0000000000
87511  -28.753  -4.291  -4.624 0.0000000000
78410  -23.128  -13.296  -2.635 0.0000000000
79355  -23.810  -12.320  -2.568 0.0000000000
91503  -21.436  0.334  -5.303 0.0000000000
90517  -21.170  -0.549  -5.104 0.0000000000
92405  -21.533  0.874  -5.635 0.0000000000
91519  -24.608  0.956  -5.820 0.0000000000
91520  -25.441  0.953  -5.149 0.0000000000
89495  -24.304  -1.680  -5.128 0.0000000000
86532  -23.013  -3.916  -5.444 0.0000000000
87489  -24.878  -3.716  -4.700 0.0000000000
87490  -25.802  -3.744  -4.321 0.0000000000
87491  -26.840  -3.761  -4.023 0.0000000000
86534  -28.547  -4.826  -4.620 0.0000000000
104868  -26.543  15.347  -5.790 0.0000000000
105722  -27.098  16.312  -8.040 0.0000000000
104020  -27.485  14.756  -7.346 0.0000000000
99646  -22.234  9.473  -6.317 0.0000000000
100594  -23.594  10.495  -5.923 0.0000000000
100595  -24.537  10.386  -5.509 0.0000000000
100580  -25.965  10.476  -4.786 0.0000000000
100567  -26.721  10.952  -4.624 0.0000000000
97776  -24.084  7.727  -5.989 0.0000000000
97762  -25.787  7.455  -5.212 0.0000000000
98703  -25.247  8.398  -5.238 0.0000000000
99633  -25.598  9.308  -4.816 0.0000000000
100581  -27.016  10.248  -4.455 0.0000000000
100568  -27.436  10.883  -4.587 0.0000000000
100570  -29.110  10.916  -4.707 0.0000000000
92406  -26.654  1.042  -4.487 0.0000000000
92407  -27.532  0.975  -4.426 0.0000000000
92408  -28.512  0.822  -4.360 0.0000000000
82415  -20.511  -8.184  -3.073 0.0000000000
82434  -21.639  -8.118  -3.714 0.0000000000
81423  -22.125  -8.722  -3.576 0.0000000000
82435  -22.681  -8.232  -3.839 0.0000000000
80382  -23.921  -11.402  -2.894 0.0000000000
81426  -24.777  -9.746  -3.269 0.0000000000
77447  -23.483  -13.580  -2.793 0.0000000000
78375  -24.255  -12.357  -2.697 0.0000000000
79356  -24.094  -12.257  -2.510 0.0000000000
81407  -25.562  -9.465  -3.238 0.0000000000
83463  -22.699  -7.203  -4.201 0.0000000000
86533  -23.579  -3.907  -5.568 0.0000000000
87508  -21.910  -2.983  -5.220 0.0000000000
90518  -25.937  -0.002  -4.567 0.0000000000
90536  -25.828  -0.394  -4.503 0.0000000000
91507  -28.908  0.163  -4.386 0.0000000000
92433  -24.142  1.915  -6.585 0.0000000000
93295  -20.912  2.508  -5.359 0.0000000000
94137  -28.249  3.906  -4.773 0.0000000000
95023  -21.402  4.347  -5.709 0.0000000000
95027  -26.982  4.541  -4.603 0.0000000000
96819  -28.234  5.849  -4.210 0.0000000000
96827  -24.768  6.886  -5.792 0.0000000000
96839  -20.887  6.579  -5.674 0.0000000000
97751  -27.050  8.056  -4.470 0.0000000000
97752  -27.457  7.936  -4.467 0.0000000000
97754  -28.962  7.974  -4.622 0.0000000000
97760  -20.246  7.292  -5.528 0.0000000000
97774  -22.496  7.601  -6.623 0.0000000000
97786  -22.115  7.960  -6.595 0.0000000000
98694  -27.213  8.440  -4.443 0.0000000000
98712  -22.722  8.473  -6.466 0.0000000000
98723  -22.085  8.209  -6.576 0.0000000000
98724  -22.315  8.114  -6.593 0.0000000000
99621  -26.982  8.763  -4.383 0.0000000000
99623  -27.870  9.127  -4.823 0.0000000000
99635  -27.468  9.607  -4.675 0.0000000000
100569  -28.283  10.856  -4.609 0.0000000000
100571  -29.354  11.082  -5.145 0.0000000000
101466  -27.000  11.553  -4.584 0.0000000000
101469  -29.138  11.407  -5.020 0.0000000000
102323  -28.769  11.781  -5.304 0.0000000000
103155  -26.017  14.289  -5.391 0.0000000000
103162  -24.532  13.757  -5.476 0.0000000000
103978  -26.440  14.965  -5.566 0.0000000000
103979  -26.747  15.016  -5.657 0.0000000000
103992  -26.300  14.746  -5.468 0.0000000000
104005  -22.566  15.251  -5.479 0.0000000000
104852  -26.322  15.179  -5.624 0.0000000000
104853  -26.564  15.136  -5.659 0.0000000000
104864  -22.951  16.731  -5.539 0.0000000000
104866  -25.706  15.234  -5.374 0.0000000000
104867  -26.053  15.236  -5.567 0.0000000000
104887  -26.908  15.735  -6.568 0.0000000000
104899  -23.298  15.500  -5.427 0.0000000000
105698  -26.442  17.289  -8.223 0.0000000000
105717  -22.382  16.440  -5.413 0.0000000000
