#!ascii label  , from subject 3316 vox2ras=TkReg
989
122351  43.460  32.685  41.111 0.0000000000
127747  46.933  39.629  45.871 0.0000000000
120239  50.240  29.324  39.936 0.0000000000
120229  39.127  30.194  40.272 0.0000000000
120291  41.861  29.311  36.717 0.0000000000
125683  47.088  36.754  36.634 0.0000000000
127759  42.468  39.358  44.412 0.0000000000
128519  42.111  40.166  41.491 0.0000000000
116560  49.962  24.710  38.644 0.0000000000
117379  50.628  26.126  32.718 0.0000000000
126347  45.640  37.437  42.433 0.0000000000
120935  46.841  30.646  42.638 0.0000000000
123113  49.179  33.619  45.319 0.0000000000
119416  50.264  28.814  44.301 0.0000000000
130551  42.949  44.099  37.888 0.0000000000
127817  47.868  39.573  39.595 0.0000000000
118817  46.217  27.829  35.486 0.0000000000
121636  41.298  31.329  41.259 0.0000000000
120258  40.554  29.350  38.479 0.0000000000
119449  42.634  29.316  40.840 0.0000000000
124848  45.452  35.236  39.150 0.0000000000
124033  42.304  34.586  39.439 0.0000000000
129190  39.401  41.241  44.302 0.0000000000
114773  51.322  21.929  39.227 0.0000000000
115721  51.119  23.089  36.476 0.0000000000
113041  50.906  21.170  36.464 0.0000000000
133737  45.593  47.979  36.202 0.0000000000
126331  47.541  38.037  44.006 0.0000000000
124801  47.154  35.857  44.861 0.0000000000
125569  48.380  36.542  46.437 0.0000000000
120906  45.290  30.886  45.603 0.0000000000
120904  47.770  31.046  45.933 0.0000000000
119419  47.032  28.948  44.174 0.0000000000
118730  50.128  27.170  43.289 0.0000000000
129200  44.886  41.616  44.272 0.0000000000
127810  45.191  39.907  40.102 0.0000000000
128492  47.779  40.501  42.487 0.0000000000
127097  49.262  38.652  40.710 0.0000000000
120961  48.976  29.712  40.845 0.0000000000
118766  46.861  28.166  38.612 0.0000000000
119512  48.748  29.310  36.983 0.0000000000
118113  40.591  27.188  37.664 0.0000000000
118111  42.507  26.573  37.738 0.0000000000
128586  48.148  39.933  34.854 0.0000000000
127873  44.895  39.118  35.723 0.0000000000
127749  44.737  39.882  45.437 0.0000000000
125571  45.940  37.044  46.224 0.0000000000
129250  37.217  41.130  38.693 0.0000000000
128565  39.892  40.805  39.167 0.0000000000
129858  42.017  42.419  44.951 0.0000000000
118755  50.180  27.362  39.987 0.0000000000
119525  51.118  28.840  35.609 0.0000000000
117364  51.205  25.793  35.446 0.0000000000
116602  52.369  24.259  32.737 0.0000000000
124826  44.473  34.871  41.337 0.0000000000
120937  44.750  30.843  42.436 0.0000000000
123144  45.624  33.608  43.412 0.0000000000
121607  48.188  32.169  43.119 0.0000000000
122335  50.223  31.824  42.475 0.0000000000
123105  47.993  34.067  47.078 0.0000000000
121585  50.241  31.222  44.841 0.0000000000
120194  50.747  29.444  42.385 0.0000000000
118057  50.410  26.397  41.442 0.0000000000
116528  51.109  24.229  41.571 0.0000000000
131821  43.084  46.234  35.655 0.0000000000
131177  45.940  44.756  38.006 0.0000000000
128571  45.526  41.637  37.628 0.0000000000
128576  47.518  40.961  36.576 0.0000000000
127120  50.474  38.038  37.166 0.0000000000
126371  46.742  36.656  39.401 0.0000000000
119465  44.881  28.420  40.261 0.0000000000
119546  43.949  28.891  35.551 0.0000000000
117348  44.774  25.250  37.698 0.0000000000
118151  49.083  27.074  33.987 0.0000000000
122352  42.792  32.379  41.118 0.0000000000
120948  41.680  30.596  41.367 0.0000000000
121634  42.943  31.462  41.704 0.0000000000
124014  44.097  34.361  40.169 0.0000000000
124032  43.287  34.994  39.231 0.0000000000
123170  42.995  33.279  40.450 0.0000000000
122367  41.844  32.865  40.702 0.0000000000
113848  51.714  20.927  39.360 0.0000000000
113872  51.941  21.332  37.652 0.0000000000
113012  50.902  20.555  37.662 0.0000000000
116564  41.668  24.111  38.708 0.0000000000
127055  47.680  38.599  44.484 0.0000000000
126315  47.798  37.569  44.932 0.0000000000
127035  47.663  38.415  46.308 0.0000000000
120179  45.626  29.233  44.825 0.0000000000
120178  46.584  29.449  44.831 0.0000000000
129183  45.936  41.431  44.796 0.0000000000
128472  46.333  41.001  43.664 0.0000000000
127776  46.912  40.482  44.040 0.0000000000
127774  48.218  39.858  43.124 0.0000000000
120960  49.659  29.757  40.933 0.0000000000
120241  48.841  28.863  39.760 0.0000000000
120254  49.961  29.060  39.049 0.0000000000
120986  37.652  30.087  39.036 0.0000000000
120279  38.006  29.596  37.806 0.0000000000
120292  40.955  29.205  36.897 0.0000000000
119532  40.229  29.040  36.540 0.0000000000
118806  41.341  28.454  36.682 0.0000000000
118112  41.534  26.949  37.726 0.0000000000
118805  42.348  28.333  36.273 0.0000000000
127154  47.600  38.635  35.559 0.0000000000
127872  46.013  39.066  35.565 0.0000000000
127135  45.725  38.283  35.928 0.0000000000
121649  39.145  31.529  40.644 0.0000000000
120965  37.752  30.921  40.248 0.0000000000
127758  43.335  39.587  44.681 0.0000000000
126317  44.311  37.674  44.847 0.0000000000
126319  42.603  37.395  44.169 0.0000000000
128459  40.185  40.839  44.616 0.0000000000
129189  40.682  41.456  44.515 0.0000000000
128444  41.810  41.072  45.236 0.0000000000
129169  43.202  41.698  45.650 0.0000000000
117324  49.446  25.992  39.368 0.0000000000
118106  50.494  26.796  37.519 0.0000000000
117344  50.284  25.606  37.540 0.0000000000
114813  52.369  22.362  34.791 0.0000000000
115743  51.788  23.709  34.624 0.0000000000
114853  52.497  22.463  32.751 0.0000000000
125609  44.697  35.916  42.262 0.0000000000
123989  45.076  34.385  42.817 0.0000000000
124816  45.883  35.594  43.656 0.0000000000
123972  47.772  34.945  45.108 0.0000000000
123142  47.947  33.945  44.010 0.0000000000
123141  48.972  33.228  44.193 0.0000000000
122337  49.083  32.158  43.016 0.0000000000
122322  49.705  32.369  43.635 0.0000000000
123954  45.935  34.724  46.623 0.0000000000
123953  47.161  35.058  47.103 0.0000000000
123106  46.855  33.879  46.659 0.0000000000
120159  48.709  30.303  45.113 0.0000000000
120903  49.109  30.719  45.304 0.0000000000
120917  49.974  30.249  44.905 0.0000000000
120923  50.959  30.448  43.742 0.0000000000
120185  51.161  29.500  43.956 0.0000000000
119443  51.049  27.676  42.036 0.0000000000
119429  51.224  28.534  43.569 0.0000000000
117285  50.442  24.979  43.723 0.0000000000
117293  51.183  25.001  42.719 0.0000000000
131799  43.201  45.047  37.119 0.0000000000
131798  44.457  45.582  37.630 0.0000000000
131165  44.579  44.700  38.220 0.0000000000
128552  41.160  40.559  39.860 0.0000000000
129230  41.430  41.149  39.396 0.0000000000
128551  42.072  40.645  39.783 0.0000000000
127809  46.148  39.987  40.167 0.0000000000
128548  45.043  40.300  38.871 0.0000000000
127828  46.428  39.996  38.396 0.0000000000
128577  46.849  41.213  37.133 0.0000000000
127839  47.206  39.853  37.562 0.0000000000
127850  48.311  39.767  36.277 0.0000000000
127837  49.420  39.123  37.945 0.0000000000
126351  47.650  38.456  41.766 0.0000000000
126369  49.057  37.977  39.780 0.0000000000
126352  46.258  37.411  41.424 0.0000000000
125623  45.335  36.114  40.247 0.0000000000
120936  45.746  30.765  42.628 0.0000000000
119447  44.567  28.877  41.182 0.0000000000
119446  45.645  28.745  41.075 0.0000000000
119528  46.253  29.023  36.196 0.0000000000
119515  45.338  28.857  37.116 0.0000000000
118818  45.106  28.111  35.640 0.0000000000
118803  44.279  27.550  36.053 0.0000000000
118801  45.938  27.081  36.120 0.0000000000
118825  50.681  27.847  33.828 0.0000000000
119552  50.359  28.598  33.861 0.0000000000
118150  49.748  27.034  33.455 0.0000000000
120962  40.344  30.722  40.847 0.0000000000
120259  39.558  29.621  38.578 0.0000000000
120211  41.064  29.922  41.178 0.0000000000
119469  41.565  29.158  39.828 0.0000000000
119501  42.075  28.886  38.977 0.0000000000
125650  45.811  35.744  38.051 0.0000000000
122355  40.322  31.747  40.962 0.0000000000
115702  50.299  23.614  39.006 0.0000000000
115722  50.551  23.616  36.861 0.0000000000
114794  51.399  22.064  37.206 0.0000000000
113892  51.876  21.805  35.615 0.0000000000
126345  47.233  38.549  43.066 0.0000000000
125600  45.994  36.629  43.808 0.0000000000
126316  47.225  37.302  44.437 0.0000000000
124800  47.624  35.911  45.435 0.0000000000
123959  48.424  35.076  45.981 0.0000000000
121574  44.965  31.612  46.017 0.0000000000
122290  46.511  32.751  46.427 0.0000000000
120905  46.477  30.797  45.917 0.0000000000
120177  47.629  29.644  44.749 0.0000000000
119417  49.237  28.964  44.172 0.0000000000
119430  50.756  28.073  43.836 0.0000000000
119432  48.566  28.247  43.544 0.0000000000
118047  49.285  26.273  43.318 0.0000000000
117286  49.499  25.322  43.711 0.0000000000
130553  41.287  43.465  37.099 0.0000000000
128496  43.853  40.378  42.785 0.0000000000
128517  43.978  39.820  41.408 0.0000000000
128516  44.896  40.049  41.876 0.0000000000
128515  46.100  40.376  41.822 0.0000000000
127807  48.220  39.782  40.691 0.0000000000
127816  48.913  39.567  39.830 0.0000000000
127796  49.096  39.761  41.605 0.0000000000
127087  48.081  38.866  42.655 0.0000000000
120195  48.199  29.942  41.996 0.0000000000
120225  46.679  28.880  40.840 0.0000000000
119462  47.976  28.501  39.919 0.0000000000
119513  47.417  28.834  37.077 0.0000000000
119527  47.409  28.861  36.158 0.0000000000
116614  50.369  24.521  32.782 0.0000000000
116605  49.963  24.771  33.355 0.0000000000
118099  38.270  26.983  38.623 0.0000000000
120294  39.198  29.614  36.954 0.0000000000
118793  39.614  27.905  36.913 0.0000000000
118098  39.554  26.806  38.501 0.0000000000
117339  40.671  25.650  38.864 0.0000000000
117338  41.499  25.125  38.909 0.0000000000
117337  42.631  24.992  38.434 0.0000000000
129281  46.765  41.696  34.763 0.0000000000
128608  44.966  40.870  34.779 0.0000000000
127748  45.833  39.913  45.616 0.0000000000
126307  46.550  38.160  46.251 0.0000000000
127048  45.415  38.852  45.606 0.0000000000
125572  45.205  36.737  45.763 0.0000000000
123956  44.239  34.921  46.111 0.0000000000
123115  43.956  33.535  45.737 0.0000000000
121575  43.984  31.712  45.880 0.0000000000
129233  38.220  41.020  39.091 0.0000000000
128539  39.714  40.182  40.654 0.0000000000
128520  40.945  40.189  41.528 0.0000000000
128476  42.321  41.146  43.251 0.0000000000
129201  43.904  41.708  44.264 0.0000000000
129167  45.188  41.569  45.276 0.0000000000
119460  50.200  28.624  40.357 0.0000000000
119492  50.429  28.751  38.414 0.0000000000
118774  51.049  28.061  37.944 0.0000000000
118799  51.237  27.455  35.848 0.0000000000
118140  51.054  26.568  34.181 0.0000000000
116587  50.598  24.658  35.976 0.0000000000
116594  51.422  25.010  34.345 0.0000000000
117387  51.565  25.960  32.838 0.0000000000
123999  44.413  34.022  41.088 0.0000000000
122339  43.720  32.439  41.750 0.0000000000
122338  44.535  32.538  42.551 0.0000000000
122326  45.444  32.590  43.230 0.0000000000
121609  46.184  32.164  43.453 0.0000000000
123985  46.782  34.703  44.392 0.0000000000
122324  47.545  33.078  43.426 0.0000000000
121621  47.591  31.394  42.852 0.0000000000
121620  48.974  31.357  42.273 0.0000000000
121632  49.648  31.105  41.650 0.0000000000
120959  50.048  29.863  41.122 0.0000000000
125562  47.317  36.777  47.066 0.0000000000
123952  48.141  35.001  47.203 0.0000000000
122301  49.064  33.343  46.020 0.0000000000
121588  48.151  31.691  46.254 0.0000000000
121570  49.177  32.520  46.176 0.0000000000
122300  49.285  33.000  45.613 0.0000000000
121606  50.174  31.748  43.852 0.0000000000
120932  50.887  30.411  42.779 0.0000000000
120203  50.033  29.269  41.775 0.0000000000
119444  50.343  28.141  41.522 0.0000000000
118058  49.869  26.551  40.869 0.0000000000
117298  50.001  25.857  41.011 0.0000000000
118729  50.951  27.135  43.103 0.0000000000
117297  50.585  25.320  41.479 0.0000000000
116541  50.527  24.311  40.758 0.0000000000
114758  51.096  22.966  40.274 0.0000000000
132485  43.951  46.828  36.310 0.0000000000
132471  45.474  46.422  37.105 0.0000000000
131175  47.467  44.528  37.137 0.0000000000
127821  44.011  40.006  39.570 0.0000000000
129887  44.464  42.897  38.341 0.0000000000
129900  45.972  43.008  37.484 0.0000000000
129899  47.010  43.033  37.145 0.0000000000
129916  48.365  42.595  36.083 0.0000000000
128585  48.316  40.651  35.659 0.0000000000
127152  49.322  38.478  35.773 0.0000000000
125681  48.485  37.253  36.520 0.0000000000
127102  49.753  38.655  39.482 0.0000000000
126381  48.720  37.168  38.625 0.0000000000
125648  47.456  36.131  37.981 0.0000000000
125637  46.339  36.083  39.052 0.0000000000
124836  45.421  35.101  39.992 0.0000000000
120946  43.511  30.674  41.910 0.0000000000
119448  43.516  29.104  41.101 0.0000000000
119499  43.372  28.871  38.239 0.0000000000
119464  45.947  28.334  40.117 0.0000000000
119516  44.461  28.905  37.550 0.0000000000
120308  42.967  29.475  35.773 0.0000000000
118804  43.257  27.700  36.155 0.0000000000
118110  43.587  26.459  37.347 0.0000000000
120269  50.127  29.305  36.627 0.0000000000
119542  48.537  28.903  34.991 0.0000000000
118827  48.092  28.198  34.909 0.0000000000
117373  49.294  25.841  34.395 0.0000000000
118134  47.243  26.382  35.912 0.0000000000
113883  49.905  20.747  36.287 0.0000000000
113904  50.695  21.425  34.578 0.0000000000
122340  43.235  31.982  41.724 0.0000000000
123159  43.813  33.252  40.894 0.0000000000
123169  43.545  33.771  40.429 0.0000000000
123160  43.338  32.823  40.808 0.0000000000
122366  42.456  32.955  40.613 0.0000000000
112995  51.389  20.723  38.432 0.0000000000
127755  47.393  39.194  45.125 0.0000000000
127746  47.633  38.993  45.973 0.0000000000
127756  46.935  40.214  44.888 0.0000000000
128455  46.421  40.970  44.548 0.0000000000
127775  47.565  39.675  43.769 0.0000000000
120975  49.857  29.482  40.653 0.0000000000
120240  49.624  29.228  39.709 0.0000000000
120245  38.588  30.082  39.741 0.0000000000
120260  38.444  29.986  38.723 0.0000000000
120275  41.703  29.307  37.410 0.0000000000
119530  42.193  29.084  36.118 0.0000000000
126413  47.514  37.290  36.037 0.0000000000
126431  46.449  38.166  35.892 0.0000000000
126414  46.450  37.480  36.206 0.0000000000
120964  38.631  30.774  40.408 0.0000000000
120230  38.599  30.308  40.181 0.0000000000
120977  38.144  30.418  40.000 0.0000000000
127057  43.001  38.460  44.312 0.0000000000
127058  42.105  38.383  44.082 0.0000000000
127760  41.496  39.392  44.152 0.0000000000
128458  41.158  40.499  44.647 0.0000000000
128457  42.133  40.282  44.647 0.0000000000
128443  42.947  40.731  45.345 0.0000000000
116552  49.532  25.132  39.330 0.0000000000
117334  49.731  25.820  38.422 0.0000000000
117333  50.191  25.193  38.097 0.0000000000
114840  52.530  22.749  33.309 0.0000000000
126353  45.464  37.044  42.018 0.0000000000
125608  45.188  36.617  42.827 0.0000000000
123971  48.494  34.504  45.494 0.0000000000
123130  48.698  34.056  44.899 0.0000000000
123129  49.335  33.284  44.841 0.0000000000
123107  45.658  33.629  46.417 0.0000000000
120175  49.757  29.569  44.673 0.0000000000
120918  49.432  30.123  44.906 0.0000000000
120174  50.612  29.610  44.452 0.0000000000
119415  50.985  28.914  44.202 0.0000000000
131180  42.711  44.389  37.404 0.0000000000
131800  42.653  44.732  36.950 0.0000000000
131178  44.098  44.852  38.082 0.0000000000
131166  43.995  44.301  38.131 0.0000000000
128537  41.602  40.232  40.578 0.0000000000
128536  42.614  40.218  40.487 0.0000000000
127818  46.767  39.693  39.385 0.0000000000
127827  47.529  39.623  38.510 0.0000000000
127838  48.319  39.492  37.462 0.0000000000
127826  48.632  39.384  38.733 0.0000000000
126346  46.425  37.949  42.587 0.0000000000
120197  46.110  29.925  42.386 0.0000000000
120206  46.401  29.360  41.674 0.0000000000
119544  46.043  28.722  35.654 0.0000000000
120304  45.866  29.113  35.701 0.0000000000
118802  45.207  27.362  36.085 0.0000000000
118149  50.608  26.803  33.296 0.0000000000
118832  50.167  27.749  33.578 0.0000000000
121637  40.622  31.287  41.048 0.0000000000
120228  40.204  30.020  40.464 0.0000000000
120949  40.905  30.611  41.268 0.0000000000
120210  42.065  29.828  41.001 0.0000000000
120226  41.921  29.454  40.572 0.0000000000
119468  42.081  29.120  40.212 0.0000000000
119487  41.799  29.016  39.372 0.0000000000
119486  42.415  28.786  39.486 0.0000000000
124864  45.853  35.687  38.306 0.0000000000
124881  45.170  35.798  37.605 0.0000000000
124046  44.869  35.319  38.529 0.0000000000
122353  41.643  32.088  41.018 0.0000000000
122368  40.890  32.700  40.734 0.0000000000
122354  40.763  31.931  41.086 0.0000000000
114785  50.358  22.881  38.449 0.0000000000
114796  49.836  23.308  37.847 0.0000000000
114784  51.419  22.033  38.136 0.0000000000
113027  51.459  20.831  36.961 0.0000000000
113881  51.715  21.469  36.775 0.0000000000
113882  51.383  21.472  36.374 0.0000000000
113893  51.005  21.413  35.652 0.0000000000
133739  44.271  47.697  35.797 0.0000000000
133751  43.934  48.099  35.326 0.0000000000
126332  46.683  37.540  43.692 0.0000000000
126305  48.418  37.205  46.107 0.0000000000
125580  47.983  36.687  45.447 0.0000000000
125570  48.393  36.623  45.927 0.0000000000
124790  48.168  35.946  45.824 0.0000000000
124789  48.403  35.923  46.287 0.0000000000
121590  45.585  31.330  45.898 0.0000000000
121589  45.890  31.161  45.883 0.0000000000
119418  48.118  29.035  44.124 0.0000000000
119431  49.732  28.178  43.578 0.0000000000
118732  47.854  27.341  43.428 0.0000000000
118048  48.169  26.405  43.209 0.0000000000
117287  48.444  25.511  43.541 0.0000000000
128474  44.322  41.026  43.487 0.0000000000
127790  44.210  39.911  42.450 0.0000000000
128495  44.647  40.211  42.782 0.0000000000
128493  46.763  40.481  42.680 0.0000000000
128514  47.145  40.265  41.817 0.0000000000
128531  47.444  40.043  41.115 0.0000000000
128513  48.136  40.229  41.631 0.0000000000
127797  48.760  40.098  41.268 0.0000000000
128491  48.486  40.226  42.196 0.0000000000
127073  47.884  38.823  43.515 0.0000000000
127072  48.229  39.405  43.015 0.0000000000
120204  48.350  29.564  41.200 0.0000000000
120224  47.670  28.944  40.682 0.0000000000
120223  48.533  29.112  40.486 0.0000000000
119479  49.196  28.721  38.968 0.0000000000
119494  48.424  28.716  38.035 0.0000000000
119526  48.467  29.018  35.841 0.0000000000
118794  38.662  28.217  37.028 0.0000000000
120277  39.817  29.471  37.633 0.0000000000
118807  40.373  28.456  36.643 0.0000000000
118808  39.499  28.592  36.563 0.0000000000
118114  39.846  27.428  37.515 0.0000000000
117340  39.993  26.041  38.888 0.0000000000
118097  40.664  26.510  38.405 0.0000000000
118096  41.556  26.169  38.451 0.0000000000
118095  42.287  25.813  38.445 0.0000000000
117350  43.016  25.904  38.110 0.0000000000
129279  48.376  41.092  34.895 0.0000000000
128606  47.242  40.761  34.731 0.0000000000
128589  45.486  40.059  35.344 0.0000000000
128590  44.368  40.102  35.219 0.0000000000
127874  43.769  39.347  35.449 0.0000000000
125582  44.719  36.973  45.034 0.0000000000
124791  44.698  36.067  45.843 0.0000000000
122292  44.133  32.587  45.884 0.0000000000
129249  38.333  41.415  38.372 0.0000000000
128540  38.595  40.396  40.612 0.0000000000
127813  40.305  39.996  41.083 0.0000000000
129188  41.612  41.998  44.705 0.0000000000
129204  40.725  41.616  43.892 0.0000000000
128477  41.287  41.071  43.420 0.0000000000
129203  41.901  41.679  44.012 0.0000000000
129202  42.845  41.688  44.175 0.0000000000
129187  42.312  42.230  44.736 0.0000000000
128442  44.018  40.901  45.821 0.0000000000
129168  44.256  41.688  45.538 0.0000000000
128441  45.048  40.903  45.597 0.0000000000
118754  50.241  28.021  39.832 0.0000000000
118764  50.670  27.925  39.009 0.0000000000
118080  50.545  27.435  38.908 0.0000000000
117356  50.804  25.746  36.457 0.0000000000
118120  51.015  26.902  36.430 0.0000000000
118119  51.177  26.631  35.804 0.0000000000
118131  51.071  26.733  35.094 0.0000000000
117371  51.344  26.028  34.553 0.0000000000
115733  50.575  24.122  36.326 0.0000000000
115732  51.128  23.585  35.865 0.0000000000
115752  52.356  23.660  33.597 0.0000000000
115753  51.903  24.327  33.940 0.0000000000
116603  51.853  24.873  33.296 0.0000000000
116612  51.686  24.763  32.424 0.0000000000
116619  51.763  24.183  31.673 0.0000000000
123149  44.188  33.334  41.908 0.0000000000
123990  44.403  34.228  42.096 0.0000000000
121610  45.759  31.925  43.254 0.0000000000
122325  46.418  32.898  43.537 0.0000000000
124815  46.472  35.763  44.432 0.0000000000
121608  47.078  32.146  43.422 0.0000000000
120934  47.959  30.574  42.474 0.0000000000
122336  49.734  32.027  42.607 0.0000000000
121619  49.935  31.674  41.910 0.0000000000
120943  49.944  30.560  41.281 0.0000000000
121631  50.160  31.138  41.578 0.0000000000
126300  46.362  37.526  46.402 0.0000000000
126299  47.012  37.736  46.646 0.0000000000
125563  46.481  36.772  46.728 0.0000000000
123947  47.335  35.677  47.206 0.0000000000
123104  48.426  34.460  46.594 0.0000000000
122288  48.710  33.350  46.400 0.0000000000
120890  47.046  31.261  46.250 0.0000000000
121572  47.404  31.860  46.306 0.0000000000
120889  47.412  31.348  46.208 0.0000000000
120902  50.132  30.929  45.135 0.0000000000
121587  48.852  31.646  46.099 0.0000000000
121586  49.787  31.808  45.491 0.0000000000
121602  49.988  31.803  44.470 0.0000000000
121601  50.424  31.243  44.123 0.0000000000
120931  51.162  30.057  43.311 0.0000000000
119441  50.505  28.772  42.143 0.0000000000
118742  50.820  27.148  41.735 0.0000000000
118743  50.187  27.195  41.245 0.0000000000
118054  51.095  26.126  42.618 0.0000000000
117294  50.887  24.862  42.107 0.0000000000
117296  51.007  25.532  42.186 0.0000000000
115696  50.611  23.545  40.076 0.0000000000
131822  42.494  45.876  35.662 0.0000000000
132499  41.730  46.368  35.197 0.0000000000
132497  43.403  46.738  35.765 0.0000000000
131785  45.233  45.274  38.140 0.0000000000
131797  45.621  45.661  37.713 0.0000000000
131796  46.421  45.467  37.280 0.0000000000
131176  46.980  44.616  37.440 0.0000000000
128534  44.618  39.943  40.795 0.0000000000
128535  43.651  39.896  40.401 0.0000000000
127811  44.421  39.781  40.022 0.0000000000
128562  45.054  41.037  38.250 0.0000000000
128549  44.310  40.514  39.013 0.0000000000
129260  44.934  42.286  37.842 0.0000000000
129901  45.060  42.953  38.020 0.0000000000
129259  45.435  42.283  37.608 0.0000000000
129272  46.937  41.845  37.013 0.0000000000
129271  47.399  41.826  36.681 0.0000000000
129917  47.763  42.874  36.514 0.0000000000
129270  48.100  41.733  36.056 0.0000000000
129927  48.402  42.466  35.720 0.0000000000
127849  49.295  39.103  36.678 0.0000000000
127868  49.424  38.844  36.040 0.0000000000
127134  49.969  38.282  36.454 0.0000000000
126428  48.941  37.858  35.678 0.0000000000
126410  49.927  37.663  36.654 0.0000000000
127096  49.765  39.035  40.468 0.0000000000
127815  49.538  39.351  40.109 0.0000000000
127103  49.573  38.602  40.143 0.0000000000
126370  47.690  37.092  39.389 0.0000000000
125647  48.422  36.488  37.901 0.0000000000
125636  47.046  36.473  38.700 0.0000000000
125624  44.729  35.570  40.747 0.0000000000
121624  44.287  31.694  42.355 0.0000000000
120938  44.045  31.044  42.259 0.0000000000
120945  44.187  30.481  42.250 0.0000000000
119466  43.865  28.640  40.292 0.0000000000
119485  43.203  28.646  39.369 0.0000000000
119484  44.161  28.645  39.292 0.0000000000
119463  46.975  28.461  39.963 0.0000000000
119482  46.283  28.039  38.983 0.0000000000
120271  44.866  29.215  36.549 0.0000000000
120272  44.379  29.303  36.816 0.0000000000
120289  43.630  29.557  36.316 0.0000000000
120307  43.789  29.351  35.744 0.0000000000
118820  43.196  28.530  35.622 0.0000000000
118124  44.428  26.858  36.663 0.0000000000
118109  44.534  26.113  37.390 0.0000000000
117349  43.709  25.260  37.866 0.0000000000
116573  44.279  24.515  37.724 0.0000000000
119510  50.993  28.962  36.867 0.0000000000
120268  50.511  29.222  36.344 0.0000000000
120283  50.653  29.159  35.822 0.0000000000
119561  49.559  28.357  33.752 0.0000000000
119553  49.550  28.824  34.050 0.0000000000
119554  48.728  28.515  34.417 0.0000000000
119555  48.285  28.530  34.916 0.0000000000
118826  48.476  27.638  34.722 0.0000000000
116606  49.428  24.504  33.854 0.0000000000
116595  49.558  25.230  33.883 0.0000000000
116596  49.052  24.643  34.485 0.0000000000
121635  42.151  31.432  41.399 0.0000000000
120947  42.579  30.632  41.493 0.0000000000
124013  45.011  34.693  39.586 0.0000000000
124031  44.346  35.139  39.126 0.0000000000
124015  43.084  34.283  40.136 0.0000000000
124016  42.255  34.045  40.169 0.0000000000
123171  42.074  33.507  40.528 0.0000000000
113860  51.887  21.099  38.663 0.0000000000
113011  51.745  20.653  37.718 0.0000000000
127046  48.053  38.273  45.604 0.0000000000
127034  48.232  37.753  46.230 0.0000000000
120163  44.883  29.675  45.392 0.0000000000
120162  46.011  29.968  45.418 0.0000000000
129199  45.685  41.419  44.272 0.0000000000
128473  45.256  40.922  43.574 0.0000000000
128471  47.361  40.576  43.307 0.0000000000
128470  48.174  40.286  43.005 0.0000000000
120222  49.220  29.332  40.289 0.0000000000
119493  49.524  29.010  38.135 0.0000000000
120276  40.776  29.292  37.576 0.0000000000
120293  40.063  29.477  36.834 0.0000000000
118792  40.515  27.791  36.955 0.0000000000
118791  41.456  27.721  37.043 0.0000000000
118790  42.415  27.508  37.070 0.0000000000
127870  48.018  39.483  35.328 0.0000000000
128587  47.601  39.962  34.884 0.0000000000
127155  46.737  38.570  35.584 0.0000000000
127156  46.217  38.516  35.749 0.0000000000
127136  44.920  38.238  35.783 0.0000000000
122370  38.626  32.398  40.550 0.0000000000
121650  38.168  31.581  40.466 0.0000000000
120978  37.415  30.479  39.638 0.0000000000
127750  43.870  40.168  45.214 0.0000000000
127049  44.581  38.680  45.155 0.0000000000
127056  43.832  38.548  44.681 0.0000000000
126318  43.498  37.504  44.495 0.0000000000
128446  40.743  41.274  44.833 0.0000000000
129172  40.992  41.455  44.945 0.0000000000
129171  41.541  41.779  45.177 0.0000000000
129856  42.758  42.095  45.454 0.0000000000
129170  42.405  41.638  45.511 0.0000000000
117325  49.744  26.324  38.850 0.0000000000
118093  50.110  26.534  38.371 0.0000000000
117335  49.787  26.253  38.608 0.0000000000
114814  51.951  22.638  35.270 0.0000000000
114827  52.228  22.863  34.615 0.0000000000
115762  52.563  23.331  32.594 0.0000000000
125613  44.576  35.635  41.592 0.0000000000
124822  44.655  35.074  42.205 0.0000000000
124821  45.147  35.363  42.934 0.0000000000
123986  45.795  34.561  43.574 0.0000000000
123984  47.599  34.418  44.600 0.0000000000
123131  48.015  34.320  44.671 0.0000000000
122323  48.625  32.900  43.470 0.0000000000
122321  50.150  32.082  42.913 0.0000000000
125564  45.762  36.388  46.360 0.0000000000
124783  46.267  35.752  46.628 0.0000000000
120901  50.316  30.924  44.886 0.0000000000
120186  50.888  30.046  44.230 0.0000000000
120922  51.197  29.861  43.556 0.0000000000
120193  51.259  29.442  43.169 0.0000000000
119440  51.219  28.281  42.558 0.0000000000
118740  51.131  27.117  42.330 0.0000000000
118046  50.298  26.067  43.409 0.0000000000
118045  50.923  25.625  43.185 0.0000000000
131814  41.621  44.864  36.137 0.0000000000
131813  42.340  45.080  36.417 0.0000000000
131812  43.485  45.894  36.339 0.0000000000
131786  44.853  45.166  38.218 0.0000000000
131164  45.171  44.864  38.273 0.0000000000
128553  40.289  40.574  39.678 0.0000000000
129247  40.512  41.334  38.876 0.0000000000
127820  44.775  40.065  39.481 0.0000000000
127819  45.687  39.970  39.271 0.0000000000
127829  45.566  40.258  38.514 0.0000000000
128561  45.862  40.485  38.008 0.0000000000
128570  46.000  41.099  37.606 0.0000000000
127840  46.515  40.415  37.562 0.0000000000
127852  47.077  40.397  37.020 0.0000000000
127851  47.671  40.049  36.732 0.0000000000
128575  48.014  40.632  36.181 0.0000000000
127121  49.992  38.512  37.400 0.0000000000
126350  48.292  38.545  41.448 0.0000000000
126357  48.464  38.359  40.985 0.0000000000
126358  47.676  37.658  40.621 0.0000000000
126359  46.729  36.965  40.223 0.0000000000
125622  46.052  36.457  39.784 0.0000000000
125611  45.872  36.703  40.617 0.0000000000
125612  45.102  36.494  41.433 0.0000000000
121623  45.250  31.679  42.798 0.0000000000
120199  44.527  30.215  42.409 0.0000000000
120198  45.061  29.988  42.590 0.0000000000
120207  45.334  29.360  41.890 0.0000000000
119514  46.386  28.660  37.171 0.0000000000
119496  46.278  28.475  38.102 0.0000000000
119529  45.816  28.904  36.619 0.0000000000
120305  45.430  29.130  35.603 0.0000000000
119545  44.887  28.807  35.429 0.0000000000
118819  44.091  28.255  35.620 0.0000000000
118123  45.394  26.621  36.865 0.0000000000
119540  50.822  28.080  34.863 0.0000000000
120301  50.807  29.176  34.911 0.0000000000
119560  49.923  28.167  33.633 0.0000000000
120244  39.348  29.791  39.586 0.0000000000
120243  40.358  29.548  39.464 0.0000000000
120227  41.278  29.442  40.336 0.0000000000
120242  41.222  29.347  39.299 0.0000000000
120257  41.639  29.156  38.431 0.0000000000
120256  42.448  29.185  37.897 0.0000000000
125666  46.762  36.171  37.339 0.0000000000
125684  46.016  36.585  36.717 0.0000000000
124882  44.603  35.801  37.414 0.0000000000
124849  43.981  35.409  38.709 0.0000000000
123172  41.126  33.568  40.200 0.0000000000
122369  39.852  32.317  40.771 0.0000000000
120963  39.584  30.761  40.566 0.0000000000
128460  38.934  40.696  44.534 0.0000000000
127762  39.403  39.954  44.464 0.0000000000
127761  40.412  39.680  44.255 0.0000000000
115711  50.063  23.746  37.893 0.0000000000
114795  50.658  22.796  37.578 0.0000000000
114805  51.083  22.774  36.878 0.0000000000
114804  51.518  22.431  36.289 0.0000000000
113891  52.322  22.117  35.138 0.0000000000
113902  52.416  21.904  34.681 0.0000000000
126333  45.745  37.444  43.213 0.0000000000
125599  46.725  36.656  44.470 0.0000000000
125581  47.461  36.640  44.885 0.0000000000
123960  48.016  35.462  45.606 0.0000000000
123114  48.955  33.966  45.857 0.0000000000
122291  45.307  32.571  46.341 0.0000000000
121573  46.143  31.620  46.231 0.0000000000
120161  47.156  29.989  45.611 0.0000000000
120160  48.194  30.274  45.249 0.0000000000
120176  48.782  29.868  44.757 0.0000000000
118731  48.973  27.303  43.139 0.0000000000
130552  42.409  43.559  37.709 0.0000000000
128497  42.901  40.200  42.422 0.0000000000
128518  43.079  39.872  41.358 0.0000000000
127800  43.490  39.496  41.989 0.0000000000
127799  44.124  39.561  42.124 0.0000000000
128494  45.682  40.458  42.756 0.0000000000
128533  45.577  40.161  40.944 0.0000000000
128532  46.584  40.200  41.016 0.0000000000
127808  47.138  39.718  40.367 0.0000000000
127806  49.133  39.813  40.733 0.0000000000
127795  49.313  39.527  41.191 0.0000000000
127788  48.510  39.853  42.563 0.0000000000
127086  48.539  39.288  42.264 0.0000000000
127092  48.706  38.857  41.540 0.0000000000
120196  47.219  29.818  42.312 0.0000000000
120205  47.421  29.427  41.456 0.0000000000
119481  47.275  28.213  39.130 0.0000000000
119480  48.172  28.535  39.007 0.0000000000
119495  47.207  28.352  38.188 0.0000000000
119543  47.566  28.445  35.374 0.0000000000
116604  50.529  25.315  32.852 0.0000000000
118084  38.562  26.258  39.365 0.0000000000
120278  38.903  29.659  37.748 0.0000000000
119534  38.698  29.209  36.753 0.0000000000
119533  39.409  29.181  36.611 0.0000000000
118809  38.854  28.803  36.598 0.0000000000
118777  39.003  27.596  37.802 0.0000000000
118083  39.361  26.008  39.322 0.0000000000
128588  46.598  40.005  35.112 0.0000000000
128607  46.103  40.851  34.843 0.0000000000
126415  45.205  37.370  36.181 0.0000000000
126432  44.397  37.745  35.761 0.0000000000
127047  46.303  38.924  46.031 0.0000000000
126308  45.848  37.858  45.940 0.0000000000
126309  45.071  37.767  45.298 0.0000000000
124784  45.133  35.609  46.217 0.0000000000
124785  44.541  35.137  46.129 0.0000000000
123108  44.676  33.455  46.079 0.0000000000
120892  44.508  31.200  45.761 0.0000000000
129232  38.930  41.119  38.784 0.0000000000
128555  38.041  40.669  39.777 0.0000000000
128554  39.152  40.643  39.529 0.0000000000
128538  40.669  40.191  40.603 0.0000000000
127812  40.623  40.049  41.119 0.0000000000
129205  39.716  41.588  43.958 0.0000000000
128499  40.541  40.719  42.841 0.0000000000
128498  41.663  40.513  42.545 0.0000000000
128475  43.366  41.145  43.312 0.0000000000
129186  43.324  42.220  45.125 0.0000000000
129185  44.592  42.175  44.987 0.0000000000
129166  45.666  41.509  45.124 0.0000000000
128440  46.077  40.909  45.375 0.0000000000
119478  50.416  28.717  39.467 0.0000000000
120253  50.289  28.958  39.256 0.0000000000
119509  51.261  28.247  36.179 0.0000000000
118092  50.570  27.331  38.502 0.0000000000
118788  51.128  27.806  36.848 0.0000000000
118813  50.858  27.578  35.055 0.0000000000
118141  50.603  27.058  33.950 0.0000000000
118148  51.192  26.581  33.353 0.0000000000
116569  50.304  24.623  37.650 0.0000000000
116577  50.517  24.722  36.804 0.0000000000
117365  50.831  25.213  35.744 0.0000000000
116586  51.185  24.647  35.322 0.0000000000
117378  51.487  25.903  33.697 0.0000000000
117388  51.137  25.612  32.601 0.0000000000
116613  50.890  24.691  32.361 0.0000000000
123148  44.805  33.458  42.734 0.0000000000
121622  46.346  31.487  43.056 0.0000000000
123143  46.661  33.776  43.818 0.0000000000
120933  48.602  30.571  42.093 0.0000000000
120944  49.148  30.411  41.565 0.0000000000
121633  49.290  31.011  41.789 0.0000000000
127036  47.025  38.703  46.269 0.0000000000
126298  47.732  37.429  46.652 0.0000000000
125561  47.891  36.745  46.975 0.0000000000
124782  46.967  36.024  47.123 0.0000000000
124776  47.498  36.077  47.240 0.0000000000
124774  48.186  36.011  47.143 0.0000000000
123951  48.350  35.356  46.722 0.0000000000
122289  47.693  33.052  46.470 0.0000000000
121571  48.405  32.332  46.371 0.0000000000
122315  49.596  32.509  44.755 0.0000000000
121605  50.494  31.520  43.182 0.0000000000
121618  50.465  31.288  42.155 0.0000000000
120942  50.348  30.371  41.787 0.0000000000
120221  49.761  28.979  41.047 0.0000000000
119461  49.995  27.891  40.574 0.0000000000
119445  49.883  27.653  41.096 0.0000000000
118744  49.939  27.221  40.666 0.0000000000
118069  49.881  26.669  40.069 0.0000000000
117312  49.684  25.926  40.326 0.0000000000
117323  49.531  25.302  39.916 0.0000000000
118056  51.039  26.283  41.913 0.0000000000
117311  50.019  25.182  40.556 0.0000000000
116551  49.923  24.461  39.797 0.0000000000
114774  50.885  22.821  39.601 0.0000000000
133107  44.407  47.390  36.194 0.0000000000
131811  44.299  46.367  36.757 0.0000000000
132472  44.878  46.641  36.951 0.0000000000
133094  45.370  47.012  36.887 0.0000000000
132482  46.090  46.553  36.798 0.0000000000
131809  47.360  44.992  36.698 0.0000000000
131189  47.629  44.496  36.701 0.0000000000
129902  42.368  42.928  38.107 0.0000000000
130543  42.754  43.214  38.130 0.0000000000
128550  43.247  40.748  39.458 0.0000000000
129888  43.854  42.846  38.490 0.0000000000
130542  43.341  43.647  38.189 0.0000000000
130541  44.446  43.659  38.243 0.0000000000
130550  45.077  43.653  38.099 0.0000000000
130549  45.626  43.759  37.874 0.0000000000
129258  46.354  42.047  37.304 0.0000000000
130548  46.575  43.842  37.572 0.0000000000
130547  47.546  43.835  37.074 0.0000000000
130562  48.102  43.800  36.316 0.0000000000
130574  48.385  42.971  35.620 0.0000000000
128604  48.480  40.589  35.112 0.0000000000
127869  48.568  39.519  35.673 0.0000000000
127890  48.410  39.926  35.012 0.0000000000
127153  48.510  38.629  35.569 0.0000000000
126412  48.357  37.375  36.044 0.0000000000
125682  48.000  36.901  36.499 0.0000000000
127825  49.481  39.163  39.085 0.0000000000
127113  49.927  38.598  38.382 0.0000000000
127112  50.362  38.109  37.884 0.0000000000
126380  49.843  37.854  38.456 0.0000000000
126394  49.854  37.464  37.450 0.0000000000
125663  49.304  37.241  37.387 0.0000000000
125665  47.765  36.479  37.229 0.0000000000
125649  46.406  35.832  38.193 0.0000000000
125638  45.737  35.766  39.474 0.0000000000
124837  44.640  34.749  40.418 0.0000000000
121625  43.588  31.563  42.036 0.0000000000
120209  43.100  29.869  41.383 0.0000000000
120208  44.212  29.765  41.914 0.0000000000
119467  42.955  28.902  40.243 0.0000000000
119500  42.508  28.819  38.696 0.0000000000
120274  42.528  29.528  37.199 0.0000000000
119483  45.165  28.429  39.215 0.0000000000
119497  45.326  28.602  38.224 0.0000000000
119498  44.399  28.691  38.361 0.0000000000
119517  43.912  28.879  37.791 0.0000000000
120273  43.507  29.404  37.244 0.0000000000
120290  42.730  29.589  36.456 0.0000000000
118821  42.629  28.896  35.601 0.0000000000
118789  43.123  27.129  36.997 0.0000000000
118125  43.716  27.120  36.570 0.0000000000
119511  50.001  29.255  37.336 0.0000000000
120270  49.563  29.377  36.824 0.0000000000
120302  50.101  29.296  35.191 0.0000000000
120303  49.289  29.183  35.472 0.0000000000
120285  49.357  29.315  36.289 0.0000000000
118816  47.430  27.591  35.350 0.0000000000
117380  49.859  25.984  33.330 0.0000000000
117381  49.492  26.523  33.726 0.0000000000
116597  48.389  24.355  35.055 0.0000000000
116588  48.647  25.001  35.074 0.0000000000
118142  48.769  26.633  35.095 0.0000000000
118815  48.060  26.968  35.428 0.0000000000
118135  46.603  27.071  35.816 0.0000000000
118122  46.281  26.307  36.393 0.0000000000
117359  45.831  25.914  37.083 0.0000000000
113028  50.435  20.714  36.836 0.0000000000
113042  50.433  20.991  36.154 0.0000000000
113894  49.934  21.223  35.571 0.0000000000
112994  51.849  20.790  38.163 0.0000000000
113010  52.063  20.854  37.898 0.0000000000
113026  52.096  20.856  37.311 0.0000000000
113861  51.520  20.965  38.979 0.0000000000
114786  49.500  23.381  37.735 0.0000000000
114787  48.980  23.256  37.658 0.0000000000
114797  49.198  23.320  37.608 0.0000000000
114826  52.460  22.596  34.119 0.0000000000
115703  49.656  23.371  38.144 0.0000000000
115704  49.255  23.451  37.664 0.0000000000
115712  49.501  23.491  37.740 0.0000000000
115713  49.018  23.473  37.601 0.0000000000
115742  52.275  23.186  34.238 0.0000000000
115744  49.027  24.164  34.035 0.0000000000
116561  49.525  25.397  38.917 0.0000000000
117345  50.035  26.285  37.906 0.0000000000
117355  51.115  26.268  36.061 0.0000000000
117372  49.538  25.692  33.809 0.0000000000
118081  50.271  26.941  39.162 0.0000000000
118082  50.009  26.483  38.770 0.0000000000
118094  49.959  26.397  38.546 0.0000000000
118107  50.203  26.519  37.926 0.0000000000
118108  45.253  25.864  37.393 0.0000000000
118132  50.750  27.137  34.556 0.0000000000
118133  48.116  26.266  35.662 0.0000000000
118156  51.217  26.538  32.909 0.0000000000
118157  51.107  26.321  32.715 0.0000000000
118765  50.372  27.572  39.507 0.0000000000
118767  46.558  28.247  38.536 0.0000000000
118775  47.027  28.242  38.423 0.0000000000
118776  46.786  28.285  38.377 0.0000000000
118787  51.265  27.772  36.346 0.0000000000
118800  51.209  27.493  36.397 0.0000000000
118814  50.785  27.781  34.409 0.0000000000
118833  49.527  27.761  33.613 0.0000000000
118834  48.938  27.999  33.882 0.0000000000
119450  42.193  29.441  40.658 0.0000000000
119524  51.092  28.171  35.352 0.0000000000
119531  41.155  28.926  36.669 0.0000000000
119541  50.976  28.578  34.542 0.0000000000
119547  43.159  29.125  35.459 0.0000000000
119548  42.715  29.179  35.628 0.0000000000
119562  49.150  28.460  33.958 0.0000000000
120173  50.982  29.321  44.258 0.0000000000
120212  40.599  30.230  41.072 0.0000000000
120255  42.965  29.338  37.620 0.0000000000
120284  50.024  29.303  35.964 0.0000000000
120286  45.702  29.214  35.861 0.0000000000
120287  45.325  29.214  36.158 0.0000000000
120288  44.436  29.356  36.181 0.0000000000
120306  44.644  29.193  35.681 0.0000000000
120314  50.817  29.087  34.271 0.0000000000
120315  50.238  29.169  34.406 0.0000000000
120316  49.371  29.084  34.693 0.0000000000
120891  44.922  31.274  45.702 0.0000000000
120916  50.468  30.594  44.558 0.0000000000
120976  49.791  29.396  40.342 0.0000000000
120985  38.041  30.234  39.409 0.0000000000
121648  40.001  31.402  40.794 0.0000000000
122287  49.062  33.040  46.079 0.0000000000
123140  49.466  32.883  44.341 0.0000000000
123945  48.186  35.652  47.137 0.0000000000
123946  47.734  35.571  47.256 0.0000000000
123973  47.014  35.295  44.727 0.0000000000
124017  41.708  33.874  40.175 0.0000000000
124030  45.028  35.051  38.856 0.0000000000
124047  44.693  35.238  38.716 0.0000000000
124775  47.938  36.011  47.280 0.0000000000
124781  48.340  35.987  46.813 0.0000000000
124847  45.892  35.629  38.743 0.0000000000
124850  43.768  35.297  38.890 0.0000000000
124865  45.281  35.574  38.246 0.0000000000
125550  48.199  36.231  47.079 0.0000000000
125551  48.029  36.340  47.181 0.0000000000
125552  47.743  36.392  47.179 0.0000000000
125560  48.219  36.426  46.928 0.0000000000
125646  49.293  36.987  37.856 0.0000000000
125664  48.680  37.085  37.127 0.0000000000
125668  45.080  35.980  37.336 0.0000000000
126297  48.187  37.034  46.560 0.0000000000
126306  48.255  37.379  45.665 0.0000000000
126368  49.565  38.203  39.212 0.0000000000
126379  50.309  37.889  38.031 0.0000000000
126382  47.878  36.638  38.491 0.0000000000
126393  50.317  37.826  37.685 0.0000000000
126395  49.374  37.409  37.007 0.0000000000
126409  50.290  37.747  37.108 0.0000000000
126411  49.063  37.531  36.405 0.0000000000
126427  49.618  37.873  35.993 0.0000000000
126429  48.037  37.905  35.705 0.0000000000
126430  47.134  37.968  35.805 0.0000000000
127045  48.330  37.687  45.908 0.0000000000
127091  49.329  39.238  41.078 0.0000000000
127093  48.297  38.850  42.083 0.0000000000
127133  50.315  37.895  36.794 0.0000000000
127734  47.587  38.819  46.185 0.0000000000
127735  47.414  38.972  46.155 0.0000000000
127757  44.091  39.389  45.013 0.0000000000
127789  44.440  39.960  42.505 0.0000000000
127791  43.708  39.823  42.336 0.0000000000
127798  44.459  39.810  42.311 0.0000000000
127801  40.716  40.068  41.344 0.0000000000
127802  40.479  40.041  41.380 0.0000000000
127805  49.371  39.466  40.860 0.0000000000
127853  45.442  38.752  35.744 0.0000000000
127854  45.227  38.588  35.788 0.0000000000
127871  47.098  39.268  35.284 0.0000000000
127889  48.536  40.138  35.048 0.0000000000
128445  40.985  41.235  45.092 0.0000000000
128456  42.753  40.053  44.691 0.0000000000
128512  48.681  40.141  41.686 0.0000000000
128566  39.577  41.055  38.870 0.0000000000
128605  48.209  40.489  34.793 0.0000000000
129184  45.378  41.777  44.832 0.0000000000
129198  46.134  41.322  44.319 0.0000000000
129231  40.851  40.926  39.457 0.0000000000
129242  45.009  41.851  37.804 0.0000000000
129280  47.922  41.631  34.801 0.0000000000
129842  42.669  41.951  45.613 0.0000000000
129843  42.275  42.117  45.432 0.0000000000
129844  41.927  42.287  45.155 0.0000000000
129857  42.407  42.348  45.181 0.0000000000
129898  47.436  43.287  36.851 0.0000000000
129918  47.100  42.325  36.925 0.0000000000
129928  48.250  42.566  35.348 0.0000000000
130540  45.149  44.242  38.161 0.0000000000
130561  48.465  43.130  35.958 0.0000000000
131179  43.517  44.593  37.842 0.0000000000
131191  42.273  44.509  36.898 0.0000000000
131795  47.298  45.042  37.059 0.0000000000
132470  45.906  46.016  37.225 0.0000000000
132483  45.760  46.914  36.926 0.0000000000
132484  44.516  46.945  36.583 0.0000000000
133093  45.594  46.985  36.911 0.0000000000
133106  45.085  47.355  36.511 0.0000000000
133738  44.772  47.949  35.974 0.0000000000
