#!ascii label  , from subject 3536 vox2ras=TkReg
1324
62513  -43.215  -24.775  25.323 0.0000000000
75794  -54.366  -11.915  21.804 0.0000000000
68663  -47.630  -18.547  23.175 0.0000000000
41916  -16.741  -44.566  45.821 0.0000000000
61276  -41.274  -25.155  32.483 0.0000000000
52249  -27.713  -33.664  44.371 0.0000000000
52255  -37.263  -33.581  43.367 0.0000000000
53543  -44.076  -32.639  38.723 0.0000000000
57927  -45.457  -28.296  36.915 0.0000000000
45997  -25.553  -40.262  40.776 0.0000000000
46900  -27.234  -38.974  47.701 0.0000000000
50028  -27.531  -35.104  38.666 0.0000000000
51184  -33.909  -34.170  37.576 0.0000000000
51154  -39.407  -34.934  39.395 0.0000000000
63445  -47.480  -24.633  31.507 0.0000000000
63492  -49.527  -23.809  27.569 0.0000000000
72731  -50.745  -14.894  22.534 0.0000000000
65449  -45.026  -21.702  22.954 0.0000000000
76829  -51.307  -9.931  17.623 0.0000000000
38720  -12.388  -46.683  47.155 0.0000000000
62352  -45.126  -24.788  34.578 0.0000000000
62456  -42.118  -25.241  29.402 0.0000000000
54758  -29.334  -31.347  37.551 0.0000000000
55750  -31.405  -31.294  42.374 0.0000000000
64482  -51.838  -22.439  25.236 0.0000000000
80980  -58.406  -6.363  12.431 0.0000000000
53574  -42.832  -32.893  37.059 0.0000000000
55826  -43.886  -30.923  36.074 0.0000000000
47961  -26.958  -37.851  39.861 0.0000000000
51202  -37.807  -34.948  36.259 0.0000000000
51191  -40.625  -34.274  36.886 0.0000000000
52321  -42.241  -34.347  39.108 0.0000000000
63488  -45.508  -24.711  27.723 0.0000000000
63474  -48.271  -23.579  28.824 0.0000000000
63505  -46.393  -24.423  26.801 0.0000000000
74829  -52.180  -13.115  21.945 0.0000000000
72702  -54.161  -14.948  24.142 0.0000000000
77744  -55.877  -9.500  20.729 0.0000000000
40930  -14.854  -44.897  42.789 0.0000000000
40874  -14.496  -45.600  46.888 0.0000000000
60156  -43.437  -25.804  34.602 0.0000000000
61214  -44.421  -25.444  36.204 0.0000000000
62350  -43.260  -24.608  34.071 0.0000000000
62419  -44.316  -25.043  31.826 0.0000000000
62437  -41.271  -24.946  30.343 0.0000000000
48883  -27.692  -36.359  45.862 0.0000000000
46868  -27.558  -38.810  50.754 0.0000000000
49872  -28.216  -35.060  48.922 0.0000000000
53409  -28.317  -32.320  47.299 0.0000000000
55836  -28.790  -30.985  34.927 0.0000000000
54813  -30.945  -31.918  34.036 0.0000000000
52300  -36.114  -33.937  40.705 0.0000000000
53540  -32.704  -32.527  39.858 0.0000000000
54709  -34.142  -32.193  42.276 0.0000000000
55724  -32.933  -30.968  45.053 0.0000000000
42962  -20.674  -42.982  43.596 0.0000000000
43913  -22.023  -42.566  47.310 0.0000000000
42861  -21.226  -42.959  51.389 0.0000000000
66533  -46.032  -20.367  23.047 0.0000000000
64504  -48.745  -22.265  24.513 0.0000000000
66523  -49.044  -20.228  23.941 0.0000000000
83094  -59.325  -4.615  12.108 0.0000000000
41855  -15.830  -44.414  49.997 0.0000000000
54724  -45.382  -31.667  40.475 0.0000000000
56824  -46.320  -29.499  40.068 0.0000000000
55799  -45.442  -30.741  38.142 0.0000000000
56881  -43.996  -28.759  34.800 0.0000000000
43937  -25.063  -41.712  44.880 0.0000000000
44887  -25.817  -40.738  48.630 0.0000000000
45957  -26.704  -39.600  44.491 0.0000000000
48919  -27.431  -36.631  42.975 0.0000000000
52283  -27.564  -33.811  41.620 0.0000000000
52422  -32.581  -33.828  34.196 0.0000000000
51215  -34.776  -34.856  35.678 0.0000000000
51168  -36.305  -34.759  38.599 0.0000000000
51114  -38.042  -34.626  41.571 0.0000000000
51117  -41.041  -35.274  41.735 0.0000000000
52274  -43.532  -33.582  42.207 0.0000000000
44971  -23.919  -41.559  39.937 0.0000000000
63417  -48.576  -24.516  33.815 0.0000000000
64410  -51.874  -22.739  35.169 0.0000000000
63437  -50.115  -23.354  32.008 0.0000000000
63449  -51.452  -23.100  30.523 0.0000000000
70671  -49.049  -16.693  23.110 0.0000000000
68656  -51.136  -18.799  24.084 0.0000000000
70660  -52.107  -16.728  24.108 0.0000000000
34254  -8.959  -50.090  50.837 0.0000000000
63578  -44.520  -23.281  23.505 0.0000000000
66549  -44.066  -20.383  22.184 0.0000000000
70701  -45.957  -16.613  21.655 0.0000000000
72750  -47.224  -15.183  21.254 0.0000000000
73825  -49.212  -13.513  20.710 0.0000000000
75821  -50.787  -11.703  20.022 0.0000000000
76792  -52.218  -10.705  19.816 0.0000000000
75844  -49.161  -11.173  18.390 0.0000000000
40819  -13.553  -44.816  50.418 0.0000000000
39725  -11.162  -45.825  52.081 0.0000000000
36469  -10.100  -48.473  52.233 0.0000000000
63334  -48.449  -24.086  40.087 0.0000000000
60099  -46.195  -26.986  38.857 0.0000000000
62277  -46.486  -24.964  38.210 0.0000000000
63389  -47.348  -25.038  36.374 0.0000000000
62397  -46.331  -25.176  32.913 0.0000000000
62459  -45.054  -24.991  30.008 0.0000000000
62483  -42.898  -25.454  27.275 0.0000000000
44841  -26.149  -40.358  51.345 0.0000000000
53553  -27.300  -32.475  37.814 0.0000000000
54719  -27.880  -31.623  40.335 0.0000000000
53591  -32.135  -33.092  37.165 0.0000000000
55783  -30.327  -31.172  39.928 0.0000000000
55759  -29.251  -31.006  42.479 0.0000000000
55721  -29.989  -30.908  45.317 0.0000000000
40947  -16.747  -44.534  42.524 0.0000000000
41946  -18.699  -43.794  42.784 0.0000000000
41918  -18.220  -43.818  45.500 0.0000000000
63557  -47.449  -23.321  24.669 0.0000000000
63532  -50.811  -23.424  25.608 0.0000000000
63512  -53.930  -23.221  26.610 0.0000000000
66484  -52.699  -20.046  25.865 0.0000000000
77763  -54.512  -9.457  18.891 0.0000000000
78801  -56.478  -8.983  17.628 0.0000000000
79904  -58.353  -7.638  16.027 0.0000000000
78841  -57.150  -8.638  13.814 0.0000000000
81989  -59.236  -5.694  14.967 0.0000000000
53592  -42.066  -32.946  36.012 0.0000000000
53593  -42.735  -32.586  36.144 0.0000000000
53621  -41.773  -32.297  34.689 0.0000000000
51204  -39.934  -34.343  35.946 0.0000000000
52361  -41.129  -33.900  36.501 0.0000000000
52362  -41.961  -33.399  36.896 0.0000000000
62496  -44.526  -24.891  26.915 0.0000000000
63527  -45.291  -24.580  25.644 0.0000000000
74830  -53.548  -12.891  22.104 0.0000000000
74812  -54.396  -13.365  22.688 0.0000000000
74831  -54.872  -12.514  22.270 0.0000000000
75795  -55.685  -11.509  22.022 0.0000000000
75813  -55.523  -10.890  21.441 0.0000000000
40919  -15.479  -44.986  43.864 0.0000000000
40904  -14.611  -45.709  45.208 0.0000000000
40876  -15.575  -44.896  46.844 0.0000000000
60172  -42.546  -25.779  33.428 0.0000000000
61246  -42.891  -24.962  34.257 0.0000000000
62369  -42.230  -24.716  33.048 0.0000000000
62393  -42.659  -24.601  32.517 0.0000000000
62392  -41.760  -24.799  32.370 0.0000000000
43866  -23.181  -41.738  50.590 0.0000000000
51047  -27.602  -34.641  44.851 0.0000000000
49883  -27.913  -35.394  47.498 0.0000000000
52209  -27.782  -34.005  46.344 0.0000000000
52166  -28.084  -33.562  47.979 0.0000000000
53449  -27.934  -32.849  45.233 0.0000000000
52285  -36.044  -33.384  41.686 0.0000000000
53526  -35.010  -32.932  41.416 0.0000000000
53490  -35.805  -32.718  42.898 0.0000000000
54673  -35.313  -31.892  44.351 0.0000000000
43923  -23.317  -42.209  46.309 0.0000000000
43914  -22.836  -41.994  47.299 0.0000000000
43880  -21.935  -42.222  49.535 0.0000000000
63362  -50.012  -23.733  38.713 0.0000000000
67679  -47.332  -19.403  23.219 0.0000000000
66535  -47.913  -20.107  23.412 0.0000000000
67680  -48.365  -19.368  23.478 0.0000000000
53528  -44.859  -32.316  40.078 0.0000000000
54750  -45.393  -31.202  39.087 0.0000000000
54749  -45.026  -31.381  38.390 0.0000000000
55845  -44.118  -30.364  35.844 0.0000000000
56896  -43.073  -28.857  33.722 0.0000000000
59029  -43.331  -27.525  33.764 0.0000000000
44941  -25.439  -40.748  42.643 0.0000000000
44930  -26.146  -40.373  44.073 0.0000000000
45980  -26.182  -39.525  42.124 0.0000000000
48977  -27.339  -36.689  38.647 0.0000000000
47937  -27.317  -37.316  41.684 0.0000000000
50006  -27.565  -35.736  40.250 0.0000000000
49968  -27.614  -35.880  42.157 0.0000000000
51129  -27.606  -34.793  40.543 0.0000000000
51249  -34.283  -34.694  33.758 0.0000000000
51170  -38.496  -34.888  38.385 0.0000000000
51188  -37.605  -35.031  37.389 0.0000000000
51153  -38.294  -34.877  39.474 0.0000000000
51152  -37.195  -34.679  39.561 0.0000000000
51135  -39.176  -34.997  40.462 0.0000000000
49995  -39.730  -35.292  42.057 0.0000000000
51136  -40.295  -35.061  40.445 0.0000000000
52322  -42.938  -33.747  39.058 0.0000000000
52303  -42.867  -34.438  40.195 0.0000000000
52304  -43.770  -33.609  39.904 0.0000000000
53493  -44.178  -32.420  42.262 0.0000000000
44960  -24.618  -41.309  41.019 0.0000000000
63435  -47.968  -24.538  32.282 0.0000000000
63427  -49.743  -23.687  33.032 0.0000000000
63436  -49.018  -23.910  32.051 0.0000000000
63475  -49.389  -23.449  28.642 0.0000000000
63461  -50.418  -23.201  29.618 0.0000000000
63476  -50.490  -23.674  28.579 0.0000000000
63463  -52.667  -23.665  29.578 0.0000000000
63477  -51.620  -23.845  28.538 0.0000000000
71657  -49.620  -16.108  22.955 0.0000000000
70672  -49.977  -16.816  23.383 0.0000000000
71659  -51.210  -15.759  23.159 0.0000000000
72689  -55.586  -15.226  25.038 0.0000000000
71688  -46.558  -15.695  21.360 0.0000000000
72771  -46.477  -14.902  20.789 0.0000000000
73835  -47.550  -13.312  19.626 0.0000000000
74858  -48.737  -12.973  19.946 0.0000000000
74859  -49.432  -12.912  20.289 0.0000000000
74871  -49.907  -12.005  19.786 0.0000000000
75833  -50.645  -11.319  19.475 0.0000000000
39802  -12.984  -46.640  45.937 0.0000000000
38703  -11.718  -46.890  48.425 0.0000000000
40811  -15.657  -44.814  51.195 0.0000000000
40832  -15.126  -44.519  49.923 0.0000000000
40810  -14.579  -44.862  51.352 0.0000000000
38664  -12.507  -46.342  52.605 0.0000000000
37569  -11.572  -47.406  53.090 0.0000000000
38662  -10.672  -46.808  52.173 0.0000000000
36471  -11.002  -48.166  52.956 0.0000000000
35359  -10.220  -49.585  51.835 0.0000000000
57905  -46.153  -28.337  38.488 0.0000000000
57894  -46.566  -28.204  39.585 0.0000000000
58980  -45.852  -27.411  37.836 0.0000000000
62333  -44.822  -24.700  35.562 0.0000000000
62295  -45.526  -25.149  37.215 0.0000000000
62317  -45.568  -24.778  36.368 0.0000000000
63359  -47.276  -24.508  37.852 0.0000000000
62318  -46.648  -24.916  36.221 0.0000000000
62355  -47.477  -24.918  34.524 0.0000000000
62353  -45.968  -24.961  34.361 0.0000000000
62439  -43.268  -24.984  30.690 0.0000000000
62440  -44.215  -25.102  30.836 0.0000000000
62458  -44.117  -25.054  29.819 0.0000000000
62473  -44.024  -25.033  28.759 0.0000000000
62472  -43.030  -25.378  28.475 0.0000000000
44888  -26.447  -39.964  48.751 0.0000000000
44872  -25.846  -40.184  49.821 0.0000000000
45912  -26.534  -39.498  50.147 0.0000000000
55819  -28.901  -31.157  35.794 0.0000000000
54771  -27.702  -31.776  36.192 0.0000000000
54757  -28.424  -31.432  37.362 0.0000000000
54730  -27.849  -31.738  39.155 0.0000000000
54744  -28.581  -31.501  38.401 0.0000000000
52389  -33.283  -34.029  36.706 0.0000000000
52387  -32.126  -33.226  35.545 0.0000000000
52375  -32.894  -33.650  37.054 0.0000000000
54723  -32.452  -32.088  40.629 0.0000000000
54734  -31.451  -31.929  39.534 0.0000000000
54705  -31.156  -31.395  40.909 0.0000000000
55771  -29.829  -30.927  41.120 0.0000000000
55749  -30.682  -31.043  42.755 0.0000000000
55735  -30.005  -30.987  44.237 0.0000000000
55736  -30.769  -31.018  43.913 0.0000000000
51055  -41.338  -33.995  44.671 0.0000000000
42971  -20.027  -43.251  42.800 0.0000000000
42952  -19.894  -43.362  44.541 0.0000000000
41929  -18.371  -43.828  44.588 0.0000000000
40825  -21.041  -43.931  51.197 0.0000000000
64521  -45.014  -22.697  23.305 0.0000000000
63556  -46.707  -23.613  24.665 0.0000000000
64502  -46.764  -22.705  24.144 0.0000000000
65416  -50.133  -22.034  24.837 0.0000000000
64480  -49.791  -22.731  25.039 0.0000000000
63533  -51.796  -23.212  25.649 0.0000000000
63511  -52.868  -23.439  26.414 0.0000000000
64463  -53.240  -23.019  25.972 0.0000000000
68645  -52.260  -19.091  25.096 0.0000000000
68644  -51.593  -19.691  24.666 0.0000000000
67633  -52.965  -19.599  26.575 0.0000000000
76804  -51.484  -10.639  19.226 0.0000000000
76806  -53.405  -9.850  19.323 0.0000000000
76820  -52.660  -9.823  18.380 0.0000000000
77785  -54.607  -9.553  17.153 0.0000000000
77798  -56.461  -9.369  16.522 0.0000000000
78802  -57.573  -8.395  17.730 0.0000000000
78820  -57.405  -8.966  15.743 0.0000000000
79942  -56.775  -7.486  12.324 0.0000000000
78857  -56.581  -8.208  12.978 0.0000000000
79944  -58.192  -7.134  13.048 0.0000000000
80940  -58.465  -6.838  14.266 0.0000000000
82000  -58.566  -6.156  13.664 0.0000000000
83063  -59.206  -4.953  13.769 0.0000000000
83096  -60.339  -4.680  12.176 0.0000000000
53557  -43.294  -32.733  37.553 0.0000000000
54761  -43.988  -31.859  37.205 0.0000000000
53594  -43.176  -32.419  36.545 0.0000000000
55843  -42.995  -30.923  35.026 0.0000000000
46017  -26.252  -39.266  40.460 0.0000000000
51203  -38.890  -34.735  36.104 0.0000000000
51190  -39.774  -34.585  37.109 0.0000000000
51171  -39.632  -34.765  38.271 0.0000000000
51155  -40.579  -34.884  39.297 0.0000000000
51173  -41.716  -34.362  38.600 0.0000000000
52341  -42.013  -33.732  38.150 0.0000000000
63472  -46.519  -24.639  29.479 0.0000000000
63459  -48.177  -23.727  30.024 0.0000000000
63473  -47.210  -24.054  29.108 0.0000000000
63490  -47.285  -23.957  27.847 0.0000000000
63491  -48.427  -23.779  27.661 0.0000000000
72732  -51.737  -14.616  22.649 0.0000000000
72718  -51.919  -15.052  23.121 0.0000000000
73778  -53.023  -14.251  23.047 0.0000000000
73763  -55.152  -14.435  24.048 0.0000000000
78766  -56.962  -8.594  21.100 0.0000000000
39821  -14.026  -45.938  45.735 0.0000000000
39785  -13.751  -45.849  47.334 0.0000000000
59005  -44.674  -27.146  35.635 0.0000000000
60127  -45.129  -26.868  36.812 0.0000000000
60141  -44.118  -25.911  35.546 0.0000000000
61230  -43.812  -25.227  35.350 0.0000000000
62351  -43.893  -24.716  34.709 0.0000000000
62372  -44.681  -24.827  33.725 0.0000000000
62394  -43.542  -24.654  32.674 0.0000000000
62418  -43.389  -24.865  31.707 0.0000000000
62438  -42.286  -24.941  30.527 0.0000000000
47881  -27.581  -37.235  46.355 0.0000000000
46892  -27.379  -38.475  49.096 0.0000000000
47867  -27.595  -37.501  48.650 0.0000000000
48867  -27.840  -36.543  49.547 0.0000000000
52139  -28.802  -33.161  49.712 0.0000000000
55855  -30.033  -31.004  34.376 0.0000000000
54795  -30.236  -31.415  35.464 0.0000000000
52338  -34.558  -33.933  38.890 0.0000000000
52337  -33.499  -33.293  38.883 0.0000000000
52318  -34.245  -33.362  39.880 0.0000000000
53524  -33.668  -32.671  40.771 0.0000000000
54689  -32.810  -31.705  42.374 0.0000000000
54650  -32.452  -31.352  43.981 0.0000000000
54671  -33.880  -31.692  43.608 0.0000000000
42985  -22.609  -42.452  41.596 0.0000000000
42964  -22.300  -42.809  43.386 0.0000000000
42915  -20.913  -42.817  47.355 0.0000000000
42897  -20.615  -42.858  48.515 0.0000000000
42880  -21.117  -42.640  49.577 0.0000000000
65450  -45.965  -21.440  23.167 0.0000000000
65436  -47.207  -22.116  23.866 0.0000000000
65452  -47.845  -20.913  23.542 0.0000000000
65438  -48.730  -21.277  24.085 0.0000000000
65417  -50.893  -21.619  24.895 0.0000000000
77781  -51.034  -9.650  16.861 0.0000000000
77770  -52.288  -9.729  17.491 0.0000000000
77782  -51.959  -9.633  16.920 0.0000000000
80979  -58.090  -6.508  11.770 0.0000000000
82029  -58.664  -5.437  11.934 0.0000000000
82028  -57.995  -5.739  11.101 0.0000000000
82042  -58.579  -4.823  10.996 0.0000000000
41887  -16.931  -44.000  47.945 0.0000000000
41886  -16.088  -44.495  48.300 0.0000000000
55764  -45.609  -30.338  41.945 0.0000000000
54725  -45.763  -30.953  40.721 0.0000000000
55800  -45.701  -30.557  38.765 0.0000000000
56847  -45.754  -29.596  37.781 0.0000000000
55827  -44.553  -30.547  36.502 0.0000000000
56856  -45.190  -29.648  36.807 0.0000000000
57926  -45.127  -28.337  36.249 0.0000000000
59016  -44.290  -27.452  34.931 0.0000000000
60173  -43.176  -26.705  33.852 0.0000000000
43924  -24.208  -41.820  46.126 0.0000000000
43883  -24.664  -41.639  49.052 0.0000000000
44910  -25.454  -41.233  45.947 0.0000000000
44911  -26.268  -40.385  46.460 0.0000000000
46929  -27.136  -38.671  44.988 0.0000000000
46957  -26.797  -38.827  42.588 0.0000000000
47910  -27.193  -38.117  43.486 0.0000000000
46930  -27.395  -37.782  44.760 0.0000000000
48905  -27.436  -36.473  43.950 0.0000000000
49932  -27.540  -35.546  44.337 0.0000000000
52267  -27.697  -33.636  43.081 0.0000000000
51229  -34.002  -34.662  34.766 0.0000000000
51199  -34.620  -34.677  36.783 0.0000000000
51201  -36.725  -35.084  36.409 0.0000000000
51200  -35.652  -34.945  36.580 0.0000000000
51186  -35.457  -34.759  37.667 0.0000000000
51151  -36.074  -34.405  39.643 0.0000000000
51133  -36.970  -34.259  40.675 0.0000000000
51093  -37.990  -34.401  42.461 0.0000000000
52236  -38.334  -33.925  44.304 0.0000000000
51074  -39.384  -34.897  43.432 0.0000000000
51095  -40.541  -35.172  43.074 0.0000000000
51097  -41.826  -34.771  42.794 0.0000000000
51137  -41.641  -34.832  40.415 0.0000000000
51118  -42.206  -34.797  41.733 0.0000000000
52273  -42.705  -33.955  42.845 0.0000000000
53492  -43.402  -33.032  42.947 0.0000000000
43964  -23.769  -42.247  42.328 0.0000000000
63402  -49.610  -23.655  35.904 0.0000000000
63411  -50.304  -23.278  35.238 0.0000000000
64423  -50.864  -22.928  33.257 0.0000000000
64424  -52.052  -22.582  32.998 0.0000000000
63447  -49.203  -23.531  30.960 0.0000000000
64438  -51.556  -22.936  31.367 0.0000000000
69643  -47.871  -17.638  23.081 0.0000000000
68654  -49.000  -18.715  23.877 0.0000000000
69645  -49.468  -17.394  23.566 0.0000000000
69634  -51.097  -17.660  24.021 0.0000000000
69608  -53.104  -18.241  26.136 0.0000000000
70662  -53.446  -16.225  24.647 0.0000000000
69622  -53.716  -17.111  25.461 0.0000000000
63552  -42.536  -24.142  23.875 0.0000000000
63553  -43.478  -24.150  24.103 0.0000000000
63576  -42.792  -23.554  23.336 0.0000000000
64519  -43.015  -22.782  22.952 0.0000000000
65448  -44.489  -22.137  22.901 0.0000000000
65465  -44.649  -20.950  22.551 0.0000000000
66550  -44.876  -20.238  22.519 0.0000000000
67693  -45.476  -19.506  22.602 0.0000000000
68675  -46.221  -18.256  22.454 0.0000000000
69660  -46.706  -17.690  22.490 0.0000000000
70703  -47.271  -16.489  22.171 0.0000000000
71690  -48.254  -15.605  22.032 0.0000000000
72729  -48.982  -14.932  21.975 0.0000000000
73823  -47.122  -14.024  20.194 0.0000000000
72773  -48.230  -14.250  21.059 0.0000000000
73789  -49.733  -14.259  21.824 0.0000000000
73809  -50.635  -13.534  21.509 0.0000000000
74848  -51.412  -12.686  21.200 0.0000000000
75810  -52.222  -11.807  20.939 0.0000000000
75824  -53.371  -10.790  20.592 0.0000000000
75822  -51.492  -11.509  20.200 0.0000000000
76803  -50.837  -10.799  19.070 0.0000000000
76818  -50.788  -10.508  18.458 0.0000000000
76828  -50.378  -10.141  17.584 0.0000000000
40860  -15.233  -44.832  47.896 0.0000000000
40843  -14.064  -45.366  48.321 0.0000000000
40829  -13.162  -45.456  49.266 0.0000000000
39727  -13.266  -45.163  52.194 0.0000000000
40808  -12.587  -45.297  51.177 0.0000000000
39748  -12.181  -46.434  49.358 0.0000000000
38672  -11.476  -47.105  50.470 0.0000000000
37578  -10.501  -47.788  50.643 0.0000000000
37577  -9.519  -48.417  50.819 0.0000000000
35358  -9.542  -49.524  51.441 0.0000000000
63361  -49.162  -23.925  38.621 0.0000000000
60071  -46.927  -26.652  40.525 0.0000000000
60113  -45.398  -26.331  37.280 0.0000000000
61180  -46.240  -25.920  38.645 0.0000000000
63345  -47.508  -24.340  38.835 0.0000000000
63360  -48.147  -24.007  38.282 0.0000000000
63391  -48.886  -24.050  36.593 0.0000000000
62337  -48.385  -24.564  35.093 0.0000000000
62376  -47.929  -24.841  33.799 0.0000000000
62422  -47.119  -24.887  32.181 0.0000000000
62396  -45.405  -25.197  32.854 0.0000000000
62442  -46.002  -25.010  31.188 0.0000000000
62460  -46.113  -24.872  30.224 0.0000000000
62475  -45.719  -24.837  29.225 0.0000000000
62484  -43.871  -25.112  27.652 0.0000000000
62495  -43.588  -25.012  26.552 0.0000000000
62415  -40.514  -24.889  31.118 0.0000000000
62436  -40.257  -25.018  30.144 0.0000000000
62455  -41.047  -25.293  29.254 0.0000000000
62470  -40.767  -25.508  28.356 0.0000000000
61350  -41.350  -25.664  27.031 0.0000000000
61365  -41.516  -25.579  26.375 0.0000000000
62493  -41.849  -25.355  25.940 0.0000000000
62536  -42.366  -24.607  24.503 0.0000000000
45894  -26.845  -39.336  50.958 0.0000000000
51182  -27.392  -34.383  37.024 0.0000000000
53569  -27.104  -32.498  36.714 0.0000000000
52335  -27.336  -33.289  37.971 0.0000000000
52297  -27.538  -33.548  40.242 0.0000000000
53505  -27.679  -32.564  40.959 0.0000000000
53488  -27.936  -32.514  42.322 0.0000000000
53617  -31.399  -32.601  34.390 0.0000000000
53606  -31.482  -32.575  35.490 0.0000000000
53589  -30.586  -31.813  37.149 0.0000000000
53572  -32.228  -32.945  38.225 0.0000000000
54747  -31.064  -31.889  38.708 0.0000000000
54746  -30.382  -31.458  38.619 0.0000000000
54731  -28.836  -31.175  39.701 0.0000000000
54704  -28.692  -31.318  41.869 0.0000000000
54667  -28.474  -31.976  42.989 0.0000000000
54649  -28.905  -31.546  44.880 0.0000000000
55720  -29.310  -31.016  45.534 0.0000000000
40931  -15.811  -44.796  42.972 0.0000000000
40920  -16.395  -44.805  43.879 0.0000000000
41974  -18.885  -43.641  41.224 0.0000000000
41972  -17.330  -43.929  40.889 0.0000000000
41945  -17.854  -44.043  42.812 0.0000000000
41928  -17.629  -44.052  44.667 0.0000000000
41917  -17.478  -44.066  45.665 0.0000000000
41888  -17.922  -43.805  47.766 0.0000000000
42867  -20.078  -43.314  50.604 0.0000000000
63555  -45.724  -23.904  24.618 0.0000000000
63528  -46.586  -24.193  25.590 0.0000000000
63507  -48.614  -23.900  26.551 0.0000000000
64503  -47.857  -22.684  24.438 0.0000000000
63531  -49.799  -23.599  25.608 0.0000000000
63508  -49.684  -23.859  26.534 0.0000000000
63494  -51.722  -23.896  27.480 0.0000000000
67669  -49.619  -19.552  24.037 0.0000000000
66504  -51.263  -20.588  24.927 0.0000000000
65418  -52.040  -21.528  25.083 0.0000000000
76794  -54.461  -10.034  20.321 0.0000000000
77754  -55.524  -9.306  20.156 0.0000000000
78776  -56.136  -8.531  19.806 0.0000000000
77772  -53.751  -9.578  17.851 0.0000000000
77774  -55.240  -9.169  18.315 0.0000000000
78785  -56.705  -8.067  19.359 0.0000000000
79888  -57.796  -7.990  18.222 0.0000000000
80912  -59.117  -6.828  17.820 0.0000000000
77814  -56.278  -9.387  14.668 0.0000000000
79915  -58.124  -8.008  14.861 0.0000000000
80927  -58.596  -6.790  15.297 0.0000000000
83077  -60.105  -4.733  13.186 0.0000000000
53608  -41.626  -32.887  35.200 0.0000000000
53609  -42.279  -32.391  35.327 0.0000000000
52378  -40.652  -33.876  35.705 0.0000000000
52379  -41.486  -33.512  35.859 0.0000000000
62514  -44.282  -24.785  25.951 0.0000000000
62515  -44.897  -24.768  26.375 0.0000000000
75793  -53.733  -12.142  21.645 0.0000000000
75774  -55.812  -12.181  22.510 0.0000000000
75812  -54.898  -11.137  21.327 0.0000000000
40906  -16.160  -44.875  44.848 0.0000000000
40905  -15.353  -45.332  44.912 0.0000000000
40892  -15.873  -44.845  45.882 0.0000000000
61260  -41.892  -25.198  32.961 0.0000000000
61261  -42.379  -24.946  33.526 0.0000000000
43882  -23.911  -41.549  49.577 0.0000000000
51028  -27.697  -34.685  45.862 0.0000000000
52230  -27.727  -33.817  45.505 0.0000000000
53428  -27.942  -33.124  46.454 0.0000000000
52271  -36.535  -33.323  42.618 0.0000000000
53510  -36.065  -32.995  42.401 0.0000000000
53491  -36.318  -33.006  42.924 0.0000000000
53474  -37.080  -33.093  43.979 0.0000000000
43881  -22.842  -41.876  49.545 0.0000000000
68662  -46.727  -18.570  22.978 0.0000000000
53544  -44.653  -32.201  39.098 0.0000000000
53559  -44.381  -32.119  38.398 0.0000000000
56879  -42.928  -29.938  33.975 0.0000000000
56880  -43.409  -29.632  34.466 0.0000000000
45966  -25.883  -40.080  42.623 0.0000000000
45998  -25.985  -39.671  41.090 0.0000000000
48978  -27.485  -35.859  38.964 0.0000000000
48953  -27.448  -36.542  40.473 0.0000000000
49987  -27.636  -35.756  41.070 0.0000000000
50017  -27.545  -35.352  39.579 0.0000000000
52323  -43.641  -33.165  38.954 0.0000000000
53527  -44.256  -32.850  39.568 0.0000000000
53511  -44.362  -32.907  40.707 0.0000000000
44961  -25.085  -40.756  40.922 0.0000000000
44953  -24.988  -40.943  41.742 0.0000000000
63446  -48.133  -24.057  31.188 0.0000000000
63493  -50.620  -23.921  27.522 0.0000000000
71674  -49.960  -15.495  22.630 0.0000000000
71658  -50.310  -16.030  23.069 0.0000000000
71675  -50.538  -15.528  22.862 0.0000000000
72677  -56.662  -14.951  26.191 0.0000000000
71708  -45.591  -15.382  20.837 0.0000000000
74870  -48.864  -12.325  19.325 0.0000000000
75831  -49.054  -11.714  18.871 0.0000000000
38737  -12.455  -46.705  46.313 0.0000000000
38719  -11.636  -46.939  47.342 0.0000000000
38704  -12.238  -46.644  47.910 0.0000000000
39732  -14.614  -45.309  51.310 0.0000000000
36472  -11.744  -48.134  52.868 0.0000000000
35355  -11.408  -48.768  52.557 0.0000000000
57916  -45.739  -28.359  37.471 0.0000000000
58993  -45.411  -27.558  36.983 0.0000000000
62334  -45.941  -24.795  35.284 0.0000000000
62457  -43.159  -25.140  29.622 0.0000000000
45931  -26.991  -39.352  47.936 0.0000000000
44873  -26.461  -39.754  49.438 0.0000000000
45920  -26.952  -39.268  49.015 0.0000000000
54773  -29.154  -31.216  36.550 0.0000000000
51198  -33.861  -34.335  37.036 0.0000000000
52376  -33.450  -33.953  37.387 0.0000000000
54688  -32.045  -31.561  41.977 0.0000000000
54706  -31.890  -31.649  41.153 0.0000000000
55762  -31.426  -31.378  41.595 0.0000000000
55761  -30.678  -31.113  41.627 0.0000000000
55737  -31.520  -31.236  43.455 0.0000000000
52257  -41.736  -33.818  44.664 0.0000000000
42914  -19.990  -42.988  47.506 0.0000000000
64501  -45.855  -23.082  24.053 0.0000000000
64522  -45.891  -22.327  23.432 0.0000000000
64481  -50.872  -22.629  25.137 0.0000000000
63534  -52.536  -22.971  25.664 0.0000000000
68624  -52.772  -18.943  26.484 0.0000000000
68623  -52.596  -19.519  25.915 0.0000000000
76819  -51.963  -9.937  18.239 0.0000000000
76805  -52.712  -9.998  19.061 0.0000000000
77797  -55.485  -9.598  16.401 0.0000000000
77807  -56.232  -9.557  15.640 0.0000000000
79958  -58.069  -7.035  12.447 0.0000000000
79943  -57.520  -7.870  13.022 0.0000000000
80951  -58.382  -6.833  13.540 0.0000000000
83062  -58.815  -5.403  13.680 0.0000000000
82012  -58.633  -5.782  12.942 0.0000000000
53575  -43.477  -32.410  37.092 0.0000000000
54818  -42.306  -31.537  34.494 0.0000000000
54800  -42.922  -31.817  35.590 0.0000000000
51219  -38.994  -34.226  35.023 0.0000000000
51172  -40.922  -34.476  38.097 0.0000000000
52363  -42.469  -33.298  37.569 0.0000000000
52342  -43.037  -33.063  38.118 0.0000000000
63489  -46.074  -24.557  28.179 0.0000000000
63506  -47.508  -24.050  26.634 0.0000000000
73791  -51.353  -13.834  22.102 0.0000000000
72733  -52.294  -14.626  22.939 0.0000000000
73792  -52.674  -14.008  22.599 0.0000000000
73781  -56.134  -13.521  23.774 0.0000000000
73764  -55.658  -14.235  24.196 0.0000000000
73782  -56.749  -13.266  24.013 0.0000000000
77745  -56.403  -9.406  21.126 0.0000000000
77755  -56.092  -9.135  20.598 0.0000000000
40890  -14.608  -45.652  46.214 0.0000000000
39803  -13.597  -46.201  46.317 0.0000000000
39786  -14.205  -45.663  47.104 0.0000000000
60157  -44.060  -26.696  35.015 0.0000000000
60140  -43.762  -25.606  35.185 0.0000000000
61247  -43.395  -25.075  34.819 0.0000000000
62371  -43.727  -24.570  33.617 0.0000000000
62417  -42.447  -24.781  31.573 0.0000000000
47874  -27.576  -37.367  47.479 0.0000000000
48878  -27.773  -36.381  46.944 0.0000000000
48857  -28.382  -36.333  50.412 0.0000000000
53408  -28.127  -33.053  47.541 0.0000000000
52167  -28.321  -33.197  48.340 0.0000000000
53391  -28.435  -32.545  48.338 0.0000000000
54812  -30.415  -31.447  34.591 0.0000000000
55838  -30.073  -31.182  34.919 0.0000000000
52319  -35.297  -34.025  39.840 0.0000000000
52299  -35.101  -33.385  40.834 0.0000000000
53508  -34.637  -32.608  41.820 0.0000000000
53525  -34.402  -32.868  41.030 0.0000000000
53507  -33.886  -32.449  41.485 0.0000000000
54708  -33.389  -31.986  41.888 0.0000000000
54690  -33.597  -31.858  42.744 0.0000000000
54691  -34.347  -32.051  43.098 0.0000000000
54653  -34.941  -31.557  44.724 0.0000000000
42965  -23.070  -42.658  43.314 0.0000000000
42974  -22.419  -42.720  42.491 0.0000000000
43922  -22.525  -42.638  46.369 0.0000000000
42916  -21.455  -42.780  46.952 0.0000000000
43898  -21.513  -42.568  48.314 0.0000000000
43865  -22.388  -42.124  50.596 0.0000000000
42862  -22.191  -42.601  51.374 0.0000000000
65451  -46.954  -21.305  23.399 0.0000000000
66534  -47.068  -20.283  23.245 0.0000000000
66536  -48.437  -20.068  23.595 0.0000000000
65453  -48.400  -20.533  23.680 0.0000000000
65439  -49.786  -21.177  24.532 0.0000000000
65440  -50.492  -20.818  24.680 0.0000000000
80978  -57.209  -6.585  11.520 0.0000000000
40812  -16.511  -44.841  51.280 0.0000000000
54710  -45.327  -31.286  41.622 0.0000000000
54711  -45.721  -30.755  41.355 0.0000000000
55811  -45.607  -30.386  38.011 0.0000000000
56846  -45.449  -29.939  37.330 0.0000000000
54781  -44.155  -31.320  36.666 0.0000000000
54762  -44.608  -31.286  37.322 0.0000000000
56868  -44.315  -29.557  35.548 0.0000000000
57937  -44.526  -28.232  35.225 0.0000000000
57948  -44.125  -28.006  34.621 0.0000000000
44909  -24.875  -41.667  46.222 0.0000000000
44921  -26.210  -40.414  45.217 0.0000000000
45949  -26.769  -39.615  45.703 0.0000000000
46974  -26.620  -38.863  41.351 0.0000000000
47948  -27.012  -37.874  40.932 0.0000000000
47925  -27.327  -37.429  42.595 0.0000000000
47924  -27.155  -38.122  43.021 0.0000000000
47911  -27.315  -37.604  43.703 0.0000000000
46942  -27.257  -38.176  44.292 0.0000000000
47897  -27.448  -37.069  44.525 0.0000000000
51108  -27.642  -34.997  41.592 0.0000000000
49950  -27.516  -35.654  43.285 0.0000000000
51086  -27.563  -34.764  42.576 0.0000000000
51067  -27.550  -34.644  43.742 0.0000000000
51230  -35.029  -34.957  34.577 0.0000000000
51214  -33.604  -34.434  35.947 0.0000000000
51217  -36.921  -34.913  35.290 0.0000000000
51169  -37.396  -34.915  38.490 0.0000000000
51187  -36.513  -35.003  37.525 0.0000000000
51167  -35.246  -34.430  38.699 0.0000000000
51134  -38.111  -34.795  40.543 0.0000000000
51113  -37.371  -34.128  41.785 0.0000000000
51094  -38.798  -34.898  42.454 0.0000000000
49996  -40.339  -35.367  42.020 0.0000000000
49974  -40.267  -35.287  42.660 0.0000000000
51096  -40.937  -35.171  42.912 0.0000000000
51156  -41.562  -34.699  39.184 0.0000000000
52302  -42.085  -34.620  39.724 0.0000000000
52288  -43.805  -33.710  41.171 0.0000000000
52287  -43.013  -34.300  41.547 0.0000000000
53512  -44.883  -32.136  41.195 0.0000000000
53494  -44.753  -31.810  41.916 0.0000000000
43971  -23.324  -42.101  41.377 0.0000000000
43946  -24.485  -42.073  44.059 0.0000000000
63410  -49.499  -23.838  34.875 0.0000000000
63419  -50.125  -23.422  34.133 0.0000000000
64431  -51.229  -22.874  32.076 0.0000000000
63460  -49.295  -23.284  29.794 0.0000000000
63448  -50.466  -23.119  30.871 0.0000000000
64439  -52.344  -22.991  31.345 0.0000000000
63450  -52.482  -23.312  30.539 0.0000000000
70670  -48.316  -16.970  23.068 0.0000000000
69644  -48.775  -17.678  23.433 0.0000000000
70659  -51.316  -16.766  23.778 0.0000000000
70658  -50.603  -17.063  23.792 0.0000000000
69635  -51.873  -17.494  24.164 0.0000000000
69620  -52.401  -18.085  24.785 0.0000000000
69636  -52.488  -17.340  24.505 0.0000000000
72701  -53.567  -15.079  24.035 0.0000000000
71661  -52.641  -15.573  23.704 0.0000000000
71643  -53.090  -15.692  24.134 0.0000000000
70647  -54.521  -16.344  25.368 0.0000000000
35366  -8.275  -49.857  50.529 0.0000000000
36479  -8.236  -49.147  50.557 0.0000000000
64533  -42.352  -22.160  22.434 0.0000000000
64520  -43.981  -22.571  23.013 0.0000000000
64534  -43.203  -22.114  22.564 0.0000000000
65464  -43.920  -21.509  22.460 0.0000000000
67692  -44.419  -19.498  22.115 0.0000000000
68673  -44.764  -18.546  21.937 0.0000000000
68674  -45.616  -18.453  22.245 0.0000000000
69659  -45.919  -17.588  22.080 0.0000000000
70685  -46.461  -17.041  22.123 0.0000000000
70686  -47.032  -16.947  22.339 0.0000000000
70702  -46.772  -16.409  21.978 0.0000000000
72749  -46.743  -15.246  21.139 0.0000000000
71689  -47.532  -15.857  21.920 0.0000000000
72751  -48.391  -14.880  21.556 0.0000000000
73824  -48.433  -13.700  20.448 0.0000000000
73807  -48.598  -14.178  21.127 0.0000000000
73808  -49.404  -13.980  21.363 0.0000000000
74846  -49.553  -13.383  20.823 0.0000000000
74860  -50.620  -12.249  20.364 0.0000000000
74861  -51.263  -12.102  20.656 0.0000000000
75809  -51.575  -11.997  20.791 0.0000000000
75845  -50.056  -10.980  18.797 0.0000000000
38718  -10.690  -47.332  47.617 0.0000000000
40861  -15.841  -44.709  47.499 0.0000000000
41885  -15.533  -44.647  48.587 0.0000000000
40820  -14.430  -44.621  50.728 0.0000000000
40831  -14.384  -44.719  49.654 0.0000000000
40830  -13.665  -45.161  49.149 0.0000000000
40818  -12.943  -45.234  49.872 0.0000000000
38669  -13.418  -46.203  51.509 0.0000000000
40801  -11.687  -45.199  52.943 0.0000000000
40805  -12.499  -45.133  52.474 0.0000000000
40807  -11.944  -45.646  51.404 0.0000000000
39738  -12.409  -45.805  50.142 0.0000000000
39730  -12.045  -45.822  50.881 0.0000000000
39737  -11.939  -46.446  50.307 0.0000000000
39729  -11.514  -46.290  51.340 0.0000000000
37567  -10.314  -47.981  52.448 0.0000000000
37572  -10.366  -47.638  51.613 0.0000000000
37571  -9.991  -48.151  51.926 0.0000000000
36474  -9.442  -48.899  51.536 0.0000000000
34257  -11.594  -49.959  51.305 0.0000000000
63335  -49.115  -24.200  40.174 0.0000000000
63347  -49.159  -23.983  39.467 0.0000000000
56811  -46.243  -29.698  40.767 0.0000000000
56796  -46.094  -29.599  41.623 0.0000000000
56812  -46.470  -29.096  40.657 0.0000000000
58968  -46.385  -27.584  39.107 0.0000000000
57885  -46.664  -28.351  40.460 0.0000000000
58953  -46.728  -27.480  39.984 0.0000000000
60086  -46.526  -26.481  39.259 0.0000000000
60112  -45.007  -26.018  36.919 0.0000000000
62276  -45.966  -25.123  37.735 0.0000000000
61192  -45.895  -25.549  37.911 0.0000000000
61193  -46.291  -25.434  38.444 0.0000000000
61181  -46.693  -25.495  38.990 0.0000000000
62260  -47.357  -24.886  39.431 0.0000000000
63374  -47.318  -24.895  36.972 0.0000000000
63375  -48.083  -24.303  37.290 0.0000000000
63390  -48.096  -24.821  36.246 0.0000000000
63400  -48.288  -24.642  35.539 0.0000000000
62375  -47.229  -24.979  33.768 0.0000000000
62398  -47.062  -24.985  33.035 0.0000000000
62423  -47.476  -24.831  32.621 0.0000000000
62395  -44.461  -24.925  32.782 0.0000000000
62441  -45.166  -25.097  30.984 0.0000000000
62474  -44.910  -24.973  29.043 0.0000000000
62494  -42.649  -25.188  26.194 0.0000000000
62435  -39.319  -25.151  29.977 0.0000000000
62469  -40.219  -25.540  28.311 0.0000000000
61349  -40.626  -25.742  27.027 0.0000000000
61364  -40.886  -25.694  26.247 0.0000000000
62512  -42.142  -24.941  25.281 0.0000000000
44886  -25.222  -41.567  48.413 0.0000000000
44871  -24.793  -40.882  49.571 0.0000000000
44854  -25.706  -40.205  50.827 0.0000000000
46883  -27.413  -38.388  50.036 0.0000000000
46882  -27.048  -38.963  50.463 0.0000000000
46867  -27.111  -39.009  50.798 0.0000000000
54742  -27.365  -32.083  37.424 0.0000000000
54755  -27.285  -32.057  36.868 0.0000000000
53552  -27.184  -32.498  37.228 0.0000000000
52334  -27.172  -32.845  37.497 0.0000000000
52316  -27.524  -33.364  39.102 0.0000000000
53538  -27.425  -32.482  38.657 0.0000000000
53522  -27.533  -32.491  39.754 0.0000000000
54703  -28.045  -31.673  41.461 0.0000000000
52402  -31.972  -33.241  34.746 0.0000000000
53607  -31.956  -32.918  36.206 0.0000000000
53590  -31.138  -32.292  36.735 0.0000000000
53556  -33.192  -32.894  39.454 0.0000000000
52336  -32.798  -33.162  38.509 0.0000000000
53555  -32.602  -32.810  39.019 0.0000000000
54733  -30.665  -31.480  39.369 0.0000000000
54732  -29.929  -31.082  39.364 0.0000000000
55770  -29.162  -30.940  41.528 0.0000000000
54686  -28.419  -31.770  42.242 0.0000000000
54687  -28.842  -31.450  42.787 0.0000000000
53470  -28.564  -31.915  44.403 0.0000000000
54668  -28.755  -31.594  43.838 0.0000000000
55723  -31.795  -30.946  44.825 0.0000000000
51052  -38.953  -34.479  44.078 0.0000000000
40932  -16.601  -44.658  43.055 0.0000000000
42972  -20.708  -43.032  42.650 0.0000000000
42983  -20.777  -42.989  41.680 0.0000000000
41947  -19.455  -43.539  42.841 0.0000000000
41961  -19.596  -43.502  42.312 0.0000000000
41960  -19.002  -43.657  41.889 0.0000000000
41973  -18.343  -43.772  41.073 0.0000000000
41959  -18.037  -43.956  41.874 0.0000000000
41936  -17.742  -44.004  43.743 0.0000000000
41902  -17.215  -43.975  46.765 0.0000000000
41903  -18.137  -43.741  46.559 0.0000000000
42868  -20.776  -42.860  50.625 0.0000000000
42879  -20.275  -42.936  49.661 0.0000000000
42860  -20.591  -43.320  51.163 0.0000000000
64402  -51.782  -23.033  36.135 0.0000000000
63554  -44.585  -23.957  24.274 0.0000000000
63529  -47.710  -23.882  25.463 0.0000000000
65437  -47.889  -21.779  23.946 0.0000000000
63509  -50.734  -23.819  26.508 0.0000000000
63510  -51.794  -23.694  26.471 0.0000000000
63495  -52.823  -23.697  27.444 0.0000000000
63496  -53.937  -23.519  27.424 0.0000000000
68655  -49.978  -18.754  24.028 0.0000000000
67657  -52.034  -19.931  25.400 0.0000000000
67656  -51.431  -20.093  24.835 0.0000000000
66505  -52.369  -20.591  25.209 0.0000000000
76782  -53.870  -10.602  20.587 0.0000000000
76793  -53.403  -10.156  20.009 0.0000000000
77752  -53.878  -9.697  19.363 0.0000000000
77753  -54.488  -9.622  19.674 0.0000000000
77764  -55.241  -9.160  19.141 0.0000000000
77771  -52.890  -9.687  17.761 0.0000000000
77784  -53.704  -9.649  16.986 0.0000000000
77786  -55.619  -9.325  17.400 0.0000000000
78800  -55.787  -9.064  17.945 0.0000000000
78792  -55.861  -8.873  18.461 0.0000000000
78793  -56.648  -8.521  18.517 0.0000000000
78794  -57.294  -8.084  18.599 0.0000000000
78812  -58.013  -8.238  16.761 0.0000000000
78803  -58.132  -7.993  17.295 0.0000000000
79897  -58.407  -7.641  16.872 0.0000000000
80920  -58.857  -6.728  16.504 0.0000000000
78858  -56.920  -8.453  13.336 0.0000000000
78840  -56.349  -8.877  13.713 0.0000000000
77820  -55.846  -9.274  14.157 0.0000000000
78828  -56.810  -9.025  14.206 0.0000000000
78829  -57.340  -8.914  14.771 0.0000000000
79914  -57.765  -8.435  14.555 0.0000000000
81988  -58.810  -5.811  14.523 0.0000000000
81973  -58.926  -6.070  15.564 0.0000000000
81966  -58.863  -6.215  15.956 0.0000000000
81974  -59.338  -6.162  15.791 0.0000000000
83076  -59.594  -4.658  13.080 0.0000000000
83095  -59.915  -4.196  12.163 0.0000000000
53573  -42.403  -32.982  36.530 0.0000000000
51220  -39.647  -34.108  35.278 0.0000000000
52377  -40.022  -33.949  35.351 0.0000000000
51205  -40.604  -34.149  36.265 0.0000000000
52340  -41.323  -33.946  37.329 0.0000000000
63504  -45.407  -24.718  27.066 0.0000000000
75775  -56.393  -11.971  22.793 0.0000000000
75796  -56.885  -11.123  22.473 0.0000000000
76775  -57.533  -10.375  22.453 0.0000000000
76774  -56.620  -10.278  21.798 0.0000000000
76773  -55.916  -10.627  21.498 0.0000000000
76784  -55.526  -10.173  21.019 0.0000000000
40918  -14.329  -45.484  43.772 0.0000000000
40891  -15.157  -45.244  45.980 0.0000000000
40875  -14.924  -45.250  46.896 0.0000000000
60155  -42.885  -25.450  34.155 0.0000000000
62370  -42.856  -24.534  33.470 0.0000000000
62416  -41.474  -24.790  31.391 0.0000000000
43854  -22.752  -41.983  51.325 0.0000000000
49917  -27.661  -35.516  45.349 0.0000000000
49899  -27.765  -35.497  46.376 0.0000000000
51009  -27.835  -34.629  46.825 0.0000000000
50991  -27.954  -34.397  47.819 0.0000000000
52187  -27.891  -33.787  47.151 0.0000000000
53429  -28.339  -32.204  46.186 0.0000000000
53509  -35.440  -32.833  42.035 0.0000000000
53489  -34.953  -32.425  42.744 0.0000000000
53471  -34.876  -32.162  43.359 0.0000000000
53472  -35.520  -32.290  43.744 0.0000000000
53454  -35.710  -32.053  44.447 0.0000000000
43899  -22.335  -41.965  48.378 0.0000000000
67678  -46.337  -19.530  23.040 0.0000000000
67668  -48.988  -19.452  23.860 0.0000000000
54736  -45.190  -31.686  39.470 0.0000000000
55844  -43.661  -30.368  35.292 0.0000000000
56867  -43.774  -29.848  35.118 0.0000000000
57947  -43.595  -28.318  34.139 0.0000000000
43947  -25.149  -41.553  43.879 0.0000000000
44920  -25.638  -41.061  44.607 0.0000000000
44929  -25.600  -40.914  43.604 0.0000000000
44942  -25.917  -40.356  43.254 0.0000000000
45967  -26.441  -39.656  43.266 0.0000000000
48964  -27.298  -37.073  39.624 0.0000000000
47949  -27.280  -37.111  40.980 0.0000000000
48941  -27.481  -36.563  41.421 0.0000000000
48930  -27.452  -36.765  42.166 0.0000000000
51189  -38.693  -34.841  37.259 0.0000000000
51115  -39.010  -35.039  41.516 0.0000000000
51116  -39.934  -35.229  41.363 0.0000000000
43972  -24.113  -41.752  41.139 0.0000000000
44952  -24.603  -41.477  41.650 0.0000000000
43956  -25.089  -41.257  43.123 0.0000000000
63426  -48.849  -24.281  33.008 0.0000000000
63418  -49.251  -23.983  33.894 0.0000000000
63462  -51.505  -23.504  29.567 0.0000000000
70673  -50.699  -16.572  23.345 0.0000000000
71641  -51.837  -16.197  23.686 0.0000000000
72703  -54.970  -14.976  24.358 0.0000000000
71645  -54.612  -15.634  24.710 0.0000000000
71632  -55.683  -15.569  25.549 0.0000000000
80906  -59.228  -6.846  18.899 0.0000000000
67691  -43.402  -19.472  21.737 0.0000000000
71687  -45.726  -15.898  21.187 0.0000000000
71709  -46.066  -15.443  21.067 0.0000000000
73836  -48.285  -12.994  19.686 0.0000000000
74872  -50.475  -11.813  19.927 0.0000000000
75832  -49.602  -11.596  19.104 0.0000000000
38702  -11.152  -47.294  48.670 0.0000000000
40821  -15.317  -44.557  50.749 0.0000000000
38668  -12.885  -46.842  52.010 0.0000000000
38663  -11.964  -46.892  52.999 0.0000000000
39721  -11.238  -45.802  53.107 0.0000000000
39728  -10.901  -46.287  51.915 0.0000000000
37566  -10.987  -47.349  53.183 0.0000000000
36468  -10.798  -47.806  52.976 0.0000000000
36470  -10.467  -48.497  52.546 0.0000000000
35353  -9.998  -49.019  52.152 0.0000000000
35354  -10.647  -48.979  52.493 0.0000000000
35360  -11.077  -49.501  52.035 0.0000000000
56836  -46.221  -29.437  39.128 0.0000000000
56825  -46.464  -28.887  39.835 0.0000000000
56837  -46.397  -28.632  39.199 0.0000000000
57906  -46.396  -28.201  39.076 0.0000000000
58967  -46.116  -27.370  38.539 0.0000000000
62316  -44.642  -24.942  36.410 0.0000000000
62294  -44.909  -25.067  36.928 0.0000000000
62296  -46.405  -24.944  37.197 0.0000000000
62319  -47.379  -25.036  35.893 0.0000000000
62335  -46.976  -24.970  35.292 0.0000000000
62354  -46.676  -24.981  34.495 0.0000000000
62374  -46.492  -25.112  33.716 0.0000000000
44900  -26.400  -40.228  47.665 0.0000000000
45911  -26.027  -39.876  50.482 0.0000000000
45893  -26.229  -39.792  50.947 0.0000000000
46856  -28.224  -38.739  50.776 0.0000000000
46855  -27.844  -39.022  50.984 0.0000000000
55818  -28.239  -31.271  35.575 0.0000000000
54772  -28.335  -31.379  36.456 0.0000000000
54756  -27.748  -31.732  37.079 0.0000000000
54743  -27.739  -31.890  38.003 0.0000000000
51213  -32.968  -34.048  35.535 0.0000000000
52403  -32.534  -33.755  35.174 0.0000000000
52388  -32.677  -33.658  36.157 0.0000000000
53539  -32.086  -32.402  39.448 0.0000000000
54735  -32.072  -32.118  39.955 0.0000000000
54722  -31.650  -31.767  40.375 0.0000000000
54721  -30.913  -31.497  40.125 0.0000000000
55772  -30.431  -31.129  40.641 0.0000000000
55760  -29.903  -30.928  42.095 0.0000000000
55747  -29.301  -31.064  43.493 0.0000000000
55748  -29.954  -30.879  43.149 0.0000000000
55722  -30.795  -30.853  45.116 0.0000000000
42961  -19.974  -43.233  43.653 0.0000000000
41938  -19.305  -43.613  43.665 0.0000000000
41937  -18.518  -43.821  43.681 0.0000000000
41930  -19.171  -43.720  44.558 0.0000000000
41919  -18.981  -43.744  45.455 0.0000000000
41904  -18.743  -43.716  46.159 0.0000000000
42928  -18.830  -43.584  46.829 0.0000000000
41840  -21.663  -43.369  51.368 0.0000000000
41839  -20.827  -43.549  51.373 0.0000000000
64500  -45.160  -23.422  23.907 0.0000000000
64505  -49.416  -21.909  24.613 0.0000000000
67632  -52.602  -19.769  25.939 0.0000000000
77762  -53.691  -9.637  18.724 0.0000000000
77787  -56.306  -9.232  17.140 0.0000000000
78810  -56.633  -9.152  16.998 0.0000000000
78811  -57.240  -8.924  16.696 0.0000000000
78821  -57.894  -8.463  15.896 0.0000000000
79941  -55.993  -7.422  12.490 0.0000000000
79928  -58.163  -7.551  13.761 0.0000000000
79927  -57.747  -8.311  14.080 0.0000000000
83052  -59.224  -5.202  14.398 0.0000000000
83112  -59.370  -4.125  10.891 0.0000000000
83113  -60.057  -4.090  10.983 0.0000000000
52343  -43.636  -32.848  38.430 0.0000000000
53558  -43.784  -32.452  37.925 0.0000000000
54780  -43.561  -31.809  36.346 0.0000000000
54779  -43.102  -32.170  36.159 0.0000000000
54801  -43.416  -31.185  35.659 0.0000000000
47976  -26.991  -37.713  38.809 0.0000000000
50027  -27.422  -35.882  38.339 0.0000000000
50036  -27.419  -35.326  37.630 0.0000000000
51218  -37.985  -34.680  35.135 0.0000000000
63458  -47.116  -24.550  30.353 0.0000000000
72717  -51.352  -14.993  22.986 0.0000000000
72719  -52.895  -14.876  23.338 0.0000000000
72720  -53.941  -14.659  23.628 0.0000000000
73779  -53.583  -13.988  23.067 0.0000000000
72721  -54.475  -14.662  23.936 0.0000000000
72704  -56.004  -14.649  24.758 0.0000000000
72705  -56.572  -14.463  25.092 0.0000000000
78778  -57.186  -8.134  20.905 0.0000000000
78777  -56.612  -8.375  20.368 0.0000000000
39836  -12.869  -45.935  44.516 0.0000000000
39820  -13.344  -46.296  45.359 0.0000000000
39784  -13.041  -46.378  46.857 0.0000000000
39767  -12.935  -46.135  48.011 0.0000000000
58992  -45.042  -27.247  36.425 0.0000000000
60126  -44.821  -26.293  36.478 0.0000000000
61213  -44.138  -25.053  35.994 0.0000000000
62332  -44.185  -24.852  35.747 0.0000000000
46910  -27.321  -38.139  46.827 0.0000000000
46901  -27.355  -38.541  47.976 0.0000000000
47860  -27.632  -37.691  49.562 0.0000000000
48873  -27.842  -36.379  48.175 0.0000000000
47851  -27.920  -37.561  50.285 0.0000000000
46869  -28.259  -38.046  50.497 0.0000000000
50977  -28.370  -34.117  49.145 0.0000000000
55854  -29.372  -30.865  34.156 0.0000000000
55837  -29.572  -31.093  35.203 0.0000000000
54794  -29.692  -31.225  35.963 0.0000000000
54774  -30.177  -31.508  36.640 0.0000000000
52360  -34.385  -34.147  38.302 0.0000000000
52359  -33.881  -33.926  38.100 0.0000000000
52317  -33.624  -33.072  39.545 0.0000000000
53541  -33.506  -32.856  40.054 0.0000000000
52298  -34.442  -33.158  40.544 0.0000000000
53542  -34.057  -32.968  40.441 0.0000000000
53523  -33.086  -32.495  40.486 0.0000000000
53506  -33.159  -32.292  41.136 0.0000000000
54707  -32.619  -31.868  41.516 0.0000000000
54669  -32.197  -31.469  42.901 0.0000000000
54670  -33.040  -31.600  43.305 0.0000000000
54651  -33.380  -31.404  44.267 0.0000000000
54672  -34.729  -31.849  43.882 0.0000000000
54652  -34.215  -31.461  44.455 0.0000000000
55725  -33.864  -31.038  45.156 0.0000000000
42984  -21.704  -42.751  41.632 0.0000000000
42973  -21.570  -42.881  42.557 0.0000000000
42963  -21.489  -42.903  43.512 0.0000000000
42954  -21.367  -42.851  44.470 0.0000000000
42930  -20.203  -42.941  46.412 0.0000000000
42869  -21.619  -42.594  50.594 0.0000000000
64523  -46.572  -22.015  23.532 0.0000000000
76830  -51.861  -9.806  17.582 0.0000000000
77783  -52.852  -9.636  16.874 0.0000000000
80963  -56.409  -6.916  11.872 0.0000000000
79957  -57.567  -7.190  12.111 0.0000000000
82043  -58.949  -4.632  11.515 0.0000000000
82041  -57.964  -4.975  10.550 0.0000000000
41901  -16.389  -44.591  47.006 0.0000000000
41872  -16.775  -44.240  49.046 0.0000000000
55776  -45.945  -30.291  41.077 0.0000000000
55788  -46.029  -30.256  40.026 0.0000000000
54737  -45.628  -31.099  39.747 0.0000000000
56857  -45.498  -28.868  37.014 0.0000000000
54748  -44.361  -31.836  37.849 0.0000000000
55810  -45.269  -30.487  37.494 0.0000000000
59015  -43.793  -27.197  34.353 0.0000000000
60171  -41.988  -25.564  32.933 0.0000000000
43901  -24.362  -41.822  48.333 0.0000000000
44899  -25.646  -40.948  47.368 0.0000000000
45941  -26.813  -39.577  46.862 0.0000000000
46919  -27.125  -38.831  46.219 0.0000000000
47936  -27.133  -38.107  42.022 0.0000000000
46941  -27.025  -38.605  43.730 0.0000000000
46920  -27.352  -37.967  45.743 0.0000000000
47888  -27.553  -37.136  45.345 0.0000000000
48893  -27.600  -36.354  44.882 0.0000000000
51248  -33.353  -34.328  33.824 0.0000000000
51228  -33.139  -34.234  34.897 0.0000000000
51216  -35.859  -35.057  35.466 0.0000000000
51185  -34.483  -34.385  37.821 0.0000000000
51150  -35.437  -34.279  39.333 0.0000000000
52320  -35.930  -34.194  40.126 0.0000000000
51132  -36.276  -34.211  40.281 0.0000000000
52286  -36.689  -33.884  41.310 0.0000000000
52272  -36.924  -33.686  42.205 0.0000000000
51092  -37.474  -33.999  42.571 0.0000000000
52256  -37.979  -34.021  43.508 0.0000000000
51072  -37.824  -34.119  43.051 0.0000000000
51073  -38.435  -34.468  43.345 0.0000000000
49973  -39.571  -35.177  42.649 0.0000000000
49955  -39.981  -35.185  43.123 0.0000000000
51075  -40.390  -34.915  43.650 0.0000000000
51076  -41.471  -34.429  43.927 0.0000000000
51077  -42.115  -34.252  43.443 0.0000000000
51138  -42.481  -34.695  40.972 0.0000000000
53475  -42.963  -32.947  43.831 0.0000000000
42999  -22.407  -42.331  40.989 0.0000000000
42986  -23.235  -42.355  41.946 0.0000000000
42975  -23.180  -42.525  42.482 0.0000000000
43965  -24.248  -41.857  41.972 0.0000000000
43954  -23.834  -42.390  43.239 0.0000000000
63403  -50.458  -23.213  36.277 0.0000000000
64416  -51.019  -22.865  34.593 0.0000000000
64417  -51.906  -22.553  34.077 0.0000000000
64432  -52.252  -22.772  32.117 0.0000000000
68664  -48.338  -18.390  23.373 0.0000000000
69632  -49.403  -17.997  23.952 0.0000000000
69633  -50.173  -17.724  23.963 0.0000000000
68657  -51.823  -18.295  24.264 0.0000000000
68646  -52.763  -18.461  25.558 0.0000000000
71660  -52.172  -15.633  23.426 0.0000000000
71642  -52.389  -16.009  24.025 0.0000000000
70661  -52.877  -16.650  24.471 0.0000000000
70646  -53.927  -16.387  25.141 0.0000000000
70645  -53.381  -16.777  25.016 0.0000000000
69621  -53.088  -17.589  25.257 0.0000000000
37576  -8.415  -48.701  50.239 0.0000000000
62537  -43.028  -24.478  24.477 0.0000000000
63525  -43.462  -24.509  24.705 0.0000000000
63577  -43.745  -23.449  23.443 0.0000000000
66532  -45.320  -20.831  22.826 0.0000000000
66551  -45.401  -20.235  22.786 0.0000000000
67677  -45.917  -19.797  22.951 0.0000000000
67694  -46.040  -18.848  22.719 0.0000000000
69658  -45.246  -17.872  21.861 0.0000000000
69661  -47.304  -17.386  22.684 0.0000000000
70687  -47.748  -16.728  22.506 0.0000000000
71672  -48.183  -16.057  22.282 0.0000000000
71673  -48.956  -15.679  22.326 0.0000000000
72730  -49.620  -14.729  22.066 0.0000000000
73822  -46.096  -14.163  20.021 0.0000000000
72772  -47.629  -14.465  20.901 0.0000000000
72752  -49.105  -14.645  21.718 0.0000000000
73790  -50.194  -14.111  22.014 0.0000000000
73810  -51.239  -13.333  21.622 0.0000000000
74847  -50.133  -13.062  20.992 0.0000000000
74849  -52.742  -12.411  21.431 0.0000000000
75811  -53.584  -11.468  21.130 0.0000000000
75823  -52.697  -11.045  20.486 0.0000000000
76791  -51.598  -10.959  19.769 0.0000000000
75834  -51.281  -11.083  19.699 0.0000000000
77780  -50.074  -9.630  16.877 0.0000000000
40845  -15.074  -44.679  48.977 0.0000000000
40844  -14.457  -44.951  48.589 0.0000000000
40859  -14.437  -45.437  47.629 0.0000000000
40858  -13.998  -45.597  47.897 0.0000000000
39768  -13.658  -45.686  48.282 0.0000000000
38670  -14.259  -45.872  50.977 0.0000000000
39731  -13.704  -45.273  51.725 0.0000000000
40809  -13.498  -44.930  51.680 0.0000000000
39726  -12.822  -45.409  52.526 0.0000000000
40806  -13.067  -45.057  52.368 0.0000000000
39749  -12.734  -45.830  49.146 0.0000000000
39766  -12.405  -46.430  48.587 0.0000000000
38685  -11.636  -47.104  49.468 0.0000000000
38666  -10.893  -47.005  51.399 0.0000000000
37579  -11.046  -47.604  50.285 0.0000000000
36480  -8.838  -48.893  50.940 0.0000000000
36473  -8.822  -49.108  51.080 0.0000000000
35357  -8.875  -49.411  51.025 0.0000000000
63348  -49.752  -24.081  39.468 0.0000000000
57873  -46.233  -29.281  42.162 0.0000000000
60098  -46.039  -26.520  38.402 0.0000000000
61200  -45.393  -25.545  37.345 0.0000000000
60085  -46.214  -26.281  38.796 0.0000000000
61166  -47.283  -25.620  40.050 0.0000000000
62261  -47.844  -24.298  39.663 0.0000000000
63346  -48.318  -23.964  39.247 0.0000000000
63376  -49.068  -24.029  37.648 0.0000000000
63401  -48.785  -24.250  35.543 0.0000000000
63409  -48.799  -24.333  34.611 0.0000000000
62336  -47.832  -24.847  35.296 0.0000000000
62356  -48.184  -24.706  34.514 0.0000000000
63425  -48.239  -24.657  33.170 0.0000000000
63434  -47.542  -24.688  31.960 0.0000000000
62373  -45.656  -25.067  33.700 0.0000000000
62420  -45.244  -25.233  31.930 0.0000000000
62421  -46.164  -25.168  32.037 0.0000000000
62443  -46.758  -24.875  31.306 0.0000000000
62461  -46.518  -24.834  30.743 0.0000000000
63457  -46.602  -24.686  30.001 0.0000000000
62486  -45.449  -24.804  28.581 0.0000000000
62485  -44.985  -24.823  27.975 0.0000000000
61334  -40.385  -25.645  27.761 0.0000000000
61335  -41.017  -25.620  27.649 0.0000000000
62471  -41.821  -25.600  28.054 0.0000000000
62482  -42.053  -25.544  26.806 0.0000000000
61382  -40.837  -25.518  25.561 0.0000000000
44870  -24.137  -40.984  50.123 0.0000000000
44853  -25.069  -40.538  50.575 0.0000000000
46891  -27.018  -38.885  49.774 0.0000000000
50037  -27.544  -34.717  38.153 0.0000000000
51165  -27.561  -34.169  38.524 0.0000000000
51149  -27.556  -34.383  39.448 0.0000000000
54796  -30.870  -31.969  34.976 0.0000000000
54775  -30.798  -31.917  35.866 0.0000000000
52358  -32.932  -33.510  37.917 0.0000000000
53554  -31.752  -32.445  38.817 0.0000000000
53571  -31.364  -32.392  37.893 0.0000000000
53570  -30.823  -31.948  37.508 0.0000000000
54759  -30.246  -31.542  37.722 0.0000000000
54745  -29.537  -31.304  38.552 0.0000000000
55782  -29.744  -30.947  40.221 0.0000000000
54720  -28.492  -31.082  40.939 0.0000000000
53469  -28.213  -32.532  43.896 0.0000000000
53450  -28.468  -32.078  45.082 0.0000000000
55734  -29.356  -31.172  44.531 0.0000000000
54633  -28.805  -31.382  46.012 0.0000000000
42982  -19.801  -43.418  41.747 0.0000000000
41958  -16.953  -44.348  41.881 0.0000000000
41944  -17.225  -44.438  42.954 0.0000000000
41935  -17.160  -44.519  43.833 0.0000000000
41927  -16.974  -44.543  44.777 0.0000000000
63526  -44.073  -24.527  24.970 0.0000000000
64478  -48.152  -23.430  24.963 0.0000000000
64479  -48.855  -23.110  25.008 0.0000000000
63530  -48.821  -23.778  25.606 0.0000000000
63478  -52.766  -23.786  28.490 0.0000000000
67670  -50.707  -19.831  24.369 0.0000000000
66524  -50.021  -20.337  24.394 0.0000000000
65419  -53.138  -21.425  25.166 0.0000000000
64483  -52.965  -22.397  25.397 0.0000000000
76783  -54.568  -10.596  20.809 0.0000000000
76795  -55.037  -10.067  20.535 0.0000000000
77761  -53.127  -9.719  18.376 0.0000000000
77773  -54.551  -9.393  18.057 0.0000000000
78784  -55.959  -8.674  19.256 0.0000000000
79870  -56.913  -7.855  19.833 0.0000000000
79871  -57.556  -7.664  19.487 0.0000000000
79881  -58.455  -7.253  18.744 0.0000000000
79889  -58.362  -7.597  17.765 0.0000000000
77815  -56.719  -9.372  15.169 0.0000000000
78830  -57.732  -8.624  15.304 0.0000000000
83075  -58.971  -5.004  12.953 0.0000000000
36466  -10.416  -48.202  52.521 0.0000000000
36467  -10.649  -48.066  52.785 0.0000000000
37564  -10.494  -47.963  52.624 0.0000000000
37565  -10.667  -47.631  52.763 0.0000000000
37568  -10.488  -47.495  52.350 0.0000000000
38659  -10.853  -46.737  52.861 0.0000000000
38660  -11.601  -46.465  53.150 0.0000000000
38661  -12.093  -45.934  53.109 0.0000000000
38665  -13.176  -45.620  52.203 0.0000000000
38667  -11.236  -46.926  51.013 0.0000000000
38671  -11.040  -47.301  50.782 0.0000000000
39722  -11.848  -45.616  53.157 0.0000000000
39723  -12.346  -45.528  52.957 0.0000000000
39724  -10.896  -45.977  52.544 0.0000000000
39750  -13.247  -45.657  48.788 0.0000000000
39804  -14.118  -45.807  46.593 0.0000000000
40800  -11.373  -45.600  52.684 0.0000000000
40802  -12.139  -45.201  53.119 0.0000000000
40803  -11.282  -45.686  52.414 0.0000000000
40804  -11.711  -45.460  52.109 0.0000000000
40817  -20.998  -43.705  51.392 0.0000000000
41870  -15.658  -44.526  49.188 0.0000000000
42981  -19.177  -43.589  41.353 0.0000000000
43912  -21.501  -42.706  47.485 0.0000000000
43970  -22.697  -42.240  41.123 0.0000000000
44940  -24.835  -41.364  42.365 0.0000000000
44973  -25.136  -40.554  40.078 0.0000000000
45878  -26.877  -39.737  51.387 0.0000000000
45879  -27.667  -39.440  51.150 0.0000000000
45921  -27.249  -38.856  48.603 0.0000000000
45932  -27.188  -39.041  48.369 0.0000000000
46909  -27.187  -38.928  47.238 0.0000000000
48952  -27.228  -37.299  40.375 0.0000000000
48965  -27.475  -36.218  39.590 0.0000000000
49873  -28.390  -34.409  49.485 0.0000000000
49956  -40.303  -35.175  43.127 0.0000000000
49975  -40.665  -35.325  42.329 0.0000000000
49994  -39.280  -35.143  42.165 0.0000000000
50976  -28.181  -33.986  48.546 0.0000000000
51166  -34.656  -34.257  38.425 0.0000000000
52149  -28.267  -33.517  48.440 0.0000000000
52150  -28.533  -33.354  48.939 0.0000000000
52254  -36.645  -33.207  43.134 0.0000000000
52284  -35.396  -33.138  41.488 0.0000000000
52301  -36.607  -34.011  40.883 0.0000000000
52339  -35.134  -34.180  39.181 0.0000000000
53390  -28.246  -33.076  48.043 0.0000000000
53473  -36.498  -32.861  43.630 0.0000000000
54616  -28.672  -31.526  47.117 0.0000000000
54760  -30.778  -31.811  38.081 0.0000000000
54770  -27.243  -32.198  36.336 0.0000000000
55781  -29.167  -30.914  40.691 0.0000000000
55820  -29.337  -31.158  35.896 0.0000000000
61199  -44.930  -25.511  36.910 0.0000000000
61231  -44.079  -25.348  35.804 0.0000000000
62315  -44.320  -24.911  36.076 0.0000000000
62399  -47.677  -24.850  33.091 0.0000000000
62492  -41.302  -25.528  25.843 0.0000000000
64397  -52.088  -23.214  36.493 0.0000000000
66525  -50.600  -20.410  24.609 0.0000000000
68625  -53.350  -18.430  26.785 0.0000000000
69642  -47.185  -17.919  23.007 0.0000000000
70635  -54.261  -16.904  25.757 0.0000000000
70688  -48.449  -16.435  22.648 0.0000000000
71630  -54.383  -15.913  25.024 0.0000000000
71631  -55.027  -15.807  25.196 0.0000000000
71644  -54.019  -15.627  24.489 0.0000000000
71686  -45.244  -15.824  21.008 0.0000000000
72690  -56.212  -14.969  25.505 0.0000000000
73780  -54.896  -14.126  23.566 0.0000000000
74828  -51.552  -13.253  21.707 0.0000000000
74832  -55.511  -12.296  22.398 0.0000000000
74850  -53.413  -12.254  21.551 0.0000000000
75846  -50.552  -10.873  18.980 0.0000000000
77799  -57.049  -9.223  16.161 0.0000000000
77808  -56.912  -9.325  15.663 0.0000000000
78786  -57.293  -7.825  19.028 0.0000000000
79880  -57.814  -7.750  18.675 0.0000000000
79959  -58.286  -6.773  12.711 0.0000000000
80964  -58.420  -6.504  13.040 0.0000000000
83051  -58.941  -5.194  14.139 0.0000000000
