#!ascii label  , from subject 3536 vox2ras=TkReg
1020
63034  -23.824  -24.443  -25.280 0.4285714328
65054  -24.208  -22.936  -25.797 0.2857142985
65053  -23.834  -23.279  -25.843 0.4285714328
65055  -25.072  -22.470  -25.542 0.4285714328
65955  -25.592  -21.886  -25.610 0.4285714328
65968  -24.686  -21.767  -26.643 0.2857142985
65069  -24.817  -21.976  -26.264 0.4285714328
65969  -25.264  -21.439  -26.316 0.4285714328
67101  -24.683  -20.450  -27.886 0.4285714328
67102  -25.112  -20.320  -27.418 0.4285714328
68240  -25.088  -19.513  -29.062 0.4285714328
69232  -25.667  -19.155  -28.476 0.4285714328
69241  -25.530  -19.031  -29.743 0.5714285970
69233  -26.183  -18.533  -28.793 0.4285714328
70308  -26.741  -17.889  -29.050 0.2857142985
69250  -26.429  -18.226  -30.662 0.7142857313
70320  -26.854  -17.700  -30.014 0.7142857313
71272  -27.853  -17.027  -31.099 0.7142857313
71257  -28.370  -16.179  -30.150 0.4285714328
70335  -26.992  -17.842  -31.040 0.7142857313
71255  -27.176  -17.468  -30.402 0.5714285970
72298  -29.075  -15.447  -30.651 0.5714285970
71273  -28.545  -16.206  -31.126 0.5714285970
72314  -29.191  -15.776  -31.902 0.5714285970
73356  -29.459  -15.272  -31.385 0.5714285970
71287  -28.413  -16.649  -31.905 0.5714285970
73357  -29.832  -14.738  -30.878 0.4285714328
73386  -30.824  -14.761  -33.095 0.5714285970
74396  -31.507  -14.355  -33.067 0.5714285970
72338  -29.940  -16.124  -34.325 0.7142857313
74397  -32.255  -14.322  -32.911 0.5714285970
73385  -30.248  -15.421  -33.115 0.5714285970
72337  -28.752  -16.382  -34.092 0.5714285970
74409  -31.895  -15.179  -34.738 0.8571428657
74411  -32.129  -14.907  -34.126 0.7142857313
74412  -32.950  -14.967  -33.672 0.5714285970
73411  -31.327  -16.262  -35.209 0.7142857313
73424  -30.359  -16.115  -35.393 0.5714285970
75448  -32.667  -14.176  -34.859 0.7142857313
73427  -33.439  -15.362  -35.008 0.5714285970
74410  -32.209  -14.632  -34.220 0.7142857313
75434  -33.222  -13.129  -34.254 0.5714285970
75449  -33.615  -13.846  -34.652 0.5714285970
74423  -31.981  -14.561  -35.059 0.5714285970
75432  -32.350  -12.899  -34.166 0.7142857313
76400  -33.994  -12.308  -33.375 0.7142857313
75435  -34.194  -12.930  -34.127 0.7142857313
76398  -32.190  -11.900  -33.268 0.7142857313
76399  -32.907  -12.237  -33.282 0.7142857313
77347  -34.182  -10.684  -32.219 0.7142857313
76390  -34.539  -11.372  -32.927 0.5714285970
77358  -32.362  -11.114  -32.515 0.7142857313
76414  -31.261  -12.016  -34.110 0.5714285970
78352  -34.914  -9.479  -32.132 0.5714285970
78363  -31.822  -10.459  -32.083 0.8571428657
77357  -31.648  -11.086  -32.863 0.8571428657
78340  -34.180  -9.053  -31.312 0.7142857313
79338  -33.300  -8.701  -30.900 0.7142857313
78350  -32.499  -10.120  -31.569 0.8571428657
79351  -32.891  -9.424  -31.083 0.7142857313
81490  -33.239  -6.731  -30.537 0.8571428657
80421  -34.588  -7.303  -31.495 0.5714285970
80419  -32.689  -7.893  -30.684 0.8571428657
80418  -32.103  -7.719  -30.741 0.8571428657
79350  -32.200  -8.874  -30.931 0.8571428657
79337  -32.719  -8.485  -30.783 0.8571428657
83619  -33.146  -4.587  -30.342 0.8571428657
84615  -33.433  -3.534  -30.503 0.8571428657
85651  -32.912  -2.592  -30.255 0.8571428657
81489  -32.118  -6.977  -30.619 0.8571428657
84606  -32.539  -3.624  -30.237 0.8571428657
85649  -30.925  -2.815  -30.439 1.0000000000
85650  -31.909  -2.664  -30.147 1.0000000000
82562  -32.693  -5.741  -30.311 0.8571428657
84605  -31.567  -3.724  -30.339 1.0000000000
87792  -31.699  -0.603  -30.363 1.0000000000
88784  -29.727  0.320  -31.949 0.7142857313
86743  -31.270  -1.679  -30.380 1.0000000000
86742  -30.317  -1.854  -30.996 1.0000000000
88767  -31.057  0.566  -30.494 1.0000000000
92472  -30.739  4.122  -31.978 1.0000000000
91619  -30.134  3.794  -32.950 0.8571428657
94302  -30.628  6.428  -32.783 0.8571428657
93377  -30.882  5.633  -32.468 1.0000000000
97048  -30.004  9.942  -33.077 0.8571428657
96160  -30.224  8.139  -32.810 0.8571428657
95272  -30.278  7.198  -33.012 1.0000000000
98718  -29.717  11.627  -33.552 0.8571428657
98719  -30.432  11.346  -32.966 0.8571428657
98717  -29.129  11.892  -34.065 0.7142857313
97926  -28.686  10.373  -34.855 0.5714285970
100462  -28.198  13.480  -34.363 0.7142857313
99616  -26.388  12.487  -36.376 0.5714285970
98730  -27.645  11.718  -35.462 0.5714285970
101393  -25.738  14.142  -36.716 0.4285714328
101379  -26.212  14.784  -36.168 0.4285714328
100479  -25.410  13.230  -34.754 0.2857142985
100461  -25.585  13.719  -34.165 0.2857142985
99594  -25.191  13.265  -35.515 0.2857142985
99573  -26.341  12.734  -33.506 0.2857142985
65068  -24.306  -22.292  -26.611 0.2857142985
72315  -29.718  -15.535  -32.489 0.5714285970
74424  -32.532  -15.158  -35.075 0.5714285970
79352  -34.894  -8.303  -31.843 0.5714285970
77346  -33.196  -10.952  -32.214 0.7142857313
78351  -33.614  -9.830  -31.488 0.7142857313
80420  -33.741  -7.594  -30.817 0.8571428657
82563  -33.873  -5.558  -30.692 0.8571428657
89742  -30.468  1.388  -31.013 0.8571428657
100453  -27.976  13.515  -31.867 0.1428571492
65982  -24.444  -21.425  -27.412 0.2857142985
65983  -24.989  -20.781  -27.167 0.4285714328
68226  -25.892  -19.414  -27.557 0.4285714328
67116  -24.361  -20.481  -28.368 0.2857142985
69214  -25.789  -19.295  -27.846 0.4285714328
69242  -26.245  -18.355  -29.839 0.5714285970
70334  -26.247  -18.313  -31.619 0.2857142985
70336  -27.411  -17.507  -31.104 0.7142857313
71286  -27.809  -17.466  -32.331 0.5714285970
73358  -30.840  -14.154  -30.726 0.4285714328
72327  -28.639  -16.381  -33.031 0.7142857313
73373  -30.513  -14.508  -31.790 0.7142857313
74395  -30.926  -14.405  -32.425 0.5714285970
74382  -31.096  -14.234  -31.840 0.4285714328
73387  -31.572  -14.712  -33.567 0.7142857313
72354  -29.725  -16.414  -35.205 0.5714285970
72345  -30.465  -16.638  -35.067 0.5714285970
74436  -31.169  -14.896  -35.288 0.5714285970
74426  -33.933  -14.601  -34.743 0.5714285970
75433  -32.452  -13.528  -34.463 0.7142857313
75447  -31.929  -13.249  -34.657 0.8571428657
81491  -34.123  -6.600  -30.885 0.5714285970
86744  -32.309  -1.621  -30.222 1.0000000000
84604  -30.745  -3.878  -30.711 1.0000000000
88785  -30.176  0.395  -31.085 0.8571428657
90702  -29.791  2.080  -32.588 0.7142857313
90691  -30.355  2.435  -31.634 1.0000000000
90669  -31.328  2.384  -30.879 1.0000000000
91612  -30.422  3.598  -32.213 0.7142857313
90692  -30.972  3.010  -31.251 1.0000000000
90703  -30.076  2.950  -32.712 0.7142857313
92481  -31.007  5.128  -32.148 0.8571428657
97032  -29.909  8.689  -33.002 0.8571428657
95261  -30.859  7.332  -32.531 1.0000000000
94303  -31.229  6.460  -32.280 1.0000000000
97911  -29.138  11.046  -34.084 0.7142857313
100497  -25.646  13.365  -36.719 0.7142857313
98746  -27.920  10.868  -35.510 0.5714285970
99597  -27.823  12.629  -35.137 0.7142857313
100481  -27.610  13.560  -35.167 0.7142857313
98744  -26.082  11.407  -36.052 0.4285714328
100478  -24.988  13.738  -35.297 0.2857142985
102257  -24.902  14.931  -36.390 0.4285714328
101380  -27.061  14.293  -35.495 0.4285714328
102258  -25.365  14.977  -36.448 0.4285714328
101378  -24.718  14.595  -36.024 0.4285714328
70347  -26.642  -18.232  -32.375 0.4285714328
71285  -27.108  -18.001  -32.928 0.4285714328
101401  -25.050  13.878  -36.937 0.4285714328
100498  -26.279  13.435  -36.587 0.7142857313
100496  -24.849  13.754  -36.234 0.2857142985
100460  -24.970  14.263  -34.664 0.2857142985
64099  -24.099  -23.761  -25.417 0.4285714328
64100  -24.571  -23.185  -25.409 0.4285714328
65067  -23.716  -23.040  -26.390 0.2857142985
65080  -24.011  -22.065  -27.373 0.2857142985
68224  -24.784  -20.064  -28.124 0.2857142985
68225  -25.300  -19.791  -27.811 0.4285714328
68239  -24.500  -20.033  -28.720 0.4285714328
68248  -25.046  -19.465  -29.789 0.4285714328
69249  -25.813  -18.575  -30.653 0.2857142985
70349  -27.438  -17.680  -31.560 0.5714285970
72328  -29.613  -15.784  -33.117 0.5714285970
73400  -31.204  -15.620  -34.293 0.7142857313
74425  -33.098  -14.690  -35.092 0.5714285970
74437  -31.659  -14.209  -35.176 0.7142857313
76415  -31.770  -12.092  -33.729 0.8571428657
79339  -34.249  -8.292  -31.211 0.8571428657
80433  -31.543  -7.959  -30.976 0.8571428657
83618  -32.115  -4.702  -30.269 1.0000000000
87791  -30.691  -0.628  -30.718 1.0000000000
89741  -29.965  1.273  -31.647 0.8571428657
97912  -29.764  10.571  -33.409 0.8571428657
98731  -28.442  11.593  -34.778 0.7142857313
99585  -28.696  12.602  -34.233 0.7142857313
100480  -27.095  13.240  -36.060 0.5714285970
99596  -27.180  12.259  -35.869 0.5714285970
99615  -25.553  12.648  -36.163 0.4285714328
101394  -26.504  13.991  -36.337 0.4285714328
99634  -25.131  12.964  -36.068 0.2857142985
100451  -26.615  13.670  -33.255 0.2857142985
99575  -27.738  12.944  -32.218 0.1428571492
65995  -24.305  -20.848  -28.165 0.2857142985
104572  -25.311  18.369  -35.029 0.2857142985
104564  -25.417  18.949  -34.155 0.1428571492
103043  -25.109  16.970  -35.315 0.2857142985
104573  -25.822  18.868  -35.379 0.2857142985
103795  -25.017  17.793  -33.928 0.1428571492
104551  -25.532  18.830  -33.320 0.1428571492
102229  -24.738  15.528  -33.973 0.1428571492
103030  -24.785  16.702  -33.879 0.1428571492
104575  -27.663  18.188  -35.187 0.2857142985
103807  -25.845  17.756  -35.406 0.2857142985
102260  -31.008  14.971  -35.575 0.2857142985
103047  -29.986  16.503  -34.454 0.2857142985
103783  -25.553  18.240  -33.227 0.1428571492
102245  -25.890  15.687  -35.884 0.2857142985
101363  -29.790  14.494  -33.700 0.2857142985
103796  -27.600  17.239  -34.804 0.2857142985
103044  -25.820  16.698  -35.618 0.2857142985
100466  -32.127  12.800  -34.035 0.1428571492
102233  -30.199  15.488  -33.955 0.2857142985
103033  -29.071  16.470  -34.141 0.2857142985
102230  -27.438  15.941  -34.654 0.2857142985
103045  -26.688  16.338  -35.287 0.2857142985
97072  -34.072  9.916  -35.892 0.1428571492
98748  -33.286  11.195  -35.485 0.1428571492
101365  -31.377  13.866  -34.218 0.4285714328
101362  -28.560  14.541  -34.000 0.2857142985
97036  -33.524  9.464  -32.769 0.2857142985
99577  -31.660  12.291  -32.998 0.4285714328
100464  -30.381  13.295  -33.451 0.2857142985
102246  -26.752  15.341  -35.335 0.2857142985
95273  -34.935  7.675  -33.312 0.1428571492
97906  -33.524  10.364  -33.207 0.2857142985
97904  -32.133  10.461  -32.422 0.5714285970
99587  -30.287  12.296  -33.274 0.7142857313
94305  -35.080  6.163  -32.819 0.1428571492
95265  -34.657  7.197  -32.641 0.1428571492
98710  -31.153  11.603  -32.680 0.7142857313
100463  -29.179  13.503  -33.760 0.4285714328
97035  -32.585  9.482  -32.413 0.4285714328
92482  -34.793  4.361  -32.202 0.2857142985
93374  -34.459  5.231  -31.924 0.7142857313
97903  -31.077  10.610  -32.474 0.7142857313
93378  -31.375  5.610  -31.993 0.8571428657
95254  -33.139  6.924  -31.740 0.8571428657
96162  -32.148  8.503  -32.222 0.5714285970
90704  -34.830  2.369  -32.573 0.2857142985
91613  -35.074  3.521  -32.613 0.2857142985
96179  -29.050  8.505  -34.336 0.5714285970
96161  -31.152  8.376  -32.415 0.8571428657
89744  -34.461  1.272  -32.341 0.1428571492
92475  -33.231  4.333  -31.351 0.7142857313
84613  -29.275  -4.091  -32.670 0.5714285970
86761  -29.790  -1.557  -31.790 0.8571428657
85662  -29.797  -2.574  -31.763 0.4285714328
87809  -29.955  -0.667  -31.422 0.5714285970
91602  -30.827  3.582  -31.596 0.8571428657
90670  -32.365  2.061  -30.680 0.8571428657
92473  -31.270  4.588  -31.740 0.8571428657
88787  -34.264  0.275  -32.203 0.2857142985
91604  -32.659  3.511  -31.099 0.8571428657
92474  -32.278  4.460  -31.397 0.8571428657
95262  -31.762  7.381  -32.138 0.8571428657
87824  -34.270  -0.619  -32.968 0.4285714328
90693  -33.860  1.956  -31.051 0.7142857313
92476  -34.108  4.275  -31.651 0.7142857313
83651  -28.830  -5.045  -34.015 0.2857142985
84614  -29.724  -3.819  -31.874 0.5714285970
89718  -31.002  1.563  -30.664 0.8571428657
91585  -32.179  2.848  -30.891 0.8571428657
88786  -34.062  0.150  -31.404 0.4285714328
89721  -33.646  0.921  -30.842 0.8571428657
91587  -33.440  2.403  -30.969 0.8571428657
86774  -34.313  -1.602  -32.821 0.4285714328
77384  -29.981  -10.898  -34.434 0.7142857313
79391  -29.219  -8.610  -34.258 0.4285714328
77372  -30.386  -10.545  -33.985 0.7142857313
79348  -30.654  -8.599  -31.994 0.8571428657
80446  -30.184  -7.797  -32.955 0.5714285970
81513  -29.719  -6.749  -33.087 0.5714285970
81541  -28.730  -6.687  -34.421 0.4285714328
81501  -30.504  -6.878  -31.562 0.8571428657
81500  -30.049  -6.773  -32.214 0.5714285970
83627  -29.488  -4.871  -32.477 0.5714285970
82561  -31.516  -5.839  -30.538 0.8571428657
83616  -30.485  -4.810  -31.006 0.7142857313
83628  -29.942  -4.872  -31.672 0.5714285970
85663  -33.690  -2.563  -30.732 0.7142857313
87793  -32.717  -0.670  -30.349 0.7142857313
88769  -33.147  0.166  -30.509 0.8571428657
84636  -34.355  -3.620  -33.339 0.2857142985
85664  -34.211  -2.563  -31.503 0.4285714328
86763  -34.248  -1.627  -31.832 0.5714285970
75461  -30.089  -13.524  -34.786 0.4285714328
76426  -29.549  -12.032  -34.539 0.4285714328
77383  -29.046  -10.817  -34.501 0.4285714328
78349  -31.658  -9.752  -31.585 0.7142857313
79364  -30.773  -9.470  -32.327 0.7142857313
79349  -30.970  -9.000  -31.654 0.7142857313
81502  -31.136  -6.982  -31.002 0.8571428657
82575  -34.245  -4.956  -31.120 0.7142857313
83640  -34.534  -4.576  -32.672 0.2857142985
83630  -34.326  -4.405  -31.564 0.5714285970
83629  -33.898  -4.413  -30.819 0.5714285970
74435  -29.865  -14.939  -35.378 0.4285714328
75445  -29.061  -13.951  -34.957 0.5714285970
76428  -31.004  -12.385  -34.491 0.5714285970
76413  -30.638  -11.474  -34.223 0.5714285970
78362  -31.169  -10.078  -32.266 0.7142857313
80435  -35.253  -7.493  -32.622 0.4285714328
81503  -34.890  -6.495  -32.243 0.4285714328
82585  -34.997  -5.701  -33.253 0.4285714328
82576  -34.561  -5.494  -31.707 0.4285714328
72336  -27.747  -16.368  -33.607 0.5714285970
73415  -34.736  -15.140  -34.119 0.4285714328
75450  -34.889  -13.417  -34.310 0.4285714328
78365  -35.756  -9.594  -33.292 0.4285714328
77348  -34.942  -10.594  -32.658 0.4285714328
79365  -35.725  -8.556  -33.251 0.4285714328
79353  -35.344  -8.486  -32.570 0.4285714328
69215  -26.408  -18.935  -27.600 0.1428571492
76401  -35.338  -11.887  -33.739 0.4285714328
76402  -36.249  -11.281  -34.055 0.4285714328
77360  -36.112  -10.652  -33.751 0.4285714328
71237  -27.722  -16.971  -28.702 0.1428571492
72299  -29.519  -14.891  -29.923 0.2857142985
73374  -34.867  -14.521  -31.574 0.2857142985
74401  -36.536  -13.785  -32.118 0.2857142985
74414  -35.889  -14.297  -33.477 0.2857142985
74398  -33.107  -14.450  -32.529 0.4285714328
75436  -37.186  -12.865  -33.028 0.2857142985
74428  -36.168  -13.724  -34.011 0.2857142985
73404  -34.379  -15.372  -33.788 0.2857142985
75452  -36.878  -12.964  -34.072 0.2857142985
70289  -26.937  -18.116  -28.101 0.1428571492
70309  -27.356  -17.516  -28.429 0.1428571492
71238  -28.424  -16.211  -28.844 0.2857142985
72276  -29.004  -15.413  -29.453 0.2857142985
73360  -32.624  -13.926  -29.659 0.2857142985
74375  -33.921  -14.116  -30.197 0.2857142985
74385  -33.254  -13.985  -31.393 0.2857142985
74372  -31.700  -13.883  -31.028 0.2857142985
74386  -34.055  -14.128  -30.935 0.2857142985
71214  -27.795  -17.229  -28.123 0.1428571492
72254  -30.251  -15.508  -28.072 0.2857142985
71215  -28.311  -16.860  -27.943 0.2857142985
72277  -29.921  -14.829  -28.989 0.2857142985
71239  -29.350  -15.593  -28.548 0.2857142985
73342  -30.854  -14.267  -29.425 0.2857142985
68204  -26.117  -19.689  -27.014 0.1428571492
67087  -25.592  -20.362  -26.895 0.2857142985
69191  -26.753  -19.309  -26.844 0.1428571492
63016  -24.376  -24.569  -24.867 0.2857142985
63015  -23.590  -25.079  -25.156 0.2857142985
65970  -26.065  -20.883  -26.126 0.2857142985
63017  -25.397  -24.577  -24.465 0.1428571492
61906  -23.411  -25.741  -25.057 0.1428571492
73343  -31.832  -14.269  -29.021 0.2857142985
74373  -32.491  -13.784  -30.655 0.2857142985
73389  -35.710  -14.572  -32.421 0.2857142985
73403  -33.544  -15.472  -34.151 0.4285714328
74427  -35.134  -14.388  -34.214 0.4285714328
76418  -37.112  -11.837  -33.544 0.2857142985
79376  -30.280  -9.271  -33.490 0.7142857313
82573  -30.294  -5.834  -31.469 0.5714285970
78364  -35.308  -10.098  -32.786 0.4285714328
81492  -34.536  -6.380  -31.429 0.4285714328
82586  -35.309  -6.310  -33.573 0.2857142985
84626  -34.385  -3.537  -32.109 0.5714285970
94311  -30.126  6.399  -33.376 0.7142857313
87794  -33.500  -0.752  -30.687 0.7142857313
93371  -32.035  5.438  -31.616 0.8571428657
97927  -29.264  10.194  -34.060 0.4285714328
97033  -30.424  9.388  -32.693 0.7142857313
85672  -34.360  -2.586  -32.552 0.2857142985
91606  -34.543  3.311  -31.937 0.5714285970
101361  -27.582  14.978  -34.607 0.2857142985
96164  -34.035  8.430  -32.623 0.4285714328
97905  -32.942  10.327  -32.753 0.4285714328
103784  -26.261  17.709  -32.312 0.1428571492
100482  -31.678  13.377  -34.497 0.2857142985
99599  -33.035  11.796  -33.863 0.1428571492
104576  -28.233  17.907  -34.971 0.2857142985
64085  -24.887  -23.618  -24.939 0.1428571492
64098  -23.538  -23.590  -26.011 0.2857142985
65056  -25.775  -22.129  -25.314 0.1428571492
67088  -26.438  -20.295  -26.321 0.1428571492
69216  -27.303  -18.384  -27.359 0.1428571492
70290  -27.871  -17.656  -27.535 0.1428571492
70291  -28.941  -17.155  -27.091 0.1428571492
73359  -31.672  -13.821  -29.993 0.2857142985
73362  -34.702  -14.367  -30.054 0.2857142985
73375  -35.692  -14.655  -31.032 0.2857142985
77361  -37.334  -10.768  -32.966 0.2857142985
78376  -30.091  -9.811  -33.920 0.7142857313
78361  -30.691  -9.974  -32.833 0.5714285970
80473  -28.982  -7.577  -34.369 0.4285714328
79375  -30.053  -8.719  -33.681 0.5714285970
77376  -37.132  -10.609  -33.771 0.4285714328
83638  -28.725  -4.503  -33.754 0.2857142985
82584  -29.408  -5.783  -33.217 0.5714285970
77375  -36.707  -10.629  -34.017 0.2857142985
76391  -35.092  -11.154  -33.089 0.4285714328
80431  -30.283  -7.500  -32.130 0.7142857313
84625  -28.865  -3.805  -33.281 0.2857142985
79378  -36.974  -8.557  -34.422 0.1428571492
80449  -35.735  -7.609  -33.661 0.4285714328
81528  -35.601  -6.869  -34.477 0.1428571492
88768  -32.195  0.342  -30.346 0.8571428657
82600  -35.305  -6.201  -34.138 0.1428571492
84616  -34.075  -3.493  -31.129 0.5714285970
87810  -34.012  -0.756  -31.244 0.5714285970
89743  -34.166  1.134  -31.530 0.7142857313
94295  -32.621  6.199  -31.607 0.8571428657
87836  -34.192  -0.565  -33.886 0.2857142985
88810  -34.383  0.368  -33.996 0.1428571492
101359  -24.670  14.978  -35.017 0.2857142985
90694  -34.357  2.197  -31.696 0.4285714328
88798  -34.339  0.344  -33.088 0.4285714328
90713  -34.868  2.150  -33.540 0.1428571492
95255  -33.958  6.789  -31.878 0.5714285970
90705  -35.151  2.917  -33.136 0.1428571492
93379  -35.011  5.298  -32.480 0.1428571492
95266  -35.131  6.699  -33.118 0.1428571492
102219  -25.513  16.014  -33.179 0.1428571492
96163  -33.127  8.553  -32.311 0.5714285970
94312  -35.319  6.195  -33.492 0.1428571492
96172  -34.634  8.337  -33.319 0.1428571492
100465  -31.463  13.269  -33.642 0.2857142985
99589  -32.553  12.107  -33.437 0.2857142985
97049  -34.000  9.770  -33.357 0.2857142985
97915  -34.356  9.733  -34.358 0.1428571492
97929  -34.321  9.951  -34.887 0.1428571492
97928  -33.906  10.648  -35.062 0.1428571492
101383  -31.350  14.268  -34.895 0.2857142985
100499  -31.750  13.217  -35.485 0.2857142985
99617  -31.913  12.797  -35.679 0.1428571492
99618  -32.214  12.477  -35.466 0.1428571492
65043  -26.154  -22.628  -24.822 0.1428571492
69192  -27.428  -18.958  -26.723 0.1428571492
73390  -36.114  -14.362  -31.586 0.2857142985
83652  -34.540  -4.664  -34.013 0.2857142985
98761  -33.024  10.996  -36.325 0.1428571492
101395  -31.312  14.238  -36.080 0.2857142985
63033  -23.248  -24.411  -25.814 0.2857142985
64084  -24.463  -23.974  -25.057 0.2857142985
65042  -25.484  -23.068  -24.912 0.1428571492
65956  -26.313  -21.610  -25.381 0.1428571492
71256  -27.529  -16.945  -29.879 0.2857142985
70321  -27.224  -17.390  -29.203 0.1428571492
75462  -31.261  -13.361  -34.999 0.4285714328
78353  -35.464  -9.040  -32.798 0.4285714328
77374  -31.303  -11.320  -33.446 0.7142857313
86745  -33.230  -1.626  -30.459 0.7142857313
85648  -30.257  -3.159  -31.106 0.8571428657
82560  -30.803  -5.486  -30.826 0.8571428657
83617  -31.189  -4.731  -30.550 0.8571428657
97047  -29.591  9.386  -33.495 0.5714285970
97913  -30.325  10.383  -32.879 0.7142857313
99586  -29.569  12.547  -33.680 0.5714285970
101381  -27.735  14.151  -34.626 0.2857142985
82564  -34.364  -6.000  -31.074 0.4285714328
72326  -27.824  -17.093  -33.278 0.5714285970
76416  -35.746  -12.600  -34.457 0.4285714328
84603  -30.218  -4.095  -31.235 0.5714285970
91603  -31.627  3.502  -31.228 0.8571428657
95253  -32.414  6.923  -31.829 0.8571428657
102244  -24.961  15.713  -35.861 0.2857142985
102228  -24.605  16.243  -34.850 0.2857142985
80432  -30.671  -7.978  -31.744 0.8571428657
103806  -25.206  17.934  -35.151 0.2857142985
104563  -25.361  18.562  -34.827 0.1428571492
103794  -25.035  18.186  -34.680 0.2857142985
103029  -24.759  17.341  -34.694 0.2857142985
104574  -26.767  18.502  -35.335 0.2857142985
103808  -26.919  17.417  -35.135 0.2857142985
102247  -30.729  15.485  -34.858 0.2857142985
103810  -28.865  17.416  -34.688 0.2857142985
103034  -29.694  16.018  -34.006 0.2857142985
103020  -25.547  17.164  -33.152 0.1428571492
102232  -29.301  15.463  -33.896 0.2857142985
101364  -30.944  14.475  -33.992 0.2857142985
103031  -27.462  16.776  -34.754 0.2857142985
103797  -28.086  17.111  -34.533 0.2857142985
99588  -31.976  12.646  -33.506 0.2857142985
100483  -32.059  12.821  -34.840 0.1428571492
98732  -32.812  11.778  -35.146 0.1428571492
102231  -28.354  15.655  -34.201 0.2857142985
97939  -33.662  10.397  -35.917 0.1428571492
98733  -33.356  11.381  -34.501 0.1428571492
98747  -32.654  11.680  -35.906 0.1428571492
97037  -34.165  9.095  -33.143 0.1428571492
98711  -31.829  11.378  -32.617 0.5714285970
99578  -32.217  11.813  -32.903 0.4285714328
100455  -31.015  12.833  -33.074 0.5714285970
96181  -35.151  7.777  -34.403 0.1428571492
98720  -32.849  11.570  -33.340 0.2857142985
97914  -34.028  10.384  -34.052 0.2857142985
98713  -33.111  10.808  -33.074 0.4285714328
97034  -31.570  9.484  -32.321 0.7142857313
94297  -34.145  6.024  -31.806 0.4285714328
95264  -33.640  7.631  -32.127 0.5714285970
93373  -33.730  5.231  -31.560 0.7142857313
94296  -33.427  6.106  -31.589 0.7142857313
95263  -32.707  7.670  -32.022 0.7142857313
86760  -29.451  -1.999  -32.506 0.4285714328
85661  -29.342  -3.138  -32.547 0.4285714328
89720  -32.747  1.137  -30.521 0.8571428657
90671  -33.206  1.874  -30.740 0.8571428657
87811  -34.253  -0.685  -32.055 0.5714285970
91605  -33.700  3.105  -31.236 0.8571428657
88770  -33.727  -0.046  -30.874 0.7142857313
78390  -29.466  -9.736  -34.179 0.4285714328
79362  -30.295  -8.412  -33.175 0.7142857313
80447  -30.392  -8.013  -32.381 0.7142857313
80458  -29.619  -7.670  -33.786 0.4285714328
82572  -29.775  -5.814  -32.326 0.5714285970
81527  -29.318  -6.688  -33.914 0.4285714328
82574  -30.779  -6.216  -30.986 0.8571428657
86762  -33.897  -1.636  -30.996 0.7142857313
75460  -29.142  -12.903  -34.497 0.5714285970
73405  -35.196  -15.008  -33.554 0.2857142985
75451  -35.993  -13.203  -34.428 0.4285714328
77359  -35.501  -10.698  -33.170 0.4285714328
78378  -36.577  -9.614  -34.027 0.4285714328
76417  -36.517  -11.899  -34.224 0.4285714328
73341  -30.163  -14.523  -29.930 0.2857142985
73388  -34.706  -15.071  -32.777 0.2857142985
74399  -34.003  -14.497  -32.111 0.2857142985
74415  -36.596  -13.688  -33.381 0.2857142985
74413  -33.780  -15.143  -33.184 0.2857142985
74374  -33.332  -13.914  -30.362 0.2857142985
72278  -31.017  -14.802  -28.485 0.2857142985
61907  -23.955  -25.678  -24.728 0.1428571492
81515  -35.481  -6.789  -33.739 0.2857142985
103021  -26.310  16.534  -32.495 0.1428571492
64086  -25.859  -23.650  -24.522 0.1428571492
65945  -26.790  -22.166  -24.832 0.1428571492
94310  -29.592  6.451  -33.988 0.5714285970
92487  -29.496  4.657  -34.081 0.4285714328
93390  -29.331  5.581  -34.566 0.4285714328
91626  -29.139  3.945  -34.217 0.4285714328
93384  -29.826  5.543  -33.743 0.5714285970
95271  -29.841  7.215  -33.499 0.4285714328
89759  -29.368  1.429  -33.263 0.4285714328
90712  -29.862  3.269  -33.193 0.4285714328
90710  -28.783  2.611  -34.090 0.4285714328
91618  -29.588  3.747  -33.580 0.5714285970
92488  -29.992  4.650  -33.314 0.5714285970
93385  -30.361  5.544  -33.045 0.5714285970
87808  -29.531  -0.755  -32.434 0.5714285970
75415  -37.134  -12.516  -30.475 0.1428571492
76403  -37.256  -11.701  -32.395 0.1428571492
69240  -24.781  -19.024  -30.247 0.2857142985
74400  -36.256  -14.154  -32.913 0.1428571492
75411  -37.553  -13.184  -29.033 0.1428571492
74387  -36.908  -13.471  -30.824 0.1428571492
75402  -37.110  -12.589  -28.423 0.1428571492
76368  -36.688  -11.591  -27.881 0.1428571492
73377  -37.024  -14.677  -30.111 0.1428571492
74388  -37.194  -14.168  -30.123 0.1428571492
74357  -37.285  -13.808  -27.672 0.1428571492
74377  -37.518  -14.004  -29.353 0.1428571492
75324  -36.714  -12.691  -24.644 0.1428571492
75374  -36.646  -12.340  -26.442 0.1428571492
77255  -36.612  -11.230  -25.288 0.1428571492
68247  -24.559  -19.481  -29.593 0.2857142985
68246  -23.956  -19.501  -29.402 0.2857142985
73344  -32.868  -14.408  -28.859 0.1428571492
73345  -33.963  -14.530  -28.858 0.1428571492
72301  -37.031  -15.501  -29.334 0.1428571492
73347  -35.660  -15.315  -28.936 0.1428571492
72285  -37.542  -15.332  -28.384 0.1428571492
72300  -36.580  -15.364  -29.420 0.1428571492
74344  -37.257  -14.132  -27.306 0.1428571492
73289  -37.014  -14.684  -25.538 0.1428571492
74295  -36.739  -13.824  -24.564 0.1428571492
74317  -36.790  -13.540  -25.585 0.1428571492
68238  -23.502  -19.758  -28.940 0.2857142985
67114  -23.375  -20.507  -28.499 0.2857142985
72255  -31.355  -15.590  -27.832 0.1428571492
72256  -32.419  -15.797  -27.872 0.1428571492
72280  -33.159  -15.138  -28.306 0.1428571492
72281  -34.235  -15.279  -28.279 0.1428571492
72284  -37.215  -15.790  -28.689 0.1428571492
73346  -35.052  -14.818  -28.891 0.1428571492
72261  -37.560  -15.512  -27.560 0.1428571492
72241  -37.479  -15.760  -26.666 0.1428571492
75295  -37.542  -12.929  -23.519 0.1428571492
75294  -36.845  -13.159  -23.907 0.1428571492
71217  -30.659  -16.287  -27.380 0.1428571492
72257  -33.470  -15.936  -27.861 0.1428571492
71222  -35.877  -16.901  -27.643 0.1428571492
71223  -36.682  -16.947  -27.582 0.1428571492
72259  -35.492  -16.239  -27.978 0.1428571492
71242  -37.452  -15.982  -28.093 0.1428571492
72230  -37.058  -15.467  -24.902 0.1428571492
71205  -37.457  -16.665  -26.294 0.1428571492
73235  -37.298  -15.234  -23.651 0.1428571492
73263  -36.911  -14.850  -24.351 0.1428571492
71216  -29.383  -16.293  -27.735 0.1428571492
71219  -32.787  -16.691  -27.639 0.1428571492
70294  -32.214  -17.490  -27.462 0.1428571492
71218  -31.761  -16.512  -27.500 0.1428571492
71220  -33.825  -16.793  -27.563 0.1428571492
70298  -36.221  -17.729  -27.253 0.1428571492
70297  -35.283  -17.716  -27.219 0.1428571492
70299  -37.010  -17.651  -27.107 0.1428571492
70278  -37.475  -17.568  -25.892 0.1428571492
71224  -37.351  -16.582  -27.327 0.1428571492
69219  -32.710  -18.474  -27.597 0.1428571492
70293  -31.186  -17.309  -27.062 0.1428571492
70296  -34.243  -17.705  -27.311 0.1428571492
70295  -33.212  -17.617  -27.522 0.1428571492
69222  -35.714  -18.481  -26.987 0.1428571492
69224  -37.302  -18.345  -26.394 0.1428571492
71221  -34.869  -16.855  -27.478 0.1428571492
72283  -36.307  -15.839  -28.713 0.1428571492
73361  -33.575  -14.145  -29.601 0.1428571492
74264  -37.216  -14.072  -23.662 0.1428571492
76281  -37.956  -12.166  -23.655 0.1428571492
73315  -36.991  -14.082  -26.191 0.1428571492
76392  -37.177  -11.578  -31.070 0.1428571492
67115  -24.030  -20.551  -28.622 0.2857142985
71199  -37.336  -16.798  -25.352 0.1428571492
71186  -37.114  -16.375  -23.911 0.1428571492
74265  -38.183  -13.810  -23.259 0.1428571492
76282  -38.723  -12.078  -23.726 0.1428571492
89752  -29.691  1.212  -32.412 0.4285714328
77257  -37.663  -10.770  -24.287 0.1428571492
76302  -37.238  -11.751  -24.098 0.1428571492
76356  -36.561  -11.433  -27.130 0.1428571492
78246  -36.643  -10.655  -25.223 0.1428571492
95279  -29.337  7.399  -34.098 0.4285714328
100513  -31.436  13.423  -36.678 0.1428571492
96170  -29.701  8.167  -33.392 0.4285714328
102269  -30.787  15.035  -36.642 0.1428571492
75423  -37.015  -12.655  -31.694 0.1428571492
72279  -32.093  -14.978  -28.340 0.1428571492
78380  -37.487  -9.562  -33.678 0.1428571492
78379  -37.160  -9.642  -34.153 0.1428571492
73376  -36.507  -14.376  -30.664 0.1428571492
74376  -37.379  -13.315  -29.907 0.1428571492
75410  -37.270  -12.455  -29.434 0.1428571492
74364  -37.314  -13.155  -28.332 0.1428571492
74365  -37.486  -13.715  -28.450 0.1428571492
74356  -37.116  -13.177  -27.852 0.1428571492
76383  -36.994  -11.584  -29.882 0.1428571492
77333  -36.741  -10.701  -29.150 0.1428571492
75391  -36.708  -12.323  -27.318 0.1428571492
73363  -35.961  -15.003  -29.722 0.1428571492
73365  -37.319  -14.829  -29.583 0.1428571492
74343  -36.883  -13.429  -26.795 0.1428571492
73348  -37.567  -14.651  -28.813 0.1428571492
76318  -36.574  -11.758  -25.802 0.1428571492
73330  -37.549  -14.558  -27.872 0.1428571492
73290  -37.329  -15.232  -26.183 0.1428571492
72282  -35.236  -15.544  -28.387 0.1428571492
72258  -34.519  -16.055  -27.831 0.1428571492
71241  -37.009  -16.391  -28.189 0.1428571492
71240  -36.421  -16.491  -28.048 0.1428571492
72231  -37.320  -15.818  -25.691 0.1428571492
70292  -30.059  -16.999  -26.948 0.1428571492
69223  -36.561  -18.565  -26.806 0.1428571492
70300  -37.357  -17.380  -26.639 0.1428571492
69200  -37.350  -18.440  -25.508 0.1428571492
61923  -21.753  -25.624  -25.810 0.1428571492
61924  -22.778  -25.704  -25.481 0.1428571492
63032  -22.385  -24.789  -26.058 0.1428571492
64112  -23.024  -23.619  -26.787 0.1428571492
65079  -23.423  -22.556  -27.312 0.1428571492
64121  -22.934  -23.027  -27.318 0.1428571492
65980  -22.755  -21.578  -27.870 0.1428571492
65981  -23.688  -21.739  -27.854 0.1428571492
65078  -22.490  -22.446  -27.459 0.1428571492
65993  -23.311  -21.154  -28.202 0.1428571492
67100  -22.691  -20.534  -28.139 0.1428571492
68237  -22.733  -19.657  -28.447 0.1428571492
69231  -23.446  -18.990  -29.320 0.1428571492
69239  -23.957  -18.710  -29.809 0.2857142985
69248  -25.276  -18.933  -30.662 0.1428571492
71270  -25.628  -18.050  -31.876 0.2857142985
73408  -28.038  -14.897  -34.166 0.4285714328
73423  -29.490  -15.853  -35.271 0.4285714328
87835  -28.920  -0.245  -33.893 0.2857142985
88797  -29.473  0.385  -32.891 0.2857142985
92500  -28.275  4.508  -35.509 0.2857142985
92501  -28.688  4.997  -35.305 0.2857142985
94316  -29.104  6.584  -34.628 0.4285714328
69238  -23.200  -18.290  -29.459 0.1428571492
70318  -24.365  -17.926  -30.595 0.2857142985
70333  -25.228  -18.306  -31.241 0.1428571492
64111  -22.061  -23.454  -26.928 0.1428571492
69230  -22.658  -18.603  -28.874 0.1428571492
71254  -23.557  -16.562  -30.504 0.2857142985
70332  -24.779  -17.588  -31.165 0.2857142985
71284  -26.029  -17.744  -32.545 0.2857142985
72325  -26.786  -16.815  -33.236 0.4285714328
72335  -27.178  -16.034  -33.442 0.4285714328
74408  -26.964  -14.707  -33.643 0.2857142985
85671  -28.928  -2.604  -33.319 0.2857142985
86783  -28.848  -0.978  -33.819 0.2857142985
87823  -29.195  -0.412  -33.352 0.2857142985
88808  -28.779  0.100  -34.111 0.2857142985
88809  -29.108  0.510  -33.810 0.2857142985
89758  -28.986  1.917  -33.754 0.2857142985
90728  -27.939  2.623  -35.361 0.2857142985
90727  -27.340  2.574  -35.726 0.2857142985
92494  -28.916  4.548  -34.861 0.2857142985
85680  -28.792  -1.841  -33.805 0.2857142985
87834  -28.485  -0.454  -34.280 0.2857142985
85693  -27.971  -2.166  -34.947 0.2857142985
88820  -28.479  0.584  -34.404 0.2857142985
89779  -27.613  1.650  -35.277 0.2857142985
89768  -29.062  1.296  -33.929 0.2857142985
89767  -28.572  1.661  -34.343 0.2857142985
91617  -29.082  3.294  -33.945 0.2857142985
87844  -27.376  -0.319  -35.141 0.2857142985
87857  -26.848  0.007  -35.544 0.2857142985
89766  -28.082  1.313  -34.764 0.2857142985
73398  -28.146  -16.080  -34.067 0.4285714328
73409  -28.578  -15.682  -34.560 0.4285714328
65994  -23.912  -21.144  -28.274 0.1428571492
63043  -22.757  -24.271  -26.344 0.1428571492
90719  -28.353  2.636  -34.768 0.2857142985
70319  -24.882  -18.643  -30.762 0.1428571492
63042  -22.270  -24.131  -26.541 0.1428571492
64120  -22.566  -23.125  -27.204 0.1428571492
67099  -21.982  -20.534  -27.564 0.1428571492
70317  -23.402  -17.575  -29.889 0.2857142985
91633  -28.259  3.452  -35.226 0.2857142985
88835  -27.163  0.731  -35.377 0.2857142985
75444  -28.360  -13.103  -34.132 0.2857142985
74420  -28.429  -14.463  -34.480 0.2857142985
104607  -29.083  18.872  -38.408 0.1428571492
103837  -29.618  18.060  -38.556 0.1428571492
103827  -29.322  17.724  -36.939 0.1428571492
103828  -29.749  17.227  -36.047 0.1428571492
102259  -30.623  15.828  -36.113 0.1428571492
105414  -29.447  19.526  -38.398 0.1428571492
104585  -27.712  18.953  -35.981 0.1428571492
106184  -26.233  20.692  -35.702 0.1428571492
76412  -28.660  -11.908  -34.475 0.2857142985
102268  -30.377  15.881  -37.262 0.1428571492
103072  -29.673  17.415  -38.304 0.1428571492
103065  -30.018  16.767  -36.803 0.1428571492
104586  -28.422  18.192  -35.460 0.1428571492
103056  -30.277  16.576  -35.546 0.1428571492
104594  -28.189  19.084  -37.127 0.1428571492
105400  -27.055  20.306  -36.648 0.1428571492
105391  -27.222  19.355  -36.246 0.1428571492
105382  -25.727  19.901  -35.163 0.1428571492
104584  -26.802  19.183  -35.844 0.1428571492
103819  -29.664  17.131  -35.158 0.1428571492
103818  -29.181  17.769  -35.770 0.1428571492
104603  -28.812  18.556  -37.564 0.1428571492
105413  -28.915  19.623  -38.328 0.1428571492
103064  -29.576  17.285  -37.645 0.1428571492
104595  -28.632  18.431  -36.489 0.1428571492
106200  -29.300  20.251  -38.022 0.1428571492
103073  -29.894  16.659  -37.888 0.1428571492
86794  -27.387  -1.557  -35.315 0.1428571492
86782  -28.433  -1.523  -34.340 0.1428571492
86795  -27.958  -1.023  -34.810 0.1428571492
88834  -26.557  0.735  -35.708 0.1428571492
89765  -24.785  1.452  -35.177 0.1428571492
90724  -25.150  2.155  -35.203 0.1428571492
85679  -28.365  -2.681  -34.212 0.1428571492
89778  -26.923  1.639  -35.647 0.1428571492
90718  -25.077  2.862  -35.137 0.1428571492
91624  -25.398  3.597  -35.247 0.1428571492
92497  -25.828  4.530  -35.295 0.2857142985
79390  -28.365  -8.411  -34.329 0.1428571492
83666  -27.948  -4.581  -34.908 0.1428571492
84635  -28.253  -3.819  -34.357 0.1428571492
85692  -27.344  -2.730  -35.404 0.1428571492
86807  -26.788  -0.907  -35.545 0.1428571492
91632  -27.758  3.516  -35.726 0.1428571492
93395  -27.736  5.537  -35.720 0.1428571492
92498  -26.603  4.518  -35.681 0.1428571492
93394  -26.944  5.510  -35.742 0.2857142985
94321  -27.240  6.501  -35.700 0.2857142985
97935  -26.269  9.518  -35.643 0.2857142985
97060  -25.672  9.150  -34.865 0.2857142985
97925  -25.883  10.575  -35.412 0.2857142985
101360  -25.008  14.636  -34.206 0.1428571492
98709  -26.734  11.699  -32.869 0.1428571492
94315  -28.571  6.618  -35.149 0.2857142985
95285  -27.493  7.484  -35.635 0.2857142985
97061  -28.451  9.249  -35.113 0.2857142985
96186  -27.048  8.362  -35.863 0.2857142985
96185  -26.442  8.298  -35.520 0.2857142985
97069  -26.593  9.122  -35.732 0.2857142985
97068  -26.101  9.036  -35.408 0.2857142985
98745  -27.000  11.277  -35.953 0.2857142985
99595  -25.435  12.776  -35.255 0.1428571492
97045  -25.635  9.443  -33.944 0.2857142985
101352  -26.931  14.442  -32.705 0.1428571492
96177  -25.604  8.359  -34.231 0.1428571492
95270  -25.337  7.372  -33.682 0.1428571492
98729  -25.820  11.647  -35.360 0.1428571492
97910  -25.759  10.639  -34.501 0.2857142985
98716  -25.803  11.767  -34.421 0.1428571492
97046  -25.964  10.199  -33.747 0.1428571492
91616  -24.318  3.358  -33.872 0.2857142985
97030  -25.910  8.940  -32.917 0.1428571492
97897  -27.344  10.746  -32.126 0.1428571492
97031  -26.357  9.771  -33.034 0.1428571492
91596  -22.454  2.505  -31.362 0.1428571492
86784  -34.146  -1.546  -33.788 0.1428571492
82599  -34.862  -5.520  -34.543 0.1428571492
82597  -28.633  -5.432  -34.383 0.1428571492
84648  -27.283  -3.639  -35.506 0.1428571492
85695  -33.729  -2.465  -34.599 0.1428571492
84664  -26.776  -3.335  -35.691 0.1428571492
86806  -26.084  -1.179  -35.631 0.1428571492
86804  -24.840  -1.026  -35.047 0.1428571492
87856  -26.296  -0.179  -35.737 0.1428571492
88818  -24.584  0.519  -34.989 0.1428571492
90726  -26.575  2.567  -35.762 0.1428571492
90709  -24.202  2.325  -33.517 0.1428571492
91631  -26.996  3.531  -35.896 0.1428571492
92491  -24.590  4.114  -34.085 0.2857142985
94320  -26.522  6.479  -35.525 0.1428571492
95284  -26.797  7.431  -35.688 0.2857142985
95277  -25.689  7.414  -34.621 0.1428571492
96158  -26.097  9.148  -32.178 0.1428571492
97901  -26.255  10.923  -33.449 0.1428571492
97902  -26.768  10.946  -32.774 0.1428571492
85681  -34.200  -2.591  -33.690 0.1428571492
84651  -34.004  -3.704  -34.883 0.1428571492
97938  -28.122  10.032  -35.532 0.2857142985
99584  -25.765  12.699  -34.287 0.1428571492
97936  -26.511  10.134  -35.846 0.2857142985
98708  -26.042  11.965  -33.613 0.1428571492
95278  -28.723  7.471  -34.720 0.2857142985
81540  -28.062  -6.605  -34.601 0.1428571492
97062  -29.075  9.550  -34.429 0.2857142985
85670  -28.532  -3.392  -33.773 0.1428571492
82615  -35.269  -6.161  -34.969 0.1428571492
96178  -28.383  8.255  -34.976 0.2857142985
93396  -28.476  5.645  -35.423 0.1428571492
85705  -25.833  -2.159  -35.466 0.1428571492
85706  -26.632  -2.156  -35.620 0.1428571492
88833  -25.844  0.648  -35.818 0.1428571492
89776  -25.447  1.494  -35.560 0.1428571492
90725  -25.709  2.545  -35.526 0.1428571492
84649  -27.825  -3.440  -35.008 0.1428571492
91623  -24.802  3.499  -34.654 0.1428571492
91630  -26.168  3.551  -35.682 0.1428571492
92499  -27.407  4.515  -35.831 0.1428571492
83665  -27.393  -4.389  -35.355 0.1428571492
93393  -26.217  5.500  -35.388 0.2857142985
95286  -28.143  7.489  -35.283 0.2857142985
94322  -27.951  6.547  -35.526 0.2857142985
97924  -25.903  9.728  -35.428 0.2857142985
97909  -25.619  9.919  -34.889 0.2857142985
98704  -27.601  11.881  -32.254 0.1428571492
96187  -27.793  8.525  -35.536 0.2857142985
97071  -27.807  9.463  -35.644 0.2857142985
97070  -27.203  9.305  -35.845 0.2857142985
96184  -25.929  8.304  -35.002 0.1428571492
97937  -27.426  10.179  -35.805 0.2857142985
102220  -26.532  15.451  -32.640 0.1428571492
95283  -26.190  7.417  -35.271 0.2857142985
97896  -26.717  10.426  -32.646 0.1428571492
71253  -22.730  -16.460  -29.719 0.1428571492
71268  -24.383  -16.815  -31.068 0.1428571492
72295  -22.319  -15.348  -29.705 0.1428571492
73368  -23.194  -14.538  -30.897 0.1428571492
74381  -23.390  -14.061  -31.271 0.1428571492
72312  -23.746  -15.729  -31.061 0.1428571492
73381  -24.090  -14.172  -31.925 0.1428571492
73370  -24.178  -15.280  -31.573 0.1428571492
71283  -25.540  -16.991  -32.343 0.1428571492
74394  -24.282  -13.684  -32.313 0.1428571492
73395  -25.547  -14.680  -33.062 0.1428571492
73384  -26.169  -16.155  -33.054 0.1428571492
74407  -26.337  -14.005  -33.527 0.1428571492
73396  -26.515  -15.431  -33.311 0.1428571492
74393  -23.710  -13.572  -31.741 0.1428571492
75430  -25.328  -13.005  -33.396 0.1428571492
75443  -27.325  -12.741  -33.836 0.1428571492
77371  -28.218  -10.867  -34.447 0.1428571492
78389  -28.452  -9.694  -34.247 0.1428571492
92492  -25.132  4.499  -34.604 0.1428571492
72313  -24.581  -15.984  -31.603 0.1428571492
71236  -22.143  -16.750  -29.084 0.1428571492
72311  -23.431  -15.094  -30.951 0.1428571492
96169  -25.470  8.302  -33.222 0.1428571492
74419  -27.492  -14.052  -33.890 0.1428571492
71269  -25.181  -17.220  -31.738 0.1428571492
72324  -25.852  -16.639  -32.757 0.1428571492
74418  -26.866  -13.344  -33.680 0.1428571492
72297  -23.436  -15.923  -30.669 0.1428571492
72296  -23.088  -15.511  -30.478 0.1428571492
73355  -22.595  -14.463  -30.306 0.1428571492
73369  -23.770  -14.651  -31.454 0.1428571492
73394  -25.035  -14.292  -32.924 0.1428571492
73382  -24.692  -14.820  -32.253 0.1428571492
72323  -25.228  -16.208  -32.230 0.1428571492
74405  -24.788  -13.742  -32.899 0.1428571492
75422  -24.057  -13.109  -32.273 0.1428571492
73383  -25.625  -15.650  -32.795 0.1428571492
75431  -25.815  -13.386  -33.486 0.1428571492
74392  -23.426  -12.980  -31.589 0.1428571492
68203  -25.666  -19.940  -27.235 0.2857142985
70348  -27.117  -18.179  -32.048 0.4285714328
71187  -37.115  -16.878  -24.312 0.1428571492
71271  -27.380  -17.364  -30.700 0.7142857313
72205  -37.021  -15.876  -24.127 0.1428571492
72260  -36.044  -16.389  -28.111 0.1428571492
72302  -37.402  -15.267  -29.007 0.1428571492
72339  -30.877  -16.431  -34.766 0.5714285970
72343  -29.246  -16.312  -34.861 0.4285714328
72344  -29.740  -16.543  -34.897 0.5714285970
72353  -29.384  -16.228  -35.145 0.5714285970
72355  -30.098  -16.605  -35.219 0.5714285970
73316  -37.301  -14.678  -26.782 0.1428571492
73364  -36.794  -15.031  -29.857 0.1428571492
73371  -29.491  -15.391  -31.715 0.5714285970
73372  -29.845  -15.117  -32.021 0.5714285970
73397  -27.592  -15.416  -33.807 0.4285714328
73399  -30.249  -15.695  -33.764 0.7142857313
73401  -31.572  -15.000  -33.832 0.7142857313
73402  -32.884  -15.438  -34.536 0.5714285970
73410  -29.037  -15.705  -35.018 0.4285714328
73412  -32.772  -15.620  -35.105 0.5714285970
73413  -33.250  -15.537  -34.837 0.5714285970
73414  -34.021  -15.232  -34.557 0.4285714328
73422  -29.114  -16.025  -35.035 0.4285714328
73425  -32.727  -15.411  -35.253 0.5714285970
73426  -33.007  -15.439  -35.187 0.5714285970
74371  -31.300  -14.047  -31.344 0.4285714328
74383  -31.676  -14.105  -31.956 0.4285714328
74384  -32.399  -13.983  -31.739 0.4285714328
74406  -25.423  -13.854  -33.272 0.1428571492
74421  -29.038  -15.120  -35.036 0.4285714328
74422  -31.824  -15.469  -35.058 0.7142857313
74438  -32.883  -15.200  -35.229 0.5714285970
74439  -33.309  -15.114  -35.114 0.5714285970
74440  -33.658  -15.141  -34.929 0.5714285970
75296  -38.530  -12.827  -23.420 0.1428571492
75325  -37.056  -12.501  -23.892 0.1428571492
75347  -36.685  -12.582  -25.721 0.1428571492
75403  -37.410  -13.158  -28.572 0.1428571492
75446  -31.417  -12.739  -34.633 0.5714285970
75463  -31.830  -13.861  -35.085 0.7142857313
76280  -37.440  -12.298  -23.754 0.1428571492
76301  -36.699  -11.808  -25.004 0.1428571492
76343  -36.539  -11.618  -26.522 0.1428571492
76389  -33.743  -11.541  -32.727 0.7142857313
76427  -30.419  -12.284  -34.520 0.5714285970
77256  -36.901  -11.002  -24.691 0.1428571492
77270  -36.472  -11.028  -25.847 0.1428571492
77356  -31.075  -10.664  -32.963 0.7142857313
77370  -27.549  -10.831  -34.210 0.1428571492
77373  -30.802  -10.825  -33.583 0.7142857313
77377  -37.533  -10.077  -33.299 0.2857142985
78341  -34.571  -8.782  -31.565 0.7142857313
78375  -27.960  -10.316  -34.221 0.1428571492
78377  -30.400  -9.866  -33.430 0.7142857313
79363  -30.501  -8.808  -32.716 0.8571428657
80434  -32.113  -8.101  -30.790 0.8571428657
80436  -35.573  -8.034  -33.008 0.4285714328
80448  -35.463  -7.129  -33.285 0.2857142985
81514  -35.306  -6.628  -33.096 0.2857142985
82598  -29.041  -5.764  -34.069 0.5714285970
82613  -28.519  -6.026  -34.471 0.1428571492
83639  -29.059  -4.844  -33.335 0.2857142985
83650  -28.474  -4.721  -34.342 0.2857142985
84624  -28.511  -4.059  -33.868 0.1428571492
86773  -29.139  -1.423  -33.203 0.2857142985
86805  -25.380  -1.257  -35.328 0.1428571492
87845  -27.933  -0.110  -34.611 0.2857142985
88819  -27.725  0.655  -34.882 0.2857142985
88821  -28.900  1.004  -34.204 0.2857142985
89719  -31.766  1.363  -30.504 0.8571428657
89757  -24.492  1.409  -34.327 0.1428571492
89777  -26.185  1.599  -35.715 0.1428571492
89780  -28.100  1.980  -34.926 0.2857142985
90668  -30.720  1.974  -30.981 1.0000000000
90690  -29.878  1.770  -32.055 0.7142857313
90711  -29.468  2.651  -33.404 0.4285714328
91586  -32.943  2.658  -30.869 0.8571428657
91625  -28.688  3.496  -34.601 0.2857142985
92480  -30.586  4.638  -32.475 0.8571428657
92483  -35.307  4.472  -32.832 0.2857142985
92493  -28.517  3.995  -35.072 0.2857142985
93372  -32.884  5.315  -31.442 0.8571428657
93389  -28.970  5.968  -35.088 0.1428571492
93397  -28.934  5.340  -35.129 0.2857142985
94294  -31.878  6.355  -31.838 0.8571428657
94304  -34.638  6.090  -32.278 0.1428571492
95256  -34.374  6.545  -32.117 0.4285714328
95274  -35.218  7.138  -33.678 0.1428571492
96159  -29.908  8.329  -33.015 0.8571428657
96171  -29.975  7.672  -33.132 0.4285714328
96173  -35.029  7.921  -33.751 0.1428571492
97050  -34.411  9.316  -33.850 0.1428571492
97940  -34.118  10.083  -35.495 0.1428571492
98712  -32.659  11.254  -32.925 0.4285714328
98721  -33.248  11.204  -33.527 0.2857142985
99576  -30.849  12.215  -32.910 0.5714285970
99590  -32.924  11.683  -33.548 0.2857142985
99598  -32.645  12.214  -34.456 0.1428571492
99614  -25.153  13.227  -35.857 0.2857142985
99635  -25.288  13.316  -36.598 0.4285714328
100452  -27.405  13.574  -32.536 0.1428571492
100454  -30.656  12.676  -33.157 0.5714285970
100500  -31.980  12.825  -35.244 0.1428571492
100511  -25.016  13.654  -36.702 0.4285714328
100512  -25.235  13.647  -36.838 0.4285714328
101382  -31.014  14.778  -34.651 0.2857142985
101392  -24.973  14.287  -36.738 0.4285714328
101402  -25.369  14.227  -37.052 0.4285714328
102248  -31.055  14.889  -34.966 0.2857142985
103032  -28.160  16.490  -34.366 0.2857142985
103046  -29.394  16.860  -34.441 0.2857142985
103798  -28.561  16.901  -34.352 0.2857142985
103809  -27.898  17.594  -34.821 0.2857142985
103811  -29.511  16.991  -34.651 0.2857142985
103835  -29.284  17.973  -37.991 0.1428571492
104565  -25.566  19.149  -33.348 0.1428571492
104606  -28.799  19.385  -38.250 0.1428571492
105412  -28.571  19.689  -38.089 0.1428571492
106202  -28.641  20.036  -38.111 0.1428571492
106203  -29.001  20.050  -38.298 0.1428571492
