#!ascii label  , from subject 3536 vox2ras=TkReg
419
73356  -29.459  -15.272  -31.385 0.0000000000
76426  -29.549  -12.032  -34.539 0.0000000000
91626  -29.139  3.945  -34.217 0.0000000000
87791  -30.691  -0.628  -30.718 0.0000000000
81489  -32.118  -6.977  -30.619 0.0000000000
75450  -34.889  -13.417  -34.310 0.0000000000
94316  -29.104  6.584  -34.628 0.0000000000
84605  -31.567  -3.724  -30.339 0.0000000000
81500  -30.049  -6.773  -32.214 0.0000000000
73411  -31.327  -16.262  -35.209 0.0000000000
75432  -32.350  -12.899  -34.166 0.0000000000
74397  -32.255  -14.322  -32.911 0.0000000000
68240  -25.088  -19.513  -29.062 0.0000000000
72326  -27.824  -17.093  -33.278 0.0000000000
100497  -25.646  13.365  -36.719 0.0000000000
98731  -28.442  11.593  -34.778 0.0000000000
97912  -29.764  10.571  -33.409 0.0000000000
96161  -31.152  8.376  -32.415 0.0000000000
93371  -32.035  5.438  -31.616 0.0000000000
90702  -29.791  2.080  -32.588 0.0000000000
91587  -33.440  2.403  -30.969 0.0000000000
87794  -33.500  -0.752  -30.687 0.0000000000
83630  -34.326  -4.405  -31.564 0.0000000000
80435  -35.253  -7.493  -32.622 0.0000000000
79364  -30.773  -9.470  -32.327 0.0000000000
77347  -34.182  -10.684  -32.219 0.0000000000
83627  -29.488  -4.871  -32.477 0.0000000000
81541  -28.730  -6.687  -34.421 0.0000000000
73385  -30.248  -15.421  -33.115 0.0000000000
73387  -31.572  -14.712  -33.567 0.0000000000
74395  -30.926  -14.405  -32.425 0.0000000000
65055  -25.072  -22.470  -25.542 0.0000000000
65069  -24.817  -21.976  -26.264 0.0000000000
65983  -24.989  -20.781  -27.167 0.0000000000
73398  -28.146  -16.080  -34.067 0.0000000000
72325  -26.786  -16.815  -33.236 0.0000000000
97911  -29.138  11.046  -34.084 0.0000000000
93390  -29.331  5.581  -34.566 0.0000000000
95271  -29.841  7.215  -33.499 0.0000000000
94302  -30.628  6.428  -32.783 0.0000000000
95253  -32.414  6.923  -31.829 0.0000000000
92481  -31.007  5.128  -32.148 0.0000000000
88784  -29.727  0.320  -31.949 0.0000000000
90669  -31.328  2.384  -30.879 0.0000000000
88767  -31.057  0.566  -30.494 0.0000000000
89721  -33.646  0.921  -30.842 0.0000000000
87792  -31.699  -0.603  -30.363 0.0000000000
82562  -32.693  -5.741  -30.311 0.0000000000
84615  -33.433  -3.534  -30.503 0.0000000000
82563  -33.873  -5.558  -30.692 0.0000000000
81503  -34.890  -6.495  -32.243 0.0000000000
80421  -34.588  -7.303  -31.495 0.0000000000
77383  -29.046  -10.817  -34.501 0.0000000000
79376  -30.280  -9.271  -33.490 0.0000000000
77372  -30.386  -10.545  -33.985 0.0000000000
75434  -33.222  -13.129  -34.254 0.0000000000
76399  -32.907  -12.237  -33.282 0.0000000000
76390  -34.539  -11.372  -32.927 0.0000000000
77359  -35.501  -10.698  -33.170 0.0000000000
76417  -36.517  -11.899  -34.224 0.0000000000
69232  -25.667  -19.155  -28.476 0.0000000000
69241  -25.530  -19.031  -29.743 0.0000000000
69242  -26.245  -18.355  -29.839 0.0000000000
70335  -26.992  -17.842  -31.040 0.0000000000
85662  -29.797  -2.574  -31.763 0.0000000000
85649  -30.925  -2.815  -30.439 0.0000000000
84614  -29.724  -3.819  -31.874 0.0000000000
83616  -30.485  -4.810  -31.006 0.0000000000
81502  -31.136  -6.982  -31.002 0.0000000000
75461  -30.089  -13.524  -34.786 0.0000000000
76414  -31.261  -12.016  -34.110 0.0000000000
74423  -31.981  -14.561  -35.059 0.0000000000
74411  -32.129  -14.907  -34.126 0.0000000000
73427  -33.439  -15.362  -35.008 0.0000000000
68225  -25.300  -19.791  -27.811 0.0000000000
75445  -29.061  -13.951  -34.957 0.0000000000
73423  -29.490  -15.853  -35.271 0.0000000000
72338  -29.940  -16.124  -34.325 0.0000000000
72327  -28.639  -16.381  -33.031 0.0000000000
102258  -25.365  14.977  -36.448 0.0000000000
98744  -26.082  11.407  -36.052 0.0000000000
100480  -27.095  13.240  -36.060 0.0000000000
100463  -29.179  13.503  -33.760 0.0000000000
99587  -30.287  12.296  -33.274 0.0000000000
98711  -31.829  11.378  -32.617 0.0000000000
96179  -29.050  8.505  -34.336 0.0000000000
97033  -30.424  9.388  -32.693 0.0000000000
97035  -32.585  9.482  -32.413 0.0000000000
96163  -33.127  8.553  -32.311 0.0000000000
95255  -33.958  6.789  -31.878 0.0000000000
93374  -34.459  5.231  -31.924 0.0000000000
90712  -29.862  3.269  -33.193 0.0000000000
91602  -30.827  3.582  -31.596 0.0000000000
91604  -32.659  3.511  -31.099 0.0000000000
91606  -34.543  3.311  -31.937 0.0000000000
90694  -34.357  2.197  -31.696 0.0000000000
86774  -34.313  -1.602  -32.821 0.0000000000
85651  -32.912  -2.592  -30.255 0.0000000000
85664  -34.211  -2.563  -31.503 0.0000000000
80458  -29.619  -7.670  -33.786 0.0000000000
80447  -30.392  -8.013  -32.381 0.0000000000
80433  -31.543  -7.959  -30.976 0.0000000000
77357  -31.648  -11.086  -32.863 0.0000000000
78350  -32.499  -10.120  -31.569 0.0000000000
79338  -33.300  -8.701  -30.900 0.0000000000
78352  -34.914  -9.479  -32.132 0.0000000000
79365  -35.725  -8.556  -33.251 0.0000000000
70347  -26.642  -18.232  -32.375 0.0000000000
71272  -27.853  -17.027  -31.099 0.0000000000
71273  -28.545  -16.206  -31.126 0.0000000000
72315  -29.718  -15.535  -32.489 0.0000000000
73386  -30.824  -14.761  -33.095 0.0000000000
73373  -30.513  -14.508  -31.790 0.0000000000
73357  -29.832  -14.738  -30.878 0.0000000000
65955  -25.592  -21.886  -25.610 0.0000000000
92487  -29.496  4.657  -34.081 0.0000000000
93384  -29.826  5.543  -33.743 0.0000000000
93385  -30.361  5.544  -33.045 0.0000000000
93377  -30.882  5.633  -32.468 0.0000000000
92488  -29.992  4.650  -33.314 0.0000000000
87809  -29.955  -0.667  -31.422 0.0000000000
87808  -29.531  -0.755  -32.434 0.0000000000
88785  -30.176  0.395  -31.085 0.0000000000
88768  -32.195  0.342  -30.346 0.0000000000
81490  -33.239  -6.731  -30.537 0.0000000000
81491  -34.123  -6.600  -30.885 0.0000000000
80420  -33.741  -7.594  -30.817 0.0000000000
77384  -29.981  -10.898  -34.434 0.0000000000
76413  -30.638  -11.474  -34.223 0.0000000000
75449  -33.615  -13.846  -34.652 0.0000000000
75435  -34.194  -12.930  -34.127 0.0000000000
76401  -35.338  -11.887  -33.739 0.0000000000
76416  -35.746  -12.600  -34.457 0.0000000000
75452  -36.878  -12.964  -34.072 0.0000000000
75451  -35.993  -13.203  -34.428 0.0000000000
69233  -26.183  -18.533  -28.793 0.0000000000
85661  -29.342  -3.138  -32.547 0.0000000000
84613  -29.275  -4.091  -32.670 0.0000000000
82572  -29.775  -5.814  -32.326 0.0000000000
83628  -29.942  -4.872  -31.672 0.0000000000
82573  -30.294  -5.834  -31.469 0.0000000000
82574  -30.779  -6.216  -30.986 0.0000000000
81501  -30.504  -6.878  -31.562 0.0000000000
74436  -31.169  -14.896  -35.288 0.0000000000
74437  -31.659  -14.209  -35.176 0.0000000000
74396  -31.507  -14.355  -33.067 0.0000000000
74410  -32.209  -14.632  -34.220 0.0000000000
74424  -32.532  -15.158  -35.075 0.0000000000
74412  -32.950  -14.967  -33.672 0.0000000000
73403  -33.544  -15.472  -34.151 0.0000000000
65053  -23.834  -23.279  -25.843 0.0000000000
64099  -24.099  -23.761  -25.417 0.0000000000
67102  -25.112  -20.320  -27.418 0.0000000000
68226  -25.892  -19.414  -27.557 0.0000000000
72336  -27.747  -16.368  -33.607 0.0000000000
72337  -28.752  -16.382  -34.092 0.0000000000
101401  -25.050  13.878  -36.937 0.0000000000
102257  -24.902  14.931  -36.390 0.0000000000
101393  -25.738  14.142  -36.716 0.0000000000
101379  -26.212  14.784  -36.168 0.0000000000
101394  -26.504  13.991  -36.337 0.0000000000
98730  -27.645  11.718  -35.462 0.0000000000
99596  -27.180  12.259  -35.869 0.0000000000
99597  -27.823  12.629  -35.137 0.0000000000
100481  -27.610  13.560  -35.167 0.0000000000
100462  -28.198  13.480  -34.363 0.0000000000
99585  -28.696  12.602  -34.233 0.0000000000
98718  -29.717  11.627  -33.552 0.0000000000
98719  -30.432  11.346  -32.966 0.0000000000
98710  -31.153  11.603  -32.680 0.0000000000
97913  -30.325  10.383  -32.879 0.0000000000
95279  -29.337  7.399  -34.098 0.0000000000
95272  -30.278  7.198  -33.012 0.0000000000
96160  -30.224  8.139  -32.810 0.0000000000
97034  -31.570  9.484  -32.321 0.0000000000
96162  -32.148  8.503  -32.222 0.0000000000
94295  -32.621  6.199  -31.607 0.0000000000
95254  -33.139  6.924  -31.740 0.0000000000
94296  -33.427  6.106  -31.589 0.0000000000
94297  -34.145  6.024  -31.806 0.0000000000
93373  -33.730  5.231  -31.560 0.0000000000
89752  -29.691  1.212  -32.412 0.0000000000
89759  -29.368  1.429  -33.263 0.0000000000
90703  -30.076  2.950  -32.712 0.0000000000
91612  -30.422  3.598  -32.213 0.0000000000
90691  -30.355  2.435  -31.634 0.0000000000
90670  -32.365  2.061  -30.680 0.0000000000
91585  -32.179  2.848  -30.891 0.0000000000
92476  -34.108  4.275  -31.651 0.0000000000
91605  -33.700  3.105  -31.236 0.0000000000
90693  -33.860  1.956  -31.051 0.0000000000
88770  -33.727  -0.046  -30.874 0.0000000000
88786  -34.062  0.150  -31.404 0.0000000000
87811  -34.253  -0.685  -32.055 0.0000000000
87810  -34.012  -0.756  -31.244 0.0000000000
85650  -31.909  -2.664  -30.147 0.0000000000
83629  -33.898  -4.413  -30.819 0.0000000000
84616  -34.075  -3.493  -31.129 0.0000000000
84626  -34.385  -3.537  -32.109 0.0000000000
80449  -35.735  -7.609  -33.661 0.0000000000
80473  -28.982  -7.577  -34.369 0.0000000000
79362  -30.295  -8.412  -33.175 0.0000000000
79348  -30.654  -8.599  -31.994 0.0000000000
80432  -30.671  -7.978  -31.744 0.0000000000
79349  -30.970  -9.000  -31.654 0.0000000000
76415  -31.770  -12.092  -33.729 0.0000000000
76398  -32.190  -11.900  -33.268 0.0000000000
77346  -33.196  -10.952  -32.214 0.0000000000
79351  -32.891  -9.424  -31.083 0.0000000000
78351  -33.614  -9.830  -31.488 0.0000000000
78340  -34.180  -9.053  -31.312 0.0000000000
77360  -36.112  -10.652  -33.751 0.0000000000
78365  -35.756  -9.594  -33.292 0.0000000000
78378  -36.577  -9.614  -34.027 0.0000000000
71255  -27.176  -17.468  -30.402 0.0000000000
70336  -27.411  -17.507  -31.104 0.0000000000
71257  -28.370  -16.179  -30.150 0.0000000000
82584  -29.408  -5.783  -33.217 0.0000000000
81513  -29.719  -6.749  -33.087 0.0000000000
73400  -31.204  -15.620  -34.293 0.0000000000
74409  -31.895  -15.179  -34.738 0.0000000000
74382  -31.096  -14.234  -31.840 0.0000000000
73358  -30.840  -14.154  -30.726 0.0000000000
64100  -24.571  -23.185  -25.409 0.0000000000
65969  -25.264  -21.439  -26.316 0.0000000000
73408  -28.038  -14.897  -34.166 0.0000000000
72335  -27.178  -16.034  -33.442 0.0000000000
99615  -25.553  12.648  -36.163 0.0000000000
98746  -27.920  10.868  -35.510 0.0000000000
97926  -28.686  10.373  -34.855 0.0000000000
97927  -29.264  10.194  -34.060 0.0000000000
94310  -29.592  6.451  -33.988 0.0000000000
94311  -30.126  6.399  -33.376 0.0000000000
95261  -30.859  7.332  -32.531 0.0000000000
95262  -31.762  7.381  -32.138 0.0000000000
94303  -31.229  6.460  -32.280 0.0000000000
93378  -31.375  5.610  -31.993 0.0000000000
89741  -29.965  1.273  -31.647 0.0000000000
89742  -30.468  1.388  -31.013 0.0000000000
89718  -31.002  1.563  -30.664 0.0000000000
90671  -33.206  1.874  -30.740 0.0000000000
89720  -32.747  1.137  -30.521 0.0000000000
88769  -33.147  0.166  -30.509 0.0000000000
87793  -32.717  -0.670  -30.349 0.0000000000
83618  -32.115  -4.702  -30.269 0.0000000000
84606  -32.539  -3.624  -30.237 0.0000000000
83619  -33.146  -4.587  -30.342 0.0000000000
82575  -34.245  -4.956  -31.120 0.0000000000
82576  -34.561  -5.494  -31.707 0.0000000000
82564  -34.364  -6.000  -31.074 0.0000000000
81492  -34.536  -6.380  -31.429 0.0000000000
79391  -29.219  -8.610  -34.258 0.0000000000
78390  -29.466  -9.736  -34.179 0.0000000000
78376  -30.091  -9.811  -33.920 0.0000000000
78361  -30.691  -9.974  -32.833 0.0000000000
76400  -33.994  -12.308  -33.375 0.0000000000
77348  -34.942  -10.594  -32.658 0.0000000000
76391  -35.092  -11.154  -33.089 0.0000000000
76402  -36.249  -11.281  -34.055 0.0000000000
77376  -37.132  -10.609  -33.771 0.0000000000
68248  -25.046  -19.465  -29.789 0.0000000000
69250  -26.429  -18.226  -30.662 0.0000000000
70320  -26.854  -17.700  -30.014 0.0000000000
86760  -29.451  -1.999  -32.506 0.0000000000
86761  -29.790  -1.557  -31.790 0.0000000000
86742  -30.317  -1.854  -30.996 0.0000000000
85648  -30.257  -3.159  -31.106 0.0000000000
84604  -30.745  -3.878  -30.711 0.0000000000
84603  -30.218  -4.095  -31.235 0.0000000000
83617  -31.189  -4.731  -30.550 0.0000000000
82560  -30.803  -5.486  -30.826 0.0000000000
82561  -31.516  -5.839  -30.538 0.0000000000
76428  -31.004  -12.385  -34.491 0.0000000000
75462  -31.261  -13.361  -34.999 0.0000000000
75447  -31.929  -13.249  -34.657 0.0000000000
75433  -32.452  -13.528  -34.463 0.0000000000
75448  -32.667  -14.176  -34.859 0.0000000000
74425  -33.098  -14.690  -35.092 0.0000000000
74426  -33.933  -14.601  -34.743 0.0000000000
74427  -35.134  -14.388  -34.214 0.0000000000
73415  -34.736  -15.140  -34.119 0.0000000000
74398  -33.107  -14.450  -32.529 0.0000000000
63034  -23.824  -24.443  -25.280 0.0000000000
68239  -24.500  -20.033  -28.720 0.0000000000
67101  -24.683  -20.450  -27.886 0.0000000000
68224  -24.784  -20.064  -28.124 0.0000000000
69214  -25.789  -19.295  -27.846 0.0000000000
75460  -29.142  -12.903  -34.497 0.0000000000
74435  -29.865  -14.939  -35.378 0.0000000000
73424  -30.359  -16.115  -35.393 0.0000000000
73409  -28.578  -15.682  -34.560 0.0000000000
72354  -29.725  -16.414  -35.205 0.0000000000
72345  -30.465  -16.638  -35.067 0.0000000000
72328  -29.613  -15.784  -33.117 0.0000000000
72314  -29.191  -15.776  -31.902 0.0000000000
101378  -24.718  14.595  -36.024 0.0000000000
99616  -26.388  12.487  -36.376 0.0000000000
100498  -26.279  13.435  -36.587 0.0000000000
101380  -27.061  14.293  -35.495 0.0000000000
98717  -29.129  11.892  -34.065 0.0000000000
99586  -29.569  12.547  -33.680 0.0000000000
100464  -30.381  13.295  -33.451 0.0000000000
100455  -31.015  12.833  -33.074 0.0000000000
99577  -31.660  12.291  -32.998 0.0000000000
99578  -32.217  11.813  -32.903 0.0000000000
97047  -29.591  9.386  -33.495 0.0000000000
96170  -29.701  8.167  -33.392 0.0000000000
97032  -29.909  8.689  -33.002 0.0000000000
97048  -30.004  9.942  -33.077 0.0000000000
97903  -31.077  10.610  -32.474 0.0000000000
97904  -32.133  10.461  -32.422 0.0000000000
98713  -33.111  10.808  -33.074 0.0000000000
97905  -32.942  10.327  -32.753 0.0000000000
96164  -34.035  8.430  -32.623 0.0000000000
95263  -32.707  7.670  -32.022 0.0000000000
95264  -33.640  7.631  -32.127 0.0000000000
90710  -28.783  2.611  -34.090 0.0000000000
91618  -29.588  3.747  -33.580 0.0000000000
91619  -30.134  3.794  -32.950 0.0000000000
92472  -30.739  4.122  -31.978 0.0000000000
92473  -31.270  4.588  -31.740 0.0000000000
90692  -30.972  3.010  -31.251 0.0000000000
91603  -31.627  3.502  -31.228 0.0000000000
92474  -32.278  4.460  -31.397 0.0000000000
92475  -33.231  4.333  -31.351 0.0000000000
89743  -34.166  1.134  -31.530 0.0000000000
89744  -34.461  1.272  -32.341 0.0000000000
88798  -34.339  0.344  -33.088 0.0000000000
87824  -34.270  -0.619  -32.968 0.0000000000
86743  -31.270  -1.679  -30.380 0.0000000000
86744  -32.309  -1.621  -30.222 0.0000000000
86745  -33.230  -1.626  -30.459 0.0000000000
85663  -33.690  -2.563  -30.732 0.0000000000
86762  -33.897  -1.636  -30.996 0.0000000000
86763  -34.248  -1.627  -31.832 0.0000000000
82585  -34.997  -5.701  -33.253 0.0000000000
81527  -29.318  -6.688  -33.914 0.0000000000
79375  -30.053  -8.719  -33.681 0.0000000000
80446  -30.184  -7.797  -32.955 0.0000000000
80431  -30.283  -7.500  -32.130 0.0000000000
80418  -32.103  -7.719  -30.741 0.0000000000
77374  -31.303  -11.320  -33.446 0.0000000000
78362  -31.169  -10.078  -32.266 0.0000000000
77358  -32.362  -11.114  -32.515 0.0000000000
78363  -31.822  -10.459  -32.083 0.0000000000
78349  -31.658  -9.752  -31.585 0.0000000000
79350  -32.200  -8.874  -30.931 0.0000000000
79337  -32.719  -8.485  -30.783 0.0000000000
80419  -32.689  -7.893  -30.684 0.0000000000
79339  -34.249  -8.292  -31.211 0.0000000000
79352  -34.894  -8.303  -31.843 0.0000000000
79353  -35.344  -8.486  -32.570 0.0000000000
78364  -35.308  -10.098  -32.786 0.0000000000
78353  -35.464  -9.040  -32.798 0.0000000000
71285  -27.108  -18.001  -32.928 0.0000000000
70349  -27.438  -17.680  -31.560 0.0000000000
71286  -27.809  -17.466  -32.331 0.0000000000
71287  -28.413  -16.649  -31.905 0.0000000000
72298  -29.075  -15.447  -30.651 0.0000000000
65054  -24.208  -22.936  -25.797 0.0000000000
70348  -27.117  -18.179  -32.048 0.0000000000
71271  -27.380  -17.364  -30.700 0.0000000000
72339  -30.877  -16.431  -34.766 0.0000000000
72343  -29.246  -16.312  -34.861 0.0000000000
72344  -29.740  -16.543  -34.897 0.0000000000
72353  -29.384  -16.228  -35.145 0.0000000000
72355  -30.098  -16.605  -35.219 0.0000000000
73371  -29.491  -15.391  -31.715 0.0000000000
73372  -29.845  -15.117  -32.021 0.0000000000
73397  -27.592  -15.416  -33.807 0.0000000000
73399  -30.249  -15.695  -33.764 0.0000000000
73401  -31.572  -15.000  -33.832 0.0000000000
73402  -32.884  -15.438  -34.536 0.0000000000
73410  -29.037  -15.705  -35.018 0.0000000000
73412  -32.772  -15.620  -35.105 0.0000000000
73413  -33.250  -15.537  -34.837 0.0000000000
73414  -34.021  -15.232  -34.557 0.0000000000
73422  -29.114  -16.025  -35.035 0.0000000000
73425  -32.727  -15.411  -35.253 0.0000000000
73426  -33.007  -15.439  -35.187 0.0000000000
74371  -31.300  -14.047  -31.344 0.0000000000
74383  -31.676  -14.105  -31.956 0.0000000000
74384  -32.399  -13.983  -31.739 0.0000000000
74421  -29.038  -15.120  -35.036 0.0000000000
74422  -31.824  -15.469  -35.058 0.0000000000
74438  -32.883  -15.200  -35.229 0.0000000000
74439  -33.309  -15.114  -35.114 0.0000000000
74440  -33.658  -15.141  -34.929 0.0000000000
75446  -31.417  -12.739  -34.633 0.0000000000
75463  -31.830  -13.861  -35.085 0.0000000000
76389  -33.743  -11.541  -32.727 0.0000000000
76427  -30.419  -12.284  -34.520 0.0000000000
77356  -31.075  -10.664  -32.963 0.0000000000
77373  -30.802  -10.825  -33.583 0.0000000000
78341  -34.571  -8.782  -31.565 0.0000000000
78377  -30.400  -9.866  -33.430 0.0000000000
79363  -30.501  -8.808  -32.716 0.0000000000
80434  -32.113  -8.101  -30.790 0.0000000000
80436  -35.573  -8.034  -33.008 0.0000000000
82598  -29.041  -5.764  -34.069 0.0000000000
89719  -31.766  1.363  -30.504 0.0000000000
90668  -30.720  1.974  -30.981 0.0000000000
90690  -29.878  1.770  -32.055 0.0000000000
90711  -29.468  2.651  -33.404 0.0000000000
91586  -32.943  2.658  -30.869 0.0000000000
92480  -30.586  4.638  -32.475 0.0000000000
93372  -32.884  5.315  -31.442 0.0000000000
94294  -31.878  6.355  -31.838 0.0000000000
95256  -34.374  6.545  -32.117 0.0000000000
96159  -29.908  8.329  -33.015 0.0000000000
96171  -29.975  7.672  -33.132 0.0000000000
98712  -32.659  11.254  -32.925 0.0000000000
99576  -30.849  12.215  -32.910 0.0000000000
99635  -25.288  13.316  -36.598 0.0000000000
100454  -30.656  12.676  -33.157 0.0000000000
100511  -25.016  13.654  -36.702 0.0000000000
100512  -25.235  13.647  -36.838 0.0000000000
101392  -24.973  14.287  -36.738 0.0000000000
101402  -25.369  14.227  -37.052 0.0000000000
