#!ascii label  , from subject 3536 vox2ras=TkReg
794
97516  38.158  12.443  28.325 0.0000000000
95822  40.050  10.683  15.958 0.0000000000
99379  44.906  14.578  18.180 0.0000000000
93025  40.562  8.073  4.964 0.0000000000
93824  37.346  7.808  21.751 0.0000000000
99308  48.915  14.077  23.477 0.0000000000
96758  39.830  11.517  10.119 0.0000000000
100236  36.052  15.323  14.362 0.0000000000
96630  45.292  11.949  23.147 0.0000000000
95746  40.750  10.579  22.971 0.0000000000
92887  38.301  7.313  16.830 0.0000000000
98490  40.175  13.712  20.049 0.0000000000
100272  38.787  15.511  11.195 0.0000000000
97606  43.941  12.766  16.321 0.0000000000
100291  41.981  15.090  9.003 0.0000000000
98522  36.582  13.880  18.297 0.0000000000
98445  41.452  13.841  25.312 0.0000000000
98464  39.055  13.419  24.898 0.0000000000
92850  38.073  7.240  19.910 0.0000000000
99322  44.237  14.687  21.875 0.0000000000
100962  42.370  16.433  23.021 0.0000000000
99364  42.715  13.955  19.113 0.0000000000
98557  40.212  13.720  15.983 0.0000000000
99418  42.655  14.662  15.063 0.0000000000
95766  43.464  10.390  21.059 0.0000000000
96657  44.973  11.924  19.624 0.0000000000
96681  42.062  11.599  16.484 0.0000000000
94979  40.975  9.809  5.310 0.0000000000
98619  41.312  13.331  8.265 0.0000000000
97709  40.169  11.945  4.997 0.0000000000
97699  38.978  12.802  6.884 0.0000000000
93995  39.200  7.789  6.214 0.0000000000
91022  38.788  5.967  9.030 0.0000000000
96607  36.085  11.464  27.538 0.0000000000
96638  37.074  11.721  23.930 0.0000000000
99341  46.853  14.324  20.376 0.0000000000
94914  39.080  9.079  13.278 0.0000000000
96726  39.900  11.279  13.343 0.0000000000
94936  39.993  9.491  10.096 0.0000000000
93979  41.132  9.122  7.478 0.0000000000
99289  47.361  14.237  26.012 0.0000000000
99291  45.069  14.388  26.029 0.0000000000
97559  43.036  11.813  23.682 0.0000000000
94832  41.082  9.750  20.315 0.0000000000
94814  38.551  9.169  22.353 0.0000000000
93841  38.817  8.599  19.732 0.0000000000
94867  38.554  9.067  16.654 0.0000000000
92923  39.832  7.396  13.628 0.0000000000
94772  35.383  9.474  29.849 0.0000000000
102454  40.406  18.283  21.540 0.0000000000
100183  38.108  15.460  21.520 0.0000000000
98535  38.116  13.285  17.519 0.0000000000
99452  37.531  14.674  13.608 0.0000000000
98605  36.484  13.695  10.221 0.0000000000
97554  48.026  12.698  23.196 0.0000000000
97580  46.822  13.575  19.643 0.0000000000
98543  45.161  14.195  16.395 0.0000000000
97633  41.806  12.545  13.397 0.0000000000
98575  44.113  13.844  12.647 0.0000000000
100234  44.271  15.148  13.147 0.0000000000
100270  41.086  15.471  10.738 0.0000000000
99499  38.084  14.470  8.762 0.0000000000
99367  35.308  15.039  18.785 0.0000000000
100185  36.453  15.415  20.818 0.0000000000
99283  39.856  14.074  26.664 0.0000000000
98434  38.571  13.619  26.694 0.0000000000
99344  44.118  14.456  20.073 0.0000000000
99332  43.149  14.555  21.058 0.0000000000
99380  43.933  14.466  18.052 0.0000000000
99393  42.785  14.196  16.933 0.0000000000
99404  43.421  14.630  15.985 0.0000000000
95780  41.752  10.920  18.250 0.0000000000
95779  42.499  11.179  18.492 0.0000000000
95806  41.464  11.361  16.517 0.0000000000
94984  40.903  9.005  4.749 0.0000000000
95913  40.620  10.590  4.825 0.0000000000
94986  39.656  9.656  4.240 0.0000000000
94987  38.993  9.690  4.551 0.0000000000
94006  39.482  7.983  5.452 0.0000000000
92062  39.808  6.951  6.986 0.0000000000
92061  40.658  6.706  6.744 0.0000000000
95731  34.922  10.944  25.204 0.0000000000
99311  46.502  14.618  22.884 0.0000000000
99318  48.126  14.305  22.298 0.0000000000
92944  39.946  7.886  12.264 0.0000000000
94913  39.275  9.550  12.536 0.0000000000
93937  40.465  8.556  10.612 0.0000000000
93977  42.759  8.815  7.914 0.0000000000
93992  42.580  8.737  6.864 0.0000000000
94003  42.141  8.582  6.025 0.0000000000
97541  41.456  12.491  24.329 0.0000000000
97540  42.484  12.479  24.248 0.0000000000
95745  41.652  10.538  22.859 0.0000000000
94820  42.078  9.793  21.840 0.0000000000
94821  41.404  9.537  21.625 0.0000000000
95762  37.040  10.057  22.801 0.0000000000
95749  37.632  10.798  23.209 0.0000000000
93813  37.897  8.508  22.064 0.0000000000
92870  37.945  7.147  17.688 0.0000000000
92856  38.237  7.810  19.565 0.0000000000
93847  38.159  8.193  18.657 0.0000000000
94855  38.608  9.041  17.795 0.0000000000
93877  38.384  8.206  16.216 0.0000000000
93890  38.670  8.216  15.222 0.0000000000
92912  39.144  7.460  14.758 0.0000000000
91984  42.269  6.321  13.411 0.0000000000
100180  41.098  14.846  21.685 0.0000000000
101701  41.607  17.348  22.717 0.0000000000
100177  40.076  15.813  22.152 0.0000000000
100976  39.011  16.559  21.930 0.0000000000
99348  39.515  14.172  20.713 0.0000000000
98492  38.203  13.707  20.028 0.0000000000
98519  39.527  13.105  18.470 0.0000000000
99450  39.508  14.512  13.561 0.0000000000
99436  39.212  14.252  14.398 0.0000000000
99465  38.671  14.734  12.942 0.0000000000
100274  36.743  15.202  11.721 0.0000000000
100296  37.073  15.292  10.012 0.0000000000
98457  46.074  13.301  24.565 0.0000000000
98439  47.929  13.544  25.225 0.0000000000
97555  46.884  12.581  23.236 0.0000000000
97590  44.191  12.343  18.037 0.0000000000
97578  46.301  12.409  20.530 0.0000000000
97588  45.599  13.681  18.046 0.0000000000
98515  46.235  14.008  18.622 0.0000000000
97605  44.714  13.687  15.717 0.0000000000
96750  39.878  11.620  11.235 0.0000000000
97634  40.925  12.282  13.148 0.0000000000
97663  40.078  12.157  10.574 0.0000000000
99489  41.776  14.692  8.795 0.0000000000
98602  41.991  14.317  10.097 0.0000000000
99474  42.830  14.890  10.727 0.0000000000
99459  44.429  14.701  12.488 0.0000000000
100268  43.016  15.164  10.991 0.0000000000
100254  43.071  15.404  11.862 0.0000000000
100292  41.369  15.406  8.946 0.0000000000
95905  37.802  10.549  6.972 0.0000000000
97691  38.539  13.038  7.812 0.0000000000
96779  37.838  11.552  8.331 0.0000000000
96770  37.702  11.873  9.147 0.0000000000
99300  49.333  14.299  24.800 0.0000000000
99394  35.768  14.706  17.212 0.0000000000
99407  36.539  14.469  15.822 0.0000000000
99280  42.183  14.798  26.900 0.0000000000
99281  41.243  14.522  26.799 0.0000000000
98446  40.537  13.821  25.369 0.0000000000
97562  39.904  11.988  23.876 0.0000000000
92842  38.030  7.087  20.536 0.0000000000
100174  43.583  15.137  22.598 0.0000000000
99324  42.373  14.801  21.928 0.0000000000
98488  41.558  13.807  19.850 0.0000000000
98518  40.524  13.344  18.494 0.0000000000
98532  41.165  13.588  17.659 0.0000000000
99419  41.210  14.079  15.463 0.0000000000
99463  40.757  15.039  12.439 0.0000000000
96644  44.485  11.075  22.225 0.0000000000
96649  45.767  11.697  21.676 0.0000000000
95769  44.286  11.046  20.358 0.0000000000
96662  43.995  11.918  18.578 0.0000000000
97607  43.206  12.374  16.140 0.0000000000
95902  40.646  10.706  7.072 0.0000000000
97684  40.516  12.466  9.080 0.0000000000
96783  40.781  11.774  6.401 0.0000000000
97697  41.370  12.970  6.723 0.0000000000
99510  41.059  14.008  6.460 0.0000000000
99504  40.251  14.346  6.904 0.0000000000
97703  40.017  12.663  5.670 0.0000000000
95904  38.338  10.556  5.946 0.0000000000
93997  37.873  9.051  7.193 0.0000000000
91033  39.665  6.185  8.422 0.0000000000
97518  36.833  12.307  27.291 0.0000000000
97528  37.258  13.173  25.872 0.0000000000
96616  36.035  12.132  25.985 0.0000000000
96639  35.970  11.303  23.949 0.0000000000
94816  36.393  9.301  22.513 0.0000000000
100164  45.728  15.191  23.480 0.0000000000
99330  45.122  14.576  21.015 0.0000000000
99361  45.888  14.536  19.345 0.0000000000
94890  39.040  9.754  14.670 0.0000000000
95835  40.567  11.180  15.209 0.0000000000
95858  39.424  10.509  12.920 0.0000000000
95868  39.464  10.527  11.841 0.0000000000
95888  39.831  10.624  9.467 0.0000000000
93951  41.363  8.376  9.669 0.0000000000
94935  40.498  9.270  9.141 0.0000000000
94960  40.363  9.989  8.091 0.0000000000
93994  41.191  9.395  6.515 0.0000000000
94012  41.639  8.640  5.582 0.0000000000
93015  41.837  7.944  5.574 0.0000000000
92060  41.576  6.885  6.582 0.0000000000
99290  46.205  14.324  26.017 0.0000000000
98458  45.011  13.153  24.732 0.0000000000
98443  43.471  13.782  25.372 0.0000000000
97539  43.514  12.463  24.246 0.0000000000
97558  44.077  11.935  23.659 0.0000000000
95755  43.468  10.419  21.860 0.0000000000
95771  42.374  10.135  20.530 0.0000000000
95781  40.505  10.193  18.649 0.0000000000
97564  37.995  12.213  23.999 0.0000000000
96636  39.320  11.392  23.424 0.0000000000
95747  39.758  10.649  22.980 0.0000000000
92841  38.477  7.663  20.911 0.0000000000
93811  39.370  8.636  21.599 0.0000000000
94822  40.443  9.141  21.377 0.0000000000
94828  40.110  9.345  20.283 0.0000000000
95782  39.811  9.960  18.381 0.0000000000
94879  39.228  9.986  15.967 0.0000000000
94891  38.788  8.866  14.748 0.0000000000
93911  39.172  8.348  13.552 0.0000000000
92943  40.894  7.154  12.458 0.0000000000
91986  40.562  6.675  13.960 0.0000000000
92003  41.793  6.648  12.784 0.0000000000
95710  36.580  10.985  28.714 0.0000000000
95711  35.702  9.950  29.058 0.0000000000
93773  34.400  8.604  29.038 0.0000000000
103215  41.579  18.813  21.710 0.0000000000
102455  39.362  17.927  21.250 0.0000000000
98493  37.355  13.834  19.927 0.0000000000
98536  37.131  13.604  17.449 0.0000000000
98560  37.402  13.923  15.858 0.0000000000
98558  39.291  13.657  15.925 0.0000000000
99422  37.842  14.114  15.174 0.0000000000
99453  36.992  14.702  14.018 0.0000000000
98474  48.975  13.589  23.662 0.0000000000
97574  46.187  12.026  21.137 0.0000000000
97567  48.131  12.641  22.123 0.0000000000
98484  48.349  13.706  21.463 0.0000000000
99359  47.268  14.148  20.049 0.0000000000
99377  46.285  14.286  19.017 0.0000000000
99402  45.142  14.447  16.853 0.0000000000
96709  40.830  11.419  14.661 0.0000000000
97621  41.989  12.284  14.244 0.0000000000
97620  42.945  12.646  14.385 0.0000000000
97661  41.736  13.608  11.189 0.0000000000
97647  43.098  13.614  12.131 0.0000000000
97619  44.438  13.481  13.759 0.0000000000
97618  45.100  13.824  13.927 0.0000000000
99416  44.608  14.625  14.475 0.0000000000
99403  44.585  14.548  15.984 0.0000000000
99433  43.095  15.176  13.774 0.0000000000
99462  41.770  15.355  12.210 0.0000000000
100271  39.916  15.436  10.920 0.0000000000
99497  39.916  14.975  7.635 0.0000000000
100294  39.234  15.482  9.352 0.0000000000
100295  38.079  15.528  9.638 0.0000000000
98613  37.446  13.731  9.268 0.0000000000
91023  38.094  6.076  9.385 0.0000000000
100190  35.617  15.524  20.274 0.0000000000
98414  39.132  12.844  28.403 0.0000000000
98426  39.439  13.629  27.482 0.0000000000
98427  38.323  13.019  27.716 0.0000000000
99362  45.031  14.554  19.144 0.0000000000
99363  44.018  14.374  19.089 0.0000000000
99392  43.816  14.555  17.001 0.0000000000
95793  40.720  10.690  17.491 0.0000000000
95792  41.495  11.245  17.089 0.0000000000
95807  40.822  11.082  16.392 0.0000000000
94014  40.737  8.683  4.793 0.0000000000
94985  40.564  9.499  4.487 0.0000000000
94015  39.911  8.653  4.605 0.0000000000
93017  40.303  7.542  5.480 0.0000000000
92070  40.289  7.106  6.221 0.0000000000
92069  40.962  7.198  6.001 0.0000000000
99302  48.545  14.630  24.015 0.0000000000
99309  48.178  14.534  23.290 0.0000000000
92957  40.574  8.058  11.231 0.0000000000
92958  39.965  8.325  11.641 0.0000000000
93991  43.758  8.936  7.139 0.0000000000
94002  42.893  8.474  6.478 0.0000000000
100247  35.526  15.388  13.585 0.0000000000
97561  40.906  11.840  23.899 0.0000000000
96634  41.349  11.127  23.390 0.0000000000
94811  41.588  9.759  22.123 0.0000000000
95758  41.160  10.059  22.496 0.0000000000
93814  36.881  8.492  22.137 0.0000000000
94815  37.488  9.249  22.430 0.0000000000
93863  37.901  7.610  18.127 0.0000000000
93862  38.127  8.108  17.388 0.0000000000
92900  38.690  7.424  15.853 0.0000000000
99334  40.918  14.524  21.184 0.0000000000
100181  40.388  15.091  21.804 0.0000000000
99335  39.888  14.648  21.330 0.0000000000
98491  39.180  13.685  20.070 0.0000000000
98503  39.857  13.326  19.335 0.0000000000
99464  39.661  14.851  12.684 0.0000000000
100258  38.688  15.186  12.131 0.0000000000
100273  37.729  15.390  11.504 0.0000000000
100284  37.853  15.577  10.536 0.0000000000
97537  45.469  12.705  24.039 0.0000000000
97536  46.502  12.871  23.869 0.0000000000
97556  45.848  12.352  23.306 0.0000000000
97600  44.263  12.590  17.420 0.0000000000
97589  44.911  12.685  18.285 0.0000000000
97599  45.047  13.502  17.043 0.0000000000
99480  42.268  14.845  9.780 0.0000000000
100290  42.232  15.014  9.474 0.0000000000
100279  42.364  15.051  9.985 0.0000000000
100280  42.101  15.329  9.868 0.0000000000
100302  41.371  15.152  8.088 0.0000000000
94974  37.624  9.640  7.555 0.0000000000
96786  37.886  11.292  7.458 0.0000000000
95898  37.621  10.555  8.003 0.0000000000
94961  37.465  9.616  8.648 0.0000000000
99366  36.030  14.327  19.096 0.0000000000
99382  35.786  14.440  18.112 0.0000000000
98550  36.166  14.366  16.836 0.0000000000
98537  36.309  14.079  17.397 0.0000000000
99265  41.500  14.459  27.759 0.0000000000
99249  41.069  13.872  28.315 0.0000000000
98447  39.642  13.857  25.556 0.0000000000
99296  40.179  14.192  26.004 0.0000000000
98463  40.023  13.341  24.804 0.0000000000
97542  40.457  12.578  24.359 0.0000000000
97543  39.471  12.714  24.350 0.0000000000
100165  44.378  15.399  23.271 0.0000000000
100960  44.130  16.444  23.674 0.0000000000
99345  42.997  14.174  20.164 0.0000000000
99365  42.096  13.870  19.576 0.0000000000
99346  41.756  13.979  20.169 0.0000000000
98517  41.441  13.635  18.544 0.0000000000
98516  42.216  13.845  18.622 0.0000000000
99405  42.297  14.179  16.087 0.0000000000
99434  41.660  14.606  14.180 0.0000000000
99449  40.632  14.665  13.372 0.0000000000
95765  44.251  10.820  20.790 0.0000000000
95770  43.641  10.832  20.117 0.0000000000
96673  42.301  11.481  17.341 0.0000000000
96663  43.111  11.488  18.397 0.0000000000
96672  43.020  11.754  17.560 0.0000000000
96671  43.653  12.094  17.865 0.0000000000
96680  42.961  12.050  16.707 0.0000000000
96784  40.610  11.442  7.346 0.0000000000
95908  40.802  10.733  5.757 0.0000000000
96795  40.275  11.295  4.763 0.0000000000
96789  40.673  11.510  5.270 0.0000000000
97702  40.774  12.513  5.675 0.0000000000
98632  41.237  13.492  6.465 0.0000000000
98633  40.687  13.331  6.214 0.0000000000
96790  39.477  11.848  5.026 0.0000000000
94007  39.046  8.855  5.053 0.0000000000
95909  38.739  10.521  4.896 0.0000000000
94980  38.543  9.607  5.541 0.0000000000
94973  37.976  9.622  6.600 0.0000000000
93996  38.555  8.443  6.600 0.0000000000
93008  39.190  7.541  6.846 0.0000000000
92049  40.204  6.446  7.634 0.0000000000
96606  36.765  11.676  27.964 0.0000000000
96613  36.281  11.980  27.029 0.0000000000
96614  35.684  11.545  26.747 0.0000000000
96640  35.401  11.054  24.013 0.0000000000
95751  35.395  10.484  23.530 0.0000000000
95763  36.073  10.062  22.912 0.0000000000
93815  35.782  8.404  22.300 0.0000000000
99328  47.058  14.257  21.210 0.0000000000
99320  46.266  14.379  22.037 0.0000000000
99329  46.084  14.397  21.102 0.0000000000
99343  45.098  14.575  20.081 0.0000000000
99342  46.010  14.531  20.192 0.0000000000
95848  39.513  10.574  13.945 0.0000000000
94901  39.151  9.739  13.544 0.0000000000
94924  39.588  9.584  11.375 0.0000000000
95878  39.646  10.552  10.687 0.0000000000
92979  41.600  8.266  9.626 0.0000000000
93963  41.758  8.477  8.974 0.0000000000
93978  41.813  8.718  7.686 0.0000000000
93964  41.070  8.905  8.559 0.0000000000
94945  40.614  9.462  8.261 0.0000000000
94959  40.668  9.780  7.323 0.0000000000
93993  41.713  8.888  6.634 0.0000000000
93023  41.755  8.336  5.599 0.0000000000
92067  42.231  7.810  5.887 0.0000000000
99277  45.631  14.958  26.889 0.0000000000
98441  45.595  13.719  25.353 0.0000000000
98442  44.515  13.706  25.411 0.0000000000
99293  42.889  14.474  26.038 0.0000000000
98444  42.439  13.856  25.308 0.0000000000
98460  42.983  13.181  24.725 0.0000000000
96632  43.700  11.276  23.087 0.0000000000
96645  43.239  10.715  22.526 0.0000000000
94825  42.023  9.717  21.299 0.0000000000
95772  41.555  9.911  20.372 0.0000000000
95776  41.381  10.218  19.613 0.0000000000
95777  40.663  9.993  19.386 0.0000000000
97546  36.684  12.426  24.754 0.0000000000
97545  37.314  12.673  24.654 0.0000000000
95761  38.110  9.985  22.732 0.0000000000
96637  38.272  11.529  23.508 0.0000000000
95748  38.715  10.729  23.038 0.0000000000
95760  39.190  9.899  22.648 0.0000000000
92833  38.354  7.751  21.279 0.0000000000
93833  38.988  8.284  20.637 0.0000000000
93821  39.629  8.659  21.116 0.0000000000
94823  39.796  8.855  21.549 0.0000000000
93832  39.590  8.968  20.392 0.0000000000
93820  40.091  9.006  20.843 0.0000000000
93840  39.336  9.097  19.863 0.0000000000
94854  39.311  9.650  18.141 0.0000000000
94866  39.196  9.761  17.178 0.0000000000
94880  38.661  9.036  15.553 0.0000000000
92924  39.215  7.850  14.056 0.0000000000
93900  38.940  8.292  14.376 0.0000000000
93910  39.499  8.188  12.849 0.0000000000
91972  41.129  6.043  14.662 0.0000000000
91985  41.284  6.450  13.513 0.0000000000
95699  37.218  11.209  29.391 0.0000000000
95701  35.912  10.068  30.333 0.0000000000
95700  36.554  10.589  29.728 0.0000000000
95724  35.005  9.917  28.067 0.0000000000
95712  35.111  9.502  28.660 0.0000000000
102445  40.956  17.881  22.289 0.0000000000
102444  41.491  18.249  22.314 0.0000000000
102453  41.112  18.507  21.780 0.0000000000
103229  41.555  19.055  20.628 0.0000000000
103230  40.831  18.735  20.906 0.0000000000
102460  40.057  18.596  20.284 0.0000000000
101707  39.875  17.810  21.804 0.0000000000
99338  37.059  14.787  20.903 0.0000000000
99350  37.545  14.232  20.556 0.0000000000
98520  38.493  13.221  18.429 0.0000000000
98521  37.525  13.536  18.378 0.0000000000
98548  37.718  13.523  16.618 0.0000000000
98545  40.860  13.669  16.651 0.0000000000
98533  40.185  13.342  17.587 0.0000000000
99451  38.530  14.493  13.673 0.0000000000
99421  38.796  14.002  15.167 0.0000000000
99437  38.211  14.316  14.415 0.0000000000
99438  37.354  14.462  14.486 0.0000000000
100245  37.059  14.998  13.077 0.0000000000
100260  36.566  15.142  12.574 0.0000000000
99482  36.264  14.736  10.501 0.0000000000
99288  48.518  14.311  25.889 0.0000000000
98475  48.131  12.804  23.760 0.0000000000
98455  48.321  13.081  24.265 0.0000000000
97534  48.692  13.049  23.655 0.0000000000
98454  48.996  13.493  24.252 0.0000000000
97553  48.688  13.056  22.865 0.0000000000
96652  45.651  11.687  20.875 0.0000000000
97581  46.030  12.997  19.308 0.0000000000
97577  47.201  13.274  20.316 0.0000000000
97572  48.144  13.195  21.208 0.0000000000
97576  47.750  13.590  20.696 0.0000000000
98486  47.913  13.795  20.812 0.0000000000
98498  47.166  13.935  19.783 0.0000000000
98529  45.659  14.187  17.706 0.0000000000
98542  45.373  14.328  17.115 0.0000000000
99390  45.339  14.427  17.530 0.0000000000
96710  40.123  11.201  14.149 0.0000000000
97649  40.995  12.613  12.440 0.0000000000
96724  41.419  12.003  14.204 0.0000000000
97683  40.929  12.872  8.523 0.0000000000
97673  40.741  13.071  9.531 0.0000000000
98603  41.349  13.679  9.879 0.0000000000
98591  43.145  14.418  11.340 0.0000000000
98583  42.977  13.864  11.679 0.0000000000
98582  43.646  13.966  12.076 0.0000000000
97632  43.364  13.341  12.904 0.0000000000
97631  44.218  13.628  13.045 0.0000000000
97611  44.920  13.763  14.559 0.0000000000
98574  44.665  13.984  12.965 0.0000000000
100242  44.692  14.933  12.746 0.0000000000
99431  44.689  14.834  13.323 0.0000000000
99432  44.168  15.120  13.832 0.0000000000
99417  43.870  14.969  14.860 0.0000000000
100235  43.856  15.252  13.422 0.0000000000
100281  41.273  15.503  9.838 0.0000000000
99461  42.410  15.478  12.032 0.0000000000
100256  40.884  15.335  11.590 0.0000000000
100282  40.137  15.445  9.999 0.0000000000
98627  39.611  13.659  6.842 0.0000000000
99505  39.531  14.326  7.365 0.0000000000
98621  38.316  13.746  8.340 0.0000000000
99498  38.943  14.609  8.098 0.0000000000
99490  38.495  15.140  8.888 0.0000000000
99491  37.468  14.808  9.371 0.0000000000
95889  37.601  10.775  9.175 0.0000000000
96759  37.366  11.717  9.988 0.0000000000
92051  38.663  6.794  8.327 0.0000000000
99352  35.595  14.979  19.623 0.0000000000
98425  40.131  13.749  27.774 0.0000000000
98433  39.287  13.951  26.376 0.0000000000
98448  38.748  13.751  25.733 0.0000000000
99331  44.173  14.626  20.985 0.0000000000
99381  42.955  14.169  17.908 0.0000000000
95775  42.708  10.877  19.247 0.0000000000
95914  40.038  10.496  4.310 0.0000000000
95915  39.308  10.496  4.313 0.0000000000
94016  39.369  9.197  4.485 0.0000000000
93007  39.700  7.430  6.151 0.0000000000
92048  41.082  6.360  7.472 0.0000000000
95728  35.054  11.004  26.386 0.0000000000
100163  46.804  15.035  23.593 0.0000000000
99310  47.428  14.557  22.972 0.0000000000
99319  47.280  14.346  22.106 0.0000000000
93926  39.272  8.766  12.847 0.0000000000
93925  39.580  8.703  12.066 0.0000000000
93938  39.990  8.771  11.051 0.0000000000
93953  40.273  8.860  10.397 0.0000000000
99278  44.490  14.950  26.818 0.0000000000
98461  41.966  13.213  24.728 0.0000000000
97560  41.951  11.786  23.775 0.0000000000
96633  42.487  10.996  23.107 0.0000000000
96646  42.643  10.570  22.630 0.0000000000
95744  42.253  10.464  22.654 0.0000000000
94826  41.395  9.531  20.886 0.0000000000
95750  36.535  10.749  23.366 0.0000000000
92871  37.750  7.033  18.429 0.0000000000
92857  37.808  7.233  19.167 0.0000000000
93848  37.855  7.524  18.587 0.0000000000
94842  38.880  9.147  18.806 0.0000000000
91971  42.081  5.978  14.189 0.0000000000
91983  43.144  6.399  13.418 0.0000000000
100176  41.254  15.365  22.189 0.0000000000
100963  41.889  16.786  22.888 0.0000000000
100971  41.559  16.386  22.698 0.0000000000
100972  40.492  16.389  22.382 0.0000000000
101702  40.480  17.365  22.332 0.0000000000
100973  39.721  16.534  22.181 0.0000000000
100182  39.226  15.554  21.825 0.0000000000
99336  38.828  14.732  21.318 0.0000000000
99349  38.509  14.178  20.698 0.0000000000
98504  38.844  13.307  19.310 0.0000000000
98534  39.152  13.152  17.554 0.0000000000
99435  40.355  14.317  14.362 0.0000000000
99420  39.857  13.965  15.206 0.0000000000
99466  38.080  14.690  13.184 0.0000000000
100259  37.623  14.996  12.581 0.0000000000
100285  36.882  15.319  10.853 0.0000000000
99492  36.753  14.630  9.867 0.0000000000
98440  46.747  13.695  25.276 0.0000000000
98456  47.218  13.227  24.478 0.0000000000
98476  47.552  12.833  23.805 0.0000000000
96661  44.613  12.081  19.003 0.0000000000
96656  45.570  12.076  20.170 0.0000000000
97582  45.132  12.438  19.063 0.0000000000
98499  46.658  13.806  19.278 0.0000000000
97598  45.534  13.958  17.421 0.0000000000
98530  45.430  14.114  17.114 0.0000000000
96739  39.812  11.339  12.368 0.0000000000
96738  40.395  11.928  12.855 0.0000000000
96749  40.319  12.112  11.992 0.0000000000
98618  41.490  13.858  8.036 0.0000000000
98611  41.583  14.214  9.186 0.0000000000
99481  41.959  14.592  9.451 0.0000000000
98601  42.563  14.576  10.618 0.0000000000
98590  43.786  14.558  11.903 0.0000000000
98581  44.257  14.350  12.378 0.0000000000
99473  43.489  14.872  11.458 0.0000000000
100267  43.649  14.961  11.638 0.0000000000
100253  43.816  15.012  11.916 0.0000000000
100269  42.179  15.540  10.743 0.0000000000
96785  38.403  11.607  6.520 0.0000000000
96778  38.259  12.164  7.595 0.0000000000
97692  37.936  12.690  8.569 0.0000000000
99301  49.070  14.367  24.320 0.0000000000
99408  35.971  14.828  16.275 0.0000000000
99424  36.164  15.043  15.271 0.0000000000
99294  41.853  14.413  25.978 0.0000000000
99282  40.484  14.274  26.710 0.0000000000
99295  40.945  14.306  25.957 0.0000000000
98462  40.982  13.214  24.804 0.0000000000
96635  40.331  11.245  23.450 0.0000000000
92834  37.772  7.234  21.234 0.0000000000
91898  37.589  6.281  20.839 0.0000000000
91906  37.781  6.412  19.951 0.0000000000
91913  37.573  6.334  18.969 0.0000000000
91927  37.804  6.378  18.138 0.0000000000
91926  38.218  6.466  17.406 0.0000000000
91944  38.774  6.543  16.575 0.0000000000
91959  39.170  6.785  15.637 0.0000000000
100961  43.282  16.385  23.367 0.0000000000
100166  43.057  15.775  23.045 0.0000000000
99323  43.296  14.738  21.931 0.0000000000
100175  42.447  15.504  22.586 0.0000000000
99333  41.922  14.549  21.247 0.0000000000
98489  41.112  13.760  19.937 0.0000000000
98502  40.825  13.535  19.314 0.0000000000
98544  41.842  13.786  16.883 0.0000000000
99406  41.575  13.885  16.263 0.0000000000
100257  39.763  15.267  11.827 0.0000000000
96643  45.642  11.861  22.614 0.0000000000
96650  44.892  11.140  21.267 0.0000000000
96654  44.383  11.277  19.995 0.0000000000
95774  43.455  11.128  19.478 0.0000000000
96658  44.074  11.471  19.413 0.0000000000
96679  43.552  12.276  17.166 0.0000000000
95897  40.250  10.691  8.225 0.0000000000
96769  40.223  11.704  8.879 0.0000000000
96777  40.443  11.416  7.978 0.0000000000
96776  40.764  12.225  7.727 0.0000000000
97690  41.358  13.100  7.702 0.0000000000
97696  41.776  13.181  7.000 0.0000000000
99496  41.502  14.336  7.678 0.0000000000
100308  41.431  14.507  7.485 0.0000000000
100309  41.314  14.707  7.417 0.0000000000
99511  40.671  13.978  6.472 0.0000000000
98626  40.168  13.519  6.345 0.0000000000
97698  39.621  13.005  6.249 0.0000000000
96797  39.148  11.153  4.673 0.0000000000
96791  38.806  11.398  5.338 0.0000000000
93980  38.274  8.051  7.663 0.0000000000
91034  39.145  6.377  8.441 0.0000000000
92063  39.151  7.081  7.533 0.0000000000
92050  39.452  6.634  7.908 0.0000000000
91021  39.819  5.650  9.040 0.0000000000
97517  37.503  12.387  27.872 0.0000000000
98428  37.696  12.888  27.344 0.0000000000
97529  36.598  12.598  25.353 0.0000000000
96623  36.178  12.011  24.755 0.0000000000
96617  35.486  11.557  25.601 0.0000000000
100155  45.152  15.824  23.831 0.0000000000
99321  45.101  14.589  22.107 0.0000000000
99312  45.560  14.728  22.818 0.0000000000
95821  40.471  11.053  15.624 0.0000000000
95836  39.897  10.797  15.033 0.0000000000
92969  41.365  8.123  10.225 0.0000000000
92970  40.784  8.360  10.485 0.0000000000
93952  40.806  8.682  9.803 0.0000000000
94946  40.130  9.878  8.878 0.0000000000
95896  40.469  10.273  7.702 0.0000000000
94972  40.888  9.973  6.264 0.0000000000
94005  41.198  9.593  5.886 0.0000000000
94004  41.436  9.091  5.674 0.0000000000
94013  41.233  8.710  5.169 0.0000000000
93024  41.200  8.231  5.226 0.0000000000
93016  41.135  7.711  5.430 0.0000000000
92068  41.752  7.532  5.925 0.0000000000
97557  44.972  12.162  23.563 0.0000000000
99279  43.389  14.915  27.103 0.0000000000
100141  44.046  15.081  27.262 0.0000000000
99292  43.974  14.436  26.050 0.0000000000
98459  43.998  13.088  24.808 0.0000000000
97538  44.504  12.530  24.204 0.0000000000
96631  44.726  11.601  23.094 0.0000000000
95767  42.700  10.010  21.495 0.0000000000
98435  37.809  13.262  26.773 0.0000000000
98465  38.082  13.398  25.164 0.0000000000
97544  38.463  12.785  24.444 0.0000000000
97563  38.908  12.128  23.879 0.0000000000
95759  40.236  9.940  22.547 0.0000000000
93823  38.194  7.993  21.596 0.0000000000
93812  38.793  8.540  21.882 0.0000000000
92849  38.457  7.763  20.243 0.0000000000
93822  38.850  8.194  21.300 0.0000000000
94813  39.694  9.098  22.077 0.0000000000
94812  40.793  9.492  22.085 0.0000000000
94827  40.558  9.337  20.615 0.0000000000
94833  40.545  9.709  19.918 0.0000000000
94835  39.263  9.233  19.438 0.0000000000
94841  39.664  9.669  18.937 0.0000000000
94840  40.234  9.810  19.333 0.0000000000
95794  39.863  10.184  17.782 0.0000000000
95808  39.930  10.455  16.797 0.0000000000
94902  38.879  9.017  13.996 0.0000000000
91974  39.522  6.815  14.998 0.0000000000
92911  39.630  7.073  14.505 0.0000000000
92922  40.600  6.896  13.377 0.0000000000
97505  37.875  12.068  28.553 0.0000000000
96605  37.422  11.797  28.430 0.0000000000
96595  37.158  11.455  28.638 0.0000000000
95722  36.233  11.249  28.036 0.0000000000
95723  35.600  10.823  27.735 0.0000000000
94773  34.920  9.060  29.169 0.0000000000
94783  34.627  9.287  28.335 0.0000000000
94788  34.309  9.570  27.475 0.0000000000
102461  39.339  18.290  20.403 0.0000000000
101708  39.399  17.341  21.879 0.0000000000
102456  38.836  17.691  21.265 0.0000000000
102462  38.367  18.029  20.543 0.0000000000
99351  36.458  14.462  20.197 0.0000000000
98506  36.928  13.822  19.237 0.0000000000
98549  36.722  14.018  16.486 0.0000000000
98561  36.912  14.178  15.854 0.0000000000
99423  36.957  14.368  15.261 0.0000000000
98547  38.737  13.375  16.682 0.0000000000
98559  38.304  13.699  15.880 0.0000000000
99439  36.663  14.807  14.484 0.0000000000
100261  35.680  15.277  12.708 0.0000000000
98453  49.231  13.780  24.228 0.0000000000
98473  49.173  13.715  23.968 0.0000000000
98481  48.772  13.596  22.739 0.0000000000
96642  46.314  12.203  22.491 0.0000000000
96648  46.347  12.115  22.130 0.0000000000
97568  47.017  12.449  22.470 0.0000000000
97573  46.928  12.495  21.437 0.0000000000
97566  48.634  13.218  22.042 0.0000000000
99317  48.640  14.039  22.542 0.0000000000
99326  48.474  13.997  21.874 0.0000000000
99340  47.531  14.079  20.589 0.0000000000
98514  46.642  14.093  19.238 0.0000000000
99360  46.664  14.293  19.641 0.0000000000
99391  44.765  14.636  17.222 0.0000000000
96694  41.153  11.369  15.505 0.0000000000
96693  41.963  11.738  15.712 0.0000000000
96725  40.742  11.809  13.701 0.0000000000
96708  41.839  11.914  14.869 0.0000000000
96692  42.644  12.108  15.996 0.0000000000
96707  42.507  12.220  15.322 0.0000000000
97613  43.247  12.538  15.537 0.0000000000
97674  40.236  12.369  9.869 0.0000000000
97662  40.743  13.015  10.986 0.0000000000
97648  42.107  13.455  12.031 0.0000000000
98593  41.680  13.757  10.639 0.0000000000
97612  44.107  13.150  15.030 0.0000000000
98556  44.951  14.223  15.153 0.0000000000
98573  44.901  14.424  13.158 0.0000000000
98567  45.158  14.278  13.990 0.0000000000
99447  42.673  15.316  12.632 0.0000000000
99448  41.808  14.942  13.071 0.0000000000
100310  40.794  14.986  7.394 0.0000000000
100303  40.608  15.369  8.194 0.0000000000
100293  40.386  15.524  9.083 0.0000000000
98620  38.993  13.738  7.545 0.0000000000
100304  39.567  15.306  8.482 0.0000000000
100283  38.958  15.573  10.246 0.0000000000
98614  36.965  14.259  9.634 0.0000000000
97685  37.435  12.666  9.506 0.0000000000
98604  37.095  13.221  9.807 0.0000000000
92978  41.964  8.102  9.577 0.0000000000
93026  40.047  7.928  4.935 0.0000000000
93831  40.086  9.172  20.576 0.0000000000
94810  42.044  9.933  22.149 0.0000000000
94834  39.806  9.434  19.758 0.0000000000
94978  41.049  9.199  4.964 0.0000000000
95689  37.151  11.158  30.055 0.0000000000
95754  44.131  10.707  21.462 0.0000000000
95756  42.570  10.177  22.223 0.0000000000
95757  41.885  10.140  22.413 0.0000000000
95903  40.470  11.055  7.666 0.0000000000
96594  37.787  11.600  28.996 0.0000000000
96622  36.802  12.215  24.488 0.0000000000
96624  35.453  11.332  24.593 0.0000000000
96653  44.876  11.369  20.446 0.0000000000
96659  43.451  11.372  19.041 0.0000000000
96664  42.516  11.377  18.012 0.0000000000
96682  41.494  11.435  16.118 0.0000000000
96768  40.596  12.312  8.558 0.0000000000
96796  39.720  11.215  4.602 0.0000000000
97525  37.239  12.804  26.950 0.0000000000
97526  36.658  12.528  26.412 0.0000000000
97535  48.361  12.863  23.724 0.0000000000
97569  46.324  12.303  22.810 0.0000000000
97571  48.501  13.460  21.665 0.0000000000
97689  41.574  13.470  7.185 0.0000000000
97704  39.161  12.315  5.798 0.0000000000
97708  40.498  11.858  5.078 0.0000000000
98415  38.559  12.601  28.365 0.0000000000
98437  49.322  13.923  24.773 0.0000000000
98449  38.037  13.573  26.022 0.0000000000
98483  48.644  13.674  22.005 0.0000000000
98487  47.601  13.770  20.370 0.0000000000
98497  47.580  13.997  20.246 0.0000000000
98500  42.239  13.835  19.038 0.0000000000
98501  41.778  13.773  19.366 0.0000000000
98505  37.888  13.551  19.233 0.0000000000
98531  42.091  13.839  17.763 0.0000000000
98546  39.755  13.474  16.728 0.0000000000
98568  45.047  13.962  13.523 0.0000000000
98580  44.615  14.515  12.719 0.0000000000
98592  42.387  14.014  11.066 0.0000000000
98612  41.230  13.535  8.881 0.0000000000
98624  41.659  13.836  7.058 0.0000000000
98625  41.583  13.572  6.663 0.0000000000
98631  41.561  13.826  6.688 0.0000000000
99266  40.660  14.092  27.648 0.0000000000
99267  40.102  13.996  27.268 0.0000000000
99297  39.719  14.095  26.120 0.0000000000
99307  49.260  13.928  24.020 0.0000000000
99327  47.959  14.118  21.393 0.0000000000
99337  37.851  14.743  21.150 0.0000000000
99347  40.556  14.122  20.597 0.0000000000
99378  45.700  14.388  18.436 0.0000000000
99445  44.596  14.815  12.549 0.0000000000
99446  44.257  14.895  12.297 0.0000000000
99460  44.072  14.831  12.141 0.0000000000
99488  42.148  14.963  9.243 0.0000000000
99502  41.463  14.229  6.937 0.0000000000
99503  40.993  14.464  6.817 0.0000000000
99509  41.302  14.200  6.410 0.0000000000
100162  47.514  14.844  23.572 0.0000000000
100167  42.493  15.922  22.932 0.0000000000
100173  44.291  14.887  22.512 0.0000000000
100178  39.490  16.104  22.088 0.0000000000
100233  44.538  15.014  12.927 0.0000000000
100243  44.197  15.041  12.537 0.0000000000
100244  43.601  15.260  12.890 0.0000000000
100246  36.520  15.084  13.552 0.0000000000
100255  41.954  15.561  11.510 0.0000000000
100286  35.975  15.163  11.080 0.0000000000
100301  41.547  14.755  8.061 0.0000000000
100970  42.193  16.042  22.867 0.0000000000
101693  42.078  16.957  22.988 0.0000000000
101703  39.991  16.934  22.273 0.0000000000
103197  42.005  18.579  22.335 0.0000000000
103216  40.991  18.576  21.486 0.0000000000
