#!ascii label  , from subject 3320 vox2ras=TkReg
1530
38591  -8.439  -42.283  65.825 0.0000000000
54586  -32.032  -29.367  59.423 0.0000000000
62998  -28.087  -23.338  57.033 0.0000000000
49557  -25.892  -33.005  62.169 0.0000000000
73279  -37.550  -14.942  48.047 0.0000000000
69584  -33.121  -17.689  49.977 0.0000000000
55763  -30.642  -29.170  65.331 0.0000000000
50764  -28.736  -32.305  60.306 0.0000000000
80191  -42.612  -9.242  51.910 0.0000000000
82584  -45.566  -6.592  48.513 0.0000000000
83943  -47.849  -4.520  45.782 0.0000000000
69444  -31.802  -18.192  59.312 0.0000000000
68250  -30.009  -19.360  53.504 0.0000000000
71955  -35.779  -14.925  56.000 0.0000000000
68253  -39.276  -17.425  53.492 0.0000000000
50718  -18.477  -32.338  62.052 0.0000000000
34730  -6.451  -44.025  68.027 0.0000000000
60577  -30.939  -26.830  59.454 0.0000000000
65529  -30.961  -21.251  63.198 0.0000000000
53363  -21.052  -30.713  57.872 0.0000000000
52130  -25.707  -32.435  55.539 0.0000000000
83970  -45.725  -6.524  40.224 0.0000000000
90100  -49.176  -0.923  44.704 0.0000000000
68350  -37.896  -18.468  48.384 0.0000000000
73258  -41.563  -15.230  51.731 0.0000000000
39897  -10.394  -40.778  62.692 0.0000000000
28758  -4.300  -50.388  61.388 0.0000000000
81375  -44.125  -8.416  50.708 0.0000000000
71927  -33.829  -16.438  57.528 0.0000000000
49583  -16.579  -34.599  59.649 0.0000000000
37298  -7.485  -43.192  66.234 0.0000000000
57024  -32.559  -28.623  56.300 0.0000000000
58215  -32.088  -27.989  58.965 0.0000000000
52018  -24.081  -30.673  60.603 0.0000000000
54639  -23.735  -30.264  56.323 0.0000000000
50761  -26.352  -31.422  59.151 0.0000000000
52064  -30.539  -30.660  60.123 0.0000000000
50827  -28.529  -32.090  57.317 0.0000000000
54643  -29.548  -30.370  56.749 0.0000000000
50678  -24.444  -32.783  64.239 0.0000000000
53268  -22.427  -31.307  62.362 0.0000000000
81447  -41.747  -8.389  44.312 0.0000000000
82668  -45.000  -7.516  41.473 0.0000000000
88901  -48.901  -2.902  45.072 0.0000000000
69562  -30.954  -17.855  51.633 0.0000000000
69608  -35.469  -18.095  49.002 0.0000000000
68275  -41.202  -17.819  52.249 0.0000000000
44977  -13.981  -36.819  61.969 0.0000000000
43737  -13.600  -38.186  63.722 0.0000000000
42483  -12.387  -38.663  65.753 0.0000000000
43770  -11.668  -39.278  61.167 0.0000000000
29956  -5.613  -49.849  61.022 0.0000000000
55787  -32.125  -29.394  62.982 0.0000000000
58173  -31.319  -27.809  63.144 0.0000000000
58151  -31.100  -27.295  65.560 0.0000000000
47241  -27.998  -32.884  64.508 0.0000000000
48419  -27.468  -33.140  61.431 0.0000000000
48398  -29.772  -32.249  63.509 0.0000000000
51984  -31.546  -31.353  63.168 0.0000000000
77843  -38.844  -12.107  50.242 0.0000000000
80228  -40.852  -9.286  49.313 0.0000000000
82597  -42.339  -7.612  47.342 0.0000000000
82632  -44.164  -7.311  45.549 0.0000000000
83939  -45.537  -6.643  43.893 0.0000000000
83904  -47.406  -6.094  47.134 0.0000000000
65619  -29.590  -20.096  58.886 0.0000000000
65668  -28.509  -20.920  55.145 0.0000000000
69483  -30.392  -18.662  56.745 0.0000000000
70704  -32.034  -17.477  54.903 0.0000000000
72010  -33.875  -15.730  52.889 0.0000000000
70755  -36.640  -16.536  52.191 0.0000000000
71993  -37.373  -15.550  54.529 0.0000000000
49520  -17.140  -32.885  63.841 0.0000000000
47286  -15.394  -35.939  60.753 0.0000000000
88919  -49.869  -2.349  39.967 0.0000000000
36016  -4.861  -44.473  68.008 0.0000000000
59435  -31.165  -27.499  56.370 0.0000000000
60574  -28.646  -25.654  59.046 0.0000000000
60514  -30.311  -26.095  62.238 0.0000000000
61679  -30.210  -24.004  62.291 0.0000000000
62950  -29.442  -22.312  60.376 0.0000000000
68153  -30.966  -19.514  61.212 0.0000000000
49629  -27.481  -32.089  58.006 0.0000000000
49542  -20.847  -32.398  63.894 0.0000000000
52039  -19.735  -31.602  59.804 0.0000000000
85233  -45.957  -5.153  42.742 0.0000000000
87780  -46.252  -3.361  41.307 0.0000000000
90119  -48.172  -1.839  40.767 0.0000000000
91264  -50.724  0.006  43.273 0.0000000000
37387  -7.805  -44.203  61.202 0.0000000000
34804  -7.138  -44.924  62.755 0.0000000000
70826  -38.258  -17.430  47.492 0.0000000000
68313  -38.292  -18.093  50.544 0.0000000000
69611  -39.877  -17.956  49.784 0.0000000000
74381  -38.945  -14.755  50.288 0.0000000000
76656  -40.941  -12.396  52.697 0.0000000000
38615  -9.031  -41.687  64.226 0.0000000000
36103  -6.245  -46.016  63.709 0.0000000000
33538  -5.120  -46.802  64.685 0.0000000000
33537  -4.386  -46.165  64.327 0.0000000000
38574  -8.230  -42.229  66.648 0.0000000000
54627  -31.845  -29.246  57.300 0.0000000000
55846  -32.130  -28.758  57.641 0.0000000000
55817  -31.959  -28.814  59.054 0.0000000000
51998  -24.838  -30.836  61.485 0.0000000000
52042  -24.724  -30.484  59.729 0.0000000000
52021  -26.263  -31.764  60.890 0.0000000000
53329  -31.470  -30.320  59.678 0.0000000000
54602  -30.112  -30.268  58.047 0.0000000000
54626  -31.175  -29.740  57.837 0.0000000000
54644  -30.489  -29.655  56.618 0.0000000000
48383  -26.227  -32.687  63.939 0.0000000000
48365  -25.281  -33.284  64.647 0.0000000000
50706  -25.664  -32.041  63.125 0.0000000000
50704  -24.541  -31.088  62.419 0.0000000000
82659  -44.400  -7.852  42.117 0.0000000000
61751  -28.088  -24.692  56.673 0.0000000000
63011  -28.084  -23.631  56.193 0.0000000000
69583  -32.208  -17.866  50.534 0.0000000000
68330  -32.306  -19.246  48.769 0.0000000000
69607  -34.393  -18.122  49.013 0.0000000000
44975  -13.758  -38.196  61.205 0.0000000000
43738  -14.213  -37.738  63.134 0.0000000000
43771  -13.443  -38.354  61.655 0.0000000000
42523  -13.198  -38.514  62.712 0.0000000000
43783  -11.901  -39.461  60.055 0.0000000000
55778  -31.536  -29.622  64.240 0.0000000000
56949  -31.674  -28.799  63.567 0.0000000000
56926  -30.615  -28.297  65.452 0.0000000000
47222  -29.677  -33.855  65.492 0.0000000000
47260  -28.994  -32.696  64.255 0.0000000000
48366  -30.056  -32.946  65.392 0.0000000000
54503  -31.489  -30.278  66.278 0.0000000000
51936  -32.258  -31.812  65.042 0.0000000000
53246  -31.899  -30.886  64.062 0.0000000000
53254  -31.833  -30.571  63.232 0.0000000000
79032  -40.130  -10.836  51.281 0.0000000000
79050  -39.631  -10.447  50.050 0.0000000000
79043  -41.087  -9.631  50.745 0.0000000000
82567  -44.903  -6.973  49.294 0.0000000000
81398  -43.340  -7.836  48.849 0.0000000000
82582  -43.660  -7.316  48.248 0.0000000000
82619  -43.747  -7.346  46.460 0.0000000000
82600  -45.251  -6.738  47.455 0.0000000000
82621  -45.949  -6.693  46.424 0.0000000000
82601  -46.372  -6.300  47.587 0.0000000000
68198  -30.249  -18.938  59.266 0.0000000000
67004  -29.972  -19.230  57.506 0.0000000000
69474  -31.198  -18.064  57.976 0.0000000000
71953  -33.824  -16.235  56.576 0.0000000000
69486  -32.580  -17.213  56.374 0.0000000000
70706  -33.337  -16.250  55.568 0.0000000000
71988  -32.649  -16.075  53.815 0.0000000000
71990  -34.223  -15.676  54.026 0.0000000000
71991  -35.326  -15.608  54.130 0.0000000000
71972  -36.548  -15.229  55.170 0.0000000000
48377  -19.423  -32.900  64.664 0.0000000000
48359  -18.848  -33.277  65.175 0.0000000000
49539  -18.024  -32.453  63.089 0.0000000000
48417  -15.961  -35.206  60.098 0.0000000000
90114  -50.635  -1.357  41.203 0.0000000000
90123  -51.423  -1.909  40.295 0.0000000000
34713  -5.510  -44.292  68.233 0.0000000000
59425  -31.783  -27.789  58.097 0.0000000000
59451  -32.009  -27.934  56.539 0.0000000000
59423  -30.788  -27.166  58.011 0.0000000000
59422  -30.040  -26.898  57.587 0.0000000000
60575  -29.511  -26.645  58.954 0.0000000000
59330  -30.976  -26.323  64.668 0.0000000000
59339  -30.655  -27.410  62.432 0.0000000000
60507  -30.747  -25.436  63.703 0.0000000000
64187  -31.240  -21.771  64.053 0.0000000000
62923  -30.707  -23.359  63.400 0.0000000000
64210  -30.472  -22.571  62.479 0.0000000000
62935  -29.587  -23.270  61.420 0.0000000000
65545  -30.507  -21.232  62.010 0.0000000000
65558  -30.913  -21.099  60.866 0.0000000000
66894  -31.179  -20.315  62.513 0.0000000000
53385  -25.278  -31.207  56.259 0.0000000000
49572  -28.333  -33.130  60.653 0.0000000000
49586  -27.629  -32.952  60.116 0.0000000000
49605  -28.001  -31.941  59.274 0.0000000000
50826  -27.564  -32.046  56.183 0.0000000000
49524  -21.937  -33.377  64.589 0.0000000000
53323  -21.484  -30.818  59.971 0.0000000000
53305  -20.540  -31.363  60.862 0.0000000000
52059  -20.491  -31.449  59.122 0.0000000000
52076  -19.283  -32.682  57.593 0.0000000000
85205  -46.720  -5.552  45.102 0.0000000000
83951  -45.899  -6.006  43.482 0.0000000000
85235  -47.398  -4.451  44.501 0.0000000000
90094  -48.590  -2.117  45.145 0.0000000000
87768  -47.678  -3.056  43.688 0.0000000000
88909  -48.031  -2.100  42.992 0.0000000000
88912  -47.165  -2.360  41.371 0.0000000000
90106  -48.339  -1.399  42.294 0.0000000000
90107  -49.110  -1.121  41.770 0.0000000000
91257  -49.866  -0.230  44.193 0.0000000000
67030  -29.011  -20.136  54.620 0.0000000000
65688  -27.950  -21.756  54.491 0.0000000000
68362  -37.850  -18.724  46.416 0.0000000000
69625  -38.136  -18.260  47.933 0.0000000000
69526  -37.951  -16.690  52.823 0.0000000000
68291  -37.658  -17.278  51.955 0.0000000000
68271  -38.851  -17.533  52.528 0.0000000000
72047  -41.559  -16.248  51.622 0.0000000000
69568  -40.564  -17.797  51.195 0.0000000000
70796  -40.533  -16.836  50.787 0.0000000000
72073  -39.564  -16.417  50.025 0.0000000000
74370  -40.427  -14.968  51.112 0.0000000000
75511  -39.830  -13.600  51.341 0.0000000000
75499  -41.335  -13.523  52.534 0.0000000000
42499  -11.364  -40.033  64.286 0.0000000000
41156  -10.921  -40.344  65.154 0.0000000000
39858  -10.482  -40.357  65.429 0.0000000000
39869  -9.757  -41.198  63.827 0.0000000000
38652  -8.731  -42.648  61.869 0.0000000000
38671  -9.267  -42.199  61.163 0.0000000000
33607  -6.655  -47.184  60.907 0.0000000000
34803  -6.666  -45.499  63.041 0.0000000000
33606  -6.132  -47.189  61.569 0.0000000000
29955  -5.205  -50.082  61.219 0.0000000000
31126  -5.166  -48.379  62.350 0.0000000000
32351  -4.521  -47.673  63.157 0.0000000000
32319  -4.787  -46.906  64.641 0.0000000000
31124  -4.312  -48.758  62.490 0.0000000000
50653  -31.355  -32.077  67.276 0.0000000000
81353  -43.668  -8.756  52.216 0.0000000000
80219  -43.202  -8.642  50.846 0.0000000000
81368  -45.312  -8.205  51.490 0.0000000000
70673  -32.582  -17.468  58.272 0.0000000000
50760  -18.152  -32.882  59.668 0.0000000000
50738  -16.596  -33.613  60.408 0.0000000000
37246  -7.958  -42.209  69.164 0.0000000000
37260  -7.076  -43.560  67.126 0.0000000000
54664  -32.769  -29.661  55.676 0.0000000000
58244  -32.015  -27.915  57.995 0.0000000000
59391  -31.461  -27.275  59.498 0.0000000000
68114  -32.245  -19.333  63.444 0.0000000000
53341  -22.135  -30.042  58.866 0.0000000000
54619  -22.584  -29.678  57.431 0.0000000000
53343  -23.795  -30.464  58.417 0.0000000000
53344  -25.223  -30.639  58.116 0.0000000000
52079  -25.978  -31.567  57.031 0.0000000000
50766  -29.700  -31.496  60.565 0.0000000000
50781  -28.565  -31.582  58.710 0.0000000000
52081  -29.215  -31.206  58.346 0.0000000000
53387  -28.815  -30.922  56.641 0.0000000000
54683  -29.001  -30.287  54.639 0.0000000000
49507  -23.891  -33.199  64.782 0.0000000000
51948  -22.251  -32.755  64.254 0.0000000000
51964  -23.051  -32.054  63.840 0.0000000000
53287  -23.221  -30.635  61.246 0.0000000000
81433  -40.783  -8.696  45.395 0.0000000000
83965  -45.286  -6.559  41.198 0.0000000000
86506  -49.978  -4.059  46.520 0.0000000000
86532  -48.069  -4.048  44.977 0.0000000000
69561  -30.409  -18.373  52.279 0.0000000000
68348  -35.349  -19.334  47.936 0.0000000000
69624  -36.157  -18.516  48.693 0.0000000000
69513  -40.430  -16.998  54.224 0.0000000000
68254  -40.075  -17.816  53.333 0.0000000000
69531  -41.605  -16.857  53.447 0.0000000000
47236  -14.818  -35.518  64.054 0.0000000000
46029  -14.418  -36.303  64.603 0.0000000000
43687  -14.145  -37.230  66.810 0.0000000000
43714  -13.134  -38.364  65.133 0.0000000000
42513  -12.348  -38.911  63.961 0.0000000000
41201  -10.748  -40.056  61.637 0.0000000000
41207  -9.969  -40.966  60.616 0.0000000000
41208  -10.349  -40.756  60.369 0.0000000000
54572  -32.121  -29.537  60.412 0.0000000000
56964  -32.396  -28.554  61.413 0.0000000000
56957  -32.070  -28.617  62.495 0.0000000000
58172  -31.036  -27.238  64.080 0.0000000000
48396  -26.928  -32.802  63.003 0.0000000000
49570  -26.751  -32.765  61.614 0.0000000000
47272  -27.780  -32.891  63.052 0.0000000000
48409  -29.216  -32.785  62.671 0.0000000000
49559  -29.812  -32.502  62.157 0.0000000000
49494  -31.338  -32.364  65.068 0.0000000000
49546  -30.628  -31.792  63.323 0.0000000000
50727  -30.469  -31.838  62.518 0.0000000000
53309  -30.777  -30.932  61.326 0.0000000000
53311  -31.171  -29.895  61.061 0.0000000000
47219  -27.549  -33.881  64.696 0.0000000000
75542  -37.749  -13.786  49.037 0.0000000000
75556  -37.588  -13.502  47.373 0.0000000000
77861  -38.614  -11.321  49.107 0.0000000000
79064  -38.932  -10.610  48.732 0.0000000000
80255  -40.155  -8.888  47.447 0.0000000000
80230  -42.195  -8.759  49.532 0.0000000000
80257  -41.579  -8.789  48.542 0.0000000000
81407  -40.921  -8.390  47.275 0.0000000000
82629  -41.646  -7.617  46.042 0.0000000000
81436  -43.143  -7.763  44.693 0.0000000000
82650  -43.889  -7.636  44.191 0.0000000000
82652  -44.854  -7.402  43.396 0.0000000000
82633  -45.142  -6.881  45.396 0.0000000000
83918  -46.572  -5.998  45.926 0.0000000000
83932  -47.683  -5.073  45.995 0.0000000000
83905  -47.999  -5.741  47.760 0.0000000000
85183  -49.537  -4.448  46.879 0.0000000000
64287  -28.821  -22.141  58.193 0.0000000000
64306  -28.002  -22.228  56.999 0.0000000000
65645  -29.330  -20.570  57.262 0.0000000000
68223  -29.486  -19.168  56.291 0.0000000000
69508  -30.294  -18.454  55.099 0.0000000000
69475  -31.794  -17.860  57.465 0.0000000000
69495  -31.343  -18.029  55.663 0.0000000000
69523  -30.483  -18.520  54.041 0.0000000000
70730  -31.500  -17.320  53.369 0.0000000000
70753  -32.580  -16.383  52.349 0.0000000000
70774  -33.802  -16.759  51.469 0.0000000000
70794  -34.849  -16.940  50.338 0.0000000000
72028  -34.757  -16.318  52.339 0.0000000000
72012  -36.506  -15.917  53.137 0.0000000000
70719  -38.521  -16.475  53.958 0.0000000000
71975  -39.317  -15.589  55.402 0.0000000000
69499  -39.842  -16.338  54.593 0.0000000000
49502  -15.839  -33.979  64.427 0.0000000000
49553  -16.224  -33.658  61.352 0.0000000000
49537  -15.939  -34.174  62.376 0.0000000000
48375  -14.878  -34.675  63.337 0.0000000000
46074  -14.764  -36.554  61.388 0.0000000000
60585  -28.686  -26.147  57.601 0.0000000000
61742  -28.318  -24.941  58.135 0.0000000000
58189  -31.993  -27.978  60.737 0.0000000000
59360  -31.499  -27.349  61.024 0.0000000000
60539  -30.753  -26.259  60.705 0.0000000000
60523  -30.209  -25.598  61.996 0.0000000000
60538  -29.822  -25.714  61.281 0.0000000000
60537  -29.162  -25.108  60.769 0.0000000000
61728  -28.809  -24.061  59.957 0.0000000000
62976  -28.648  -23.190  59.115 0.0000000000
64266  -29.486  -20.813  59.892 0.0000000000
66951  -30.212  -19.890  60.082 0.0000000000
69428  -31.796  -18.102  60.314 0.0000000000
68132  -32.256  -18.924  62.700 0.0000000000
69409  -32.557  -17.775  61.502 0.0000000000
49585  -27.054  -32.504  60.319 0.0000000000
50799  -26.695  -31.831  57.795 0.0000000000
50824  -26.453  -32.282  56.737 0.0000000000
49655  -27.773  -32.253  57.303 0.0000000000
49654  -27.163  -32.494  56.819 0.0000000000
48378  -20.194  -33.147  64.785 0.0000000000
50701  -20.045  -32.125  63.158 0.0000000000
51978  -21.547  -31.926  63.504 0.0000000000
51995  -20.163  -32.208  61.775 0.0000000000
52015  -18.698  -32.416  60.220 0.0000000000
52057  -18.627  -32.649  58.605 0.0000000000
83950  -45.361  -6.725  43.031 0.0000000000
83959  -45.157  -6.414  42.215 0.0000000000
85242  -45.566  -5.048  41.441 0.0000000000
86541  -47.682  -3.994  44.089 0.0000000000
86539  -46.356  -4.258  42.570 0.0000000000
86553  -45.700  -4.420  40.599 0.0000000000
86561  -46.220  -4.528  39.514 0.0000000000
87792  -46.898  -3.906  38.974 0.0000000000
87803  -48.496  -3.915  38.538 0.0000000000
88918  -49.104  -2.288  40.022 0.0000000000
90108  -49.889  -1.114  41.705 0.0000000000
37342  -8.484  -42.651  64.415 0.0000000000
36092  -7.695  -43.795  63.947 0.0000000000
36141  -7.506  -44.858  61.599 0.0000000000
64341  -27.727  -22.889  55.063 0.0000000000
72090  -38.147  -16.549  47.909 0.0000000000
69587  -36.055  -17.476  50.330 0.0000000000
69609  -36.493  -17.922  49.565 0.0000000000
68334  -37.349  -18.303  49.349 0.0000000000
68294  -39.798  -18.159  52.034 0.0000000000
68314  -39.175  -18.325  50.369 0.0000000000
68351  -38.594  -18.437  48.930 0.0000000000
70818  -39.379  -17.442  49.002 0.0000000000
72081  -38.799  -16.596  49.082 0.0000000000
74380  -38.509  -14.728  49.553 0.0000000000
76679  -38.984  -13.426  50.157 0.0000000000
76672  -39.935  -11.981  51.074 0.0000000000
79020  -41.475  -10.749  52.820 0.0000000000
39839  -9.350  -40.678  66.986 0.0000000000
39840  -9.717  -40.298  66.406 0.0000000000
38592  -8.859  -41.771  65.309 0.0000000000
37356  -8.511  -42.415  63.474 0.0000000000
38669  -8.123  -43.683  61.060 0.0000000000
36091  -7.404  -44.266  64.042 0.0000000000
36070  -7.050  -44.661  64.911 0.0000000000
34778  -6.239  -45.587  65.402 0.0000000000
32361  -5.719  -48.079  61.735 0.0000000000
33552  -5.673  -46.578  63.971 0.0000000000
33524  -5.814  -45.541  65.891 0.0000000000
33509  -5.066  -45.273  66.401 0.0000000000
33508  -4.700  -45.273  66.097 0.0000000000
29943  -4.178  -49.762  61.758 0.0000000000
32360  -3.858  -48.197  62.763 0.0000000000
38561  -8.898  -41.439  67.477 0.0000000000
54604  -31.788  -29.515  58.625 0.0000000000
55816  -31.974  -29.052  58.577 0.0000000000
54605  -31.911  -29.176  59.019 0.0000000000
50724  -25.951  -32.100  61.922 0.0000000000
51999  -25.538  -31.348  61.338 0.0000000000
50725  -26.288  -31.932  61.305 0.0000000000
53349  -31.514  -30.018  59.207 0.0000000000
53369  -31.017  -30.003  58.703 0.0000000000
54603  -31.296  -29.861  58.756 0.0000000000
49543  -25.963  -32.407  63.209 0.0000000000
50723  -25.169  -31.211  62.086 0.0000000000
81469  -44.425  -7.957  42.663 0.0000000000
62997  -27.999  -24.112  57.170 0.0000000000
69605  -32.280  -18.456  49.608 0.0000000000
69606  -33.283  -18.494  49.130 0.0000000000
69622  -33.775  -18.843  48.563 0.0000000000
69585  -34.101  -17.529  49.686 0.0000000000
44992  -13.198  -38.759  60.280 0.0000000000
43772  -13.683  -37.800  61.930 0.0000000000
44974  -13.064  -38.919  61.091 0.0000000000
55764  -31.041  -29.411  64.892 0.0000000000
56927  -30.721  -28.859  64.947 0.0000000000
47199  -30.504  -34.099  65.802 0.0000000000
47244  -29.779  -33.213  65.296 0.0000000000
48349  -30.293  -32.873  65.994 0.0000000000
55746  -31.049  -29.741  65.545 0.0000000000
53234  -32.119  -31.064  64.885 0.0000000000
54520  -31.511  -30.286  65.098 0.0000000000
54533  -31.724  -30.396  64.281 0.0000000000
47157  -29.851  -33.785  66.434 0.0000000000
79033  -40.919  -10.545  51.752 0.0000000000
79034  -41.763  -9.468  51.430 0.0000000000
82583  -44.546  -6.853  48.379 0.0000000000
82599  -44.199  -7.068  47.397 0.0000000000
69460  -30.995  -18.386  58.692 0.0000000000
71954  -34.442  -15.730  56.382 0.0000000000
70707  -33.775  -16.218  55.900 0.0000000000
71970  -34.161  -15.531  55.183 0.0000000000
71971  -35.408  -15.206  55.159 0.0000000000
49555  -18.602  -32.332  62.716 0.0000000000
50699  -17.767  -32.544  62.344 0.0000000000
91281  -51.588  -0.685  41.562 0.0000000000
90116  -52.010  -0.875  41.122 0.0000000000
36001  -6.607  -43.464  68.607 0.0000000000
34715  -6.281  -43.790  68.474 0.0000000000
35983  -5.983  -43.397  69.415 0.0000000000
34714  -6.024  -44.044  68.410 0.0000000000
59409  -30.903  -27.285  58.989 0.0000000000
59424  -31.388  -27.475  57.882 0.0000000000
59408  -30.274  -26.971  58.566 0.0000000000
60576  -30.448  -26.905  59.351 0.0000000000
60508  -30.584  -25.677  64.024 0.0000000000
60501  -31.243  -25.247  64.396 0.0000000000
64211  -30.900  -22.513  63.342 0.0000000000
65528  -30.599  -21.894  62.667 0.0000000000
65544  -30.341  -21.955  62.240 0.0000000000
53362  -20.403  -31.386  57.072 0.0000000000
53382  -20.876  -31.201  56.511 0.0000000000
50744  -28.699  -32.685  60.645 0.0000000000
49587  -28.100  -32.736  59.748 0.0000000000
49588  -28.291  -32.153  59.890 0.0000000000
53340  -21.556  -31.006  59.076 0.0000000000
53339  -21.078  -31.161  59.406 0.0000000000
52078  -20.947  -31.301  58.604 0.0000000000
52077  -20.503  -31.922  57.954 0.0000000000
83977  -45.858  -5.964  39.798 0.0000000000
83942  -47.483  -4.922  45.373 0.0000000000
86530  -46.561  -4.951  44.698 0.0000000000
85225  -47.785  -4.414  45.243 0.0000000000
90099  -48.541  -1.668  44.532 0.0000000000
90102  -48.397  -1.522  43.403 0.0000000000
90105  -47.504  -1.921  42.420 0.0000000000
91262  -48.845  -0.822  42.840 0.0000000000
91256  -48.990  -0.844  43.814 0.0000000000
68249  -29.485  -19.555  54.215 0.0000000000
67041  -29.285  -20.277  53.523 0.0000000000
68349  -36.742  -18.942  48.080 0.0000000000
68361  -37.498  -19.070  47.107 0.0000000000
69634  -37.870  -18.475  47.665 0.0000000000
68252  -38.660  -17.121  53.070 0.0000000000
68270  -38.216  -17.118  52.541 0.0000000000
72064  -41.824  -15.218  51.873 0.0000000000
70797  -41.057  -16.936  51.106 0.0000000000
72063  -41.520  -15.862  51.193 0.0000000000
73257  -40.892  -15.512  51.074 0.0000000000
73241  -40.918  -14.948  51.669 0.0000000000
74371  -41.583  -14.778  52.056 0.0000000000
41183  -10.857  -40.514  63.369 0.0000000000
41172  -11.466  -39.982  65.110 0.0000000000
41182  -10.345  -40.897  63.326 0.0000000000
41170  -10.375  -40.840  63.941 0.0000000000
39880  -10.128  -41.152  63.048 0.0000000000
38653  -9.399  -41.718  62.272 0.0000000000
39896  -10.078  -40.922  62.261 0.0000000000
34849  -6.559  -46.466  61.488 0.0000000000
29945  -4.752  -49.743  61.755 0.0000000000
31125  -4.904  -48.812  62.367 0.0000000000
29934  -4.525  -49.254  62.176 0.0000000000
29933  -4.321  -49.183  62.207 0.0000000000
70660  -34.039  -16.186  59.429 0.0000000000
50775  -17.577  -34.286  58.690 0.0000000000
37281  -7.755  -42.551  67.243 0.0000000000
38548  -8.477  -41.906  68.905 0.0000000000
37264  -7.867  -42.299  68.217 0.0000000000
37245  -7.554  -42.688  68.563 0.0000000000
37280  -7.291  -43.201  66.808 0.0000000000
54663  -32.161  -29.895  55.227 0.0000000000
56998  -31.997  -28.360  58.810 0.0000000000
58229  -31.934  -28.014  58.361 0.0000000000
59411  -31.862  -27.836  58.539 0.0000000000
59392  -31.839  -27.683  59.222 0.0000000000
53325  -23.292  -30.420  59.616 0.0000000000
53342  -23.217  -30.333  58.686 0.0000000000
52041  -24.064  -30.514  59.755 0.0000000000
52043  -25.692  -30.780  59.440 0.0000000000
52061  -25.788  -31.277  58.206 0.0000000000
53365  -25.504  -30.942  57.238 0.0000000000
52045  -30.245  -31.159  60.582 0.0000000000
50783  -29.342  -31.195  60.076 0.0000000000
52063  -29.873  -30.777  59.790 0.0000000000
54625  -30.290  -30.112  57.769 0.0000000000
54623  -29.613  -30.616  57.966 0.0000000000
54642  -29.098  -30.642  56.290 0.0000000000
53386  -28.605  -31.049  56.163 0.0000000000
54660  -29.171  -30.406  55.758 0.0000000000
54684  -30.227  -30.068  54.147 0.0000000000
47216  -25.160  -33.828  65.225 0.0000000000
48364  -24.484  -33.548  65.068 0.0000000000
50677  -23.404  -32.616  64.335 0.0000000000
50688  -23.680  -32.233  63.840 0.0000000000
51997  -24.057  -30.577  61.972 0.0000000000
53269  -23.143  -30.874  62.041 0.0000000000
53308  -23.094  -30.452  60.445 0.0000000000
81446  -41.206  -8.712  44.670 0.0000000000
68289  -30.234  -19.052  51.569 0.0000000000
68290  -30.863  -18.751  51.057 0.0000000000
68332  -34.710  -18.734  48.468 0.0000000000
68333  -35.255  -18.672  48.439 0.0000000000
70710  -41.519  -16.960  54.936 0.0000000000
70737  -40.670  -17.034  54.017 0.0000000000
73223  -42.488  -15.030  52.980 0.0000000000
46043  -14.633  -36.521  63.504 0.0000000000
47211  -15.080  -35.695  65.122 0.0000000000
44934  -14.344  -37.378  64.133 0.0000000000
44912  -14.044  -36.833  65.332 0.0000000000
44894  -13.610  -37.844  65.843 0.0000000000
43736  -13.467  -38.155  64.561 0.0000000000
138306  -12.035  -39.078  61.770 0.0000000000
42522  -12.066  -39.310  62.655 0.0000000000
138302  -11.569  -39.464  61.980 0.0000000000
138300  -11.425  -39.798  62.607 0.0000000000
138301  -11.195  -39.689  61.894 0.0000000000
42530  -10.708  -40.307  61.028 0.0000000000
42537  -10.764  -40.260  60.372 0.0000000000
54562  -32.211  -29.639  61.582 0.0000000000
55791  -32.510  -29.220  62.033 0.0000000000
56941  -31.124  -27.858  65.078 0.0000000000
58165  -31.624  -27.875  64.055 0.0000000000
58164  -31.259  -27.349  64.815 0.0000000000
47257  -27.120  -32.764  63.323 0.0000000000
48406  -27.084  -33.193  62.403 0.0000000000
47258  -27.706  -32.099  63.968 0.0000000000
48397  -29.322  -32.434  63.640 0.0000000000
47274  -28.919  -32.329  63.667 0.0000000000
48422  -29.103  -32.956  61.759 0.0000000000
48410  -29.769  -32.402  62.762 0.0000000000
50662  -31.189  -31.986  66.241 0.0000000000
49486  -31.117  -32.235  65.644 0.0000000000
51950  -32.090  -31.571  64.538 0.0000000000
50692  -31.549  -31.568  64.181 0.0000000000
50709  -31.427  -31.477  63.683 0.0000000000
50728  -30.883  -31.856  63.116 0.0000000000
51982  -30.782  -31.631  62.581 0.0000000000
52001  -30.520  -31.464  61.981 0.0000000000
53271  -31.254  -31.190  62.406 0.0000000000
54554  -32.153  -29.880  62.616 0.0000000000
53273  -31.937  -30.240  62.350 0.0000000000
53291  -31.706  -29.946  61.557 0.0000000000
53312  -31.668  -29.707  61.008 0.0000000000
47220  -28.270  -34.055  64.627 0.0000000000
47240  -27.270  -32.964  64.287 0.0000000000
76678  -38.672  -12.782  49.915 0.0000000000
76687  -37.773  -12.902  48.890 0.0000000000
77849  -38.462  -11.974  49.428 0.0000000000
80227  -39.854  -9.541  49.215 0.0000000000
80240  -39.511  -9.560  48.120 0.0000000000
80241  -40.487  -9.149  48.560 0.0000000000
80218  -42.474  -8.690  50.292 0.0000000000
81374  -43.107  -8.454  50.288 0.0000000000
82581  -42.797  -7.743  48.197 0.0000000000
81397  -42.634  -8.373  49.002 0.0000000000
81408  -41.892  -8.380  48.051 0.0000000000
82596  -41.617  -7.900  47.031 0.0000000000
81423  -41.152  -8.088  46.284 0.0000000000
82617  -41.994  -7.475  46.539 0.0000000000
82631  -43.208  -7.659  45.493 0.0000000000
82642  -43.663  -7.592  44.747 0.0000000000
82643  -44.393  -7.358  44.706 0.0000000000
83903  -46.711  -6.106  46.676 0.0000000000
82634  -46.052  -6.497  45.501 0.0000000000
83919  -47.328  -5.742  46.286 0.0000000000
85196  -48.746  -4.652  46.860 0.0000000000
65618  -29.081  -20.614  58.233 0.0000000000
65617  -28.790  -21.320  57.438 0.0000000000
66983  -29.434  -20.095  57.758 0.0000000000
68216  -30.479  -18.687  57.316 0.0000000000
68214  -29.551  -19.479  56.860 0.0000000000
68224  -29.985  -18.769  56.522 0.0000000000
69494  -30.400  -18.498  56.111 0.0000000000
70674  -33.244  -16.897  58.107 0.0000000000
69462  -32.456  -17.509  57.853 0.0000000000
69476  -32.648  -17.358  57.124 0.0000000000
69496  -32.276  -17.374  55.776 0.0000000000
69509  -31.140  -17.941  54.580 0.0000000000
69524  -31.029  -17.875  53.657 0.0000000000
70717  -31.649  -17.291  54.065 0.0000000000
72009  -32.852  -15.300  53.251 0.0000000000
70732  -32.319  -15.736  52.852 0.0000000000
70733  -32.987  -15.668  52.601 0.0000000000
70773  -32.854  -16.828  51.605 0.0000000000
70754  -33.402  -16.453  52.256 0.0000000000
72044  -34.516  -16.557  51.777 0.0000000000
71992  -36.437  -15.544  54.303 0.0000000000
72013  -37.287  -15.986  53.871 0.0000000000
70735  -37.623  -16.363  53.287 0.0000000000
72014  -37.716  -15.983  54.153 0.0000000000
71959  -39.564  -15.628  56.017 0.0000000000
70688  -39.777  -15.885  55.904 0.0000000000
70708  -39.366  -15.818  54.616 0.0000000000
69490  -40.302  -16.324  55.248 0.0000000000
49504  -17.579  -32.916  64.792 0.0000000000
48358  -17.088  -33.424  65.462 0.0000000000
49503  -16.418  -33.356  64.638 0.0000000000
50758  -16.545  -34.044  59.939 0.0000000000
49568  -16.221  -34.326  60.440 0.0000000000
48404  -15.923  -34.997  61.405 0.0000000000
48393  -15.243  -34.960  62.463 0.0000000000
49518  -15.243  -34.289  62.895 0.0000000000
47270  -15.145  -35.841  61.911 0.0000000000
47255  -14.623  -35.632  62.921 0.0000000000
36015  -4.591  -44.217  67.742 0.0000000000
58269  -32.135  -28.319  55.145 0.0000000000
59434  -30.240  -27.356  56.354 0.0000000000
60586  -29.434  -26.810  58.147 0.0000000000
56973  -32.436  -28.489  60.363 0.0000000000
58180  -31.528  -27.926  61.813 0.0000000000
59348  -30.113  -26.841  62.124 0.0000000000
59349  -30.776  -27.382  61.663 0.0000000000
59359  -30.848  -26.898  61.237 0.0000000000
59374  -31.386  -26.799  60.427 0.0000000000
60524  -30.299  -26.450  61.424 0.0000000000
61680  -30.398  -24.422  62.896 0.0000000000
61692  -29.928  -24.996  62.023 0.0000000000
60522  -30.006  -25.508  61.810 0.0000000000
61711  -29.831  -25.302  61.652 0.0000000000
61710  -29.619  -24.899  61.475 0.0000000000
62949  -29.410  -22.816  60.881 0.0000000000
61709  -29.115  -23.908  61.052 0.0000000000
62964  -29.448  -22.951  59.979 0.0000000000
64247  -29.330  -22.252  59.830 0.0000000000
64264  -29.164  -22.084  59.340 0.0000000000
64248  -29.448  -21.566  60.106 0.0000000000
66933  -30.711  -20.245  60.745 0.0000000000
68167  -30.722  -19.440  60.410 0.0000000000
69407  -31.218  -18.742  60.800 0.0000000000
68115  -32.874  -19.155  63.978 0.0000000000
68133  -32.872  -18.835  63.172 0.0000000000
54620  -23.522  -29.996  57.188 0.0000000000
54638  -22.719  -30.127  56.457 0.0000000000
54657  -23.072  -30.635  55.832 0.0000000000
48440  -27.152  -32.839  61.316 0.0000000000
48441  -27.388  -32.884  60.793 0.0000000000
49603  -27.281  -31.895  58.899 0.0000000000
49628  -26.942  -32.300  57.425 0.0000000000
50800  -28.637  -32.081  58.150 0.0000000000
49631  -28.271  -31.884  58.629 0.0000000000
49656  -28.305  -32.247  57.957 0.0000000000
49523  -20.959  -32.848  64.285 0.0000000000
49541  -20.321  -32.355  63.780 0.0000000000
51979  -22.396  -31.916  63.169 0.0000000000
51963  -22.089  -32.286  64.129 0.0000000000
53267  -21.719  -31.599  62.709 0.0000000000
53321  -20.215  -31.412  60.191 0.0000000000
53284  -20.606  -31.705  61.604 0.0000000000
52017  -20.174  -31.931  61.078 0.0000000000
51994  -19.566  -32.267  61.576 0.0000000000
52038  -18.991  -32.261  59.616 0.0000000000
83960  -45.652  -6.108  42.851 0.0000000000
85232  -45.391  -5.767  41.705 0.0000000000
86521  -48.775  -3.628  45.183 0.0000000000
86531  -48.302  -3.618  44.690 0.0000000000
88907  -46.820  -2.716  42.496 0.0000000000
87775  -47.371  -3.533  43.367 0.0000000000
87774  -46.671  -3.464  42.490 0.0000000000
86547  -45.790  -4.143  41.952 0.0000000000
88916  -47.477  -2.385  40.530 0.0000000000
87784  -46.557  -3.180  39.962 0.0000000000
87785  -47.383  -2.789  39.853 0.0000000000
87793  -47.782  -3.290  39.292 0.0000000000
88924  -47.870  -2.561  39.806 0.0000000000
88925  -48.565  -2.695  39.597 0.0000000000
88917  -48.327  -2.176  40.162 0.0000000000
91271  -49.486  -0.805  42.288 0.0000000000
91272  -50.594  -0.647  42.110 0.0000000000
37369  -7.745  -44.004  62.393 0.0000000000
37354  -7.904  -43.930  62.997 0.0000000000
65643  -28.067  -21.811  56.505 0.0000000000
64322  -27.833  -22.594  56.296 0.0000000000
65667  -27.986  -21.768  55.665 0.0000000000
69635  -38.151  -18.274  47.175 0.0000000000
72102  -37.966  -16.564  46.696 0.0000000000
70776  -35.697  -16.679  51.215 0.0000000000
70795  -35.441  -17.171  50.411 0.0000000000
68292  -38.249  -17.602  51.669 0.0000000000
68312  -37.330  -17.559  50.665 0.0000000000
68274  -41.018  -18.273  52.575 0.0000000000
68273  -40.332  -18.079  52.692 0.0000000000
68295  -40.339  -18.058  51.975 0.0000000000
69612  -40.293  -17.652  50.661 0.0000000000
69589  -39.825  -18.153  50.674 0.0000000000
68315  -39.646  -18.276  50.145 0.0000000000
68336  -39.147  -18.351  49.403 0.0000000000
69610  -39.346  -18.141  49.138 0.0000000000
69627  -39.395  -17.939  49.053 0.0000000000
73270  -39.249  -15.629  50.142 0.0000000000
72072  -38.973  -16.267  49.579 0.0000000000
73269  -38.675  -15.634  49.557 0.0000000000
76664  -40.813  -13.163  52.161 0.0000000000
76663  -40.284  -12.620  51.670 0.0000000000
76655  -40.516  -12.310  52.211 0.0000000000
77837  -40.640  -11.336  51.993 0.0000000000
77829  -40.901  -11.356  52.526 0.0000000000
39857  -9.879  -40.778  64.927 0.0000000000
39850  -10.111  -40.305  65.831 0.0000000000
39849  -9.575  -41.044  66.024 0.0000000000
38670  -8.523  -43.173  60.655 0.0000000000
36106  -7.662  -43.979  63.658 0.0000000000
36104  -6.407  -45.727  63.596 0.0000000000
36090  -6.684  -45.088  63.842 0.0000000000
36069  -6.561  -45.376  64.738 0.0000000000
36047  -6.674  -44.933  65.612 0.0000000000
31139  -5.897  -49.219  61.332 0.0000000000
33551  -5.047  -47.077  63.982 0.0000000000
33574  -5.341  -47.214  63.244 0.0000000000
33539  -5.724  -46.231  65.067 0.0000000000
33510  -5.563  -45.316  66.448 0.0000000000
33523  -5.235  -46.051  65.306 0.0000000000
32334  -4.609  -46.912  64.190 0.0000000000
32306  -4.896  -46.664  64.956 0.0000000000
33521  -4.715  -45.987  65.005 0.0000000000
34757  -4.538  -44.849  66.159 0.0000000000
29954  -3.990  -50.018  61.574 0.0000000000
31130  -4.020  -49.143  62.125 0.0000000000
37299  -7.612  -42.938  66.284 0.0000000000
54646  -32.355  -29.391  56.197 0.0000000000
55832  -32.019  -28.682  58.305 0.0000000000
56984  -32.186  -28.403  59.458 0.0000000000
52019  -25.236  -30.760  60.584 0.0000000000
52020  -25.872  -31.342  60.621 0.0000000000
52044  -26.275  -31.593  60.179 0.0000000000
53328  -31.057  -30.486  60.199 0.0000000000
53347  -30.127  -30.432  58.697 0.0000000000
53348  -30.904  -30.324  59.296 0.0000000000
53368  -30.747  -30.075  58.483 0.0000000000
54661  -29.766  -29.786  55.540 0.0000000000
54645  -31.487  -29.350  56.404 0.0000000000
47218  -26.701  -33.770  64.906 0.0000000000
48382  -25.884  -32.793  64.120 0.0000000000
49526  -25.396  -32.747  64.051 0.0000000000
50690  -25.174  -32.466  63.804 0.0000000000
51981  -24.279  -31.683  63.313 0.0000000000
50705  -24.995  -31.371  62.993 0.0000000000
50722  -24.685  -30.832  62.061 0.0000000000
81448  -42.343  -8.308  43.925 0.0000000000
82667  -44.501  -7.877  41.861 0.0000000000
60594  -28.309  -25.460  56.424 0.0000000000
69563  -31.785  -17.723  51.223 0.0000000000
69604  -31.620  -18.519  50.149 0.0000000000
68329  -31.316  -19.217  49.473 0.0000000000
43773  -13.681  -37.245  61.964 0.0000000000
44954  -14.479  -37.189  62.918 0.0000000000
43756  -13.903  -37.393  62.425 0.0000000000
43755  -13.791  -38.025  62.641 0.0000000000
138307  -12.917  -38.543  61.933 0.0000000000
138309  -12.448  -38.821  61.210 0.0000000000
43782  -11.285  -39.699  60.116 0.0000000000
55783  -31.714  -29.643  63.637 0.0000000000
56942  -31.335  -28.501  64.631 0.0000000000
47242  -28.710  -33.260  64.511 0.0000000000
47259  -28.514  -32.175  64.309 0.0000000000
47243  -29.398  -33.209  64.786 0.0000000000
48384  -29.536  -32.619  64.159 0.0000000000
48385  -30.021  -32.605  64.506 0.0000000000
51919  -31.787  -31.293  65.986 0.0000000000
53224  -31.969  -30.881  65.713 0.0000000000
51967  -31.821  -31.209  63.892 0.0000000000
51985  -31.736  -30.897  62.987 0.0000000000
54543  -31.803  -30.156  63.498 0.0000000000
47197  -29.375  -34.375  66.011 0.0000000000
77835  -39.787  -11.134  51.221 0.0000000000
77850  -39.032  -11.331  49.684 0.0000000000
79042  -40.373  -10.323  50.780 0.0000000000
79051  -40.461  -9.576  50.042 0.0000000000
79052  -41.248  -9.122  49.894 0.0000000000
81384  -44.605  -7.835  49.798 0.0000000000
81383  -43.545  -8.185  49.648 0.0000000000
82566  -44.067  -7.445  49.083 0.0000000000
82598  -43.250  -7.416  47.371 0.0000000000
82620  -44.762  -7.015  46.447 0.0000000000
66968  -29.921  -19.644  59.226 0.0000000000
66984  -29.844  -19.502  58.131 0.0000000000
68199  -30.153  -18.905  58.850 0.0000000000
68209  -30.447  -18.482  58.035 0.0000000000
68210  -30.992  -18.192  57.498 0.0000000000
69477  -32.836  -16.931  56.636 0.0000000000
70687  -33.064  -16.710  56.529 0.0000000000
69497  -32.828  -16.793  55.899 0.0000000000
70705  -32.637  -16.581  55.190 0.0000000000
70718  -32.338  -16.728  54.318 0.0000000000
71969  -33.363  -15.867  54.814 0.0000000000
71989  -33.299  -15.671  53.940 0.0000000000
72011  -35.096  -15.812  53.061 0.0000000000
49521  -18.606  -32.659  64.226 0.0000000000
46097  -15.008  -36.841  60.176 0.0000000000
90122  -50.278  -1.912  40.493 0.0000000000
88927  -50.220  -2.642  39.370 0.0000000000
88920  -50.614  -2.389  39.987 0.0000000000
88928  -51.093  -2.392  39.345 0.0000000000
90129  -51.786  -2.081  39.547 0.0000000000
34712  -5.094  -44.523  68.016 0.0000000000
58257  -32.153  -28.176  56.800 0.0000000000
58270  -32.506  -28.236  55.698 0.0000000000
59437  -31.866  -27.841  57.414 0.0000000000
58256  -30.958  -27.392  57.191 0.0000000000
58255  -31.045  -27.497  56.985 0.0000000000
58241  -30.422  -27.314  57.095 0.0000000000
59407  -29.843  -26.800  58.308 0.0000000000
59338  -30.537  -26.439  63.522 0.0000000000
59347  -30.267  -26.113  62.861 0.0000000000
62908  -30.804  -23.422  63.968 0.0000000000
64212  -30.934  -22.986  63.795 0.0000000000
62922  -30.506  -23.390  62.779 0.0000000000
62921  -30.270  -23.331  62.083 0.0000000000
61691  -29.865  -23.925  61.738 0.0000000000
62936  -30.005  -23.139  61.678 0.0000000000
64226  -30.046  -22.293  61.760 0.0000000000
64227  -30.254  -21.494  61.234 0.0000000000
64239  -30.076  -21.173  60.653 0.0000000000
66915  -30.950  -20.351  61.512 0.0000000000
68131  -31.372  -19.358  62.114 0.0000000000
70616  -33.521  -17.419  63.150 0.0000000000
53384  -24.709  -31.165  55.706 0.0000000000
49571  -27.866  -33.290  60.860 0.0000000000
49604  -27.710  -32.007  59.181 0.0000000000
52100  -28.241  -31.396  56.307 0.0000000000
54558  -21.686  -30.645  61.156 0.0000000000
53285  -21.383  -31.198  61.736 0.0000000000
53306  -21.203  -30.908  60.729 0.0000000000
53322  -20.759  -31.235  59.997 0.0000000000
52040  -20.275  -31.383  59.767 0.0000000000
52058  -19.540  -31.994  58.725 0.0000000000
52094  -19.652  -33.013  56.889 0.0000000000
83940  -46.166  -6.030  44.331 0.0000000000
86529  -46.424  -5.144  44.646 0.0000000000
85222  -46.241  -5.154  44.204 0.0000000000
85234  -46.776  -4.519  43.892 0.0000000000
87769  -48.039  -3.334  44.146 0.0000000000
88905  -48.112  -2.566  43.886 0.0000000000
88908  -47.371  -2.686  43.086 0.0000000000
90104  -46.953  -2.287  42.396 0.0000000000
88911  -46.630  -2.580  41.861 0.0000000000
90110  -46.982  -1.953  41.898 0.0000000000
90111  -47.731  -1.855  41.497 0.0000000000
90112  -48.628  -1.527  41.307 0.0000000000
91270  -48.890  -0.942  42.272 0.0000000000
91263  -49.689  -0.425  43.065 0.0000000000
37410  -7.976  -44.468  60.384 0.0000000000
36163  -7.773  -45.086  60.598 0.0000000000
65689  -28.644  -20.999  54.039 0.0000000000
69544  -37.528  -16.882  52.438 0.0000000000
69564  -36.846  -17.053  51.480 0.0000000000
68269  -37.887  -17.029  52.462 0.0000000000
70778  -41.347  -16.955  51.974 0.0000000000
68297  -40.964  -17.677  51.669 0.0000000000
70798  -41.194  -17.250  51.557 0.0000000000
70809  -40.533  -17.443  50.834 0.0000000000
70808  -40.140  -17.096  50.531 0.0000000000
70807  -39.732  -17.197  49.688 0.0000000000
72074  -40.001  -16.671  50.467 0.0000000000
72061  -39.949  -16.171  50.482 0.0000000000
73256  -39.924  -15.561  50.591 0.0000000000
74369  -39.767  -14.484  51.021 0.0000000000
74357  -40.360  -14.314  51.521 0.0000000000
75512  -40.556  -13.607  51.840 0.0000000000
42501  -11.639  -39.327  64.971 0.0000000000
41173  -11.575  -39.362  65.407 0.0000000000
41157  -11.385  -39.829  65.584 0.0000000000
41146  -10.802  -39.963  65.753 0.0000000000
38635  -9.107  -41.587  63.253 0.0000000000
34826  -6.885  -45.744  62.002 0.0000000000
34825  -6.295  -46.324  62.275 0.0000000000
31138  -5.544  -49.683  61.402 0.0000000000
31133  -5.474  -48.736  62.072 0.0000000000
31132  -5.372  -49.457  61.781 0.0000000000
32352  -4.914  -47.837  62.712 0.0000000000
33572  -4.596  -47.408  63.513 0.0000000000
32320  -4.902  -46.941  64.732 0.0000000000
32335  -4.700  -47.013  64.057 0.0000000000
32350  -4.253  -47.666  63.284 0.0000000000
49485  -30.708  -32.467  66.322 0.0000000000
54480  -31.369  -30.366  67.438 0.0000000000
80207  -42.467  -8.822  51.138 0.0000000000
80208  -43.378  -8.757  51.516 0.0000000000
80209  -43.890  -8.708  51.211 0.0000000000
82568  -45.801  -6.825  49.440 0.0000000000
82585  -46.531  -6.272  48.832 0.0000000000
69445  -32.683  -17.550  59.862 0.0000000000
70658  -32.619  -17.491  58.832 0.0000000000
70659  -33.334  -16.810  59.192 0.0000000000
70675  -33.933  -15.822  58.964 0.0000000000
71928  -34.361  -16.123  58.212 0.0000000000
73136  -34.668  -15.726  57.939 0.0000000000
50740  -18.322  -32.452  60.876 0.0000000000
50739  -17.414  -33.135  60.511 0.0000000000
50759  -17.226  -33.852  59.516 0.0000000000
36002  -7.179  -43.095  68.645 0.0000000000
34746  -6.513  -44.356  67.105 0.0000000000
55857  -33.061  -29.237  55.951 0.0000000000
55845  -32.245  -28.921  56.882 0.0000000000
57025  -32.142  -28.433  57.212 0.0000000000
58258  -32.008  -28.072  57.579 0.0000000000
59438  -31.998  -27.995  57.794 0.0000000000
59410  -31.551  -27.565  58.693 0.0000000000
59390  -31.244  -26.766  59.696 0.0000000000
66878  -31.492  -20.132  63.585 0.0000000000
53364  -21.881  -29.882  57.868 0.0000000000
54597  -23.367  -29.980  58.035 0.0000000000
54598  -24.072  -30.481  57.861 0.0000000000
53327  -24.870  -30.321  58.835 0.0000000000
54583  -24.660  -30.511  58.201 0.0000000000
54622  -24.969  -30.596  57.176 0.0000000000
54641  -25.153  -30.809  56.718 0.0000000000
52097  -25.582  -31.864  55.829 0.0000000000
52098  -26.089  -32.071  56.246 0.0000000000
50765  -29.115  -31.784  60.288 0.0000000000
49589  -28.634  -31.856  59.972 0.0000000000
50782  -28.969  -31.185  59.331 0.0000000000
50801  -28.927  -31.774  58.133 0.0000000000
53346  -29.586  -30.837  58.548 0.0000000000
52101  -28.808  -31.562  57.194 0.0000000000
49506  -22.786  -33.315  64.805 0.0000000000
51949  -22.598  -32.502  64.263 0.0000000000
51980  -23.642  -31.554  62.779 0.0000000000
53286  -22.339  -30.708  61.531 0.0000000000
54559  -22.053  -30.466  60.933 0.0000000000
53324  -22.231  -30.418  59.948 0.0000000000
80281  -40.014  -9.491  45.426 0.0000000000
85207  -48.814  -4.436  45.910 0.0000000000
86533  -48.204  -4.131  45.460 0.0000000000
86512  -49.329  -3.864  45.769 0.0000000000
87756  -49.555  -3.286  45.818 0.0000000000
91251  -49.604  -0.357  45.494 0.0000000000
68268  -30.136  -19.290  52.534 0.0000000000
67042  -29.838  -20.089  52.821 0.0000000000
68237  -39.879  -17.412  54.057 0.0000000000
68238  -40.396  -17.582  53.806 0.0000000000
68255  -40.914  -18.097  53.496 0.0000000000
69546  -41.464  -17.242  52.696 0.0000000000
70757  -41.541  -16.623  52.353 0.0000000000
72031  -41.783  -16.006  52.311 0.0000000000
73243  -42.021  -15.140  52.094 0.0000000000
74373  -42.531  -15.023  51.848 0.0000000000
74345  -42.127  -14.025  52.662 0.0000000000
46015  -14.284  -36.012  65.612 0.0000000000
43685  -13.223  -38.366  65.835 0.0000000000
42514  -12.852  -38.689  63.389 0.0000000000
42503  -12.822  -38.539  64.091 0.0000000000
42502  -12.209  -38.738  65.011 0.0000000000
44930  -11.734  -39.480  64.168 0.0000000000
41184  -11.480  -40.036  62.998 0.0000000000
41192  -10.251  -40.504  61.892 0.0000000000
39895  -9.942  -40.821  61.790 0.0000000000
41200  -10.071  -40.583  61.352 0.0000000000
27549  -4.343  -50.741  60.986 0.0000000000
55806  -32.400  -28.986  59.912 0.0000000000
55798  -32.611  -29.119  60.950 0.0000000000
58138  -30.802  -27.313  66.293 0.0000000000
49544  -26.292  -33.056  62.507 0.0000000000
49569  -26.264  -33.001  61.926 0.0000000000
49558  -26.408  -33.231  62.156 0.0000000000
48418  -26.850  -33.205  61.964 0.0000000000
48407  -27.683  -33.182  62.233 0.0000000000
47273  -28.398  -32.378  63.412 0.0000000000
48408  -28.325  -33.059  62.445 0.0000000000
48420  -28.071  -33.253  61.520 0.0000000000
48421  -28.667  -33.046  61.687 0.0000000000
49573  -28.857  -32.790  61.210 0.0000000000
50745  -29.041  -32.373  60.913 0.0000000000
48386  -30.429  -32.481  64.844 0.0000000000
49527  -30.207  -31.962  64.097 0.0000000000
50680  -31.780  -32.183  64.681 0.0000000000
49510  -31.265  -31.938  64.556 0.0000000000
49545  -30.282  -31.874  63.597 0.0000000000
49560  -30.224  -32.129  62.840 0.0000000000
50726  -30.117  -32.160  61.995 0.0000000000
50746  -29.554  -32.086  61.299 0.0000000000
50747  -29.808  -31.802  61.271 0.0000000000
52046  -30.619  -30.786  60.663 0.0000000000
53272  -31.481  -30.796  62.456 0.0000000000
53310  -30.842  -30.426  61.053 0.0000000000
54570  -31.213  -30.231  60.552 0.0000000000
54571  -31.632  -29.998  60.452 0.0000000000
46031  -27.229  -34.198  65.414 0.0000000000
47239  -26.554  -32.839  64.048 0.0000000000
48395  -26.314  -32.573  63.246 0.0000000000
74390  -37.538  -14.426  48.281 0.0000000000
74404  -37.497  -14.334  47.683 0.0000000000
76686  -37.521  -13.245  48.493 0.0000000000
76702  -37.734  -12.508  47.698 0.0000000000
79063  -38.492  -10.988  48.384 0.0000000000
79078  -38.447  -10.926  47.936 0.0000000000
79053  -41.817  -8.947  49.819 0.0000000000
79065  -41.538  -9.045  49.461 0.0000000000
80243  -41.913  -8.812  48.887 0.0000000000
80242  -41.380  -9.108  48.927 0.0000000000
80256  -41.026  -8.632  48.245 0.0000000000
81406  -40.474  -8.634  47.085 0.0000000000
81422  -40.372  -8.691  46.467 0.0000000000
81434  -41.590  -8.086  45.284 0.0000000000
82618  -42.824  -7.553  46.498 0.0000000000
82630  -42.263  -7.568  45.729 0.0000000000
81435  -42.459  -7.840  44.696 0.0000000000
81449  -43.235  -8.052  43.862 0.0000000000
81458  -43.859  -7.777  43.745 0.0000000000
81459  -44.067  -8.141  43.091 0.0000000000
82651  -44.355  -7.550  43.918 0.0000000000
82644  -45.050  -7.111  44.361 0.0000000000
83929  -45.735  -6.503  44.760 0.0000000000
83930  -46.515  -5.980  45.081 0.0000000000
83931  -47.093  -5.439  45.494 0.0000000000
83933  -48.278  -4.605  46.222 0.0000000000
82602  -47.250  -6.155  48.086 0.0000000000
83920  -48.091  -5.310  46.710 0.0000000000
83921  -48.409  -4.738  46.515 0.0000000000
85206  -48.727  -4.580  46.289 0.0000000000
64307  -28.366  -22.727  57.404 0.0000000000
64286  -28.343  -21.969  57.482 0.0000000000
65616  -28.363  -21.656  56.988 0.0000000000
65644  -28.818  -21.091  56.381 0.0000000000
67002  -29.316  -20.027  56.647 0.0000000000
67019  -29.014  -20.045  55.718 0.0000000000
68234  -29.448  -19.203  55.150 0.0000000000
68235  -29.837  -18.920  54.360 0.0000000000
69461  -32.007  -17.962  58.317 0.0000000000
68217  -31.244  -18.152  57.058 0.0000000000
69485  -31.883  -17.794  56.578 0.0000000000
69484  -30.991  -18.293  56.600 0.0000000000
69542  -30.536  -18.545  53.119 0.0000000000
69543  -31.072  -17.762  52.749 0.0000000000
70771  -31.564  -17.338  52.354 0.0000000000
70731  -31.963  -16.452  53.414 0.0000000000
70752  -31.879  -16.523  52.563 0.0000000000
70772  -32.011  -17.165  51.857 0.0000000000
70791  -32.389  -17.383  51.220 0.0000000000
70792  -33.028  -17.177  50.824 0.0000000000
70793  -33.906  -16.944  50.455 0.0000000000
72045  -35.159  -16.477  51.707 0.0000000000
72046  -35.525  -16.491  51.698 0.0000000000
72029  -35.650  -16.354  52.202 0.0000000000
70734  -37.369  -16.530  52.756 0.0000000000
69527  -38.407  -16.728  53.459 0.0000000000
69510  -38.634  -16.727  53.842 0.0000000000
71956  -36.851  -14.979  55.834 0.0000000000
71973  -37.363  -15.162  55.260 0.0000000000
73185  -37.925  -15.325  54.895 0.0000000000
71958  -39.064  -15.426  56.015 0.0000000000
73171  -38.783  -15.390  55.642 0.0000000000
71994  -38.269  -15.803  54.338 0.0000000000
70720  -38.927  -16.016  54.151 0.0000000000
69511  -38.985  -16.768  54.086 0.0000000000
68236  -39.609  -17.053  54.251 0.0000000000
69512  -40.045  -16.758  54.474 0.0000000000
70709  -41.007  -16.859  54.958 0.0000000000
49554  -16.837  -33.223  61.621 0.0000000000
49538  -16.776  -33.047  62.462 0.0000000000
49519  -15.857  -33.804  63.540 0.0000000000
48376  -15.456  -34.614  64.210 0.0000000000
46056  -14.624  -36.492  62.435 0.0000000000
44995  -14.285  -37.109  61.003 0.0000000000
90124  -52.262  -1.097  40.536 0.0000000000
59421  -29.319  -26.829  56.690 0.0000000000
60595  -28.706  -26.302  56.136 0.0000000000
60584  -28.251  -25.337  57.036 0.0000000000
61741  -28.144  -24.977  57.398 0.0000000000
62984  -28.493  -23.691  57.915 0.0000000000
58201  -32.197  -27.940  59.778 0.0000000000
59375  -31.787  -27.482  60.096 0.0000000000
59373  -31.282  -26.402  60.134 0.0000000000
60513  -30.443  -25.431  62.978 0.0000000000
60560  -31.040  -26.296  59.755 0.0000000000
60559  -30.305  -26.210  59.986 0.0000000000
60558  -29.040  -26.148  60.218 0.0000000000
60557  -28.429  -25.121  60.081 0.0000000000
60536  -28.860  -24.579  60.479 0.0000000000
61734  -28.311  -24.461  59.095 0.0000000000
64288  -28.900  -21.267  58.900 0.0000000000
65592  -29.274  -20.610  59.057 0.0000000000
65572  -30.266  -20.533  60.428 0.0000000000
65593  -29.678  -20.296  59.706 0.0000000000
68183  -30.440  -19.199  59.588 0.0000000000
69427  -31.080  -18.664  59.975 0.0000000000
68113  -31.611  -19.509  62.917 0.0000000000
69388  -32.995  -18.025  62.487 0.0000000000
69387  -31.968  -18.383  62.034 0.0000000000
69408  -31.900  -18.239  61.164 0.0000000000
69429  -32.373  -17.735  60.729 0.0000000000
50743  -26.570  -32.159  61.029 0.0000000000
50762  -26.596  -31.988  59.920 0.0000000000
50780  -26.810  -31.734  59.044 0.0000000000
50779  -26.335  -31.601  58.117 0.0000000000
50798  -26.320  -31.772  57.501 0.0000000000
52080  -26.250  -32.015  57.095 0.0000000000
50857  -26.164  -32.556  55.638 0.0000000000
49606  -28.398  -31.603  59.411 0.0000000000
49630  -27.948  -32.181  58.403 0.0000000000
49653  -26.677  -32.494  56.120 0.0000000000
48360  -20.436  -33.464  65.411 0.0000000000
49522  -19.848  -32.587  64.264 0.0000000000
49540  -19.267  -32.352  63.280 0.0000000000
49556  -18.971  -32.229  62.597 0.0000000000
49505  -22.288  -33.226  64.548 0.0000000000
50686  -21.656  -32.754  64.178 0.0000000000
50703  -21.212  -32.300  63.876 0.0000000000
51996  -20.958  -31.791  62.512 0.0000000000
50720  -20.375  -31.968  62.787 0.0000000000
50741  -19.065  -32.262  61.510 0.0000000000
81460  -44.587  -7.829  42.925 0.0000000000
82660  -44.682  -7.520  42.417 0.0000000000
85241  -45.268  -5.711  40.902 0.0000000000
86542  -47.723  -4.276  44.728 0.0000000000
86540  -46.970  -4.253  43.090 0.0000000000
87776  -47.711  -3.497  43.818 0.0000000000
85248  -45.445  -5.114  40.793 0.0000000000
85247  -45.618  -5.364  40.270 0.0000000000
86560  -45.755  -4.905  40.031 0.0000000000
86568  -46.812  -4.738  38.808 0.0000000000
87801  -47.168  -4.374  38.690 0.0000000000
87794  -48.912  -3.269  39.015 0.0000000000
88926  -49.422  -2.761  39.385 0.0000000000
90120  -48.880  -1.799  40.578 0.0000000000
90121  -49.544  -1.963  40.422 0.0000000000
91280  -51.097  -1.011  41.523 0.0000000000
91273  -51.732  -0.072  42.386 0.0000000000
37321  -8.412  -42.724  65.167 0.0000000000
37355  -7.973  -43.534  63.487 0.0000000000
36105  -7.633  -44.235  63.101 0.0000000000
36121  -7.422  -44.703  62.325 0.0000000000
34851  -7.406  -45.466  61.041 0.0000000000
34827  -7.325  -45.371  61.807 0.0000000000
63012  -27.940  -23.098  56.607 0.0000000000
67054  -29.042  -20.475  52.544 0.0000000000
73292  -37.725  -15.452  47.239 0.0000000000
69586  -35.072  -17.530  49.758 0.0000000000
68272  -39.606  -17.822  52.624 0.0000000000
68293  -39.086  -18.153  51.628 0.0000000000
69567  -40.178  -17.977  51.269 0.0000000000
69588  -39.498  -18.219  51.146 0.0000000000
68335  -38.431  -18.419  49.500 0.0000000000
69626  -38.715  -18.026  48.498 0.0000000000
70817  -38.649  -17.261  48.397 0.0000000000
72082  -39.488  -16.915  49.340 0.0000000000
73280  -38.033  -15.687  48.491 0.0000000000
74391  -37.839  -14.640  48.948 0.0000000000
75531  -38.436  -13.869  49.605 0.0000000000
76670  -39.001  -12.534  50.268 0.0000000000
76671  -39.479  -12.732  50.657 0.0000000000
77836  -40.215  -11.490  51.578 0.0000000000
79021  -42.001  -10.076  52.313 0.0000000000
75500  -42.013  -13.663  52.975 0.0000000000
38575  -8.852  -41.576  66.390 0.0000000000
37370  -8.308  -43.079  62.628 0.0000000000
37371  -8.734  -42.236  62.711 0.0000000000
38651  -8.210  -43.484  61.667 0.0000000000
39910  -9.723  -41.227  61.445 0.0000000000
38691  -9.335  -42.566  60.033 0.0000000000
37341  -8.012  -43.458  64.541 0.0000000000
37319  -7.771  -43.556  65.079 0.0000000000
36071  -7.465  -43.782  65.239 0.0000000000
34791  -6.834  -44.979  63.390 0.0000000000
36048  -7.043  -44.205  65.788 0.0000000000
34761  -6.717  -44.506  66.324 0.0000000000
32367  -6.206  -48.174  60.860 0.0000000000
33594  -5.613  -47.063  62.339 0.0000000000
32353  -5.323  -47.899  62.362 0.0000000000
34789  -6.164  -46.073  64.524 0.0000000000
34760  -6.338  -45.101  66.354 0.0000000000
34745  -6.144  -44.880  66.997 0.0000000000
33497  -5.709  -44.872  67.074 0.0000000000
34744  -5.321  -44.890  66.970 0.0000000000
34743  -5.044  -44.868  66.953 0.0000000000
32307  -4.913  -46.902  65.213 0.0000000000
33522  -4.993  -45.985  65.250 0.0000000000
34726  -4.635  -44.633  67.241 0.0000000000
34742  -4.524  -44.795  66.980 0.0000000000
28757  -4.144  -50.309  61.505 0.0000000000
29944  -4.317  -49.498  61.937 0.0000000000
31131  -4.173  -49.037  62.327 0.0000000000
31123  -4.074  -48.653  62.668 0.0000000000
33549  -4.256  -46.765  63.784 0.0000000000
32305  -4.740  -46.456  64.852 0.0000000000
32318  -4.721  -46.667  64.623 0.0000000000
32336  -4.848  -47.076  64.380 0.0000000000
33495  -4.795  -44.803  66.965 0.0000000000
33496  -5.043  -44.858  66.873 0.0000000000
33498  -5.940  -44.891  67.090 0.0000000000
33511  -6.005  -45.223  66.713 0.0000000000
33550  -4.676  -47.170  63.803 0.0000000000
33573  -4.825  -47.431  63.455 0.0000000000
34727  -4.952  -44.679  67.397 0.0000000000
34728  -5.408  -44.597  67.545 0.0000000000
34729  -6.065  -44.432  67.643 0.0000000000
34790  -6.757  -45.158  63.294 0.0000000000
34802  -6.058  -46.263  63.434 0.0000000000
35984  -6.409  -43.191  69.340 0.0000000000
35985  -6.854  -42.975  69.208 0.0000000000
36000  -6.114  -43.565  68.858 0.0000000000
36017  -6.952  -43.510  67.678 0.0000000000
36018  -7.345  -43.106  68.140 0.0000000000
36031  -7.080  -43.819  66.678 0.0000000000
36032  -7.287  -43.594  66.291 0.0000000000
36049  -7.433  -43.555  65.904 0.0000000000
36050  -7.634  -43.226  65.798 0.0000000000
36072  -7.612  -43.411  65.608 0.0000000000
36089  -6.332  -45.756  63.983 0.0000000000
37261  -7.185  -43.375  67.077 0.0000000000
37262  -7.148  -43.351  67.243 0.0000000000
37263  -7.443  -42.969  67.690 0.0000000000
37279  -7.155  -43.534  66.895 0.0000000000
37320  -8.046  -43.058  65.456 0.0000000000
37340  -7.718  -43.635  64.924 0.0000000000
39868  -10.079  -41.105  63.498 0.0000000000
39879  -10.172  -41.088  63.267 0.0000000000
39881  -10.546  -40.698  62.909 0.0000000000
39909  -9.826  -40.920  61.513 0.0000000000
41135  -9.644  -39.986  66.844 0.0000000000
41155  -10.580  -40.561  64.619 0.0000000000
41158  -11.636  -39.106  65.858 0.0000000000
41159  -11.888  -38.791  65.608 0.0000000000
41169  -10.253  -40.968  63.523 0.0000000000
41171  -11.100  -40.365  64.406 0.0000000000
41174  -11.655  -38.970  65.502 0.0000000000
41181  -10.328  -41.034  63.455 0.0000000000
41191  -10.080  -40.607  61.711 0.0000000000
41193  -10.803  -40.239  62.474 0.0000000000
41194  -12.384  -38.825  61.553 0.0000000000
41199  -9.944  -40.715  61.570 0.0000000000
42500  -11.472  -39.911  64.676 0.0000000000
42510  -11.280  -40.121  63.873 0.0000000000
42511  -11.548  -39.879  63.317 0.0000000000
42512  -12.027  -38.935  64.641 0.0000000000
42529  -10.200  -40.553  60.886 0.0000000000
42531  -13.489  -38.258  62.153 0.0000000000
42536  -10.365  -40.565  60.648 0.0000000000
43665  -14.071  -37.038  67.340 0.0000000000
43686  -14.082  -37.293  66.553 0.0000000000
43711  -11.442  -39.924  64.401 0.0000000000
43712  -11.665  -39.505  64.520 0.0000000000
43713  -11.758  -39.190  64.750 0.0000000000
43715  -13.101  -38.399  64.501 0.0000000000
43735  -11.565  -39.702  63.995 0.0000000000
43790  -11.538  -39.718  59.566 0.0000000000
44879  -13.675  -37.761  66.204 0.0000000000
44880  -13.704  -37.711  66.445 0.0000000000
44895  -13.904  -37.423  66.114 0.0000000000
44908  -11.839  -39.315  64.316 0.0000000000
44909  -11.855  -39.200  64.515 0.0000000000
44910  -13.554  -37.996  65.262 0.0000000000
44931  -11.954  -39.314  63.955 0.0000000000
44932  -13.527  -38.065  64.899 0.0000000000
44933  -13.711  -37.820  64.607 0.0000000000
44976  -13.839  -37.429  61.483 0.0000000000
47176  -29.829  -34.200  66.277 0.0000000000
47177  -30.405  -34.057  66.134 0.0000000000
47198  -30.158  -34.274  65.862 0.0000000000
47217  -25.947  -33.476  64.597 0.0000000000
47221  -28.929  -34.018  65.178 0.0000000000
47223  -30.175  -33.783  65.691 0.0000000000
47238  -26.162  -32.915  64.210 0.0000000000
47256  -26.660  -32.658  63.328 0.0000000000
47271  -27.387  -32.973  62.688 0.0000000000
48332  -30.092  -33.469  66.312 0.0000000000
48348  -30.270  -33.563  65.829 0.0000000000
48367  -30.398  -32.713  65.421 0.0000000000
48394  -25.873  -32.530  63.656 0.0000000000
48405  -26.538  -33.196  62.453 0.0000000000
49493  -30.771  -32.462  65.535 0.0000000000
49508  -24.752  -33.100  64.545 0.0000000000
49509  -30.856  -32.317  64.907 0.0000000000
49525  -22.363  -33.635  64.891 0.0000000000
49528  -30.653  -31.740  64.198 0.0000000000
49529  -31.165  -31.619  64.223 0.0000000000
49561  -30.571  -32.024  63.005 0.0000000000
49574  -29.354  -32.689  61.625 0.0000000000
49607  -28.750  -31.557  59.777 0.0000000000
50661  -30.972  -32.324  66.983 0.0000000000
50668  -31.741  -32.175  65.303 0.0000000000
50669  -32.156  -32.145  65.146 0.0000000000
50676  -22.509  -32.934  64.454 0.0000000000
50679  -24.939  -32.852  64.142 0.0000000000
50681  -32.177  -32.162  64.823 0.0000000000
50687  -22.092  -33.019  64.261 0.0000000000
50689  -24.463  -32.128  63.711 0.0000000000
50691  -31.177  -31.512  63.928 0.0000000000
50693  -31.955  -31.825  64.433 0.0000000000
50700  -18.226  -32.403  62.553 0.0000000000
50702  -20.665  -32.136  63.500 0.0000000000
50707  -30.879  -31.803  62.879 0.0000000000
50708  -31.081  -31.622  63.364 0.0000000000
50716  -16.855  -33.254  61.078 0.0000000000
50717  -17.470  -32.822  61.562 0.0000000000
50719  -19.512  -32.207  62.324 0.0000000000
50721  -20.955  -31.924  63.304 0.0000000000
50742  -26.461  -32.592  61.714 0.0000000000
50763  -28.477  -32.740  60.176 0.0000000000
50828  -28.910  -31.874  57.572 0.0000000000
51926  -31.624  -31.692  65.753 0.0000000000
51927  -32.041  -31.483  65.454 0.0000000000
51935  -32.023  -31.944  65.328 0.0000000000
51962  -21.613  -32.280  64.043 0.0000000000
51965  -23.828  -31.933  63.516 0.0000000000
51966  -31.629  -31.358  63.781 0.0000000000
51983  -31.160  -31.583  62.791 0.0000000000
52000  -26.056  -31.682  61.250 0.0000000000
52016  -19.427  -32.180  60.768 0.0000000000
52022  -30.521  -31.240  61.119 0.0000000000
52023  -30.683  -30.856  61.000 0.0000000000
52060  -21.040  -31.216  59.004 0.0000000000
52062  -29.617  -30.948  59.131 0.0000000000
52075  -18.501  -33.048  57.970 0.0000000000
52102  -29.059  -31.608  57.728 0.0000000000
53270  -30.948  -31.311  62.219 0.0000000000
53288  -30.798  -31.188  61.743 0.0000000000
53289  -31.118  -30.909  61.830 0.0000000000
53290  -31.371  -30.352  61.712 0.0000000000
53304  -19.965  -31.643  60.536 0.0000000000
53307  -22.517  -30.477  60.773 0.0000000000
53326  -24.069  -30.419  59.074 0.0000000000
53345  -29.409  -30.963  58.300 0.0000000000
53366  -29.472  -30.789  58.142 0.0000000000
53367  -29.415  -30.884  58.070 0.0000000000
53388  -29.137  -30.999  57.521 0.0000000000
53407  -28.498  -31.038  55.646 0.0000000000
53408  -28.847  -30.817  55.986 0.0000000000
53427  -28.772  -30.686  55.367 0.0000000000
54532  -31.646  -29.953  64.003 0.0000000000
54542  -31.711  -29.983  63.649 0.0000000000
54552  -31.150  -31.203  62.181 0.0000000000
54553  -31.203  -31.011  62.043 0.0000000000
54560  -31.099  -31.171  62.168 0.0000000000
54561  -31.084  -31.103  61.898 0.0000000000
54568  -21.716  -30.588  60.585 0.0000000000
54569  -22.088  -30.459  60.447 0.0000000000
54580  -21.896  -30.519  60.223 0.0000000000
54581  -22.114  -30.445  60.196 0.0000000000
54582  -24.306  -30.478  58.476 0.0000000000
54584  -31.552  -30.331  60.100 0.0000000000
54585  -31.863  -29.994  59.668 0.0000000000
54596  -22.630  -29.871  58.225 0.0000000000
54599  -24.678  -30.518  57.685 0.0000000000
54600  -29.610  -30.719  58.334 0.0000000000
54601  -29.786  -30.519  58.263 0.0000000000
54621  -24.335  -30.298  57.068 0.0000000000
54624  -29.659  -30.495  57.797 0.0000000000
54640  -24.628  -30.646  56.257 0.0000000000
54658  -23.877  -30.768  55.662 0.0000000000
55777  -31.634  -29.742  63.970 0.0000000000
55782  -31.666  -29.813  63.818 0.0000000000
55831  -32.126  -29.069  57.890 0.0000000000
57011  -31.955  -28.273  57.985 0.0000000000
58242  -30.708  -27.337  57.399 0.0000000000
58243  -30.875  -27.382  57.535 0.0000000000
58254  -30.763  -27.429  56.878 0.0000000000
59336  -30.297  -25.673  63.181 0.0000000000
59337  -30.266  -25.864  63.343 0.0000000000
59346  -30.356  -25.832  63.017 0.0000000000
59426  -31.910  -28.010  58.150 0.0000000000
59436  -31.564  -27.648  56.928 0.0000000000
60500  -31.416  -25.211  64.002 0.0000000000
60506  -30.402  -25.635  63.384 0.0000000000
60512  -30.475  -25.495  63.222 0.0000000000
60540  -31.011  -26.496  60.990 0.0000000000
61678  -30.187  -23.790  62.037 0.0000000000
61690  -29.526  -23.721  61.422 0.0000000000
61693  -30.136  -25.051  62.369 0.0000000000
62965  -29.410  -22.296  60.059 0.0000000000
62983  -28.226  -24.438  57.646 0.0000000000
64225  -29.826  -22.807  61.559 0.0000000000
64237  -29.644  -22.591  61.348 0.0000000000
64238  -29.611  -21.942  60.965 0.0000000000
64249  -29.742  -20.736  60.237 0.0000000000
64265  -29.253  -21.059  59.507 0.0000000000
64323  -28.019  -22.807  56.877 0.0000000000
67003  -29.606  -19.709  57.344 0.0000000000
68182  -30.346  -19.098  59.397 0.0000000000
68215  -29.847  -19.013  57.027 0.0000000000
68225  -39.877  -16.734  54.468 0.0000000000
68226  -39.935  -17.093  54.348 0.0000000000
68251  -38.353  -16.875  52.924 0.0000000000
68256  -41.416  -17.929  53.024 0.0000000000
68296  -40.731  -17.893  51.752 0.0000000000
68316  -40.806  -17.678  51.395 0.0000000000
68317  -41.068  -17.703  51.427 0.0000000000
68337  -39.494  -18.309  49.891 0.0000000000
69386  -31.375  -18.785  61.532 0.0000000000
69442  -30.457  -18.860  59.407 0.0000000000
69443  -30.862  -18.610  59.369 0.0000000000
69459  -30.484  -18.686  59.106 0.0000000000
69487  -32.919  -16.807  56.247 0.0000000000
69488  -39.884  -15.803  55.097 0.0000000000
69493  -29.900  -18.754  56.205 0.0000000000
69498  -33.296  -16.577  55.999 0.0000000000
69500  -39.998  -16.387  54.791 0.0000000000
69501  -40.518  -16.729  54.975 0.0000000000
69507  -29.828  -18.720  55.791 0.0000000000
69514  -41.076  -16.810  53.943 0.0000000000
69515  -41.289  -16.796  53.864 0.0000000000
69525  -37.678  -16.705  52.680 0.0000000000
69528  -38.793  -17.096  53.559 0.0000000000
69529  -40.676  -17.282  53.917 0.0000000000
69530  -41.041  -17.107  53.697 0.0000000000
69545  -37.990  -16.865  52.613 0.0000000000
69565  -39.548  -18.197  51.590 0.0000000000
69566  -39.868  -18.132  51.450 0.0000000000
69569  -41.210  -17.452  51.902 0.0000000000
69582  -31.444  -18.322  50.860 0.0000000000
69590  -40.248  -17.869  50.749 0.0000000000
69591  -40.662  -17.600  51.005 0.0000000000
69592  -41.027  -17.480  51.411 0.0000000000
69613  -40.508  -17.678  50.823 0.0000000000
69623  -35.549  -18.640  48.490 0.0000000000
70686  -33.233  -16.618  56.991 0.0000000000
70697  -33.565  -16.392  56.698 0.0000000000
70698  -33.484  -16.454  56.377 0.0000000000
70699  -39.871  -15.910  55.269 0.0000000000
70721  -40.937  -16.950  54.027 0.0000000000
70722  -41.157  -16.737  54.259 0.0000000000
70736  -37.958  -16.316  53.858 0.0000000000
70738  -40.867  -16.889  53.997 0.0000000000
70751  -31.626  -17.104  52.892 0.0000000000
70756  -41.463  -16.694  52.076 0.0000000000
70775  -34.675  -16.642  51.114 0.0000000000
70777  -41.430  -16.680  51.829 0.0000000000
71939  -33.882  -16.205  56.957 0.0000000000
71940  -34.345  -16.029  57.389 0.0000000000
71968  -32.790  -16.107  54.495 0.0000000000
71974  -39.018  -15.494  55.765 0.0000000000
71995  -38.973  -15.631  54.730 0.0000000000
72008  -32.434  -15.794  53.338 0.0000000000
72027  -34.103  -16.544  52.229 0.0000000000
72030  -41.518  -16.462  52.019 0.0000000000
72048  -41.746  -15.516  51.925 0.0000000000
72049  -42.144  -15.221  51.839 0.0000000000
72062  -40.446  -16.368  50.663 0.0000000000
72065  -42.654  -15.096  51.652 0.0000000000
73172  -39.010  -15.496  55.571 0.0000000000
73186  -38.516  -15.423  55.054 0.0000000000
73187  -38.963  -15.522  55.297 0.0000000000
73222  -42.130  -15.358  52.393 0.0000000000
73242  -41.314  -14.851  51.917 0.0000000000
73245  -42.643  -14.618  53.007 0.0000000000
73259  -42.223  -15.154  51.803 0.0000000000
73260  -42.666  -14.962  51.840 0.0000000000
73291  -37.577  -14.858  47.530 0.0000000000
74343  -41.385  -13.951  52.417 0.0000000000
74344  -41.647  -13.998  52.509 0.0000000000
74356  -39.928  -14.155  51.356 0.0000000000
74358  -41.133  -14.268  52.182 0.0000000000
74359  -41.811  -14.437  52.352 0.0000000000
74360  -42.379  -14.489  52.597 0.0000000000
74372  -42.018  -14.892  52.034 0.0000000000
75513  -40.860  -13.637  52.166 0.0000000000
75522  -39.269  -13.825  50.629 0.0000000000
75532  -38.913  -13.957  50.150 0.0000000000
75541  -37.506  -13.742  48.390 0.0000000000
76662  -39.817  -12.980  51.255 0.0000000000
76701  -37.438  -13.135  48.181 0.0000000000
77828  -40.427  -11.904  52.211 0.0000000000
77844  -39.445  -11.479  50.691 0.0000000000
77845  -39.807  -11.544  51.176 0.0000000000
79031  -39.847  -10.882  51.199 0.0000000000
79041  -39.745  -10.755  50.976 0.0000000000
79044  -41.747  -8.992  50.568 0.0000000000
79066  -41.742  -8.948  49.312 0.0000000000
80220  -43.679  -8.730  51.041 0.0000000000
80229  -41.326  -9.148  49.367 0.0000000000
81354  -44.025  -8.751  52.380 0.0000000000
81366  -43.701  -8.680  51.978 0.0000000000
81373  -42.741  -8.543  50.167 0.0000000000
81382  -42.744  -8.484  49.849 0.0000000000
82616  -41.580  -7.721  46.484 0.0000000000
83934  -48.531  -4.430  46.001 0.0000000000
83941  -47.261  -5.121  45.240 0.0000000000
83944  -48.250  -4.378  45.972 0.0000000000
83952  -47.511  -4.712  45.188 0.0000000000
83953  -47.609  -4.645  45.380 0.0000000000
85197  -49.255  -4.419  46.285 0.0000000000
85204  -46.613  -5.741  44.982 0.0000000000
85212  -46.511  -5.573  44.828 0.0000000000
85213  -46.957  -5.129  44.991 0.0000000000
85214  -47.218  -5.051  44.884 0.0000000000
85215  -48.049  -4.404  45.924 0.0000000000
85216  -48.375  -4.274  45.761 0.0000000000
85223  -46.866  -4.740  44.567 0.0000000000
85224  -47.404  -4.737  44.945 0.0000000000
85226  -48.029  -4.229  45.616 0.0000000000
85236  -47.606  -4.474  44.839 0.0000000000
85254  -45.990  -5.441  39.611 0.0000000000
86511  -49.139  -3.614  45.445 0.0000000000
86518  -46.491  -5.361  44.749 0.0000000000
86519  -46.619  -5.163  44.826 0.0000000000
86520  -48.575  -3.487  44.881 0.0000000000
86522  -48.652  -4.097  45.523 0.0000000000
86552  -45.662  -4.887  40.302 0.0000000000
87761  -48.590  -3.189  44.697 0.0000000000
87762  -48.893  -3.266  45.095 0.0000000000
88904  -47.713  -2.774  43.565 0.0000000000
88915  -46.818  -2.778  41.012 0.0000000000
88929  -51.777  -2.101  38.998 0.0000000000
90113  -49.573  -1.509  41.052 0.0000000000
90115  -51.529  -1.222  41.098 0.0000000000
138303  -11.391  -39.652  62.251 0.0000000000
138304  -11.807  -39.568  63.451 0.0000000000
138305  -11.389  -39.569  61.967 0.0000000000
138308  -11.728  -39.770  63.033 0.0000000000
138310  -12.708  -38.799  61.268 0.0000000000
