#!ascii label  , from subject 3320 vox2ras=TkReg
1125
57548  24.465  -35.006  52.922 0.0000000000
79294  43.233  -17.944  43.787 0.0000000000
67580  34.181  -28.473  46.720 0.0000000000
46800  9.660  -45.101  59.491 0.0000000000
50288  23.437  -40.750  55.199 0.0000000000
72229  34.628  -23.141  46.607 0.0000000000
49166  16.856  -42.688  55.940 0.0000000000
44471  14.358  -47.371  58.051 0.0000000000
48029  20.545  -43.715  55.141 0.0000000000
79290  47.430  -17.928  43.610 0.0000000000
62615  26.580  -30.237  55.030 0.0000000000
61432  30.777  -33.178  50.866 0.0000000000
58733  28.542  -34.796  56.037 0.0000000000
84329  45.505  -12.919  42.352 0.0000000000
83079  49.203  -15.109  41.461 0.0000000000
79273  39.540  -17.234  44.909 0.0000000000
73295  42.961  -22.588  45.891 0.0000000000
73300  38.543  -22.658  45.683 0.0000000000
66357  39.045  -28.651  47.131 0.0000000000
50266  29.384  -41.945  55.803 0.0000000000
40649  8.991  -49.785  60.808 0.0000000000
40620  6.137  -49.471  62.780 0.0000000000
40592  4.204  -49.248  65.336 0.0000000000
53841  24.704  -38.856  53.702 0.0000000000
46862  25.109  -44.455  55.392 0.0000000000
67547  29.308  -27.895  49.595 0.0000000000
65037  34.996  -31.379  52.776 0.0000000000
86570  53.224  -11.741  41.220 0.0000000000
79292  45.482  -18.278  44.031 0.0000000000
76947  45.287  -19.941  44.881 0.0000000000
62616  23.044  -31.074  55.007 0.0000000000
61409  25.776  -32.741  52.906 0.0000000000
58771  26.024  -34.084  53.904 0.0000000000
81795  42.470  -14.969  43.395 0.0000000000
84312  44.441  -12.822  44.366 0.0000000000
80542  44.130  -15.618  42.385 0.0000000000
81808  46.491  -15.530  41.753 0.0000000000
34043  4.016  -53.686  63.804 0.0000000000
76953  38.016  -19.221  44.902 0.0000000000
76940  36.307  -19.427  46.227 0.0000000000
69970  33.898  -25.562  46.099 0.0000000000
68777  36.692  -26.408  45.709 0.0000000000
66359  36.852  -28.947  46.980 0.0000000000
65107  36.678  -30.235  49.139 0.0000000000
45661  11.818  -45.324  58.235 0.0000000000
43221  13.655  -47.984  60.299 0.0000000000
43223  11.832  -48.125  60.195 0.0000000000
40673  11.307  -49.630  61.231 0.0000000000
43225  9.217  -47.240  59.891 0.0000000000
43191  6.654  -46.801  63.517 0.0000000000
39330  5.107  -49.731  63.635 0.0000000000
51445  24.599  -40.395  54.109 0.0000000000
49211  25.663  -42.204  53.098 0.0000000000
49213  23.996  -42.604  53.309 0.0000000000
46810  19.802  -45.505  58.324 0.0000000000
45672  21.971  -45.998  57.394 0.0000000000
58766  32.742  -35.283  54.031 0.0000000000
61418  33.248  -32.911  51.582 0.0000000000
75720  35.374  -19.985  47.829 0.0000000000
71056  33.729  -23.094  48.476 0.0000000000
69956  32.013  -25.415  46.703 0.0000000000
46833  17.426  -44.841  57.322 0.0000000000
44454  16.975  -47.033  58.695 0.0000000000
46835  15.405  -44.521  56.613 0.0000000000
46838  12.737  -43.767  57.384 0.0000000000
49138  10.696  -42.861  58.566 0.0000000000
49199  21.913  -42.556  53.643 0.0000000000
50291  20.107  -41.708  54.550 0.0000000000
49164  19.085  -42.812  55.961 0.0000000000
61397  29.178  -30.693  55.083 0.0000000000
63856  29.669  -30.289  52.692 0.0000000000
62658  28.042  -31.484  52.473 0.0000000000
58792  29.489  -34.492  53.062 0.0000000000
86574  49.165  -11.466  41.568 0.0000000000
84341  47.515  -13.346  41.343 0.0000000000
80538  47.824  -16.784  42.319 0.0000000000
79296  40.925  -17.516  44.220 0.0000000000
76963  43.347  -19.998  44.005 0.0000000000
76950  40.624  -20.301  44.070 0.0000000000
74506  41.062  -22.205  45.510 0.0000000000
71068  40.867  -24.720  46.711 0.0000000000
73302  36.181  -22.317  45.923 0.0000000000
69965  39.076  -25.511  46.000 0.0000000000
53824  28.143  -38.399  53.551 0.0000000000
56240  28.107  -36.916  54.949 0.0000000000
81774  41.235  -14.694  45.216 0.0000000000
45609  8.386  -45.208  61.346 0.0000000000
43211  8.076  -47.377  61.192 0.0000000000
40651  7.294  -49.594  61.341 0.0000000000
38108  7.299  -51.458  61.714 0.0000000000
38110  5.748  -51.956  62.718 0.0000000000
38084  4.640  -51.630  63.499 0.0000000000
38033  3.541  -51.162  64.300 0.0000000000
38012  2.776  -50.431  64.896 0.0000000000
55012  23.740  -36.906  53.221 0.0000000000
51473  26.569  -40.298  52.695 0.0000000000
48022  27.594  -43.061  55.250 0.0000000000
46864  22.819  -44.602  55.039 0.0000000000
67565  31.478  -27.590  47.897 0.0000000000
65092  30.691  -30.545  50.060 0.0000000000
66305  32.404  -29.703  49.573 0.0000000000
66303  34.413  -30.054  49.926 0.0000000000
57463  29.149  -36.199  57.169 0.0000000000
85473  53.852  -12.472  40.018 0.0000000000
85454  51.387  -12.604  41.035 0.0000000000
83100  53.141  -14.334  40.360 0.0000000000
79293  44.261  -18.084  43.856 0.0000000000
78126  45.408  -19.043  44.466 0.0000000000
78127  44.717  -18.873  44.181 0.0000000000
60071  22.894  -33.389  53.800 0.0000000000
60085  23.648  -32.889  53.272 0.0000000000
58772  25.377  -34.443  53.462 0.0000000000
80522  42.547  -16.363  43.408 0.0000000000
81794  43.314  -15.451  42.733 0.0000000000
80521  44.007  -16.497  42.737 0.0000000000
80520  45.255  -16.836  42.693 0.0000000000
34044  3.324  -53.694  63.899 0.0000000000
79253  36.580  -17.988  46.497 0.0000000000
79224  35.908  -17.869  47.360 0.0000000000
67592  34.333  -27.644  46.119 0.0000000000
67591  35.347  -27.526  46.004 0.0000000000
67579  35.095  -28.438  46.514 0.0000000000
66342  36.544  -29.614  47.541 0.0000000000
65136  35.322  -29.563  47.590 0.0000000000
45642  11.091  -45.576  58.949 0.0000000000
44458  11.520  -46.733  59.106 0.0000000000
44459  10.484  -46.621  59.156 0.0000000000
43243  9.921  -47.547  59.420 0.0000000000
44460  9.489  -46.391  59.489 0.0000000000
50307  24.112  -40.875  54.267 0.0000000000
50325  24.173  -41.498  53.092 0.0000000000
50326  23.262  -41.915  53.287 0.0000000000
46795  19.372  -45.826  58.912 0.0000000000
66245  28.911  -28.564  54.217 0.0000000000
60065  34.256  -34.141  53.953 0.0000000000
71071  33.171  -24.039  47.435 0.0000000000
71058  31.881  -23.946  47.960 0.0000000000
47990  17.035  -43.867  56.445 0.0000000000
46834  16.427  -44.666  56.882 0.0000000000
48012  15.811  -43.291  55.981 0.0000000000
49153  13.293  -43.010  56.964 0.0000000000
49155  12.360  -42.142  57.598 0.0000000000
47977  11.723  -43.426  58.013 0.0000000000
51431  21.668  -40.343  54.827 0.0000000000
50274  17.393  -41.425  55.400 0.0000000000
50293  18.292  -41.379  55.124 0.0000000000
49165  18.077  -42.442  55.735 0.0000000000
47989  18.041  -44.123  56.675 0.0000000000
62645  28.066  -30.952  53.560 0.0000000000
62646  27.152  -31.035  53.105 0.0000000000
60067  27.345  -33.822  53.867 0.0000000000
60081  27.663  -33.597  53.028 0.0000000000
58770  29.126  -34.460  54.063 0.0000000000
58746  30.675  -34.850  54.880 0.0000000000
58731  30.353  -34.813  55.701 0.0000000000
85447  44.588  -12.526  43.295 0.0000000000
85458  47.267  -12.259  41.333 0.0000000000
84342  46.168  -13.023  41.569 0.0000000000
80518  47.164  -17.268  42.713 0.0000000000
80539  46.866  -16.460  42.183 0.0000000000
80517  47.947  -17.571  43.113 0.0000000000
80506  40.287  -16.990  44.531 0.0000000000
78131  40.518  -18.487  44.228 0.0000000000
78132  39.562  -18.508  44.264 0.0000000000
75739  38.472  -20.906  45.338 0.0000000000
75738  39.598  -21.336  45.093 0.0000000000
73299  39.616  -22.799  45.756 0.0000000000
72223  41.002  -23.647  46.474 0.0000000000
72224  40.128  -23.660  45.964 0.0000000000
74486  34.672  -21.054  47.676 0.0000000000
74511  35.503  -21.093  46.658 0.0000000000
73303  35.213  -22.308  46.412 0.0000000000
67589  37.416  -27.190  45.967 0.0000000000
68776  37.678  -26.354  45.816 0.0000000000
68767  39.164  -27.207  46.449 0.0000000000
68766  39.826  -26.667  46.563 0.0000000000
51443  28.703  -40.563  54.473 0.0000000000
52614  29.409  -39.640  55.373 0.0000000000
80465  40.242  -16.133  46.759 0.0000000000
80487  40.072  -16.536  45.462 0.0000000000
80505  41.162  -16.139  44.199 0.0000000000
44470  15.576  -47.064  57.778 0.0000000000
43258  15.412  -47.774  58.413 0.0000000000
39417  10.291  -50.322  61.068 0.0000000000
40629  11.113  -50.468  62.051 0.0000000000
39397  10.461  -50.623  61.778 0.0000000000
38129  9.242  -50.969  61.604 0.0000000000
46755  7.635  -44.229  62.967 0.0000000000
44424  8.191  -46.263  61.422 0.0000000000
45575  7.627  -45.722  62.713 0.0000000000
41949  6.531  -47.836  62.715 0.0000000000
41962  6.836  -48.161  61.924 0.0000000000
40631  6.771  -49.211  61.850 0.0000000000
39373  6.922  -50.332  61.696 0.0000000000
39374  6.314  -50.365  62.200 0.0000000000
38109  6.336  -51.725  62.280 0.0000000000
38082  5.747  -51.051  62.833 0.0000000000
40591  4.945  -48.987  65.184 0.0000000000
39331  4.677  -49.990  63.813 0.0000000000
39332  4.303  -50.337  64.089 0.0000000000
38057  3.909  -51.417  63.769 0.0000000000
39320  3.975  -49.884  64.668 0.0000000000
54958  23.330  -37.136  56.026 0.0000000000
57503  22.956  -35.913  56.219 0.0000000000
53842  24.468  -38.023  53.367 0.0000000000
53857  26.204  -38.358  52.302 0.0000000000
52662  25.792  -39.336  52.363 0.0000000000
48039  25.218  -43.437  54.130 0.0000000000
49196  26.291  -42.284  53.724 0.0000000000
48024  25.773  -43.866  55.171 0.0000000000
48043  21.112  -43.302  54.685 0.0000000000
48042  22.194  -43.658  54.221 0.0000000000
48028  21.493  -44.173  55.110 0.0000000000
45651  23.503  -46.485  57.950 0.0000000000
74525  43.213  -21.533  44.955 0.0000000000
74524  44.151  -21.604  45.240 0.0000000000
74503  43.558  -22.441  45.691 0.0000000000
69930  29.320  -25.210  49.337 0.0000000000
68758  30.261  -26.164  48.169 0.0000000000
67545  30.840  -27.572  48.548 0.0000000000
62669  29.758  -31.733  51.340 0.0000000000
65073  29.440  -30.069  51.505 0.0000000000
62683  30.545  -32.000  50.582 0.0000000000
63855  34.155  -31.799  51.880 0.0000000000
63865  33.513  -31.688  50.923 0.0000000000
65071  33.955  -31.013  51.029 0.0000000000
66304  33.568  -29.983  49.638 0.0000000000
66285  34.460  -30.310  50.756 0.0000000000
65069  35.439  -29.919  51.095 0.0000000000
56220  27.886  -36.159  55.662 0.0000000000
85465  53.381  -12.443  40.497 0.0000000000
84339  49.556  -13.475  41.087 0.0000000000
85455  50.324  -12.635  41.152 0.0000000000
84325  50.065  -14.380  40.951 0.0000000000
81818  52.568  -15.691  41.253 0.0000000000
80561  53.577  -16.184  40.891 0.0000000000
50275  16.125  -41.428  55.740 0.0000000000
50276  15.043  -41.508  56.089 0.0000000000
79291  46.616  -18.098  43.861 0.0000000000
79270  47.699  -18.476  44.559 0.0000000000
79271  46.412  -18.559  44.511 0.0000000000
65014  24.265  -29.724  55.085 0.0000000000
63848  25.603  -30.594  53.200 0.0000000000
62649  24.137  -31.389  53.395 0.0000000000
61398  25.699  -33.295  53.353 0.0000000000
60057  27.059  -34.041  54.853 0.0000000000
83048  44.041  -13.225  45.122 0.0000000000
83072  43.481  -14.288  43.292 0.0000000000
83071  44.165  -13.830  43.024 0.0000000000
83083  45.267  -14.308  42.017 0.0000000000
83094  45.756  -14.188  41.597 0.0000000000
81809  45.495  -15.360  41.755 0.0000000000
34054  4.449  -54.340  63.571 0.0000000000
80489  38.387  -17.289  45.673 0.0000000000
78133  38.608  -18.516  44.594 0.0000000000
79276  37.446  -17.795  45.670 0.0000000000
76954  37.196  -19.316  45.475 0.0000000000
75740  37.351  -20.750  45.647 0.0000000000
71085  34.314  -24.479  46.351 0.0000000000
71084  35.280  -24.373  45.940 0.0000000000
68778  35.640  -26.485  45.780 0.0000000000
67590  36.398  -27.384  45.956 0.0000000000
66358  37.932  -28.696  47.068 0.0000000000
65121  38.140  -29.969  48.273 0.0000000000
65086  38.319  -30.286  50.054 0.0000000000
47984  29.112  -43.455  56.916 0.0000000000
44472  13.211  -46.656  58.098 0.0000000000
44455  14.190  -47.660  58.850 0.0000000000
44457  12.596  -46.727  59.009 0.0000000000
43222  12.725  -47.923  60.433 0.0000000000
41990  12.322  -48.469  60.680 0.0000000000
41992  10.455  -48.600  59.959 0.0000000000
41993  9.244  -48.312  59.743 0.0000000000
44388  6.948  -45.963  63.618 0.0000000000
43173  6.285  -46.730  64.494 0.0000000000
40619  6.165  -48.588  63.336 0.0000000000
39348  5.535  -49.972  63.003 0.0000000000
40589  5.452  -48.012  64.859 0.0000000000
40571  5.274  -47.952  65.999 0.0000000000
40572  4.851  -48.093  66.114 0.0000000000
52649  24.751  -39.686  53.521 0.0000000000
51474  25.292  -40.282  52.635 0.0000000000
51475  24.616  -40.846  52.740 0.0000000000
49212  24.896  -42.253  53.336 0.0000000000
48040  24.263  -43.512  53.833 0.0000000000
46830  20.081  -45.131  56.955 0.0000000000
46829  21.161  -45.739  56.881 0.0000000000
46809  20.711  -45.720  57.734 0.0000000000
74484  42.691  -22.979  47.259 0.0000000000
67510  28.291  -27.600  51.537 0.0000000000
60095  31.910  -34.771  52.026 0.0000000000
60113  32.536  -33.649  51.389 0.0000000000
60077  33.444  -34.124  53.043 0.0000000000
61394  34.167  -33.183  53.373 0.0000000000
87765  52.144  -10.960  41.647 0.0000000000
36792  2.260  -52.771  63.325 0.0000000000
75691  34.722  -20.803  49.124 0.0000000000
73274  34.429  -21.920  48.371 0.0000000000
72211  34.137  -22.715  47.769 0.0000000000
71086  33.433  -24.615  46.583 0.0000000000
69971  32.784  -25.573  46.413 0.0000000000
68781  32.742  -27.041  46.382 0.0000000000
46797  18.515  -45.537  58.575 0.0000000000
44438  17.847  -46.868  59.824 0.0000000000
45656  17.226  -45.815  58.095 0.0000000000
45675  15.922  -45.578  57.179 0.0000000000
45676  14.776  -45.570  57.081 0.0000000000
48014  14.432  -43.421  56.506 0.0000000000
46836  14.284  -44.385  56.769 0.0000000000
45677  13.659  -45.190  57.144 0.0000000000
46814  12.304  -44.372  57.623 0.0000000000
46815  11.197  -44.365  58.347 0.0000000000
46799  10.320  -44.442  59.134 0.0000000000
50309  22.491  -41.644  53.777 0.0000000000
50290  22.144  -40.930  54.557 0.0000000000
50311  20.971  -41.712  54.346 0.0000000000
48044  20.423  -43.184  54.749 0.0000000000
51434  18.868  -40.564  54.951 0.0000000000
50292  19.187  -41.606  54.862 0.0000000000
49163  19.499  -43.296  55.875 0.0000000000
47987  19.476  -44.381  56.684 0.0000000000
46811  18.866  -45.264  58.116 0.0000000000
62642  29.482  -29.731  54.998 0.0000000000
63845  30.117  -29.815  53.650 0.0000000000
62643  29.770  -30.300  54.114 0.0000000000
61419  29.241  -31.651  52.120 0.0000000000
61433  29.673  -32.470  51.428 0.0000000000
62660  26.887  -32.136  52.130 0.0000000000
60117  28.763  -33.325  51.768 0.0000000000
58829  29.893  -34.339  51.713 0.0000000000
58790  31.604  -35.055  53.206 0.0000000000
57521  31.931  -36.207  55.038 0.0000000000
87768  48.686  -10.837  41.800 0.0000000000
85457  48.366  -12.413  41.269 0.0000000000
84327  48.916  -14.214  41.343 0.0000000000
83081  47.120  -14.527  41.413 0.0000000000
83080  48.254  -14.936  41.641 0.0000000000
79295  42.121  -17.387  43.877 0.0000000000
78129  42.711  -18.741  43.977 0.0000000000
78130  41.582  -18.523  44.134 0.0000000000
75762  41.497  -20.372  44.037 0.0000000000
75751  41.369  -21.255  44.320 0.0000000000
76951  39.691  -19.997  44.357 0.0000000000
75752  40.137  -20.956  44.393 0.0000000000
74505  41.884  -21.914  45.643 0.0000000000
72222  41.786  -23.482  46.844 0.0000000000
71067  42.085  -24.741  47.316 0.0000000000
75742  35.784  -19.984  46.752 0.0000000000
75741  36.475  -20.438  46.227 0.0000000000
73301  37.393  -22.489  45.777 0.0000000000
71083  36.381  -24.421  45.674 0.0000000000
71082  37.502  -24.495  45.580 0.0000000000
71081  38.607  -24.565  45.775 0.0000000000
71069  40.136  -25.157  46.719 0.0000000000
56281  25.482  -36.347  52.655 0.0000000000
56263  26.170  -36.110  53.522 0.0000000000
54994  28.229  -37.419  53.900 0.0000000000
53779  29.394  -38.480  56.160 0.0000000000
81785  41.563  -14.930  44.175 0.0000000000
80504  41.938  -16.629  43.824 0.0000000000
47956  9.771  -43.396  60.096 0.0000000000
47939  8.493  -43.132  61.488 0.0000000000
45608  8.836  -45.275  60.626 0.0000000000
44439  8.821  -46.363  60.467 0.0000000000
43226  8.558  -47.528  60.365 0.0000000000
41975  8.134  -48.284  60.748 0.0000000000
43202  7.668  -47.046  62.070 0.0000000000
41961  7.476  -48.236  61.528 0.0000000000
40650  7.705  -49.298  60.935 0.0000000000
38131  8.153  -51.124  61.333 0.0000000000
36806  8.023  -52.640  62.233 0.0000000000
36809  5.205  -52.657  62.760 0.0000000000
39349  5.184  -50.546  63.385 0.0000000000
38083  5.232  -51.577  63.261 0.0000000000
36810  4.660  -53.172  62.851 0.0000000000
36769  4.058  -52.389  63.450 0.0000000000
35416  3.495  -52.733  63.660 0.0000000000
35399  3.150  -52.528  63.850 0.0000000000
39311  3.217  -49.678  65.535 0.0000000000
36724  3.111  -51.141  64.740 0.0000000000
36748  2.955  -51.793  64.394 0.0000000000
58752  22.677  -34.404  54.887 0.0000000000
57502  22.899  -35.181  56.066 0.0000000000
56283  23.585  -36.183  53.275 0.0000000000
56299  25.128  -36.998  52.397 0.0000000000
52661  27.056  -39.142  52.417 0.0000000000
51444  28.069  -40.944  54.192 0.0000000000
50323  26.248  -41.467  52.844 0.0000000000
50304  27.627  -41.546  54.107 0.0000000000
49179  28.273  -42.241  55.170 0.0000000000
49215  22.533  -42.564  53.416 0.0000000000
48041  23.381  -43.729  54.034 0.0000000000
46863  23.976  -44.502  54.990 0.0000000000
46828  22.248  -45.803  56.555 0.0000000000
46826  24.200  -45.446  56.634 0.0000000000
46825  25.221  -45.168  56.968 0.0000000000
76948  44.143  -20.266  44.581 0.0000000000
71059  31.010  -24.389  47.933 0.0000000000
68769  31.612  -26.844  47.346 0.0000000000
67582  32.332  -27.715  47.042 0.0000000000
65052  29.581  -29.612  52.808 0.0000000000
66308  29.040  -28.916  50.982 0.0000000000
67526  30.003  -28.523  49.809 0.0000000000
63876  31.562  -31.409  50.196 0.0000000000
66306  30.894  -29.608  49.671 0.0000000000
67525  30.989  -28.553  49.346 0.0000000000
67524  31.622  -28.553  49.075 0.0000000000
67543  32.688  -28.548  48.373 0.0000000000
66345  33.765  -29.602  47.951 0.0000000000
65109  34.744  -30.334  49.052 0.0000000000
57523  26.547  -35.654  54.377 0.0000000000
58735  27.747  -35.511  55.815 0.0000000000
58734  27.958  -34.949  56.032 0.0000000000
57461  29.341  -35.672  58.175 0.0000000000
58715  29.380  -34.936  56.757 0.0000000000
86584  55.099  -11.718  39.670 0.0000000000
86572  51.051  -11.717  41.355 0.0000000000
86571  52.176  -11.585  41.429 0.0000000000
81819  51.609  -15.351  41.309 0.0000000000
84352  51.995  -13.987  40.588 0.0000000000
84351  52.608  -13.346  40.443 0.0000000000
84350  53.502  -13.499  39.899 0.0000000000
83109  54.608  -14.175  39.644 0.0000000000
79320  43.604  -17.270  43.437 0.0000000000
78128  43.786  -18.890  43.975 0.0000000000
58773  23.645  -34.379  53.221 0.0000000000
79321  42.876  -17.244  43.625 0.0000000000
34034  3.101  -52.941  63.702 0.0000000000
67593  33.466  -27.744  46.422 0.0000000000
66361  34.865  -29.089  47.107 0.0000000000
65137  34.702  -29.473  47.572 0.0000000000
45643  10.019  -45.627  59.107 0.0000000000
45644  9.506  -45.641  59.409 0.0000000000
50308  23.295  -41.062  53.901 0.0000000000
45639  19.066  -45.959  59.412 0.0000000000
45622  20.238  -46.439  59.773 0.0000000000
49151  16.536  -43.380  56.176 0.0000000000
49152  16.190  -43.189  55.946 0.0000000000
48011  17.731  -43.261  56.304 0.0000000000
62631  27.192  -30.551  54.254 0.0000000000
62632  26.626  -30.284  54.374 0.0000000000
60055  27.859  -34.039  54.376 0.0000000000
58748  28.435  -34.478  54.926 0.0000000000
58747  29.680  -34.679  54.937 0.0000000000
58732  29.405  -34.769  55.864 0.0000000000
84319  45.129  -12.919  42.704 0.0000000000
85446  44.873  -12.204  43.131 0.0000000000
85449  45.516  -12.247  42.184 0.0000000000
85459  46.426  -11.922  41.725 0.0000000000
79317  46.785  -17.594  43.228 0.0000000000
79316  47.326  -17.583  43.193 0.0000000000
80503  48.204  -18.167  43.766 0.0000000000
34066  5.525  -54.225  62.795 0.0000000000
79297  39.970  -17.732  44.380 0.0000000000
79298  39.154  -17.862  44.598 0.0000000000
74508  39.077  -21.884  45.648 0.0000000000
72225  39.119  -23.655  45.792 0.0000000000
73304  34.753  -22.323  46.753 0.0000000000
67576  38.411  -27.701  46.419 0.0000000000
67588  38.043  -26.933  46.117 0.0000000000
67575  39.616  -27.806  47.017 0.0000000000
51429  29.330  -40.710  55.368 0.0000000000
50283  29.518  -41.301  55.566 0.0000000000
80488  39.047  -16.940  45.670 0.0000000000
45658  14.795  -46.578  57.457 0.0000000000
39418  9.840  -50.072  60.684 0.0000000000
39398  9.518  -50.686  61.340 0.0000000000
45593  7.406  -45.116  62.761 0.0000000000
40632  6.388  -49.685  62.268 0.0000000000
39319  4.532  -49.621  64.572 0.0000000000
53826  24.358  -38.203  54.461 0.0000000000
54957  23.688  -37.798  56.463 0.0000000000
54980  23.877  -37.756  55.345 0.0000000000
53858  25.013  -38.405  52.575 0.0000000000
52663  24.891  -39.444  52.834 0.0000000000
48038  26.038  -42.995  54.409 0.0000000000
48006  25.973  -44.312  55.753 0.0000000000
46848  25.738  -44.679  56.123 0.0000000000
74504  42.732  -22.026  45.620 0.0000000000
68743  29.050  -26.832  49.596 0.0000000000
69913  28.755  -25.528  50.292 0.0000000000
68742  29.817  -26.361  48.576 0.0000000000
67546  29.904  -27.703  49.093 0.0000000000
61450  30.308  -32.452  50.800 0.0000000000
62684  30.052  -32.003  50.813 0.0000000000
61449  30.968  -32.579  50.594 0.0000000000
65051  34.533  -31.362  52.203 0.0000000000
65070  34.245  -30.634  50.955 0.0000000000
65050  34.640  -30.668  51.833 0.0000000000
66265  34.798  -30.283  51.456 0.0000000000
86581  53.752  -11.783  40.929 0.0000000000
84326  49.689  -14.330  41.081 0.0000000000
51417  15.341  -40.254  56.225 0.0000000000
52599  15.646  -39.548  56.883 0.0000000000
51416  16.724  -40.323  55.834 0.0000000000
79318  45.853  -17.617  43.251 0.0000000000
78116  46.045  -19.108  44.785 0.0000000000
63802  23.468  -30.259  55.506 0.0000000000
63832  24.074  -30.381  53.779 0.0000000000
62633  23.777  -30.955  53.819 0.0000000000
60069  25.306  -33.509  53.370 0.0000000000
60083  24.966  -32.950  53.177 0.0000000000
60068  26.433  -33.740  53.927 0.0000000000
58750  26.987  -34.816  54.569 0.0000000000
83073  42.613  -14.030  43.773 0.0000000000
83062  43.239  -13.579  44.356 0.0000000000
81811  43.930  -14.810  42.491 0.0000000000
83085  44.027  -14.338  42.848 0.0000000000
83084  44.468  -14.348  42.509 0.0000000000
81810  44.655  -15.095  42.103 0.0000000000
79319  44.740  -17.426  43.338 0.0000000000
80467  38.260  -16.760  46.346 0.0000000000
79275  38.056  -17.866  45.236 0.0000000000
79251  37.748  -17.370  45.909 0.0000000000
78104  36.454  -18.390  46.340 0.0000000000
78119  36.691  -18.973  45.767 0.0000000000
76955  36.766  -19.392  45.792 0.0000000000
76939  36.982  -19.893  45.810 0.0000000000
69969  34.927  -25.486  45.905 0.0000000000
67578  36.113  -28.296  46.472 0.0000000000
67577  37.188  -28.077  46.433 0.0000000000
66341  37.538  -29.551  47.531 0.0000000000
65122  37.096  -29.908  48.304 0.0000000000
65087  37.320  -30.461  50.091 0.0000000000
80466  39.238  -16.446  46.527 0.0000000000
44473  12.460  -46.071  58.317 0.0000000000
43241  12.133  -47.403  59.711 0.0000000000
43224  11.230  -48.379  60.050 0.0000000000
42018  10.313  -48.057  59.524 0.0000000000
42019  9.941  -48.208  59.489 0.0000000000
43150  6.026  -46.935  65.466 0.0000000000
41937  6.186  -47.595  64.143 0.0000000000
40606  5.714  -48.204  64.425 0.0000000000
41920  5.552  -47.626  64.943 0.0000000000
51430  24.476  -39.911  55.298 0.0000000000
52634  24.867  -39.490  54.536 0.0000000000
53825  24.798  -38.721  54.999 0.0000000000
51461  24.469  -40.175  52.971 0.0000000000
51462  24.327  -40.778  53.361 0.0000000000
49198  24.788  -42.960  53.594 0.0000000000
58789  32.423  -35.090  53.171 0.0000000000
60094  32.623  -34.556  52.181 0.0000000000
58788  33.080  -34.891  53.418 0.0000000000
60054  34.860  -34.086  54.573 0.0000000000
61381  34.520  -33.429  54.123 0.0000000000
36793  1.796  -52.643  63.193 0.0000000000
74467  34.540  -21.191  48.966 0.0000000000
71070  33.856  -23.687  47.171 0.0000000000
71072  32.232  -24.512  47.144 0.0000000000
71087  32.854  -24.615  46.778 0.0000000000
68768  32.056  -26.347  46.739 0.0000000000
46812  18.124  -45.428  58.078 0.0000000000
45640  18.114  -46.059  59.126 0.0000000000
45674  16.709  -45.387  57.422 0.0000000000
44485  15.436  -46.270  57.374 0.0000000000
49168  14.671  -42.533  56.209 0.0000000000
47994  13.031  -43.381  57.202 0.0000000000
47993  13.694  -43.505  56.945 0.0000000000
46837  13.238  -44.292  57.255 0.0000000000
46813  12.929  -44.766  57.517 0.0000000000
47978  10.929  -43.378  58.372 0.0000000000
46816  10.693  -43.884  58.641 0.0000000000
47965  10.413  -43.355  58.759 0.0000000000
51432  20.784  -40.627  54.590 0.0000000000
51448  21.396  -41.085  54.497 0.0000000000
49201  20.580  -42.587  54.544 0.0000000000
49184  18.237  -42.036  55.218 0.0000000000
49183  18.739  -42.209  55.279 0.0000000000
49182  19.610  -42.965  54.957 0.0000000000
48009  19.233  -43.682  56.263 0.0000000000
46832  18.439  -44.756  57.433 0.0000000000
61407  29.389  -30.326  54.877 0.0000000000
61408  29.341  -30.431  54.529 0.0000000000
62657  28.772  -31.187  52.712 0.0000000000
61420  28.807  -31.929  51.943 0.0000000000
62647  26.318  -31.601  52.645 0.0000000000
61423  26.700  -32.585  52.413 0.0000000000
60080  28.600  -33.815  52.920 0.0000000000
60098  27.892  -33.419  52.169 0.0000000000
60079  29.108  -33.994  52.481 0.0000000000
58830  29.481  -34.102  51.823 0.0000000000
58811  29.521  -34.355  52.183 0.0000000000
58810  30.193  -34.737  52.295 0.0000000000
58791  30.631  -34.860  53.157 0.0000000000
58730  31.097  -34.987  55.541 0.0000000000
58745  31.364  -35.540  54.875 0.0000000000
87756  48.383  -10.316  42.434 0.0000000000
87769  47.752  -10.764  41.833 0.0000000000
84340  48.654  -13.359  41.241 0.0000000000
84328  48.121  -14.077  41.461 0.0000000000
83082  46.040  -14.672  41.587 0.0000000000
81807  47.511  -15.719  41.849 0.0000000000
81806  48.550  -16.100  41.743 0.0000000000
76965  41.073  -19.453  44.247 0.0000000000
75750  42.088  -21.154  44.394 0.0000000000
76968  38.611  -19.176  44.454 0.0000000000
76967  39.179  -19.214  44.214 0.0000000000
76952  38.842  -19.714  44.579 0.0000000000
74507  40.117  -22.094  45.523 0.0000000000
75737  40.615  -21.530  45.027 0.0000000000
75736  41.309  -21.610  45.158 0.0000000000
73297  41.714  -22.824  46.312 0.0000000000
71079  40.438  -24.164  46.305 0.0000000000
72210  41.617  -24.066  46.924 0.0000000000
76929  35.565  -19.317  47.257 0.0000000000
76928  35.458  -19.749  47.814 0.0000000000
74510  36.773  -21.447  45.921 0.0000000000
69968  35.975  -25.447  45.638 0.0000000000
69967  37.057  -25.450  45.625 0.0000000000
69966  38.121  -25.502  45.715 0.0000000000
72226  38.008  -23.547  45.587 0.0000000000
71080  39.751  -24.635  46.237 0.0000000000
69964  39.745  -25.639  46.460 0.0000000000
55009  27.567  -37.580  53.108 0.0000000000
55010  26.997  -36.993  53.158 0.0000000000
52589  29.868  -39.798  56.483 0.0000000000
52590  29.552  -39.262  56.136 0.0000000000
81773  41.817  -14.290  44.722 0.0000000000
44453  17.425  -46.927  59.139 0.0000000000
43235  17.419  -47.394  59.543 0.0000000000
43239  14.007  -47.825  59.483 0.0000000000
40647  11.532  -50.031  61.874 0.0000000000
46768  8.218  -44.240  61.945 0.0000000000
46767  8.644  -44.253  60.950 0.0000000000
44423  8.532  -45.780  60.942 0.0000000000
44440  8.389  -46.866  60.860 0.0000000000
41994  8.573  -48.298  60.233 0.0000000000
44387  7.405  -46.356  62.928 0.0000000000
43190  7.101  -47.148  62.681 0.0000000000
40630  7.295  -48.893  61.396 0.0000000000
39399  8.462  -50.404  61.117 0.0000000000
39400  7.463  -50.233  61.307 0.0000000000
36808  6.114  -52.692  62.450 0.0000000000
35444  5.978  -53.820  62.576 0.0000000000
40607  5.533  -49.063  64.019 0.0000000000
39350  4.712  -50.857  63.636 0.0000000000
36789  4.906  -52.091  63.288 0.0000000000
36790  4.387  -52.390  63.325 0.0000000000
36770  3.774  -51.968  63.636 0.0000000000
36747  3.274  -51.760  64.300 0.0000000000
40574  3.740  -49.158  66.281 0.0000000000
38011  3.065  -50.668  64.820 0.0000000000
36725  2.789  -51.052  64.570 0.0000000000
38013  2.310  -50.457  64.511 0.0000000000
60058  22.675  -32.949  55.360 0.0000000000
54997  23.356  -36.691  53.991 0.0000000000
56243  23.195  -36.263  54.704 0.0000000000
57524  22.835  -35.422  54.711 0.0000000000
56282  24.414  -36.527  52.656 0.0000000000
56300  24.639  -37.114  52.538 0.0000000000
51472  27.515  -39.878  52.745 0.0000000000
51459  27.878  -40.531  53.404 0.0000000000
50338  25.264  -41.085  52.493 0.0000000000
50337  25.827  -40.806  52.563 0.0000000000
49181  26.777  -42.641  54.434 0.0000000000
49195  27.070  -42.196  54.092 0.0000000000
49180  27.616  -42.524  54.740 0.0000000000
49159  28.058  -42.822  55.431 0.0000000000
49146  28.287  -42.964  56.106 0.0000000000
48004  27.695  -43.466  55.746 0.0000000000
46875  23.188  -44.247  54.448 0.0000000000
46874  23.645  -44.204  54.401 0.0000000000
45650  24.502  -46.104  57.926 0.0000000000
45670  23.888  -46.290  57.089 0.0000000000
45669  24.728  -45.926  57.150 0.0000000000
76949  43.666  -20.580  44.281 0.0000000000
71042  30.955  -23.770  48.866 0.0000000000
71060  30.533  -24.364  48.479 0.0000000000
68757  30.734  -26.391  47.782 0.0000000000
67583  31.828  -27.632  47.479 0.0000000000
65093  29.802  -30.675  50.547 0.0000000000
66307  29.713  -29.473  50.496 0.0000000000
60112  32.941  -33.266  51.488 0.0000000000
62668  32.200  -32.236  50.514 0.0000000000
62667  33.027  -32.280  50.973 0.0000000000
65072  32.985  -30.867  50.235 0.0000000000
65091  31.852  -30.644  49.858 0.0000000000
66325  32.888  -29.316  49.212 0.0000000000
66324  33.316  -29.263  48.867 0.0000000000
67563  32.996  -28.483  47.938 0.0000000000
66323  34.117  -29.996  48.973 0.0000000000
66344  34.372  -29.916  48.539 0.0000000000
65090  34.606  -30.139  49.556 0.0000000000
65068  36.155  -30.016  51.044 0.0000000000
56241  27.098  -36.386  54.700 0.0000000000
56242  26.332  -35.906  54.076 0.0000000000
56201  28.672  -36.535  56.508 0.0000000000
57501  27.639  -35.815  55.699 0.0000000000
58718  28.303  -35.789  56.106 0.0000000000
58717  28.721  -35.637  56.540 0.0000000000
58700  29.496  -35.321  57.459 0.0000000000
58699  30.075  -35.203  57.348 0.0000000000
85464  54.090  -12.190  40.239 0.0000000000
86585  54.530  -11.819  40.116 0.0000000000
85472  54.339  -12.408  39.712 0.0000000000
86564  49.452  -10.905  41.801 0.0000000000
81829  52.714  -14.979  40.669 0.0000000000
83089  52.073  -14.910  40.819 0.0000000000
83101  52.399  -14.339  40.549 0.0000000000
84336  52.292  -13.065  40.669 0.0000000000
85466  52.812  -12.751  40.569 0.0000000000
76961  44.968  -19.376  44.420 0.0000000000
61400  22.882  -32.094  54.542 0.0000000000
61412  23.387  -32.310  53.772 0.0000000000
60070  24.118  -33.619  53.154 0.0000000000
79252  36.981  -17.751  46.242 0.0000000000
79238  37.162  -17.229  47.240 0.0000000000
79239  36.322  -17.845  46.916 0.0000000000
78105  35.834  -18.946  46.616 0.0000000000
68780  33.569  -26.711  46.045 0.0000000000
68779  34.591  -26.581  45.873 0.0000000000
66360  35.812  -29.234  47.078 0.0000000000
65123  35.983  -29.950  48.091 0.0000000000
45662  11.228  -45.056  58.556 0.0000000000
45641  11.843  -46.147  58.630 0.0000000000
43242  10.998  -47.724  59.557 0.0000000000
43151  5.998  -47.185  65.950 0.0000000000
51446  24.387  -40.770  53.883 0.0000000000
45655  20.132  -46.144  58.655 0.0000000000
66266  28.642  -28.688  53.005 0.0000000000
57545  33.189  -35.494  54.619 0.0000000000
58765  33.560  -34.883  54.084 0.0000000000
58744  34.346  -34.959  54.860 0.0000000000
71057  32.821  -23.572  48.359 0.0000000000
71073  31.567  -24.491  47.476 0.0000000000
47991  16.034  -43.789  56.312 0.0000000000
47992  15.532  -43.936  56.379 0.0000000000
50278  13.433  -41.985  56.533 0.0000000000
50260  13.176  -41.675  56.864 0.0000000000
49154  12.807  -42.537  57.122 0.0000000000
49135  12.582  -42.926  57.531 0.0000000000
47976  12.437  -43.372  57.587 0.0000000000
52617  20.354  -39.594  55.255 0.0000000000
51415  17.599  -40.348  55.433 0.0000000000
51435  18.180  -40.413  55.143 0.0000000000
50294  17.867  -40.882  55.267 0.0000000000
50273  17.954  -41.874  55.241 0.0000000000
48010  18.547  -43.375  56.331 0.0000000000
62644  28.891  -30.587  54.042 0.0000000000
62630  28.081  -30.829  54.751 0.0000000000
60082  26.729  -33.428  52.988 0.0000000000
60099  27.217  -33.196  52.405 0.0000000000
60066  28.250  -34.063  53.827 0.0000000000
58793  28.871  -34.197  53.485 0.0000000000
58769  30.121  -34.723  54.038 0.0000000000
58713  31.030  -34.951  56.298 0.0000000000
84320  44.477  -12.954  43.120 0.0000000000
86555  45.128  -11.490  44.134 0.0000000000
86576  47.126  -11.359  41.505 0.0000000000
86577  46.555  -11.306  41.760 0.0000000000
83092  46.740  -13.708  41.261 0.0000000000
80537  49.054  -17.406  42.538 0.0000000000
80516  48.735  -18.001  43.455 0.0000000000
76966  40.088  -19.323  44.139 0.0000000000
75754  38.431  -20.097  44.957 0.0000000000
75753  39.181  -20.532  44.742 0.0000000000
73298  40.616  -22.860  45.946 0.0000000000
75722  34.787  -20.430  48.033 0.0000000000
74485  35.068  -20.756  47.252 0.0000000000
68775  38.720  -26.523  46.095 0.0000000000
68774  39.362  -26.103  46.213 0.0000000000
52633  28.487  -39.003  53.634 0.0000000000
53823  28.684  -38.699  54.003 0.0000000000
52632  28.895  -39.491  53.970 0.0000000000
52613  29.722  -40.355  55.828 0.0000000000
80486  40.708  -15.580  45.823 0.0000000000
43256  16.669  -47.257  58.568 0.0000000000
43236  16.884  -47.630  59.064 0.0000000000
43257  16.221  -47.561  58.434 0.0000000000
43237  16.050  -48.523  59.007 0.0000000000
40674  10.599  -49.640  60.678 0.0000000000
40648  10.868  -50.090  61.447 0.0000000000
39372  9.977  -50.980  62.307 0.0000000000
38130  8.908  -51.073  61.526 0.0000000000
45592  7.989  -45.309  62.242 0.0000000000
44409  7.849  -46.165  62.318 0.0000000000
36807  7.007  -52.756  62.296 0.0000000000
40608  4.982  -49.458  64.282 0.0000000000
38056  4.252  -51.098  63.760 0.0000000000
38085  4.227  -51.690  63.564 0.0000000000
39333  3.877  -50.704  64.228 0.0000000000
39321  3.493  -50.247  64.772 0.0000000000
54981  23.270  -37.021  54.951 0.0000000000
55011  24.256  -37.389  52.877 0.0000000000
55027  24.864  -37.554  52.537 0.0000000000
53859  24.639  -37.841  52.793 0.0000000000
49197  25.483  -42.706  53.687 0.0000000000
48023  26.871  -43.235  55.161 0.0000000000
48005  26.709  -44.281  56.087 0.0000000000
49200  21.364  -42.594  54.200 0.0000000000
48027  22.126  -44.345  54.878 0.0000000000
46865  22.128  -44.669  55.368 0.0000000000
45652  22.494  -46.317  58.073 0.0000000000
45671  22.873  -46.522  57.096 0.0000000000
45634  23.052  -46.540  58.825 0.0000000000
75760  43.241  -20.959  44.219 0.0000000000
75749  43.869  -20.996  44.626 0.0000000000
71029  29.091  -24.317  50.143 0.0000000000
69929  29.782  -25.236  48.714 0.0000000000
68741  30.408  -26.611  48.275 0.0000000000
63867  29.590  -30.912  51.452 0.0000000000
63878  29.926  -31.486  50.700 0.0000000000
63877  30.644  -31.364  50.383 0.0000000000
62655  33.666  -32.351  51.737 0.0000000000
66287  33.309  -30.524  50.213 0.0000000000
66286  33.706  -30.408  50.308 0.0000000000
66302  35.009  -29.932  50.544 0.0000000000
66284  34.904  -30.003  50.935 0.0000000000
54954  28.831  -37.658  56.133 0.0000000000
56219  28.226  -36.635  55.619 0.0000000000
54939  28.638  -37.092  56.362 0.0000000000
54926  29.039  -36.911  57.090 0.0000000000
56186  29.111  -36.597  57.925 0.0000000000
85456  49.371  -12.508  41.245 0.0000000000
86573  50.094  -11.697  41.439 0.0000000000
84338  50.514  -13.861  40.901 0.0000000000
81817  53.202  -16.107  41.089 0.0000000000
81828  53.486  -15.469  40.599 0.0000000000
49167  15.698  -42.614  55.860 0.0000000000
52597  17.523  -39.388  55.848 0.0000000000
78115  46.837  -18.943  45.015 0.0000000000
79272  45.833  -18.696  44.515 0.0000000000
63816  24.966  -29.484  54.919 0.0000000000
63830  26.115  -29.911  54.123 0.0000000000
63831  24.925  -29.772  53.727 0.0000000000
63849  24.715  -30.586  53.178 0.0000000000
62648  25.120  -31.463  52.690 0.0000000000
61411  23.952  -32.264  53.283 0.0000000000
61410  24.768  -32.379  53.026 0.0000000000
60056  27.382  -34.049  54.677 0.0000000000
58749  27.693  -34.532  55.230 0.0000000000
83061  43.978  -13.435  43.931 0.0000000000
84331  44.728  -13.730  42.576 0.0000000000
84330  45.306  -13.342  42.299 0.0000000000
84343  45.698  -13.746  41.701 0.0000000000
80541  44.808  -16.087  42.001 0.0000000000
80540  45.830  -16.399  41.860 0.0000000000
80519  46.283  -17.137  42.558 0.0000000000
35429  4.724  -53.838  62.902 0.0000000000
79274  38.816  -17.537  45.164 0.0000000000
78117  37.967  -18.495  45.047 0.0000000000
78118  37.227  -18.407  45.546 0.0000000000
76938  37.732  -20.033  45.342 0.0000000000
74509  37.966  -21.663  45.849 0.0000000000
65120  39.110  -29.777  48.341 0.0000000000
65105  38.707  -30.092  49.092 0.0000000000
65106  37.708  -30.062  49.193 0.0000000000
49145  29.097  -42.729  56.469 0.0000000000
50253  29.795  -42.000  56.348 0.0000000000
49129  29.556  -43.085  57.076 0.0000000000
45659  13.917  -46.192  57.519 0.0000000000
44456  13.605  -47.230  58.915 0.0000000000
43240  13.120  -47.495  59.662 0.0000000000
41991  11.563  -48.937  60.661 0.0000000000
40675  9.661  -49.246  60.368 0.0000000000
41974  8.718  -48.893  60.471 0.0000000000
44366  6.586  -46.032  64.332 0.0000000000
41921  5.820  -47.455  65.821 0.0000000000
40590  5.350  -48.121  65.319 0.0000000000
40573  4.330  -48.674  66.074 0.0000000000
50324  25.166  -41.659  52.843 0.0000000000
50339  24.766  -41.260  52.718 0.0000000000
48025  24.756  -44.056  54.580 0.0000000000
46853  20.762  -44.797  56.325 0.0000000000
48007  20.862  -44.362  55.679 0.0000000000
45673  21.439  -45.963  57.472 0.0000000000
45654  20.640  -46.045  58.450 0.0000000000
45653  21.478  -46.009  58.109 0.0000000000
45635  22.105  -46.155  58.971 0.0000000000
73283  42.554  -22.891  46.705 0.0000000000
73282  43.073  -22.832  46.339 0.0000000000
68726  28.373  -26.726  50.701 0.0000000000
67527  28.771  -28.206  50.348 0.0000000000
60114  31.548  -34.164  51.431 0.0000000000
61431  31.771  -33.036  50.743 0.0000000000
60093  33.235  -33.676  51.904 0.0000000000
61406  33.690  -33.090  52.388 0.0000000000
62641  34.162  -32.437  52.624 0.0000000000
63843  34.610  -31.885  52.871 0.0000000000
86561  52.423  -10.987  41.681 0.0000000000
81805  49.671  -16.147  41.714 0.0000000000
83078  50.156  -14.962  41.125 0.0000000000
35417  2.704  -53.079  63.524 0.0000000000
75689  35.590  -19.852  49.027 0.0000000000
75705  35.133  -20.220  48.444 0.0000000000
73285  34.517  -22.136  47.294 0.0000000000
67594  32.895  -27.822  46.639 0.0000000000
45624  18.785  -46.398  60.104 0.0000000000
44468  17.277  -46.532  58.631 0.0000000000
45657  16.510  -46.010  57.644 0.0000000000
44469  16.580  -46.738  58.141 0.0000000000
44484  16.042  -46.393  57.535 0.0000000000
48013  15.295  -43.472  56.170 0.0000000000
46855  14.928  -43.990  56.399 0.0000000000
49169  13.672  -42.593  56.639 0.0000000000
45660  12.910  -45.466  57.687 0.0000000000
46798  10.923  -44.893  58.731 0.0000000000
50289  22.780  -40.836  54.822 0.0000000000
50310  21.719  -41.672  54.243 0.0000000000
51433  19.750  -40.622  54.769 0.0000000000
48008  19.876  -44.185  55.823 0.0000000000
47988  18.854  -44.224  56.770 0.0000000000
46831  19.265  -44.858  57.401 0.0000000000
46796  18.956  -45.558  58.837 0.0000000000
65040  29.497  -29.169  54.125 0.0000000000
63844  29.677  -29.591  54.527 0.0000000000
62656  29.346  -31.038  52.417 0.0000000000
60115  30.336  -33.820  51.291 0.0000000000
63847  26.390  -30.682  53.321 0.0000000000
62659  27.272  -31.837  52.189 0.0000000000
61436  27.873  -33.142  51.668 0.0000000000
61421  28.088  -32.264  51.840 0.0000000000
61434  28.845  -32.749  51.615 0.0000000000
60116  29.438  -33.577  51.578 0.0000000000
58809  31.240  -34.814  52.300 0.0000000000
58808  32.000  -35.016  52.504 0.0000000000
58768  31.149  -34.935  54.069 0.0000000000
58767  31.912  -35.659  54.103 0.0000000000
57546  32.478  -35.799  54.605 0.0000000000
87767  49.201  -10.880  41.791 0.0000000000
86575  48.084  -11.491  41.435 0.0000000000
83093  46.197  -13.980  41.342 0.0000000000
76964  42.107  -19.662  44.124 0.0000000000
75761  42.347  -20.818  44.152 0.0000000000
74526  42.251  -21.398  44.897 0.0000000000
74527  41.693  -21.445  45.081 0.0000000000
73296  42.490  -22.601  46.055 0.0000000000
73284  42.321  -23.214  46.999 0.0000000000
72209  42.351  -23.863  47.220 0.0000000000
76921  35.577  -18.736  47.612 0.0000000000
76941  35.793  -19.413  46.665 0.0000000000
72228  35.718  -23.325  45.982 0.0000000000
72227  36.848  -23.428  45.683 0.0000000000
69955  40.475  -25.773  46.821 0.0000000000
69954  41.373  -25.665  47.122 0.0000000000
57570  24.928  -35.707  52.691 0.0000000000
57569  25.593  -35.829  53.011 0.0000000000
56262  26.815  -36.543  53.615 0.0000000000
54978  28.087  -36.794  54.395 0.0000000000
53802  28.401  -38.161  54.271 0.0000000000
54977  28.348  -37.610  54.840 0.0000000000
54976  28.648  -37.977  55.585 0.0000000000
83063  42.437  -13.854  44.657 0.0000000000
81796  41.928  -14.897  43.769 0.0000000000
80523  41.879  -15.457  43.714 0.0000000000
42015  17.319  -47.905  59.622 0.0000000000
43238  14.845  -48.136  58.991 0.0000000000
47955  10.013  -43.320  59.369 0.0000000000
46784  9.859  -43.885  59.678 0.0000000000
46785  9.291  -44.366  59.954 0.0000000000
47938  9.232  -43.320  60.722 0.0000000000
45626  9.131  -45.519  59.834 0.0000000000
45576  7.239  -45.412  63.303 0.0000000000
41948  7.135  -47.661  62.170 0.0000000000
38107  8.689  -51.814  62.150 0.0000000000
34065  5.799  -54.281  62.817 0.0000000000
35445  5.038  -53.702  62.654 0.0000000000
35446  4.680  -53.577  62.876 0.0000000000
35430  4.389  -53.560  63.180 0.0000000000
35415  4.017  -52.794  63.382 0.0000000000
36791  4.034  -51.868  63.549 0.0000000000
40593  3.672  -49.535  65.275 0.0000000000
36723  3.041  -51.349  64.996 0.0000000000
35400  2.964  -52.524  64.005 0.0000000000
35401  2.658  -52.307  63.843 0.0000000000
61396  29.332  -30.303  55.725 0.0000000000
58774  22.924  -34.557  54.002 0.0000000000
58753  22.633  -34.921  54.666 0.0000000000
57550  22.769  -35.069  54.179 0.0000000000
57571  24.013  -35.673  52.752 0.0000000000
56298  25.869  -36.960  52.385 0.0000000000
55024  27.314  -37.888  52.530 0.0000000000
55026  25.622  -37.614  52.415 0.0000000000
53856  27.068  -38.229  52.276 0.0000000000
53840  27.648  -38.427  52.713 0.0000000000
52647  28.504  -39.914  53.458 0.0000000000
50284  28.718  -41.495  55.269 0.0000000000
51460  26.929  -40.870  53.113 0.0000000000
50305  26.876  -41.769  53.620 0.0000000000
50322  27.080  -41.213  53.462 0.0000000000
50285  28.107  -41.827  54.781 0.0000000000
49158  28.674  -42.393  55.690 0.0000000000
50327  22.819  -42.186  53.352 0.0000000000
49214  23.139  -42.625  53.319 0.0000000000
48054  22.283  -43.074  53.543 0.0000000000
48053  22.815  -43.200  53.564 0.0000000000
48052  23.516  -43.174  53.530 0.0000000000
48026  24.024  -44.106  54.286 0.0000000000
46852  21.604  -44.989  55.953 0.0000000000
46851  22.617  -45.238  55.818 0.0000000000
46827  23.263  -46.040  56.293 0.0000000000
46850  23.575  -45.074  55.848 0.0000000000
46849  24.624  -44.868  56.036 0.0000000000
76962  44.374  -19.557  44.329 0.0000000000
75748  44.548  -20.761  45.073 0.0000000000
74482  43.872  -22.969  46.717 0.0000000000
71041  31.695  -23.797  48.667 0.0000000000
69944  30.281  -25.279  48.220 0.0000000000
69943  30.723  -25.330  47.669 0.0000000000
69957  31.334  -25.408  47.142 0.0000000000
67581  33.289  -28.568  47.037 0.0000000000
66288  29.162  -29.270  51.720 0.0000000000
66289  28.724  -28.485  51.613 0.0000000000
62682  31.316  -32.110  50.435 0.0000000000
63866  32.565  -31.528  50.370 0.0000000000
67544  32.169  -28.560  48.689 0.0000000000
67564  32.158  -28.180  47.820 0.0000000000
66362  34.157  -29.178  47.314 0.0000000000
65125  34.348  -29.563  47.737 0.0000000000
65124  34.848  -29.866  48.189 0.0000000000
65108  35.626  -30.322  49.095 0.0000000000
65089  35.290  -29.980  50.083 0.0000000000
65088  36.335  -30.222  50.100 0.0000000000
57547  25.739  -35.417  53.456 0.0000000000
58751  26.248  -35.101  53.882 0.0000000000
57522  27.144  -35.770  55.322 0.0000000000
56173  28.924  -36.303  58.581 0.0000000000
57462  29.081  -35.915  57.879 0.0000000000
58701  29.246  -35.607  57.321 0.0000000000
58716  28.851  -35.108  56.775 0.0000000000
58714  30.152  -34.907  56.524 0.0000000000
87753  51.302  -10.608  42.452 0.0000000000
87766  51.610  -10.988  41.714 0.0000000000
85453  52.525  -12.562  40.855 0.0000000000
83091  50.711  -14.590  41.001 0.0000000000
83090  51.400  -14.457  40.840 0.0000000000
84337  51.787  -13.391  40.734 0.0000000000
84359  53.735  -12.790  39.732 0.0000000000
83099  54.079  -14.364  40.009 0.0000000000
84349  53.979  -13.796  39.831 0.0000000000
84358  54.360  -13.481  39.528 0.0000000000
34035  2.976  -53.259  63.732 0.0000000000
34052  5.827  -54.709  63.206 0.0000000000
35418  2.598  -52.481  63.697 0.0000000000
36771  2.468  -52.613  63.533 0.0000000000
41986  17.440  -48.257  60.119 0.0000000000
45623  19.513  -46.341  59.899 0.0000000000
45638  19.727  -46.269  59.063 0.0000000000
45678  13.180  -44.938  57.386 0.0000000000
46808  21.158  -45.941  57.533 0.0000000000
46847  26.261  -44.701  56.331 0.0000000000
46854  15.286  -43.983  56.387 0.0000000000
46861  25.653  -44.344  55.615 0.0000000000
47975  12.730  -43.122  57.396 0.0000000000
47995  12.715  -43.403  57.368 0.0000000000
49170  13.194  -42.186  56.673 0.0000000000
50265  30.073  -41.435  55.876 0.0000000000
50303  28.221  -41.257  54.601 0.0000000000
51447  21.751  -41.021  54.528 0.0000000000
51458  28.611  -40.161  53.758 0.0000000000
52648  28.187  -39.365  53.057 0.0000000000
53801  28.880  -38.575  54.867 0.0000000000
53804  24.358  -38.316  55.421 0.0000000000
54942  23.310  -37.272  56.838 0.0000000000
54955  28.469  -37.291  55.603 0.0000000000
54995  27.590  -36.773  53.736 0.0000000000
54996  23.894  -37.449  54.013 0.0000000000
55025  26.674  -37.473  52.479 0.0000000000
56202  28.419  -36.183  56.064 0.0000000000
56205  22.793  -36.160  56.440 0.0000000000
56221  23.151  -36.184  55.754 0.0000000000
56222  22.973  -36.207  56.296 0.0000000000
56264  23.184  -35.988  54.029 0.0000000000
56280  26.367  -36.656  52.871 0.0000000000
57445  28.979  -36.143  58.152 0.0000000000
57479  28.623  -36.095  56.294 0.0000000000
57480  28.102  -35.933  55.899 0.0000000000
57482  22.673  -35.873  56.511 0.0000000000
57525  22.695  -35.075  54.492 0.0000000000
57544  33.732  -35.264  54.660 0.0000000000
57549  23.302  -35.295  53.558 0.0000000000
58698  30.528  -35.594  56.806 0.0000000000
58702  29.223  -35.901  57.200 0.0000000000
58775  22.710  -34.798  54.444 0.0000000000
58828  30.658  -34.500  51.738 0.0000000000
60078  32.962  -34.747  52.906 0.0000000000
60084  24.430  -32.931  53.085 0.0000000000
60096  29.161  -33.846  51.998 0.0000000000
60097  28.637  -33.596  52.181 0.0000000000
60118  28.240  -33.292  51.769 0.0000000000
61387  22.798  -31.590  54.878 0.0000000000
61399  25.278  -32.995  53.190 0.0000000000
61401  22.871  -31.730  54.685 0.0000000000
61422  27.453  -32.682  51.893 0.0000000000
61430  32.635  -32.882  51.105 0.0000000000
61435  28.175  -32.922  51.519 0.0000000000
61451  29.892  -32.199  51.027 0.0000000000
62617  23.005  -31.496  54.664 0.0000000000
62628  29.470  -30.029  55.091 0.0000000000
62634  23.403  -31.391  54.197 0.0000000000
62635  23.049  -31.697  54.528 0.0000000000
62650  23.703  -31.839  53.650 0.0000000000
63817  24.268  -29.813  54.449 0.0000000000
63818  23.611  -30.344  54.579 0.0000000000
63827  34.755  -32.120  53.458 0.0000000000
63829  26.659  -30.312  54.114 0.0000000000
63833  23.658  -30.731  54.059 0.0000000000
63846  26.726  -30.457  53.757 0.0000000000
65001  24.024  -29.766  55.546 0.0000000000
65002  23.832  -29.943  55.117 0.0000000000
65013  24.474  -29.571  55.548 0.0000000000
65015  23.967  -29.899  54.814 0.0000000000
65038  34.756  -31.574  52.719 0.0000000000
65135  35.763  -29.608  47.575 0.0000000000
66264  34.858  -30.142  51.265 0.0000000000
66343  36.011  -29.628  47.559 0.0000000000
72200  32.250  -23.704  48.595 0.0000000000
74512  34.832  -21.748  46.882 0.0000000000
74534  42.694  -21.303  44.358 0.0000000000
74535  42.347  -21.256  44.337 0.0000000000
75690  35.148  -20.527  49.358 0.0000000000
75704  35.431  -19.882  48.137 0.0000000000
75706  34.724  -20.647  48.601 0.0000000000
75721  35.205  -20.212  47.537 0.0000000000
78096  36.193  -18.179  46.765 0.0000000000
78097  35.822  -18.341  47.055 0.0000000000
78103  36.865  -18.163  46.019 0.0000000000
79240  36.005  -18.003  47.112 0.0000000000
79299  38.632  -17.914  44.839 0.0000000000
81784  41.884  -14.268  43.866 0.0000000000
81837  54.752  -14.709  39.644 0.0000000000
83102  51.944  -14.428  40.670 0.0000000000
84318  45.366  -12.991  42.566 0.0000000000
85445  45.267  -12.755  42.562 0.0000000000
85452  53.061  -12.263  40.918 0.0000000000
