#!ascii label  , from subject 3308 vox2ras=TkReg
627
99282  23.498  -4.530  -12.514 0.0000000000
107736  32.908  2.184  -16.137 0.0000000000
120297  29.846  13.769  -12.796 0.0000000000
116943  23.117  10.053  -15.339 0.0000000000
93498  24.484  -9.573  -10.872 0.0000000000
95930  27.317  -7.707  -12.960 0.0000000000
103142  27.121  -0.967  -15.241 0.0000000000
108876  25.446  4.104  -16.626 0.0000000000
113226  31.763  7.331  -14.263 0.0000000000
119333  31.752  12.147  -18.312 0.0000000000
126596  29.694  19.622  -13.983 0.0000000000
97068  23.715  -6.740  -11.935 0.0000000000
94732  25.795  -8.431  -11.725 0.0000000000
98195  25.133  -5.629  -13.327 0.0000000000
107707  23.492  2.374  -14.626 0.0000000000
109981  22.846  5.246  -15.244 0.0000000000
118155  26.075  11.305  -15.013 0.0000000000
114410  27.330  8.541  -15.251 0.0000000000
116928  30.757  10.354  -13.383 0.0000000000
115657  32.793  9.852  -16.911 0.0000000000
119291  32.468  12.754  -14.674 0.0000000000
128561  27.556  21.261  -13.267 0.0000000000
126607  27.446  19.485  -14.131 0.0000000000
129657  29.624  22.536  -15.119 0.0000000000
105470  29.721  0.475  -14.798 0.0000000000
101854  29.651  -2.726  -14.654 0.0000000000
104352  32.349  -0.774  -16.321 0.0000000000
121348  26.098  14.147  -14.934 0.0000000000
108918  33.059  3.518  -19.872 0.0000000000
103096  22.815  -1.680  -12.735 0.0000000000
101859  24.574  -2.536  -14.202 0.0000000000
105456  24.431  0.040  -14.829 0.0000000000
106591  26.645  1.609  -16.167 0.0000000000
108857  29.231  3.516  -15.344 0.0000000000
112154  24.859  6.747  -16.468 0.0000000000
112140  28.233  6.116  -15.648 0.0000000000
109973  33.194  4.693  -16.067 0.0000000000
112187  33.004  7.028  -19.295 0.0000000000
123509  26.751  16.455  -14.535 0.0000000000
123489  30.020  16.657  -13.324 0.0000000000
130648  31.733  23.644  -17.375 0.0000000000
127601  32.481  20.160  -16.755 0.0000000000
123505  32.479  16.547  -14.820 0.0000000000
122469  31.194  15.447  -18.288 0.0000000000
99330  27.563  -4.681  -14.101 0.0000000000
100554  22.995  -3.477  -11.014 0.0000000000
99265  23.078  -4.536  -11.102 0.0000000000
98174  23.815  -5.709  -12.355 0.0000000000
97084  24.282  -6.635  -12.577 0.0000000000
99281  24.102  -5.008  -12.807 0.0000000000
119295  27.693  12.524  -13.769 0.0000000000
116930  28.339  10.312  -13.804 0.0000000000
118130  29.993  12.080  -12.873 0.0000000000
118142  31.839  11.562  -13.922 0.0000000000
120312  31.523  13.141  -13.376 0.0000000000
130637  27.628  23.211  -14.544 0.0000000000
129650  28.029  22.233  -14.696 0.0000000000
131595  29.095  24.152  -15.671 0.0000000000
106586  31.657  0.871  -15.103 0.0000000000
105469  30.733  0.189  -14.931 0.0000000000
105488  32.392  0.496  -16.678 0.0000000000
121364  23.275  13.482  -15.074 0.0000000000
122437  24.477  14.668  -14.598 0.0000000000
94720  23.182  -8.691  -10.816 0.0000000000
92147  23.394  -10.227  -10.287 0.0000000000
92133  23.934  -10.771  -9.917 0.0000000000
92145  25.126  -10.115  -10.487 0.0000000000
94747  26.101  -8.013  -12.221 0.0000000000
94718  26.854  -8.969  -10.944 0.0000000000
104324  23.834  -0.787  -14.269 0.0000000000
105447  22.895  0.279  -13.663 0.0000000000
108861  24.603  3.823  -15.808 0.0000000000
107724  25.527  2.431  -15.881 0.0000000000
108859  26.125  3.008  -16.310 0.0000000000
106609  27.976  2.211  -16.050 0.0000000000
108873  27.642  3.804  -16.287 0.0000000000
113246  22.963  7.637  -15.550 0.0000000000
114434  23.886  8.527  -16.213 0.0000000000
114408  28.875  8.267  -14.332 0.0000000000
113243  27.977  6.937  -15.522 0.0000000000
112126  30.363  6.413  -14.608 0.0000000000
111042  31.017  5.657  -14.787 0.0000000000
112138  32.729  6.366  -15.389 0.0000000000
112165  33.266  6.283  -17.279 0.0000000000
113252  33.096  7.140  -16.679 0.0000000000
116957  32.422  10.690  -17.752 0.0000000000
115668  32.601  9.655  -18.309 0.0000000000
127569  28.558  19.879  -14.139 0.0000000000
125619  27.584  18.527  -14.290 0.0000000000
125618  28.409  18.520  -14.241 0.0000000000
123507  28.373  16.700  -14.209 0.0000000000
125604  30.102  18.516  -13.637 0.0000000000
125629  32.218  18.465  -15.671 0.0000000000
124623  32.010  17.395  -17.384 0.0000000000
122458  32.227  15.791  -17.050 0.0000000000
101858  25.563  -2.617  -14.234 0.0000000000
100614  26.137  -3.490  -14.105 0.0000000000
101857  26.651  -2.552  -14.374 0.0000000000
100638  30.907  -3.339  -15.185 0.0000000000
99328  29.506  -4.860  -14.217 0.0000000000
95902  22.725  -7.645  -10.720 0.0000000000
94734  24.046  -8.516  -11.637 0.0000000000
93510  24.698  -9.032  -11.407 0.0000000000
95917  24.795  -7.632  -12.308 0.0000000000
95932  25.378  -7.556  -12.586 0.0000000000
97103  26.016  -6.486  -13.481 0.0000000000
107709  21.859  3.274  -13.950 0.0000000000
108845  22.468  3.804  -14.626 0.0000000000
109979  24.287  4.870  -15.766 0.0000000000
118167  24.990  11.078  -16.200 0.0000000000
115659  25.779  9.498  -16.511 0.0000000000
115639  26.738  10.022  -15.422 0.0000000000
115637  28.153  9.344  -14.392 0.0000000000
115634  31.539  9.348  -13.750 0.0000000000
114419  32.710  8.391  -15.397 0.0000000000
116926  32.209  10.788  -14.817 0.0000000000
118154  32.468  11.720  -15.288 0.0000000000
119317  32.362  12.343  -16.604 0.0000000000
127571  26.065  19.943  -12.726 0.0000000000
127579  27.366  20.273  -13.802 0.0000000000
127586  28.674  20.909  -14.721 0.0000000000
128567  29.872  21.526  -14.951 0.0000000000
104338  27.916  -0.272  -15.156 0.0000000000
103121  28.284  -1.695  -14.727 0.0000000000
104320  29.059  -1.065  -14.778 0.0000000000
103118  30.598  -1.757  -15.045 0.0000000000
119310  23.001  11.915  -15.380 0.0000000000
119308  24.677  12.028  -15.672 0.0000000000
120328  25.882  13.154  -15.352 0.0000000000
120313  27.507  13.603  -13.955 0.0000000000
92144  25.675  -9.813  -10.445 0.0000000000
108891  33.376  3.052  -17.898 0.0000000000
106627  32.734  1.310  -17.999 0.0000000000
101838  23.075  -2.736  -13.149 0.0000000000
100590  23.661  -3.654  -13.191 0.0000000000
101837  23.507  -2.642  -13.583 0.0000000000
103125  24.015  -1.864  -14.396 0.0000000000
104340  25.940  -0.435  -15.420 0.0000000000
106574  24.249  0.944  -14.749 0.0000000000
105475  25.043  0.808  -15.335 0.0000000000
104339  26.985  -0.205  -15.496 0.0000000000
105472  27.686  0.729  -15.342 0.0000000000
106588  29.583  1.456  -15.047 0.0000000000
108855  31.317  3.111  -15.097 0.0000000000
111060  23.388  5.922  -15.600 0.0000000000
111073  25.312  5.828  -16.303 0.0000000000
113253  25.921  7.700  -16.629 0.0000000000
112142  26.710  6.537  -16.314 0.0000000000
111070  27.463  5.190  -16.790 0.0000000000
109977  28.916  4.420  -15.393 0.0000000000
109975  31.052  4.133  -14.850 0.0000000000
108872  32.736  3.299  -16.262 0.0000000000
110008  33.406  3.916  -18.111 0.0000000000
111095  33.154  5.481  -19.371 0.0000000000
114440  32.947  8.509  -17.678 0.0000000000
122423  26.333  15.348  -14.598 0.0000000000
122413  27.966  15.047  -13.899 0.0000000000
121333  29.181  14.690  -13.232 0.0000000000
130640  31.153  23.778  -16.438 0.0000000000
129647  31.419  22.002  -14.996 0.0000000000
129672  32.241  22.369  -17.415 0.0000000000
127574  31.849  20.423  -14.681 0.0000000000
125602  31.454  18.412  -14.113 0.0000000000
123487  31.831  16.598  -14.047 0.0000000000
121331  31.193  14.785  -13.148 0.0000000000
121344  32.499  14.576  -14.710 0.0000000000
121375  32.104  14.324  -16.852 0.0000000000
120357  31.106  13.497  -18.625 0.0000000000
100588  25.084  -4.041  -13.654 0.0000000000
99304  26.026  -5.166  -13.642 0.0000000000
97116  27.293  -5.935  -14.439 0.0000000000
100612  28.096  -3.654  -14.317 0.0000000000
99303  28.162  -5.176  -14.007 0.0000000000
100570  23.031  -3.710  -12.112 0.0000000000
99283  22.977  -4.759  -11.879 0.0000000000
98175  23.292  -5.319  -11.969 0.0000000000
119279  28.510  12.816  -13.428 0.0000000000
118132  28.625  12.172  -13.337 0.0000000000
119278  29.498  12.872  -13.124 0.0000000000
119277  30.631  12.768  -12.996 0.0000000000
131596  28.348  24.193  -15.347 0.0000000000
107718  32.380  1.556  -15.472 0.0000000000
106585  32.117  0.749  -15.944 0.0000000000
106608  32.552  1.265  -16.418 0.0000000000
93499  23.650  -9.532  -10.808 0.0000000000
93500  22.804  -9.687  -10.306 0.0000000000
92146  24.231  -10.187  -10.426 0.0000000000
92132  24.882  -10.675  -9.906 0.0000000000
94746  26.896  -8.030  -12.378 0.0000000000
94745  27.410  -7.788  -12.340 0.0000000000
95929  28.028  -7.568  -12.362 0.0000000000
106565  22.732  0.765  -13.598 0.0000000000
108860  25.425  3.276  -16.164 0.0000000000
108875  26.234  3.644  -16.854 0.0000000000
107738  27.338  3.069  -16.845 0.0000000000
108892  27.047  3.926  -17.577 0.0000000000
115651  22.907  9.296  -15.174 0.0000000000
115650  23.425  9.362  -15.890 0.0000000000
113227  30.747  7.339  -14.278 0.0000000000
113228  29.636  7.273  -14.420 0.0000000000
112125  31.358  6.472  -14.559 0.0000000000
113241  32.404  7.351  -14.966 0.0000000000
113240  32.945  7.236  -15.777 0.0000000000
118179  32.119  11.596  -18.221 0.0000000000
116965  31.847  10.507  -19.075 0.0000000000
125605  29.212  18.547  -13.917 0.0000000000
126595  30.750  19.218  -13.778 0.0000000000
125646  32.324  18.457  -17.565 0.0000000000
125647  31.799  17.979  -18.070 0.0000000000
124634  31.434  17.204  -18.264 0.0000000000
103123  26.214  -1.446  -14.791 0.0000000000
103122  27.284  -1.709  -14.744 0.0000000000
100609  31.060  -3.973  -14.896 0.0000000000
97069  23.163  -6.706  -11.265 0.0000000000
95919  23.505  -7.778  -11.419 0.0000000000
95918  24.234  -7.562  -12.114 0.0000000000
97083  25.093  -6.601  -13.074 0.0000000000
95933  24.690  -7.255  -12.634 0.0000000000
97082  25.694  -7.063  -13.094 0.0000000000
97104  25.509  -6.079  -13.292 0.0000000000
109963  22.287  4.928  -14.463 0.0000000000
108863  22.812  4.570  -15.194 0.0000000000
108862  23.521  4.060  -15.298 0.0000000000
109980  23.444  5.004  -15.513 0.0000000000
118156  25.413  11.190  -15.636 0.0000000000
118166  25.406  10.720  -15.983 0.0000000000
116932  26.693  10.466  -14.918 0.0000000000
116929  29.552  10.350  -13.586 0.0000000000
115635  30.409  9.289  -13.648 0.0000000000
116927  31.846  10.483  -13.672 0.0000000000
119292  32.014  12.511  -13.967 0.0000000000
118141  32.272  11.861  -14.501 0.0000000000
119305  32.446  12.542  -15.708 0.0000000000
129643  27.790  22.025  -13.373 0.0000000000
128562  27.165  20.974  -12.888 0.0000000000
128570  27.160  20.712  -13.434 0.0000000000
127580  26.751  20.129  -13.623 0.0000000000
128569  27.858  21.216  -13.653 0.0000000000
129658  28.665  22.379  -15.050 0.0000000000
128576  28.551  21.463  -14.729 0.0000000000
128575  29.064  21.557  -15.116 0.0000000000
127577  29.237  20.655  -14.669 0.0000000000
104337  28.930  -0.258  -14.953 0.0000000000
104336  29.823  -0.465  -14.763 0.0000000000
104334  31.656  -1.008  -15.594 0.0000000000
104335  30.762  -0.938  -15.050 0.0000000000
103140  31.362  -1.891  -15.220 0.0000000000
119281  22.171  11.791  -13.800 0.0000000000
119297  22.612  12.114  -14.349 0.0000000000
120331  22.848  12.915  -15.297 0.0000000000
121362  25.145  13.988  -15.047 0.0000000000
120329  24.886  13.100  -15.498 0.0000000000
120315  26.394  13.387  -15.089 0.0000000000
120314  26.881  13.313  -14.561 0.0000000000
93509  25.500  -8.918  -11.371 0.0000000000
93497  25.274  -9.459  -10.878 0.0000000000
93483  26.980  -9.869  -10.196 0.0000000000
108907  33.298  3.268  -18.922 0.0000000000
103106  23.119  -2.271  -13.138 0.0000000000
103105  23.363  -1.566  -13.532 0.0000000000
104323  24.884  -0.802  -14.729 0.0000000000
106575  23.420  1.220  -13.939 0.0000000000
107706  24.140  1.774  -14.792 0.0000000000
106592  25.713  1.583  -15.824 0.0000000000
105474  25.847  0.679  -15.727 0.0000000000
105473  26.751  0.657  -15.669 0.0000000000
106590  27.526  1.505  -15.955 0.0000000000
107722  28.491  2.756  -15.658 0.0000000000
106589  28.535  1.657  -15.641 0.0000000000
107721  29.440  2.496  -15.271 0.0000000000
107720  30.449  2.279  -14.694 0.0000000000
108856  30.224  3.323  -14.919 0.0000000000
113256  23.659  7.673  -16.000 0.0000000000
112156  23.457  6.866  -15.778 0.0000000000
112155  24.039  6.853  -16.225 0.0000000000
111074  24.279  5.881  -16.135 0.0000000000
115658  26.313  9.043  -16.332 0.0000000000
114432  25.440  8.572  -16.646 0.0000000000
114421  26.549  8.480  -16.051 0.0000000000
113242  28.349  6.560  -15.258 0.0000000000
112141  27.509  6.325  -15.899 0.0000000000
111058  27.280  5.721  -16.352 0.0000000000
111057  27.904  5.404  -16.197 0.0000000000
109978  28.227  4.541  -16.044 0.0000000000
111056  28.696  5.329  -15.569 0.0000000000
109960  32.180  5.039  -14.888 0.0000000000
109962  30.735  4.937  -14.847 0.0000000000
109974  32.364  4.233  -15.572 0.0000000000
109991  32.769  3.861  -16.250 0.0000000000
109990  33.430  3.951  -16.734 0.0000000000
112176  33.062  6.577  -18.669 0.0000000000
112175  33.118  6.128  -19.438 0.0000000000
111108  33.273  5.598  -20.341 0.0000000000
112186  33.203  6.651  -19.929 0.0000000000
115646  32.821  9.682  -15.602 0.0000000000
114430  33.063  8.714  -16.436 0.0000000000
125606  26.345  19.106  -13.743 0.0000000000
125620  26.573  18.539  -14.122 0.0000000000
124582  27.106  17.516  -14.334 0.0000000000
124584  25.576  17.006  -14.086 0.0000000000
123510  25.769  16.314  -14.547 0.0000000000
122424  25.135  15.178  -14.864 0.0000000000
123490  29.080  16.663  -13.595 0.0000000000
122421  28.063  16.097  -14.399 0.0000000000
122412  28.480  15.627  -13.801 0.0000000000
121334  28.261  14.580  -13.434 0.0000000000
122411  29.537  15.703  -13.198 0.0000000000
131607  31.200  24.386  -17.219 0.0000000000
129655  31.588  22.507  -15.573 0.0000000000
129664  31.885  22.943  -16.719 0.0000000000
127606  32.246  20.357  -17.460 0.0000000000
128596  32.317  21.383  -17.906 0.0000000000
128588  32.518  21.179  -16.852 0.0000000000
128580  32.332  21.349  -15.940 0.0000000000
126612  32.219  19.593  -15.217 0.0000000000
126603  31.574  19.526  -14.417 0.0000000000
126613  31.872  19.127  -14.902 0.0000000000
124594  32.421  17.412  -15.458 0.0000000000
124579  32.254  17.532  -14.768 0.0000000000
122409  31.467  15.670  -13.550 0.0000000000
122408  32.046  15.612  -14.068 0.0000000000
121330  31.948  14.662  -13.890 0.0000000000
122420  32.374  15.567  -14.602 0.0000000000
122459  31.888  15.377  -17.392 0.0000000000
122449  31.979  14.954  -16.971 0.0000000000
121376  31.828  14.644  -17.315 0.0000000000
121387  31.754  14.077  -17.473 0.0000000000
121388  31.443  14.426  -17.972 0.0000000000
101836  24.113  -3.109  -13.784 0.0000000000
100589  24.391  -3.844  -13.438 0.0000000000
101835  24.872  -3.242  -13.810 0.0000000000
99332  25.712  -4.097  -13.865 0.0000000000
99331  26.417  -4.622  -13.950 0.0000000000
98193  26.350  -5.622  -13.814 0.0000000000
98213  26.999  -5.488  -14.274 0.0000000000
103120  29.198  -1.914  -15.034 0.0000000000
101855  28.665  -2.712  -14.596 0.0000000000
99329  28.525  -4.580  -14.077 0.0000000000
99301  29.155  -5.497  -13.891 0.0000000000
98211  28.161  -5.959  -14.373 0.0000000000
98155  23.524  -5.972  -11.658 0.0000000000
98173  24.497  -5.731  -12.913 0.0000000000
119296  27.000  12.246  -14.547 0.0000000000
118147  26.738  11.295  -14.481 0.0000000000
118146  27.499  11.334  -13.881 0.0000000000
118145  28.593  11.522  -13.445 0.0000000000
118144  29.829  11.283  -13.145 0.0000000000
118143  30.975  11.522  -13.240 0.0000000000
119293  31.452  12.285  -13.462 0.0000000000
120311  32.171  13.538  -13.924 0.0000000000
130630  27.280  23.039  -14.157 0.0000000000
130629  27.672  22.792  -14.486 0.0000000000
129651  27.731  22.174  -14.134 0.0000000000
130636  28.127  23.165  -14.827 0.0000000000
130635  28.893  23.367  -15.351 0.0000000000
106587  30.649  1.190  -14.713 0.0000000000
105468  31.613  0.029  -15.959 0.0000000000
105489  32.232  -0.053  -16.606 0.0000000000
121363  24.199  13.871  -14.881 0.0000000000
122436  24.721  14.460  -14.872 0.0000000000
94703  22.281  -8.716  -9.952 0.0000000000
90878  24.463  -11.231  -9.380 0.0000000000
90877  25.393  -11.126  -9.266 0.0000000000
93508  26.033  -8.850  -11.369 0.0000000000
94731  26.607  -8.589  -11.537 0.0000000000
104300  22.955  -0.946  -12.934 0.0000000000
103095  23.127  -1.167  -13.113 0.0000000000
104310  22.997  -0.619  -13.551 0.0000000000
105457  23.618  0.175  -14.179 0.0000000000
107726  23.820  3.186  -15.290 0.0000000000
107725  24.557  2.640  -15.431 0.0000000000
107723  26.313  2.359  -16.282 0.0000000000
106610  27.412  2.255  -16.434 0.0000000000
106611  26.917  2.437  -16.644 0.0000000000
107737  27.665  2.973  -15.967 0.0000000000
108858  28.348  3.675  -15.792 0.0000000000
114422  23.217  8.493  -15.709 0.0000000000
113255  24.404  7.670  -16.343 0.0000000000
114409  27.874  8.370  -14.711 0.0000000000
113231  27.261  8.093  -15.452 0.0000000000
113229  28.475  7.132  -14.769 0.0000000000
112127  29.348  6.286  -14.675 0.0000000000
111044  29.122  5.565  -14.881 0.0000000000
111041  31.885  5.648  -14.672 0.0000000000
111054  32.463  5.512  -15.103 0.0000000000
111069  33.379  5.275  -16.594 0.0000000000
112151  33.268  6.288  -16.140 0.0000000000
113263  33.034  7.290  -17.717 0.0000000000
116948  32.669  10.929  -16.799 0.0000000000
116964  31.918  10.287  -19.468 0.0000000000
126606  28.172  19.417  -14.353 0.0000000000
124581  27.969  17.594  -14.303 0.0000000000
123508  27.654  16.643  -14.501 0.0000000000
124568  28.742  17.610  -13.947 0.0000000000
124567  29.586  17.594  -13.637 0.0000000000
126627  32.515  19.396  -17.153 0.0000000000
126620  32.545  19.421  -16.260 0.0000000000
125637  32.607  18.490  -16.751 0.0000000000
124622  32.518  17.904  -17.108 0.0000000000
124607  32.352  17.438  -16.502 0.0000000000
123528  32.753  16.424  -15.986 0.0000000000
124608  32.009  17.026  -16.902 0.0000000000
123557  31.748  16.382  -17.615 0.0000000000
100615  25.482  -3.471  -13.877 0.0000000000
100613  27.077  -3.603  -14.229 0.0000000000
101853  30.561  -2.600  -15.048 0.0000000000
100611  29.093  -3.747  -14.555 0.0000000000
100610  30.220  -3.695  -14.591 0.0000000000
99327  30.450  -4.726  -14.463 0.0000000000
94719  23.647  -8.952  -11.285 0.0000000000
93511  24.053  -9.193  -11.315 0.0000000000
94733  24.994  -8.144  -11.817 0.0000000000
94748  25.561  -7.999  -12.045 0.0000000000
95931  26.373  -7.477  -13.091 0.0000000000
95951  26.596  -6.898  -13.617 0.0000000000
107708  22.488  2.713  -14.186 0.0000000000
108844  23.172  3.228  -14.794 0.0000000000
108877  24.944  4.585  -16.254 0.0000000000
116942  23.614  10.340  -15.956 0.0000000000
116951  24.325  10.109  -16.442 0.0000000000
116950  24.940  10.239  -16.393 0.0000000000
115649  25.989  9.974  -16.259 0.0000000000
115638  27.190  9.441  -15.021 0.0000000000
116931  27.246  10.252  -14.162 0.0000000000
114407  30.040  8.308  -14.139 0.0000000000
114406  31.158  8.298  -13.938 0.0000000000
114405  32.103  8.352  -14.341 0.0000000000
115633  32.271  9.502  -14.536 0.0000000000
116939  32.708  10.776  -15.916 0.0000000000
118173  32.452  11.647  -17.209 0.0000000000
119325  31.946  12.530  -17.514 0.0000000000
126608  26.779  19.536  -13.857 0.0000000000
128568  28.137  21.566  -14.222 0.0000000000
127578  28.311  20.522  -14.124 0.0000000000
127576  30.257  20.794  -14.663 0.0000000000
104321  28.389  -0.889  -15.005 0.0000000000
104318  30.270  -1.470  -15.030 0.0000000000
103119  29.987  -1.955  -15.087 0.0000000000
118159  22.891  11.035  -15.150 0.0000000000
118158  23.532  11.271  -15.663 0.0000000000
119319  24.462  11.532  -15.953 0.0000000000
120330  23.880  12.975  -15.513 0.0000000000
119306  26.170  12.199  -14.735 0.0000000000
119280  27.860  13.163  -13.568 0.0000000000
120299  27.976  13.733  -13.384 0.0000000000
93496  26.241  -9.330  -10.755 0.0000000000
108871  33.041  2.731  -17.022 0.0000000000
107735  32.892  1.758  -17.078 0.0000000000
107754  33.053  2.155  -17.937 0.0000000000
101821  22.882  -2.726  -12.702 0.0000000000
100569  23.327  -3.771  -12.695 0.0000000000
101820  23.110  -3.253  -12.991 0.0000000000
101860  23.994  -2.557  -14.062 0.0000000000
103124  25.093  -1.729  -14.582 0.0000000000
104322  25.529  -1.088  -14.864 0.0000000000
103143  26.552  -0.772  -15.283 0.0000000000
106593  24.899  1.698  -15.308 0.0000000000
104341  25.154  0.002  -15.387 0.0000000000
105471  28.743  0.619  -15.250 0.0000000000
107719  31.547  1.936  -14.938 0.0000000000
108854  32.269  2.700  -15.538 0.0000000000
111061  22.616  5.911  -14.854 0.0000000000
111059  23.867  5.411  -15.763 0.0000000000
109996  24.898  5.218  -16.186 0.0000000000
109995  25.504  4.944  -16.579 0.0000000000
115661  24.070  9.400  -16.445 0.0000000000
114433  24.648  8.550  -16.554 0.0000000000
113254  25.222  7.657  -16.586 0.0000000000
113244  27.076  7.511  -15.724 0.0000000000
112143  26.294  7.143  -16.647 0.0000000000
112153  25.903  6.655  -16.632 0.0000000000
112152  26.420  6.015  -16.407 0.0000000000
111072  26.111  5.533  -16.539 0.0000000000
109994  26.442  4.487  -17.018 0.0000000000
109992  27.631  4.581  -16.629 0.0000000000
111055  29.300  5.025  -15.051 0.0000000000
109976  29.888  4.398  -14.832 0.0000000000
110023  33.052  4.277  -19.076 0.0000000000
111086  33.422  5.098  -17.970 0.0000000000
110038  32.961  4.523  -20.082 0.0000000000
114418  33.319  7.879  -16.186 0.0000000000
114429  33.138  7.900  -17.028 0.0000000000
114448  32.579  8.617  -18.871 0.0000000000
113286  32.751  7.673  -19.562 0.0000000000
125621  25.731  17.838  -14.034 0.0000000000
122422  27.523  15.495  -14.425 0.0000000000
121347  26.977  14.403  -14.400 0.0000000000
121346  27.675  14.478  -13.913 0.0000000000
120298  28.852  13.734  -13.203 0.0000000000
131594  29.587  24.292  -15.935 0.0000000000
130634  29.949  23.722  -15.557 0.0000000000
131600  30.840  24.450  -16.790 0.0000000000
130633  30.830  23.416  -15.682 0.0000000000
129656  30.588  22.788  -15.252 0.0000000000
128566  30.687  21.571  -14.713 0.0000000000
127575  31.235  20.828  -14.575 0.0000000000
129673  31.932  22.991  -17.308 0.0000000000
129654  32.121  21.928  -15.808 0.0000000000
127584  31.751  20.880  -14.842 0.0000000000
126604  30.578  20.056  -14.269 0.0000000000
125603  30.895  18.366  -13.762 0.0000000000
124566  30.464  17.548  -13.600 0.0000000000
125617  31.927  18.457  -14.779 0.0000000000
124565  31.255  17.528  -13.849 0.0000000000
123488  30.979  16.642  -13.429 0.0000000000
122410  30.575  15.705  -13.186 0.0000000000
121332  30.209  14.743  -13.042 0.0000000000
120295  31.621  13.990  -13.346 0.0000000000
121345  32.349  14.108  -14.209 0.0000000000
120310  32.470  13.693  -14.511 0.0000000000
122435  32.751  15.517  -15.474 0.0000000000
121361  32.390  14.434  -15.846 0.0000000000
120326  32.489  13.539  -15.271 0.0000000000
120340  32.101  13.295  -16.385 0.0000000000
120349  31.828  13.456  -17.303 0.0000000000
119334  31.342  12.632  -18.382 0.0000000000
122470  30.357  15.175  -18.933 0.0000000000
121399  30.760  14.383  -18.755 0.0000000000
120358  30.444  13.461  -19.303 0.0000000000
119335  30.684  12.612  -19.010 0.0000000000
99307  24.021  -4.367  -13.080 0.0000000000
99306  24.599  -4.812  -13.383 0.0000000000
99305  25.483  -4.877  -13.709 0.0000000000
98194  25.751  -5.638  -13.520 0.0000000000
97102  26.912  -6.375  -14.145 0.0000000000
95950  27.148  -7.140  -13.599 0.0000000000
101856  27.671  -2.629  -14.447 0.0000000000
98212  27.725  -5.603  -14.278 0.0000000000
97101  27.787  -6.695  -13.959 0.0000000000
95949  27.956  -7.245  -13.327 0.0000000000
106607  32.633  0.985  -17.212 0.0000000000
105505  32.558  0.040  -16.916 0.0000000000
94735  23.574  -8.514  -11.330 0.0000000000
97114  28.240  -6.306  -14.190 0.0000000000
97115  27.679  -6.184  -14.387 0.0000000000
98191  28.747  -5.930  -14.146 0.0000000000
98192  28.313  -5.626  -14.169 0.0000000000
99302  28.725  -5.308  -13.870 0.0000000000
103141  27.797  -1.132  -15.091 0.0000000000
104319  29.824  -1.285  -14.957 0.0000000000
105467  32.034  0.390  -16.219 0.0000000000
105487  32.746  0.673  -17.137 0.0000000000
105506  32.367  -0.030  -16.797 0.0000000000
107739  26.715  3.082  -16.845 0.0000000000
107755  27.032  3.543  -17.151 0.0000000000
107756  26.799  3.664  -17.209 0.0000000000
108874  27.219  3.926  -16.904 0.0000000000
108893  26.700  3.958  -17.409 0.0000000000
109961  31.621  4.887  -14.716 0.0000000000
109993  27.123  4.551  -17.126 0.0000000000
110009  26.882  4.175  -17.407 0.0000000000
110010  26.776  4.085  -17.612 0.0000000000
111043  29.996  5.483  -14.890 0.0000000000
111053  33.090  5.377  -15.674 0.0000000000
111071  26.854  5.429  -16.708 0.0000000000
111075  23.770  6.365  -16.009 0.0000000000
111094  33.147  5.900  -19.558 0.0000000000
111107  33.201  5.926  -19.803 0.0000000000
112128  28.686  6.126  -15.094 0.0000000000
112139  32.189  6.434  -14.710 0.0000000000
112144  22.795  6.770  -15.270 0.0000000000
112177  32.853  7.195  -18.988 0.0000000000
112185  33.194  6.142  -19.679 0.0000000000
113230  27.614  7.728  -15.159 0.0000000000
113245  26.393  7.633  -16.288 0.0000000000
113274  33.018  7.158  -18.282 0.0000000000
114420  26.949  8.542  -15.634 0.0000000000
114431  26.094  8.506  -16.464 0.0000000000
114439  32.968  7.872  -17.554 0.0000000000
115636  29.240  9.307  -13.968 0.0000000000
115647  27.007  9.026  -15.471 0.0000000000
115648  26.567  9.545  -15.939 0.0000000000
115660  24.866  9.421  -16.656 0.0000000000
115674  32.118  9.982  -19.649 0.0000000000
116940  26.254  10.502  -15.514 0.0000000000
116941  25.823  10.345  -15.899 0.0000000000
116949  25.470  10.291  -16.190 0.0000000000
118131  29.070  12.091  -12.902 0.0000000000
118157  24.974  11.475  -15.895 0.0000000000
118165  32.591  11.659  -16.240 0.0000000000
118168  24.211  11.014  -16.261 0.0000000000
119294  28.348  12.262  -13.501 0.0000000000
119298  22.096  12.175  -13.749 0.0000000000
119307  25.452  12.183  -15.195 0.0000000000
119309  23.761  11.996  -15.766 0.0000000000
119318  24.732  11.534  -15.915 0.0000000000
119326  31.600  13.020  -17.744 0.0000000000
120296  30.891  13.858  -12.922 0.0000000000
120327  26.558  12.856  -15.048 0.0000000000
120350  31.494  13.511  -17.903 0.0000000000
121329  32.201  15.096  -14.311 0.0000000000
121349  23.936  14.385  -14.202 0.0000000000
122434  32.895  15.807  -16.096 0.0000000000
122447  32.733  15.815  -16.308 0.0000000000
122448  32.424  15.428  -16.534 0.0000000000
123486  32.207  16.080  -14.347 0.0000000000
123506  32.117  17.072  -14.460 0.0000000000
123527  32.859  16.029  -16.219 0.0000000000
123544  32.690  16.038  -16.416 0.0000000000
123545  32.299  16.395  -16.865 0.0000000000
123546  31.911  16.813  -17.132 0.0000000000
123556  32.142  15.985  -17.308 0.0000000000
124580  31.805  17.597  -14.326 0.0000000000
124583  26.224  17.304  -14.326 0.0000000000
125616  32.219  17.974  -15.138 0.0000000000
125630  31.952  18.917  -15.176 0.0000000000
125653  31.702  18.704  -18.203 0.0000000000
126594  31.250  18.910  -13.859 0.0000000000
126597  28.824  19.362  -14.134 0.0000000000
126602  32.108  20.094  -14.734 0.0000000000
126605  29.927  20.298  -14.356 0.0000000000
127568  28.913  20.051  -14.052 0.0000000000
127570  26.418  20.319  -13.192 0.0000000000
127583  32.144  20.752  -15.175 0.0000000000
127585  28.775  21.066  -15.029 0.0000000000
127592  32.417  20.416  -16.025 0.0000000000
128565  31.239  21.660  -14.754 0.0000000000
128573  32.005  21.618  -15.489 0.0000000000
128574  31.653  21.481  -15.027 0.0000000000
129644  27.566  21.447  -13.059 0.0000000000
129648  31.027  22.194  -14.903 0.0000000000
129649  30.380  22.161  -14.935 0.0000000000
129663  32.215  22.087  -16.366 0.0000000000
130641  30.515  23.871  -16.045 0.0000000000
130647  31.979  23.045  -17.706 0.0000000000
131602  29.229  24.645  -16.015 0.0000000000
131613  31.037  24.791  -17.613 0.0000000000
