#!ascii label  , from subject 3787 vox2ras=TkReg
1248
120828  -51.240  15.470  58.791 0.0000000000
133381  -37.133  32.178  58.217 0.0000000000
125035  -39.574  20.889  68.911 0.0000000000
129948  -45.422  27.182  61.578 0.0000000000
135197  -40.972  36.065  56.348 0.0000000000
133323  -41.232  32.668  64.621 0.0000000000
132682  -41.870  31.565  60.278 0.0000000000
127530  -42.317  24.659  61.407 0.0000000000
115085  -48.023  10.589  69.978 0.0000000000
118024  -46.881  13.513  63.753 0.0000000000
133461  -31.433  32.801  52.582 0.0000000000
132061  -37.757  30.605  52.065 0.0000000000
132082  -44.244  30.723  51.051 0.0000000000
121605  -47.466  17.976  66.060 0.0000000000
129945  -37.500  28.371  62.941 0.0000000000
126733  -42.226  23.340  65.370 0.0000000000
123387  -47.319  20.170  61.240 0.0000000000
124310  -46.377  20.638  59.049 0.0000000000
121698  -41.918  17.736  58.695 0.0000000000
121743  -50.562  17.689  54.757 0.0000000000
133407  -43.442  33.199  55.896 0.0000000000
134577  -41.843  34.958  59.248 0.0000000000
132724  -40.482  31.460  57.658 0.0000000000
131305  -39.574  29.220  59.749 0.0000000000
116961  -48.324  12.361  67.596 0.0000000000
116959  -46.081  12.886  67.540 0.0000000000
135211  -28.449  35.389  54.386 0.0000000000
132079  -41.692  30.165  51.190 0.0000000000
121611  -43.867  17.738  64.405 0.0000000000
122461  -43.939  19.142  68.082 0.0000000000
131997  -34.765  30.024  58.669 0.0000000000
133329  -35.596  32.208  62.933 0.0000000000
131225  -43.319  29.305  63.457 0.0000000000
130576  -42.176  28.539  66.021 0.0000000000
128290  -43.428  25.467  63.318 0.0000000000
125094  -45.504  21.619  63.204 0.0000000000
126768  -46.645  23.810  61.370 0.0000000000
125152  -48.679  21.860  58.725 0.0000000000
127552  -46.957  24.458  59.480 0.0000000000
124265  -42.711  20.839  61.353 0.0000000000
134583  -38.567  34.715  57.409 0.0000000000
133960  -38.359  33.481  62.034 0.0000000000
135152  -40.098  35.307  61.121 0.0000000000
133345  -41.881  32.793  62.214 0.0000000000
131271  -44.178  29.823  61.168 0.0000000000
129135  -44.730  26.555  60.166 0.0000000000
130639  -42.151  28.754  61.119 0.0000000000
129125  -40.232  26.472  61.437 0.0000000000
115985  -49.416  11.781  65.998 0.0000000000
118027  -49.902  12.731  62.990 0.0000000000
119949  -50.414  15.241  61.579 0.0000000000
133389  -28.359  32.191  57.620 0.0000000000
132028  -30.792  31.249  55.701 0.0000000000
134013  -33.582  33.115  55.184 0.0000000000
134016  -36.214  33.756  55.447 0.0000000000
133440  -40.053  32.834  54.732 0.0000000000
133457  -43.321  32.912  53.200 0.0000000000
132044  -44.350  30.714  54.403 0.0000000000
130018  -45.100  27.920  52.188 0.0000000000
119006  -44.539  14.205  63.816 0.0000000000
120781  -47.602  16.344  62.782 0.0000000000
121643  -49.990  16.998  62.700 0.0000000000
127487  -38.822  24.514  65.649 0.0000000000
131910  -39.367  30.570  63.656 0.0000000000
129887  -41.272  26.833  66.418 0.0000000000
125875  -42.011  22.845  68.534 0.0000000000
124239  -44.334  20.369  65.888 0.0000000000
122501  -47.125  18.813  63.694 0.0000000000
120814  -47.708  17.320  60.301 0.0000000000
122609  -48.583  19.043  57.374 0.0000000000
123461  -47.603  19.412  56.045 0.0000000000
122624  -44.401  18.843  56.326 0.0000000000
125958  -44.399  22.691  59.853 0.0000000000
122565  -44.446  18.731  59.098 0.0000000000
122622  -42.352  18.833  56.320 0.0000000000
119980  -51.964  14.679  58.933 0.0000000000
120010  -51.781  15.298  56.614 0.0000000000
120843  -50.349  16.519  57.363 0.0000000000
132756  -42.812  31.683  55.609 0.0000000000
133395  -41.636  32.977  56.908 0.0000000000
132740  -41.293  31.580  56.307 0.0000000000
132013  -39.987  30.517  57.374 0.0000000000
123306  -41.826  20.138  68.862 0.0000000000
132012  -35.912  30.768  58.262 0.0000000000
129947  -44.760  27.565  62.041 0.0000000000
129925  -43.551  27.629  63.462 0.0000000000
129121  -44.401  26.508  62.597 0.0000000000
127524  -45.438  24.670  62.179 0.0000000000
128306  -46.209  25.602  61.213 0.0000000000
127534  -47.263  24.632  60.245 0.0000000000
128307  -46.608  25.523  60.546 0.0000000000
135196  -39.729  36.099  56.663 0.0000000000
135171  -40.003  35.619  59.165 0.0000000000
135818  -40.815  36.338  58.994 0.0000000000
133364  -41.225  32.769  59.925 0.0000000000
133971  -41.282  33.467  60.429 0.0000000000
133366  -42.205  32.183  60.897 0.0000000000
132672  -43.321  31.451  61.716 0.0000000000
131942  -43.106  30.824  60.988 0.0000000000
130640  -43.643  28.724  60.836 0.0000000000
131286  -41.651  29.633  60.703 0.0000000000
129965  -39.582  27.597  60.747 0.0000000000
118004  -47.536  12.719  65.495 0.0000000000
118006  -49.395  12.679  65.370 0.0000000000
118026  -48.904  12.940  63.337 0.0000000000
118045  -50.351  13.406  61.528 0.0000000000
118043  -48.493  13.769  61.709 0.0000000000
134621  -29.684  34.454  52.768 0.0000000000
133430  -29.349  32.804  54.653 0.0000000000
133432  -31.149  32.890  54.242 0.0000000000
132752  -32.355  31.553  55.716 0.0000000000
133433  -32.708  32.834  54.596 0.0000000000
132797  -36.184  30.957  52.422 0.0000000000
132766  -35.640  31.448  53.880 0.0000000000
132768  -37.530  31.588  54.386 0.0000000000
133422  -38.255  33.414  55.467 0.0000000000
132785  -39.762  31.543  53.687 0.0000000000
132080  -43.133  30.898  51.175 0.0000000000
132800  -41.975  31.782  52.724 0.0000000000
133467  -43.814  31.924  52.059 0.0000000000
133445  -43.827  32.315  54.117 0.0000000000
132067  -44.365  30.700  52.116 0.0000000000
130683  -45.112  28.851  53.420 0.0000000000
131344  -44.486  29.742  51.725 0.0000000000
118997  -40.505  13.956  65.036 0.0000000000
116971  -41.517  12.534  66.720 0.0000000000
118012  -41.707  13.809  64.904 0.0000000000
118000  -43.269  13.477  65.517 0.0000000000
119004  -42.948  14.602  64.159 0.0000000000
121603  -45.429  18.018  65.799 0.0000000000
121622  -46.030  17.461  63.904 0.0000000000
120762  -47.242  17.176  64.365 0.0000000000
120774  -49.404  16.883  64.047 0.0000000000
121615  -48.999  17.407  65.240 0.0000000000
129921  -36.580  27.396  63.364 0.0000000000
128251  -36.967  25.154  65.177 0.0000000000
129068  -38.041  26.153  65.104 0.0000000000
133951  -39.451  33.737  63.137 0.0000000000
133332  -38.471  32.705  63.508 0.0000000000
133321  -40.100  32.135  64.350 0.0000000000
128256  -42.501  25.880  66.345 0.0000000000
129888  -41.809  27.466  66.499 0.0000000000
128247  -42.420  25.642  67.386 0.0000000000
128240  -41.760  25.156  67.954 0.0000000000
126706  -42.411  23.836  67.952 0.0000000000
124200  -43.246  21.422  67.926 0.0000000000
125088  -42.617  21.649  65.326 0.0000000000
125095  -46.172  21.295  62.796 0.0000000000
124253  -46.220  20.651  63.246 0.0000000000
123377  -46.612  19.744  62.535 0.0000000000
121640  -47.217  18.153  61.535 0.0000000000
122566  -47.045  18.639  60.282 0.0000000000
121712  -48.103  18.343  58.259 0.0000000000
123428  -48.046  20.015  59.379 0.0000000000
125156  -47.576  21.698  58.515 0.0000000000
124322  -47.950  20.161  57.033 0.0000000000
124321  -47.579  20.030  57.575 0.0000000000
122626  -46.183  18.858  56.258 0.0000000000
123444  -46.126  19.003  57.783 0.0000000000
127541  -43.801  25.248  60.566 0.0000000000
127543  -45.133  24.616  59.620 0.0000000000
126777  -43.853  23.556  60.208 0.0000000000
122544  -42.603  18.474  60.642 0.0000000000
123411  -43.909  19.710  60.417 0.0000000000
122564  -43.782  18.476  59.231 0.0000000000
122585  -43.922  18.472  58.280 0.0000000000
122583  -42.079  18.082  58.054 0.0000000000
122620  -40.448  18.971  56.530 0.0000000000
117031  -51.962  12.779  60.356 0.0000000000
123491  -49.514  18.964  53.439 0.0000000000
134607  -42.897  34.964  55.693 0.0000000000
135182  -42.453  35.632  57.998 0.0000000000
133988  -42.052  34.459  57.739 0.0000000000
133995  -41.091  33.203  58.066 0.0000000000
132693  -40.782  31.481  59.338 0.0000000000
131959  -40.907  30.304  60.212 0.0000000000
132001  -40.143  30.691  58.971 0.0000000000
116923  -48.188  11.954  68.823 0.0000000000
115956  -47.841  11.791  70.031 0.0000000000
118003  -46.480  12.829  65.412 0.0000000000
135225  -31.817  35.697  52.346 0.0000000000
132063  -39.909  30.529  52.551 0.0000000000
132106  -44.049  30.402  49.574 0.0000000000
131360  -44.456  29.856  49.218 0.0000000000
121619  -42.635  16.605  63.995 0.0000000000
122487  -43.705  18.481  67.326 0.0000000000
122489  -45.827  18.591  67.586 0.0000000000
131926  -37.160  30.361  62.523 0.0000000000
131905  -42.223  30.485  64.583 0.0000000000
131898  -42.080  30.593  65.702 0.0000000000
130585  -42.515  28.470  64.915 0.0000000000
129103  -42.666  26.484  64.498 0.0000000000
127508  -42.466  24.366  64.475 0.0000000000
125922  -43.218  22.281  64.149 0.0000000000
126755  -43.730  23.445  63.180 0.0000000000
125929  -45.813  22.636  62.150 0.0000000000
125109  -47.276  21.781  61.620 0.0000000000
124294  -48.080  21.021  60.057 0.0000000000
125941  -47.749  22.865  60.384 0.0000000000
125986  -47.926  23.075  58.971 0.0000000000
125985  -47.155  22.814  58.858 0.0000000000
125937  -42.601  22.577  61.326 0.0000000000
125055  -38.671  21.332  66.495 0.0000000000
133993  -37.805  33.499  57.538 0.0000000000
133372  -37.955  32.333  59.331 0.0000000000
133977  -39.338  34.215  59.874 0.0000000000
134554  -39.463  34.513  61.730 0.0000000000
133952  -40.361  33.937  62.913 0.0000000000
135173  -41.345  35.723  59.676 0.0000000000
134556  -40.920  34.629  61.556 0.0000000000
133335  -41.689  32.586  63.557 0.0000000000
132660  -42.841  31.492  63.077 0.0000000000
131252  -44.123  29.539  62.055 0.0000000000
130642  -45.417  28.230  60.974 0.0000000000
129970  -45.656  27.280  60.818 0.0000000000
130652  -44.689  28.432  60.733 0.0000000000
129967  -43.620  27.586  60.694 0.0000000000
129127  -42.069  26.632  61.162 0.0000000000
130649  -40.778  28.850  60.753 0.0000000000
129126  -41.102  26.577  61.583 0.0000000000
116962  -49.048  12.231  67.134 0.0000000000
116984  -50.160  12.050  65.097 0.0000000000
117007  -51.115  12.285  62.626 0.0000000000
118046  -51.134  13.335  61.164 0.0000000000
119032  -51.350  14.060  60.719 0.0000000000
120807  -51.115  15.461  61.025 0.0000000000
131993  -29.736  30.168  58.457 0.0000000000
132733  -29.307  31.419  56.474 0.0000000000
132006  -30.567  30.313  57.305 0.0000000000
132008  -32.792  30.140  57.190 0.0000000000
132737  -34.234  31.547  56.539 0.0000000000
132738  -35.153  32.222  56.651 0.0000000000
132794  -33.285  32.150  52.337 0.0000000000
133452  -33.930  31.909  53.697 0.0000000000
134015  -35.484  33.436  55.552 0.0000000000
134003  -36.713  33.596  56.735 0.0000000000
134602  -37.165  34.464  55.840 0.0000000000
134019  -38.938  34.241  55.757 0.0000000000
134605  -40.781  34.934  55.280 0.0000000000
132799  -40.654  31.249  52.949 0.0000000000
133442  -41.657  33.387  54.033 0.0000000000
134038  -42.476  34.087  54.259 0.0000000000
134039  -43.207  33.894  54.675 0.0000000000
132758  -44.220  31.853  55.088 0.0000000000
131334  -44.414  29.382  54.253 0.0000000000
130001  -45.616  27.854  53.716 0.0000000000
130694  -44.548  28.656  50.182 0.0000000000
118002  -45.373  13.097  65.482 0.0000000000
118023  -45.869  13.692  63.674 0.0000000000
120770  -44.318  16.250  63.215 0.0000000000
119931  -45.096  15.413  62.667 0.0000000000
119945  -47.352  14.910  61.739 0.0000000000
119947  -48.651  15.182  61.770 0.0000000000
120784  -50.399  16.008  62.286 0.0000000000
120805  -50.199  16.624  60.940 0.0000000000
125076  -39.519  22.503  65.960 0.0000000000
133354  -37.389  32.655  61.696 0.0000000000
132646  -37.848  31.759  63.155 0.0000000000
131230  -38.956  29.790  63.487 0.0000000000
131215  -41.444  29.889  65.926 0.0000000000
129906  -40.384  28.631  65.132 0.0000000000
129084  -39.150  27.034  64.674 0.0000000000
128254  -39.835  25.259  66.030 0.0000000000
126719  -40.767  23.497  67.115 0.0000000000
125045  -40.761  21.893  67.846 0.0000000000
124190  -42.704  20.996  68.939 0.0000000000
123328  -44.733  19.855  68.233 0.0000000000
123353  -46.307  19.431  66.770 0.0000000000
124251  -44.780  20.982  64.220 0.0000000000
124241  -46.144  20.193  64.959 0.0000000000
123369  -47.412  19.058  65.399 0.0000000000
122509  -48.394  17.845  63.518 0.0000000000
120804  -48.990  16.780  60.945 0.0000000000
120816  -49.672  16.600  59.763 0.0000000000
120842  -49.572  17.047  57.270 0.0000000000
121741  -48.960  18.048  55.847 0.0000000000
123476  -48.726  19.559  54.571 0.0000000000
123438  -48.716  20.098  58.123 0.0000000000
124327  -48.280  19.536  56.471 0.0000000000
123475  -47.826  19.647  54.795 0.0000000000
123474  -46.753  19.414  54.961 0.0000000000
123472  -44.623  19.410  54.926 0.0000000000
128319  -45.586  25.366  59.578 0.0000000000
126795  -45.616  23.724  59.391 0.0000000000
125150  -45.763  21.727  59.440 0.0000000000
125127  -43.638  21.532  60.672 0.0000000000
124293  -44.959  20.578  60.211 0.0000000000
123427  -46.062  19.752  59.247 0.0000000000
122586  -44.832  18.671  58.401 0.0000000000
122623  -43.389  18.847  56.323 0.0000000000
119997  -51.876  15.052  57.804 0.0000000000
120844  -51.221  15.800  57.490 0.0000000000
120827  -50.457  16.251  58.619 0.0000000000
132755  -41.859  31.719  55.775 0.0000000000
132025  -41.470  31.109  55.942 0.0000000000
123305  -40.547  19.890  68.862 0.0000000000
125030  -40.446  20.721  69.186 0.0000000000
132722  -36.249  31.449  57.880 0.0000000000
131979  -36.276  31.023  59.272 0.0000000000
132705  -36.819  31.392  58.910 0.0000000000
129122  -45.262  26.536  62.081 0.0000000000
128300  -45.675  25.624  61.863 0.0000000000
129128  -45.767  26.481  61.428 0.0000000000
129129  -46.107  26.392  60.885 0.0000000000
135825  -40.287  36.201  57.699 0.0000000000
135833  -40.771  36.378  57.191 0.0000000000
133375  -41.419  32.230  59.754 0.0000000000
133365  -41.787  32.273  60.302 0.0000000000
132683  -42.411  31.563  60.722 0.0000000000
131961  -42.474  30.952  60.649 0.0000000000
131287  -42.407  30.427  60.700 0.0000000000
131960  -41.780  30.872  60.381 0.0000000000
115092  -47.880  10.859  69.151 0.0000000000
118018  -47.584  13.039  64.639 0.0000000000
118019  -48.722  12.852  64.500 0.0000000000
118025  -47.837  13.263  63.590 0.0000000000
118034  -47.981  13.464  62.384 0.0000000000
134049  -30.171  33.603  52.730 0.0000000000
134043  -29.951  33.362  53.476 0.0000000000
133449  -31.022  32.800  53.240 0.0000000000
133450  -32.084  32.396  53.260 0.0000000000
132074  -36.833  30.933  51.339 0.0000000000
132050  -37.057  30.691  52.726 0.0000000000
132783  -37.295  31.036  53.557 0.0000000000
132051  -38.034  30.573  52.982 0.0000000000
132784  -38.380  31.193  53.709 0.0000000000
132052  -39.080  30.772  53.092 0.0000000000
132081  -43.995  31.242  50.779 0.0000000000
132814  -43.747  31.840  51.355 0.0000000000
132815  -44.175  31.638  51.480 0.0000000000
132803  -44.118  31.465  52.573 0.0000000000
119920  -40.038  14.778  64.910 0.0000000000
119001  -40.351  14.500  64.843 0.0000000000
118011  -40.973  13.616  64.997 0.0000000000
119002  -41.020  14.356  64.632 0.0000000000
118013  -42.625  13.993  64.878 0.0000000000
121604  -46.528  17.875  66.048 0.0000000000
121613  -46.331  17.572  65.059 0.0000000000
121614  -47.466  17.382  65.354 0.0000000000
120756  -48.316  17.119  65.507 0.0000000000
121606  -48.419  17.545  65.524 0.0000000000
130618  -37.106  28.850  62.566 0.0000000000
129944  -36.839  28.072  62.788 0.0000000000
129102  -37.100  26.981  63.874 0.0000000000
129903  -37.671  27.133  64.288 0.0000000000
133942  -40.232  33.263  63.990 0.0000000000
133334  -40.153  32.719  64.296 0.0000000000
133322  -40.674  32.528  64.651 0.0000000000
127489  -42.403  24.660  65.787 0.0000000000
127480  -42.534  24.790  66.903 0.0000000000
127473  -42.469  24.733  67.724 0.0000000000
126721  -42.309  23.776  66.375 0.0000000000
125888  -42.253  22.741  66.563 0.0000000000
126732  -42.015  22.889  65.754 0.0000000000
124266  -47.130  20.820  61.816 0.0000000000
124256  -46.611  20.659  62.449 0.0000000000
123386  -46.815  19.795  61.652 0.0000000000
122545  -46.810  18.934  60.889 0.0000000000
123413  -47.129  19.573  60.952 0.0000000000
122567  -47.386  18.993  59.668 0.0000000000
123414  -47.605  19.945  60.444 0.0000000000
124317  -47.912  20.776  58.074 0.0000000000
124316  -47.235  20.478  58.405 0.0000000000
123445  -46.791  19.414  57.305 0.0000000000
123436  -46.497  19.643  58.461 0.0000000000
127531  -43.325  24.719  60.853 0.0000000000
127532  -43.700  24.193  60.521 0.0000000000
126767  -43.425  23.870  60.677 0.0000000000
122562  -42.340  17.891  60.317 0.0000000000
122563  -42.983  18.025  59.723 0.0000000000
121681  -42.387  17.660  59.194 0.0000000000
122584  -43.021  18.133  58.334 0.0000000000
122582  -41.452  17.887  58.038 0.0000000000
118048  -52.038  13.079  60.349 0.0000000000
122652  -50.257  18.149  53.786 0.0000000000
122641  -50.254  18.163  54.228 0.0000000000
134595  -43.364  34.143  56.282 0.0000000000
134594  -42.892  34.663  56.546 0.0000000000
133997  -42.363  34.181  56.997 0.0000000000
133394  -41.162  32.446  57.282 0.0000000000
133996  -41.660  33.575  57.423 0.0000000000
133384  -40.743  32.340  58.329 0.0000000000
132708  -40.376  31.277  58.682 0.0000000000
131321  -39.417  29.658  57.912 0.0000000000
115946  -47.388  11.629  70.589 0.0000000000
117965  -46.755  13.081  67.230 0.0000000000
117964  -46.065  12.986  66.976 0.0000000000
135224  -30.656  35.537  52.665 0.0000000000
132105  -43.317  30.048  49.743 0.0000000000
131367  -43.624  29.342  48.136 0.0000000000
131377  -42.816  29.708  47.329 0.0000000000
122460  -42.800  19.061  67.769 0.0000000000
122486  -42.559  18.369  67.027 0.0000000000
122488  -44.827  18.509  67.595 0.0000000000
122462  -44.958  19.150  68.160 0.0000000000
131976  -33.411  29.985  59.508 0.0000000000
132644  -35.706  31.984  63.128 0.0000000000
131224  -42.731  29.549  64.142 0.0000000000
130586  -43.183  28.601  63.902 0.0000000000
129120  -43.793  26.161  63.080 0.0000000000
129924  -42.857  27.169  64.070 0.0000000000
129104  -43.264  26.467  63.672 0.0000000000
128289  -42.673  25.521  63.974 0.0000000000
127520  -43.030  24.518  63.511 0.0000000000
127521  -43.794  24.584  62.909 0.0000000000
126760  -45.850  23.726  61.777 0.0000000000
126759  -45.042  23.638  62.316 0.0000000000
125939  -46.361  23.022  61.555 0.0000000000
125930  -46.690  22.385  61.824 0.0000000000
125940  -47.214  22.831  61.290 0.0000000000
125110  -47.700  21.925  60.715 0.0000000000
127553  -47.162  24.501  59.643 0.0000000000
126779  -47.546  23.641  59.659 0.0000000000
126798  -47.241  23.959  59.546 0.0000000000
126797  -47.056  23.777  59.268 0.0000000000
133994  -38.585  33.943  57.811 0.0000000000
133984  -38.808  33.545  58.690 0.0000000000
134575  -38.979  34.177  57.974 0.0000000000
135162  -40.106  35.575  60.164 0.0000000000
134561  -39.685  34.867  60.623 0.0000000000
134548  -39.687  34.272  62.492 0.0000000000
134555  -40.246  34.655  61.906 0.0000000000
134578  -42.296  35.009  58.382 0.0000000000
135181  -42.046  35.712  58.772 0.0000000000
133356  -41.782  32.702  61.182 0.0000000000
133963  -41.293  33.704  61.646 0.0000000000
133953  -41.288  33.606  62.770 0.0000000000
133336  -42.420  31.966  63.296 0.0000000000
133346  -42.758  32.144  62.530 0.0000000000
131943  -43.548  30.691  61.482 0.0000000000
131929  -43.551  30.573  62.274 0.0000000000
131253  -44.546  29.117  61.378 0.0000000000
131272  -45.051  29.059  61.023 0.0000000000
131289  -45.183  28.706  60.890 0.0000000000
131288  -44.814  29.153  60.899 0.0000000000
129959  -42.678  27.677  61.062 0.0000000000
129133  -43.033  26.679  60.843 0.0000000000
131306  -40.267  29.970  59.804 0.0000000000
131285  -40.373  29.430  60.324 0.0000000000
129956  -39.817  26.894  61.204 0.0000000000
129957  -40.491  27.401  61.347 0.0000000000
116942  -48.253  11.918  67.956 0.0000000000
118020  -49.948  12.611  64.239 0.0000000000
116992  -50.765  12.207  64.218 0.0000000000
116996  -50.771  12.455  63.470 0.0000000000
117006  -50.550  12.583  62.472 0.0000000000
119030  -49.894  14.357  61.404 0.0000000000
119031  -50.667  14.214  61.130 0.0000000000
119950  -51.039  14.882  61.098 0.0000000000
120795  -50.835  15.401  61.422 0.0000000000
133379  -28.207  32.594  58.015 0.0000000000
132703  -27.816  31.732  58.405 0.0000000000
132704  -28.258  31.513  58.044 0.0000000000
131992  -28.690  30.963  58.127 0.0000000000
132004  -28.938  31.182  57.469 0.0000000000
135846  -28.461  36.329  55.158 0.0000000000
135210  -27.876  34.819  54.709 0.0000000000
133413  -29.750  32.267  55.091 0.0000000000
132749  -29.398  31.757  55.697 0.0000000000
132734  -29.812  31.295  56.065 0.0000000000
132017  -29.743  31.068  56.487 0.0000000000
132018  -30.406  30.903  56.274 0.0000000000
132007  -31.710  30.114  57.469 0.0000000000
132030  -31.921  30.795  55.957 0.0000000000
133416  -33.057  32.791  55.252 0.0000000000
132736  -33.046  31.369  56.293 0.0000000000
132754  -34.170  32.399  55.818 0.0000000000
132721  -35.183  31.395  57.165 0.0000000000
133418  -34.325  32.844  55.676 0.0000000000
132779  -33.599  31.720  52.971 0.0000000000
132780  -34.584  31.488  53.114 0.0000000000
133419  -35.988  32.843  55.298 0.0000000000
134033  -35.270  32.776  54.880 0.0000000000
134002  -35.423  33.721  56.029 0.0000000000
134601  -36.330  34.288  55.644 0.0000000000
134590  -36.338  34.491  56.098 0.0000000000
134017  -36.986  33.980  55.426 0.0000000000
133439  -38.744  32.880  55.066 0.0000000000
134034  -38.672  33.580  55.541 0.0000000000
134035  -39.489  33.594  55.298 0.0000000000
134020  -39.831  34.384  55.422 0.0000000000
134036  -40.529  33.937  54.783 0.0000000000
132078  -40.400  30.054  51.463 0.0000000000
132064  -41.179  30.778  52.155 0.0000000000
133465  -42.853  32.638  52.624 0.0000000000
133464  -42.246  32.652  53.062 0.0000000000
133456  -42.618  33.208  53.349 0.0000000000
134037  -41.588  33.925  54.389 0.0000000000
133444  -43.161  32.981  54.247 0.0000000000
132788  -44.212  31.530  53.681 0.0000000000
133426  -44.169  32.196  54.832 0.0000000000
132035  -44.388  31.367  54.914 0.0000000000
132034  -44.105  31.184  55.089 0.0000000000
130687  -44.953  28.584  52.581 0.0000000000
130684  -45.479  28.340  53.589 0.0000000000
130010  -45.621  27.810  52.954 0.0000000000
129224  -45.750  26.844  52.869 0.0000000000
130019  -45.673  27.244  52.051 0.0000000000
116973  -43.495  12.703  66.859 0.0000000000
118014  -43.599  13.890  64.753 0.0000000000
118001  -44.299  13.221  65.455 0.0000000000
118015  -44.603  13.622  64.531 0.0000000000
118016  -45.672  13.372  64.597 0.0000000000
118022  -45.102  13.785  63.910 0.0000000000
121610  -42.750  17.308  64.457 0.0000000000
120769  -43.219  16.157  63.490 0.0000000000
121620  -43.546  17.010  63.718 0.0000000000
120772  -46.867  17.001  63.294 0.0000000000
121629  -45.732  16.960  63.104 0.0000000000
120780  -46.385  16.387  62.578 0.0000000000
119932  -45.903  15.495  62.390 0.0000000000
119933  -47.060  15.407  62.083 0.0000000000
119946  -47.774  15.114  61.738 0.0000000000
119934  -48.233  15.667  62.346 0.0000000000
120775  -50.077  16.848  63.845 0.0000000000
120783  -50.046  16.461  62.851 0.0000000000
120793  -50.183  16.329  61.904 0.0000000000
127486  -37.792  24.622  65.414 0.0000000000
125903  -38.953  23.014  65.517 0.0000000000
133363  -38.321  32.889  60.818 0.0000000000
133362  -37.788  32.310  60.342 0.0000000000
133959  -37.864  33.121  62.536 0.0000000000
132647  -39.287  31.654  63.757 0.0000000000
133331  -37.427  32.459  63.211 0.0000000000
131909  -38.570  30.666  63.019 0.0000000000
131216  -42.094  29.831  66.348 0.0000000000
131897  -41.613  30.574  65.862 0.0000000000
129894  -40.836  27.835  65.806 0.0000000000
129905  -39.682  27.927  64.754 0.0000000000
129893  -39.921  27.025  65.151 0.0000000000
129069  -39.105  26.296  65.309 0.0000000000
129070  -40.408  26.422  65.957 0.0000000000
126705  -42.129  23.873  68.254 0.0000000000
127479  -40.851  24.206  67.001 0.0000000000
125880  -41.600  23.129  68.072 0.0000000000
125879  -41.014  22.862  67.547 0.0000000000
125046  -41.502  22.474  68.185 0.0000000000
125037  -41.750  21.723  68.724 0.0000000000
125038  -42.588  21.751  68.471 0.0000000000
124217  -43.415  20.626  67.328 0.0000000000
124192  -43.872  20.442  68.265 0.0000000000
123351  -44.664  20.049  67.632 0.0000000000
123329  -46.051  19.287  67.541 0.0000000000
123352  -45.236  19.688  67.132 0.0000000000
125924  -43.792  22.325  63.522 0.0000000000
125092  -43.716  21.631  63.907 0.0000000000
125093  -44.545  21.563  63.669 0.0000000000
123374  -46.567  19.615  63.479 0.0000000000
124249  -46.165  20.315  64.137 0.0000000000
123371  -46.826  19.419  64.584 0.0000000000
122497  -47.426  18.770  64.401 0.0000000000
122502  -47.835  18.266  63.971 0.0000000000
122508  -47.694  18.252  62.979 0.0000000000
121665  -47.512  17.608  60.946 0.0000000000
121666  -48.322  17.332  61.329 0.0000000000
120803  -48.138  17.165  60.640 0.0000000000
120815  -48.297  16.976  59.725 0.0000000000
120826  -49.167  16.786  58.403 0.0000000000
120825  -48.376  17.132  58.872 0.0000000000
122608  -48.297  18.800  57.965 0.0000000000
121713  -48.482  18.096  57.535 0.0000000000
121725  -48.886  18.173  56.706 0.0000000000
122639  -48.974  18.666  55.176 0.0000000000
122627  -48.681  18.799  56.357 0.0000000000
124295  -48.547  21.460  59.469 0.0000000000
124311  -48.437  20.811  59.336 0.0000000000
124312  -48.646  21.139  58.811 0.0000000000
124323  -48.288  19.884  56.860 0.0000000000
122625  -45.346  18.770  56.351 0.0000000000
122637  -45.449  19.085  55.567 0.0000000000
122636  -44.793  19.038  55.731 0.0000000000
123459  -44.217  19.188  55.554 0.0000000000
129136  -45.501  26.582  60.288 0.0000000000
129141  -45.940  25.895  59.852 0.0000000000
129140  -45.325  26.047  59.842 0.0000000000
126778  -44.708  23.679  59.761 0.0000000000
125983  -45.270  22.788  59.582 0.0000000000
125984  -46.198  22.790  59.262 0.0000000000
125108  -42.993  21.559  61.157 0.0000000000
123425  -44.272  19.159  59.784 0.0000000000
123412  -44.526  19.890  60.172 0.0000000000
124309  -45.635  20.573  59.648 0.0000000000
123426  -45.166  19.421  59.555 0.0000000000
123435  -45.721  19.107  58.537 0.0000000000
122604  -43.172  18.569  57.308 0.0000000000
122634  -42.721  19.080  55.742 0.0000000000
119055  -52.325  14.231  59.379 0.0000000000
119998  -52.224  14.418  58.124 0.0000000000
134022  -42.918  32.946  56.019 0.0000000000
134021  -42.322  33.114  56.025 0.0000000000
133423  -42.441  32.458  55.818 0.0000000000
133406  -41.633  32.537  56.297 0.0000000000
132739  -40.818  31.554  56.829 0.0000000000
132014  -40.486  31.031  57.033 0.0000000000
123325  -41.773  19.643  68.180 0.0000000000
123326  -42.927  19.706  68.490 0.0000000000
131978  -35.657  30.610  59.589 0.0000000000
132670  -36.519  31.982  61.316 0.0000000000
130598  -43.705  28.760  62.873 0.0000000000
129926  -44.141  27.308  62.777 0.0000000000
128298  -44.129  25.505  62.766 0.0000000000
127523  -44.594  24.654  62.524 0.0000000000
128299  -44.955  25.600  62.392 0.0000000000
127525  -46.116  24.705  61.579 0.0000000000
126769  -47.219  23.754  60.728 0.0000000000
127533  -46.725  24.696  60.955 0.0000000000
127544  -47.352  24.990  60.022 0.0000000000
128321  -46.871  25.112  59.594 0.0000000000
135187  -39.178  35.706  57.126 0.0000000000
134576  -39.457  34.767  58.456 0.0000000000
135179  -39.910  35.663  58.309 0.0000000000
135180  -40.359  36.082  58.725 0.0000000000
135172  -40.641  36.067  59.529 0.0000000000
133979  -41.403  33.989  59.533 0.0000000000
134570  -41.445  34.751  60.153 0.0000000000
133357  -42.658  32.144  61.517 0.0000000000
133358  -43.176  32.053  61.957 0.0000000000
132671  -42.895  31.496  61.226 0.0000000000
130641  -44.458  29.138  60.847 0.0000000000
131270  -42.800  29.704  60.996 0.0000000000
130648  -39.882  28.678  60.401 0.0000000000
115976  -48.466  11.657  67.470 0.0000000000
117988  -48.498  12.845  66.563 0.0000000000
118005  -48.602  13.106  65.531 0.0000000000
118036  -49.903  12.887  61.988 0.0000000000
118035  -49.071  13.159  62.277 0.0000000000
118044  -49.419  13.616  61.614 0.0000000000
119029  -48.987  14.442  61.493 0.0000000000
133380  -28.431  33.072  57.613 0.0000000000
134619  -29.216  34.443  53.402 0.0000000000
134618  -28.637  34.363  53.931 0.0000000000
134042  -29.162  33.677  53.735 0.0000000000
133431  -30.137  32.663  54.446 0.0000000000
133414  -30.729  32.343  55.023 0.0000000000
132751  -31.217  31.728  55.429 0.0000000000
133415  -31.837  32.595  55.181 0.0000000000
134030  -33.254  33.207  55.035 0.0000000000
132811  -36.250  31.263  51.424 0.0000000000
132765  -35.116  31.524  53.562 0.0000000000
132782  -36.342  31.021  53.340 0.0000000000
132767  -36.524  31.414  54.210 0.0000000000
133437  -36.714  32.143  54.946 0.0000000000
133421  -37.723  33.278  55.427 0.0000000000
133438  -37.697  32.408  55.041 0.0000000000
132769  -38.603  31.884  54.467 0.0000000000
132770  -39.451  32.173  54.532 0.0000000000
132065  -42.368  31.105  51.847 0.0000000000
132066  -42.915  31.381  51.568 0.0000000000
132802  -43.608  31.984  51.830 0.0000000000
133466  -43.487  32.240  52.304 0.0000000000
133458  -43.861  32.160  52.941 0.0000000000
132054  -44.301  30.581  53.287 0.0000000000
131337  -44.732  29.517  53.857 0.0000000000
131340  -44.515  29.610  52.861 0.0000000000
130691  -44.599  28.721  51.400 0.0000000000
119916  -38.544  15.158  65.564 0.0000000000
118995  -38.924  14.300  65.376 0.0000000000
116980  -39.788  12.919  65.928 0.0000000000
117980  -40.675  12.891  66.054 0.0000000000
117983  -42.899  13.150  66.233 0.0000000000
119010  -43.503  14.908  63.658 0.0000000000
121612  -45.115  17.719  64.683 0.0000000000
120773  -48.117  16.728  63.750 0.0000000000
121623  -49.372  17.281  64.364 0.0000000000
129101  -36.350  26.639  63.796 0.0000000000
129067  -37.571  25.797  65.125 0.0000000000
128253  -38.333  25.431  65.412 0.0000000000
134546  -38.709  33.709  62.423 0.0000000000
133950  -38.416  33.304  62.974 0.0000000000
133941  -39.089  33.205  63.590 0.0000000000
133333  -39.540  32.686  63.992 0.0000000000
132636  -40.033  31.537  64.385 0.0000000000
129896  -42.464  27.616  65.749 0.0000000000
130570  -42.117  27.975  66.384 0.0000000000
129071  -42.420  26.896  66.254 0.0000000000
129063  -42.243  26.596  66.899 0.0000000000
129062  -41.852  26.385  67.162 0.0000000000
128246  -41.568  25.802  67.479 0.0000000000
128241  -42.233  25.411  68.041 0.0000000000
127466  -42.238  24.643  68.129 0.0000000000
125876  -42.365  22.832  68.183 0.0000000000
125047  -42.969  21.777  68.021 0.0000000000
125881  -42.450  22.805  67.622 0.0000000000
124237  -42.868  21.057  66.969 0.0000000000
124238  -43.312  20.594  66.296 0.0000000000
122507  -46.973  18.959  62.736 0.0000000000
122520  -47.331  18.432  62.168 0.0000000000
122519  -46.901  18.902  61.723 0.0000000000
121664  -46.889  18.229  60.899 0.0000000000
121683  -47.202  17.830  59.963 0.0000000000
121684  -47.953  17.512  59.157 0.0000000000
121700  -47.730  18.203  58.962 0.0000000000
122587  -47.932  19.105  58.643 0.0000000000
122588  -48.383  19.410  58.104 0.0000000000
126001  -48.429  22.168  58.637 0.0000000000
124318  -48.327  20.765  58.098 0.0000000000
123446  -47.400  19.629  56.807 0.0000000000
123460  -46.833  19.288  56.137 0.0000000000
122607  -46.028  18.694  57.017 0.0000000000
128312  -44.111  25.775  60.233 0.0000000000
128313  -44.819  25.549  59.826 0.0000000000
127542  -44.217  24.667  60.272 0.0000000000
123410  -43.190  19.218  60.733 0.0000000000
124291  -43.387  20.529  60.929 0.0000000000
123424  -43.701  18.852  60.039 0.0000000000
122603  -42.208  18.449  57.286 0.0000000000
122621  -41.388  18.862  56.488 0.0000000000
122602  -41.233  18.393  57.334 0.0000000000
122601  -40.177  18.500  57.275 0.0000000000
117019  -51.405  12.493  61.255 0.0000000000
135198  -41.943  36.189  56.064 0.0000000000
135834  -41.623  36.282  56.922 0.0000000000
135190  -42.264  35.410  57.098 0.0000000000
134585  -42.537  34.919  57.516 0.0000000000
134005  -42.027  33.413  56.582 0.0000000000
133987  -41.559  34.129  58.477 0.0000000000
133986  -41.025  33.220  58.924 0.0000000000
133374  -40.944  32.268  59.313 0.0000000000
132694  -41.364  31.551  59.791 0.0000000000
131982  -41.135  30.904  60.007 0.0000000000
131981  -40.580  30.803  59.529 0.0000000000
131980  -39.842  30.171  59.254 0.0000000000
132723  -40.066  30.979  58.107 0.0000000000
132000  -39.805  30.512  58.439 0.0000000000
115093  -48.327  10.972  69.579 0.0000000000
115086  -48.296  10.914  70.297 0.0000000000
115957  -48.226  11.530  69.662 0.0000000000
116941  -47.840  12.405  68.226 0.0000000000
116904  -47.378  12.062  69.895 0.0000000000
116922  -47.755  12.277  69.269 0.0000000000
117966  -47.734  12.752  67.404 0.0000000000
117987  -47.199  12.766  66.459 0.0000000000
116990  -46.836  13.015  64.716 0.0000000000
135855  -29.512  36.344  53.848 0.0000000000
135223  -29.983  35.015  52.629 0.0000000000
134622  -30.466  34.441  52.444 0.0000000000
134623  -31.516  34.581  52.095 0.0000000000
132062  -38.761  30.416  52.311 0.0000000000
132093  -41.849  29.707  50.600 0.0000000000
132094  -42.645  29.960  50.423 0.0000000000
132095  -43.692  30.625  50.258 0.0000000000
132096  -44.313  30.647  50.035 0.0000000000
132107  -44.312  30.318  49.655 0.0000000000
121591  -43.403  18.012  66.395 0.0000000000
121602  -44.229  18.011  65.515 0.0000000000
121592  -44.561  18.192  66.623 0.0000000000
121593  -45.653  18.190  66.839 0.0000000000
121594  -46.539  18.327  66.820 0.0000000000
131249  -36.662  29.620  62.425 0.0000000000
131250  -37.482  29.575  62.626 0.0000000000
132648  -41.624  32.010  64.516 0.0000000000
132638  -41.271  31.855  65.170 0.0000000000
132639  -41.743  31.233  64.912 0.0000000000
131217  -42.321  29.646  65.457 0.0000000000
129908  -42.849  27.861  64.204 0.0000000000
129907  -42.499  27.385  64.799 0.0000000000
129085  -42.493  26.665  65.503 0.0000000000
128272  -42.565  25.619  65.123 0.0000000000
126751  -42.753  23.159  64.378 0.0000000000
126754  -42.954  23.677  63.799 0.0000000000
126752  -43.315  22.988  63.828 0.0000000000
125925  -44.641  22.459  63.074 0.0000000000
126758  -44.268  23.893  62.626 0.0000000000
125928  -45.022  22.800  62.512 0.0000000000
125926  -45.362  22.269  62.709 0.0000000000
125099  -46.616  21.669  62.319 0.0000000000
124267  -47.574  20.930  61.031 0.0000000000
125130  -48.409  22.089  59.964 0.0000000000
125131  -48.869  22.069  59.261 0.0000000000
126770  -47.543  23.622  60.072 0.0000000000
125959  -48.255  22.913  59.584 0.0000000000
125960  -48.559  22.497  59.025 0.0000000000
125999  -47.865  22.379  58.608 0.0000000000
125151  -46.755  21.729  58.907 0.0000000000
126766  -42.897  23.646  61.102 0.0000000000
124290  -42.837  20.031  61.396 0.0000000000
123409  -42.256  19.257  61.233 0.0000000000
122543  -41.874  18.313  60.742 0.0000000000
121680  -41.893  17.617  59.644 0.0000000000
133393  -37.446  32.761  57.849 0.0000000000
132706  -37.567  31.937  58.869 0.0000000000
133382  -37.970  32.724  58.406 0.0000000000
133373  -38.388  32.855  59.737 0.0000000000
133976  -38.896  33.447  60.214 0.0000000000
133985  -39.465  34.323  59.132 0.0000000000
133961  -38.973  33.927  61.645 0.0000000000
134547  -39.089  33.978  62.499 0.0000000000
133943  -40.972  33.493  63.620 0.0000000000
135819  -41.442  36.316  58.764 0.0000000000
135812  -41.078  36.298  59.322 0.0000000000
135163  -40.696  35.751  60.520 0.0000000000
135154  -41.112  35.046  61.195 0.0000000000
135153  -40.716  35.236  61.214 0.0000000000
133962  -40.825  34.167  62.191 0.0000000000
133932  -41.057  33.203  64.253 0.0000000000
132649  -42.264  31.523  63.955 0.0000000000
131911  -42.935  30.613  63.398 0.0000000000
131232  -43.200  29.887  63.370 0.0000000000
132661  -43.234  31.477  62.431 0.0000000000
131233  -43.520  29.717  62.798 0.0000000000
130621  -44.384  28.598  62.026 0.0000000000
130622  -44.912  28.426  61.370 0.0000000000
129960  -45.281  27.788  61.335 0.0000000000
129961  -45.770  27.346  61.057 0.0000000000
130654  -45.544  28.007  60.977 0.0000000000
129969  -45.083  27.453  60.586 0.0000000000
129968  -44.372  27.496  60.549 0.0000000000
130651  -44.106  28.107  60.645 0.0000000000
129134  -43.874  26.666  60.483 0.0000000000
128311  -43.442  25.801  60.657 0.0000000000
128305  -42.636  25.690  61.091 0.0000000000
130650  -41.416  28.883  60.945 0.0000000000
129966  -40.318  28.200  60.986 0.0000000000
130638  -41.100  28.296  61.171 0.0000000000
129958  -41.584  27.564  61.332 0.0000000000
115967  -48.139  11.436  68.719 0.0000000000
116963  -49.314  11.938  66.542 0.0000000000
116976  -49.132  12.630  66.541 0.0000000000
116977  -49.359  12.297  66.154 0.0000000000
116997  -51.239  12.073  63.605 0.0000000000
117008  -51.336  11.932  62.751 0.0000000000
117020  -51.825  12.886  60.620 0.0000000000
118047  -51.763  13.283  60.624 0.0000000000
119040  -52.084  13.969  60.160 0.0000000000
119958  -51.521  14.751  60.479 0.0000000000
120818  -51.464  15.401  60.041 0.0000000000
134000  -28.183  32.956  56.599 0.0000000000
134026  -28.571  33.324  54.731 0.0000000000
132748  -28.861  31.918  56.073 0.0000000000
132732  -28.844  31.916  56.790 0.0000000000
132005  -29.483  30.795  57.157 0.0000000000
131994  -30.892  30.009  58.192 0.0000000000
131318  -31.810  29.873  58.186 0.0000000000
131319  -32.403  29.814  57.939 0.0000000000
131996  -33.722  30.053  58.198 0.0000000000
132735  -32.616  31.216  56.144 0.0000000000
132021  -33.366  30.744  56.713 0.0000000000
132010  -34.476  30.669  57.397 0.0000000000
132720  -34.643  31.179  57.005 0.0000000000
133391  -35.897  32.282  57.074 0.0000000000
133462  -32.401  32.688  52.294 0.0000000000
132778  -32.880  32.002  52.971 0.0000000000
133451  -33.130  32.238  53.646 0.0000000000
134031  -33.680  33.182  54.933 0.0000000000
133435  -34.784  32.008  54.193 0.0000000000
134032  -34.545  32.980  54.884 0.0000000000
134014  -34.534  33.125  55.458 0.0000000000
134001  -34.913  33.304  55.828 0.0000000000
133403  -35.709  32.946  56.524 0.0000000000
133392  -36.790  32.781  57.447 0.0000000000
133992  -37.087  33.302  57.218 0.0000000000
134004  -37.522  33.935  56.881 0.0000000000
134591  -37.665  34.443  56.460 0.0000000000
134018  -37.949  33.974  55.744 0.0000000000
134603  -38.258  34.755  55.980 0.0000000000
134592  -38.880  35.392  56.539 0.0000000000
134593  -39.342  35.759  56.216 0.0000000000
135205  -40.255  35.780  55.843 0.0000000000
135206  -41.477  35.663  55.407 0.0000000000
132053  -39.670  30.960  53.099 0.0000000000
133454  -40.631  32.424  53.999 0.0000000000
132786  -41.083  32.048  53.351 0.0000000000
133441  -41.050  33.218  54.268 0.0000000000
134613  -41.173  34.441  54.732 0.0000000000
134614  -41.757  34.921  54.617 0.0000000000
135214  -42.030  35.515  54.794 0.0000000000
134615  -42.589  34.849  54.895 0.0000000000
134616  -43.199  34.428  55.300 0.0000000000
133408  -43.565  33.438  55.657 0.0000000000
133425  -43.740  32.835  55.172 0.0000000000
132757  -43.677  31.838  55.388 0.0000000000
132033  -43.236  31.035  55.093 0.0000000000
131338  -45.374  28.866  53.929 0.0000000000
130680  -45.449  28.399  54.053 0.0000000000
131351  -44.616  29.942  50.493 0.0000000000
130028  -45.086  27.778  51.157 0.0000000000
116958  -45.113  12.474  67.710 0.0000000000
117984  -43.939  13.023  66.244 0.0000000000
116974  -44.517  12.780  66.992 0.0000000000
117985  -45.207  13.052  66.564 0.0000000000
120768  -42.457  15.973  63.843 0.0000000000
119927  -42.968  15.388  63.663 0.0000000000
119928  -43.741  15.451  63.344 0.0000000000
121621  -44.819  17.172  63.606 0.0000000000
120778  -44.723  15.850  62.786 0.0000000000
119929  -44.454  15.372  62.990 0.0000000000
119016  -45.600  14.825  62.693 0.0000000000
119017  -46.361  14.488  62.460 0.0000000000
118033  -47.046  13.724  62.795 0.0000000000
119018  -47.339  14.357  61.991 0.0000000000
119028  -48.037  14.481  61.604 0.0000000000
119948  -49.588  15.202  61.719 0.0000000000
120782  -48.888  16.324  63.058 0.0000000000
119935  -49.344  15.842  62.301 0.0000000000
119937  -50.392  15.804  62.000 0.0000000000
120794  -50.567  15.865  61.817 0.0000000000
120806  -50.929  16.130  61.035 0.0000000000
120817  -50.751  16.157  59.904 0.0000000000
125902  -37.973  22.843  65.362 0.0000000000
125075  -38.814  22.134  65.861 0.0000000000
125056  -39.795  21.766  66.706 0.0000000000
132692  -37.422  31.653  59.685 0.0000000000
133342  -36.384  32.432  62.546 0.0000000000
133344  -37.908  32.835  63.167 0.0000000000
133330  -36.492  32.319  63.061 0.0000000000
132658  -36.913  31.252  62.707 0.0000000000
131927  -37.857  30.208  62.700 0.0000000000
130620  -38.115  28.983  63.197 0.0000000000
132630  -41.186  31.163  65.520 0.0000000000
131896  -41.105  30.735  65.516 0.0000000000
131222  -40.395  29.911  64.574 0.0000000000
130575  -41.656  28.805  65.961 0.0000000000
130574  -40.925  29.095  65.637 0.0000000000
131231  -39.689  29.875  64.012 0.0000000000
130597  -39.229  29.201  63.889 0.0000000000
130582  -39.065  28.449  64.038 0.0000000000
129904  -38.507  27.623  64.267 0.0000000000
129083  -38.255  26.740  64.692 0.0000000000
128245  -40.958  25.148  66.947 0.0000000000
127478  -40.304  24.584  66.464 0.0000000000
127488  -39.589  24.254  66.115 0.0000000000
125885  -40.097  22.698  66.389 0.0000000000
125057  -40.409  22.422  67.074 0.0000000000
125036  -40.633  21.105  68.865 0.0000000000
124189  -41.801  20.814  69.131 0.0000000000
123307  -42.858  20.284  68.960 0.0000000000
125039  -43.116  21.390  68.357 0.0000000000
123308  -43.601  20.312  68.708 0.0000000000
123327  -43.994  19.671  68.878 0.0000000000
122463  -45.936  19.081  67.879 0.0000000000
122465  -47.098  18.978  67.303 0.0000000000
125921  -42.597  22.328  64.845 0.0000000000
125089  -43.352  21.363  64.711 0.0000000000
124247  -44.424  20.716  64.901 0.0000000000
124252  -45.422  20.938  63.821 0.0000000000
124248  -45.407  20.609  64.601 0.0000000000
124240  -45.396  20.267  65.553 0.0000000000
123368  -46.497  19.673  65.746 0.0000000000
123354  -47.229  19.129  66.494 0.0000000000
122494  -47.925  18.309  65.693 0.0000000000
122499  -48.743  17.981  64.908 0.0000000000
122503  -48.728  17.946  64.213 0.0000000000
121631  -49.341  17.510  63.388 0.0000000000
121641  -47.904  17.785  61.998 0.0000000000
121630  -48.467  17.689  62.835 0.0000000000
121642  -49.090  17.362  62.136 0.0000000000
120792  -49.656  16.695  61.792 0.0000000000
120859  -50.135  16.904  56.476 0.0000000000
121701  -48.281  17.551  58.337 0.0000000000
121714  -49.260  17.641  57.059 0.0000000000
121742  -49.682  17.838  55.267 0.0000000000
122640  -49.825  18.424  54.579 0.0000000000
122650  -49.375  19.107  54.350 0.0000000000
123437  -48.305  19.839  58.600 0.0000000000
123447  -48.584  19.700  57.126 0.0000000000
123462  -48.264  19.257  55.991 0.0000000000
123489  -48.168  19.914  53.670 0.0000000000
123488  -47.093  19.748  53.805 0.0000000000
123487  -45.990  19.569  53.858 0.0000000000
122638  -46.178  19.157  55.505 0.0000000000
123473  -45.633  19.453  54.789 0.0000000000
129137  -46.127  26.235  60.422 0.0000000000
129142  -46.573  25.658  59.805 0.0000000000
128320  -46.303  25.253  59.480 0.0000000000
127550  -45.951  24.585  59.283 0.0000000000
126796  -46.455  23.743  59.204 0.0000000000
126776  -43.334  23.286  60.579 0.0000000000
124292  -44.164  20.658  60.489 0.0000000000
125128  -44.433  21.633  60.221 0.0000000000
125149  -44.991  22.042  59.794 0.0000000000
125129  -45.181  21.325  59.924 0.0000000000
122606  -45.238  18.704  57.393 0.0000000000
122605  -44.162  18.568  57.314 0.0000000000
115078  -47.491  10.476  70.355 0.0000000000
115935  -47.734  11.089  71.057 0.0000000000
115966  -47.959  11.137  68.625 0.0000000000
115977  -49.169  11.713  66.778 0.0000000000
116957  -44.071  12.340  67.493 0.0000000000
116975  -45.250  12.834  67.178 0.0000000000
116981  -40.043  12.754  66.049 0.0000000000
116982  -46.960  12.822  64.945 0.0000000000
116983  -47.282  12.803  64.931 0.0000000000
116991  -47.074  12.954  64.735 0.0000000000
117017  -50.422  12.807  61.863 0.0000000000
117018  -50.839  12.686  61.743 0.0000000000
117952  -47.420  12.735  67.944 0.0000000000
117967  -48.457  12.557  67.198 0.0000000000
117981  -41.074  12.980  66.131 0.0000000000
117986  -46.159  12.896  66.409 0.0000000000
117989  -49.223  12.979  66.154 0.0000000000
117997  -40.405  13.211  65.677 0.0000000000
117998  -41.390  13.365  65.558 0.0000000000
117999  -42.299  13.506  65.551 0.0000000000
118017  -46.669  13.198  64.571 0.0000000000
118032  -46.289  13.750  63.009 0.0000000000
118058  -52.117  13.386  60.204 0.0000000000
118059  -52.297  13.170  59.939 0.0000000000
118996  -39.858  14.186  65.233 0.0000000000
119003  -41.984  14.533  64.483 0.0000000000
119005  -43.915  14.420  64.110 0.0000000000
119011  -44.151  14.785  63.431 0.0000000000
119012  -45.054  14.548  63.248 0.0000000000
119013  -45.760  14.184  62.941 0.0000000000
119019  -47.866  13.938  61.793 0.0000000000
119027  -47.573  14.716  61.699 0.0000000000
119917  -39.603  15.186  65.085 0.0000000000
119936  -50.147  15.810  62.160 0.0000000000
119967  -51.944  14.637  59.816 0.0000000000
119981  -52.310  14.325  58.671 0.0000000000
120757  -48.851  17.143  65.483 0.0000000000
120763  -48.379  16.714  64.863 0.0000000000
120764  -49.087  16.925  65.109 0.0000000000
120771  -44.897  16.601  63.213 0.0000000000
120779  -45.228  16.291  62.745 0.0000000000
120858  -49.620  17.242  56.745 0.0000000000
121595  -46.973  18.460  66.802 0.0000000000
121618  -42.165  16.305  64.161 0.0000000000
121624  -50.013  17.017  64.107 0.0000000000
121628  -45.185  16.733  63.198 0.0000000000
121632  -50.159  17.069  63.677 0.0000000000
121663  -41.922  17.770  60.346 0.0000000000
121682  -46.931  18.372  60.502 0.0000000000
121699  -42.554  17.768  58.742 0.0000000000
121702  -48.925  17.387  57.684 0.0000000000
121726  -49.506  17.463  56.179 0.0000000000
121727  -50.590  17.322  55.625 0.0000000000
121760  -50.570  17.604  54.170 0.0000000000
122464  -46.791  19.008  67.527 0.0000000000
122490  -46.634  18.682  67.367 0.0000000000
122491  -47.177  18.748  66.854 0.0000000000
122495  -48.595  17.785  65.354 0.0000000000
122498  -48.027  18.529  64.812 0.0000000000
122546  -47.135  19.205  60.437 0.0000000000
122651  -49.801  18.759  53.899 0.0000000000
122667  -50.227  18.077  53.560 0.0000000000
123309  -43.906  20.350  68.519 0.0000000000
123330  -46.909  19.173  67.218 0.0000000000
123331  -47.216  19.034  67.076 0.0000000000
123367  -45.669  19.717  66.280 0.0000000000
123372  -47.454  18.959  64.832 0.0000000000
123429  -48.443  20.413  58.877 0.0000000000
123458  -43.749  19.119  55.762 0.0000000000
124180  -40.245  20.363  69.262 0.0000000000
124188  -40.901  20.513  69.011 0.0000000000
124191  -43.300  20.868  68.494 0.0000000000
124201  -43.421  21.089  68.036 0.0000000000
124202  -44.107  20.360  67.831 0.0000000000
124216  -43.128  21.307  67.614 0.0000000000
124218  -44.257  20.126  66.939 0.0000000000
124219  -44.975  19.996  66.353 0.0000000000
124246  -43.625  20.695  65.398 0.0000000000
124326  -48.065  19.662  56.481 0.0000000000
125029  -40.060  20.763  69.273 0.0000000000
125044  -39.847  21.237  67.964 0.0000000000
125048  -43.212  21.427  68.137 0.0000000000
125058  -42.601  21.815  67.224 0.0000000000
125077  -42.531  21.514  66.215 0.0000000000
125078  -42.972  21.030  65.521 0.0000000000
125090  -44.152  21.214  64.239 0.0000000000
125098  -45.883  21.880  62.634 0.0000000000
125157  -48.117  21.713  58.362 0.0000000000
125158  -48.422  21.904  58.547 0.0000000000
125886  -40.496  23.013  66.895 0.0000000000
125887  -42.047  22.861  66.256 0.0000000000
125905  -41.970  22.761  66.043 0.0000000000
125906  -42.255  22.421  65.685 0.0000000000
125956  -43.069  22.845  60.777 0.0000000000
125987  -48.446  22.362  58.773 0.0000000000
126000  -48.241  22.313  58.630 0.0000000000
126711  -41.358  23.758  67.663 0.0000000000
126712  -41.827  23.625  68.220 0.0000000000
126713  -42.483  23.818  67.278 0.0000000000
126718  -40.175  23.646  66.457 0.0000000000
126720  -41.914  23.088  66.072 0.0000000000
126731  -39.587  23.728  66.088 0.0000000000
126756  -44.501  23.224  62.685 0.0000000000
127465  -41.994  24.720  68.283 0.0000000000
127471  -41.391  24.611  67.534 0.0000000000
127472  -41.769  24.326  68.077 0.0000000000
127535  -47.431  24.078  59.966 0.0000000000
127545  -47.312  24.508  59.843 0.0000000000
127551  -46.615  24.518  59.378 0.0000000000
128232  -41.933  24.973  68.222 0.0000000000
128233  -42.152  25.047  68.243 0.0000000000
128239  -41.422  24.991  67.488 0.0000000000
128244  -40.384  25.000  66.434 0.0000000000
128252  -37.325  25.276  65.231 0.0000000000
128255  -40.614  25.711  66.388 0.0000000000
128270  -36.600  25.332  64.947 0.0000000000
128271  -37.146  25.689  65.009 0.0000000000
128314  -47.147  25.448  59.954 0.0000000000
128315  -47.234  25.142  59.856 0.0000000000
128322  -47.177  24.916  59.719 0.0000000000
129054  -41.910  25.981  68.000 0.0000000000
129055  -42.152  26.077  67.665 0.0000000000
129061  -41.150  26.056  66.736 0.0000000000
129082  -37.163  26.298  64.623 0.0000000000
129105  -43.836  26.819  63.128 0.0000000000
129185  -45.551  27.523  53.858 0.0000000000
129204  -45.626  27.294  53.518 0.0000000000
129889  -42.255  27.537  66.357 0.0000000000
129895  -41.590  28.111  66.221 0.0000000000
129922  -37.581  27.757  63.546 0.0000000000
129923  -38.356  28.222  63.696 0.0000000000
129946  -44.165  27.993  62.676 0.0000000000
129962  -45.911  26.860  60.908 0.0000000000
129971  -45.828  26.744  60.711 0.0000000000
130009  -45.294  28.081  52.612 0.0000000000
130569  -41.929  28.210  66.326 0.0000000000
130583  -39.835  29.042  64.501 0.0000000000
130584  -40.522  29.310  65.015 0.0000000000
130595  -37.981  28.519  63.299 0.0000000000
130596  -38.581  28.929  63.475 0.0000000000
130619  -37.751  28.953  62.910 0.0000000000
130643  -45.603  27.782  60.970 0.0000000000
130653  -45.294  28.057  60.887 0.0000000000
130679  -44.976  28.426  54.310 0.0000000000
130688  -45.371  28.371  53.176 0.0000000000
131223  -40.960  29.923  65.231 0.0000000000
131251  -38.237  29.559  62.972 0.0000000000
131269  -42.223  29.371  60.908 0.0000000000
131284  -39.915  29.114  60.167 0.0000000000
131309  -30.509  29.737  58.996 0.0000000000
131310  -31.382  29.784  58.725 0.0000000000
131311  -32.130  29.751  58.637 0.0000000000
131312  -32.903  29.696  58.531 0.0000000000
131314  -35.319  30.093  59.133 0.0000000000
131320  -33.115  29.862  57.783 0.0000000000
131335  -45.162  28.956  54.195 0.0000000000
131359  -43.479  29.705  49.080 0.0000000000
131903  -39.997  30.817  64.379 0.0000000000
131904  -40.649  30.587  64.965 0.0000000000
131912  -43.321  30.213  62.953 0.0000000000
131925  -36.276  30.519  62.546 0.0000000000
131928  -43.174  31.060  62.786 0.0000000000
131991  -28.153  31.297  58.367 0.0000000000
131995  -31.448  29.946  58.150 0.0000000000
131998  -35.622  30.369  58.685 0.0000000000
131999  -36.165  30.840  58.736 0.0000000000
132009  -33.596  30.316  57.318 0.0000000000
132011  -35.451  30.639  57.901 0.0000000000
132019  -31.396  30.547  56.490 0.0000000000
132020  -32.422  30.722  56.426 0.0000000000
132022  -33.932  30.789  56.959 0.0000000000
132029  -31.350  31.000  55.785 0.0000000000
132060  -36.884  30.781  51.837 0.0000000000
132629  -40.945  31.156  65.485 0.0000000000
132631  -41.495  31.016  65.434 0.0000000000
132637  -40.694  31.427  64.991 0.0000000000
132645  -36.651  31.947  63.239 0.0000000000
132659  -37.689  30.888  62.744 0.0000000000
132691  -36.500  31.250  59.887 0.0000000000
132707  -40.100  30.906  58.401 0.0000000000
132717  -28.153  31.922  57.867 0.0000000000
132718  -28.574  31.689  57.496 0.0000000000
132719  -29.033  31.392  57.081 0.0000000000
132750  -30.266  31.563  55.522 0.0000000000
132753  -33.507  32.012  55.716 0.0000000000
132771  -44.300  31.678  54.612 0.0000000000
132781  -35.511  31.259  53.078 0.0000000000
132787  -41.778  32.357  53.194 0.0000000000
132793  -32.650  32.266  52.721 0.0000000000
132798  -39.990  31.050  53.080 0.0000000000
132801  -43.033  31.916  51.872 0.0000000000
132813  -43.255  31.496  51.493 0.0000000000
133341  -35.488  32.202  62.467 0.0000000000
133343  -37.422  32.854  62.857 0.0000000000
133347  -43.255  31.872  62.157 0.0000000000
133353  -36.088  32.318  61.898 0.0000000000
133355  -38.203  33.136  61.464 0.0000000000
133383  -38.331  32.819  59.017 0.0000000000
133390  -28.552  32.581  57.212 0.0000000000
133401  -28.443  32.394  56.314 0.0000000000
133402  -34.744  32.886  56.089 0.0000000000
133404  -36.256  32.927  56.943 0.0000000000
133405  -41.199  32.033  56.660 0.0000000000
133411  -28.170  33.071  55.493 0.0000000000
133412  -28.710  32.611  55.336 0.0000000000
133417  -33.867  32.762  55.462 0.0000000000
133420  -36.856  33.019  55.504 0.0000000000
133424  -43.251  32.491  55.723 0.0000000000
133429  -28.916  32.996  54.762 0.0000000000
133434  -33.743  32.464  54.427 0.0000000000
133436  -35.794  32.098  54.585 0.0000000000
133443  -42.852  33.447  53.899 0.0000000000
133448  -30.504  33.210  53.165 0.0000000000
133453  -40.028  32.146  54.335 0.0000000000
133455  -41.680  32.895  53.596 0.0000000000
133460  -30.783  33.108  52.758 0.0000000000
133474  -43.855  32.019  51.720 0.0000000000
133475  -44.042  32.120  51.466 0.0000000000
133931  -40.830  33.054  64.545 0.0000000000
133940  -38.616  33.140  63.456 0.0000000000
133949  -37.900  33.067  62.837 0.0000000000
133968  -38.715  33.471  61.208 0.0000000000
133969  -39.328  34.009  60.925 0.0000000000
133970  -41.128  33.142  60.052 0.0000000000
133978  -41.093  33.156  59.727 0.0000000000
133983  -38.272  33.192  58.122 0.0000000000
133991  -28.197  33.516  57.208 0.0000000000
134006  -42.955  33.682  56.358 0.0000000000
134007  -43.608  33.797  56.027 0.0000000000
134011  -28.204  33.397  55.174 0.0000000000
134012  -33.317  33.062  55.220 0.0000000000
134023  -43.508  33.844  55.458 0.0000000000
134027  -29.046  33.289  54.371 0.0000000000
134028  -29.656  33.165  54.118 0.0000000000
134029  -30.296  33.067  53.992 0.0000000000
134041  -28.626  33.709  54.224 0.0000000000
134044  -30.577  33.107  53.636 0.0000000000
134045  -42.167  33.526  53.900 0.0000000000
134046  -42.602  33.510  53.892 0.0000000000
134048  -29.514  33.822  53.095 0.0000000000
134050  -31.056  33.575  52.293 0.0000000000
134051  -31.769  33.244  52.201 0.0000000000
134054  -31.698  33.772  51.994 0.0000000000
134553  -38.906  33.993  62.099 0.0000000000
134562  -41.255  34.561  60.996 0.0000000000
134569  -39.714  34.949  59.592 0.0000000000
134582  -37.854  34.216  57.053 0.0000000000
134584  -39.460  35.343  57.729 0.0000000000
134589  -35.823  34.210  55.742 0.0000000000
134600  -35.909  34.096  55.514 0.0000000000
134604  -39.410  35.250  55.835 0.0000000000
134606  -41.484  35.272  54.995 0.0000000000
134608  -43.380  34.337  55.918 0.0000000000
134611  -27.672  34.561  54.953 0.0000000000
134612  -28.097  34.168  54.708 0.0000000000
135164  -41.187  35.296  60.713 0.0000000000
135188  -39.950  35.980  57.639 0.0000000000
135189  -40.238  36.016  58.173 0.0000000000
135195  -39.196  35.822  56.765 0.0000000000
135199  -42.380  35.483  56.234 0.0000000000
135204  -39.583  35.875  56.038 0.0000000000
135207  -42.301  35.606  55.414 0.0000000000
135212  -29.095  36.005  53.959 0.0000000000
135213  -41.743  35.416  54.870 0.0000000000
135217  -28.944  34.932  53.740 0.0000000000
135218  -29.525  35.506  53.316 0.0000000000
135219  -30.203  36.028  53.086 0.0000000000
135811  -40.832  36.250  59.297 0.0000000000
135820  -42.095  36.196  58.232 0.0000000000
135826  -40.612  36.357  58.060 0.0000000000
135827  -41.509  36.444  57.792 0.0000000000
135828  -42.138  36.122  57.485 0.0000000000
135832  -40.267  36.239  57.431 0.0000000000
135835  -42.101  36.013  56.731 0.0000000000
135866  -31.352  36.572  52.826 0.0000000000
