#!ascii label  , from subject 4082 vox2ras=TkReg
1697
43604  -35.068  -55.418  57.572 0.0000000000
71216  -48.929  -32.641  48.389 0.0000000000
59111  -39.251  -41.103  53.624 0.0000000000
45933  -3.829  -55.874  60.065 0.0000000000
45951  -22.319  -53.709  59.253 0.0000000000
50160  -11.408  -51.305  63.851 0.0000000000
50072  -8.394  -50.833  71.511 0.0000000000
61689  -44.733  -39.703  47.732 0.0000000000
53465  -13.721  -47.060  57.812 0.0000000000
37040  -3.346  -61.293  67.158 0.0000000000
51338  -34.798  -50.632  53.797 0.0000000000
42326  -31.109  -56.469  54.313 0.0000000000
39762  -29.128  -57.268  57.649 0.0000000000
74499  -50.247  -28.927  47.579 0.0000000000
59186  -42.545  -40.909  50.675 0.0000000000
47020  -15.886  -52.003  58.259 0.0000000000
55587  -10.342  -45.310  63.453 0.0000000000
49102  -6.494  -52.602  61.508 0.0000000000
50217  -7.834  -51.907  58.736 0.0000000000
48095  -4.757  -53.381  56.455 0.0000000000
42133  -10.946  -57.547  68.072 0.0000000000
42104  -7.292  -57.388  69.154 0.0000000000
57938  -36.833  -43.051  57.295 0.0000000000
39677  -26.838  -57.762  61.362 0.0000000000
43621  -23.861  -54.455  55.899 0.0000000000
50114  -9.920  -51.208  67.825 0.0000000000
48004  -5.319  -52.683  65.508 0.0000000000
66378  -46.767  -36.972  47.341 0.0000000000
43489  -12.753  -54.547  65.812 0.0000000000
44747  -14.799  -53.170  62.542 0.0000000000
52349  -12.868  -48.927  60.577 0.0000000000
51300  -9.173  -50.877  55.208 0.0000000000
47946  -10.305  -52.363  73.657 0.0000000000
45855  -5.237  -54.906  68.251 0.0000000000
42189  -2.568  -57.567  63.619 0.0000000000
47041  -35.910  -53.254  58.067 0.0000000000
44864  -34.256  -54.992  55.014 0.0000000000
47061  -35.202  -52.996  55.591 0.0000000000
42309  -33.029  -56.761  55.175 0.0000000000
43680  -32.089  -55.582  53.862 0.0000000000
39767  -32.166  -58.002  56.331 0.0000000000
73432  -49.641  -30.496  47.620 0.0000000000
70070  -45.365  -33.358  46.177 0.0000000000
72387  -47.368  -31.033  45.452 0.0000000000
74528  -47.875  -29.191  45.841 0.0000000000
60359  -40.966  -41.205  51.885 0.0000000000
58000  -36.750  -41.868  53.839 0.0000000000
59155  -37.942  -40.636  51.878 0.0000000000
59201  -39.106  -40.303  50.418 0.0000000000
48039  -4.541  -53.920  60.983 0.0000000000
50200  -5.629  -52.830  59.329 0.0000000000
47019  -4.372  -54.672  58.589 0.0000000000
44836  -5.339  -55.991  55.537 0.0000000000
43605  -4.261  -57.355  57.033 0.0000000000
40874  -10.113  -57.938  66.322 0.0000000000
38382  -8.702  -59.310  67.275 0.0000000000
56798  -36.120  -43.956  58.924 0.0000000000
53479  -34.853  -48.252  57.144 0.0000000000
52401  -33.571  -48.481  54.932 0.0000000000
54531  -34.405  -46.112  57.608 0.0000000000
57935  -34.104  -43.813  56.912 0.0000000000
39680  -28.562  -58.815  61.445 0.0000000000
43641  -27.327  -55.166  55.255 0.0000000000
42287  -26.370  -55.968  56.279 0.0000000000
77843  -48.935  -25.337  45.468 0.0000000000
79993  -49.759  -23.804  44.953 0.0000000000
50086  -9.426  -50.947  69.607 0.0000000000
49070  -7.375  -52.651  66.015 0.0000000000
49051  -6.825  -52.330  67.934 0.0000000000
62956  -45.701  -38.709  46.819 0.0000000000
60446  -42.268  -39.404  47.161 0.0000000000
60479  -42.564  -38.956  45.265 0.0000000000
65264  -43.638  -37.492  44.824 0.0000000000
43435  -14.489  -56.328  68.309 0.0000000000
43492  -15.899  -54.230  66.601 0.0000000000
52307  -13.624  -48.522  65.472 0.0000000000
53411  -13.759  -47.699  63.339 0.0000000000
51222  -12.496  -49.855  62.106 0.0000000000
50239  -6.249  -52.244  55.826 0.0000000000
51263  -8.590  -51.388  56.854 0.0000000000
51319  -6.809  -51.122  54.001 0.0000000000
46914  -11.870  -53.041  72.616 0.0000000000
40863  -4.894  -59.209  68.766 0.0000000000
44639  -5.710  -56.232  69.099 0.0000000000
42128  -3.318  -57.313  68.218 0.0000000000
43463  -2.856  -56.537  66.598 0.0000000000
39638  -2.429  -59.541  66.164 0.0000000000
51291  -35.321  -50.220  56.779 0.0000000000
38454  -29.753  -59.849  59.201 0.0000000000
38496  -31.555  -58.678  58.230 0.0000000000
41001  -30.312  -56.659  55.835 0.0000000000
77807  -50.516  -26.295  47.384 0.0000000000
75637  -48.521  -27.344  45.713 0.0000000000
60418  -43.574  -40.486  48.950 0.0000000000
60430  -40.651  -40.043  48.019 0.0000000000
45983  -21.193  -52.725  56.783 0.0000000000
48070  -19.946  -51.455  58.990 0.0000000000
55641  -12.901  -45.410  60.258 0.0000000000
49084  -8.950  -51.963  63.331 0.0000000000
51219  -10.493  -51.336  61.450 0.0000000000
50190  -7.203  -52.257  60.328 0.0000000000
49155  -5.370  -52.152  57.576 0.0000000000
49186  -4.694  -52.729  54.690 0.0000000000
43406  -11.819  -56.457  70.137 0.0000000000
44629  -10.174  -55.332  70.796 0.0000000000
42132  -9.160  -57.494  68.465 0.0000000000
38371  -7.699  -60.252  69.174 0.0000000000
57971  -38.223  -42.470  55.636 0.0000000000
57984  -35.560  -42.839  54.592 0.0000000000
134567  -25.175  -55.766  60.599 0.0000000000
39711  -27.548  -58.905  58.839 0.0000000000
40952  -25.566  -56.199  58.154 0.0000000000
43598  -23.096  -54.814  57.743 0.0000000000
51175  -12.810  -49.155  66.925 0.0000000000
51164  -12.358  -49.432  68.550 0.0000000000
50141  -10.362  -51.434  65.786 0.0000000000
50149  -8.675  -52.185  64.834 0.0000000000
49080  -5.497  -52.931  63.299 0.0000000000
48015  -3.783  -53.668  62.794 0.0000000000
68780  -47.390  -34.548  48.192 0.0000000000
67546  -44.198  -35.362  45.683 0.0000000000
42123  -13.521  -56.839  69.278 0.0000000000
43446  -11.999  -55.990  67.317 0.0000000000
43516  -10.364  -56.163  64.247 0.0000000000
48030  -18.976  -51.645  61.859 0.0000000000
45893  -17.723  -52.832  63.944 0.0000000000
44718  -16.476  -53.455  65.024 0.0000000000
44715  -13.726  -54.715  63.959 0.0000000000
43540  -11.238  -56.022  62.044 0.0000000000
54433  -11.182  -45.885  64.700 0.0000000000
54475  -13.286  -46.557  62.385 0.0000000000
52367  -13.317  -48.018  58.920 0.0000000000
51241  -10.421  -51.266  59.913 0.0000000000
51266  -11.294  -49.986  57.717 0.0000000000
51282  -12.062  -49.452  56.745 0.0000000000
50057  -8.655  -51.334  73.306 0.0000000000
45821  -8.698  -55.065  71.462 0.0000000000
134617  -7.276  -53.596  71.221 0.0000000000
47960  -6.178  -52.657  69.625 0.0000000000
46943  -4.808  -53.970  67.188 0.0000000000
45879  -2.783  -54.845  64.455 0.0000000000
43538  -2.734  -56.546  61.620 0.0000000000
35773  -3.146  -62.194  64.624 0.0000000000
38405  -2.664  -60.641  62.173 0.0000000000
42257  -3.196  -58.192  58.130 0.0000000000
45977  -35.638  -54.129  58.229 0.0000000000
45971  -35.722  -55.176  59.304 0.0000000000
44830  -34.134  -55.411  56.618 0.0000000000
45996  -35.301  -53.901  56.587 0.0000000000
42292  -34.180  -56.270  56.004 0.0000000000
43642  -34.457  -56.043  54.614 0.0000000000
42268  -34.816  -56.757  57.545 0.0000000000
42277  -33.996  -57.366  56.726 0.0000000000
71225  -48.797  -31.766  48.071 0.0000000000
71223  -46.883  -32.736  47.341 0.0000000000
72380  -46.736  -31.792  46.095 0.0000000000
71232  -47.822  -31.639  46.965 0.0000000000
72382  -48.022  -30.934  46.436 0.0000000000
59131  -40.223  -40.636  53.039 0.0000000000
60326  -41.216  -41.240  53.585 0.0000000000
59113  -40.811  -41.727  54.106 0.0000000000
60337  -37.004  -41.420  52.344 0.0000000000
59129  -38.269  -40.767  52.765 0.0000000000
59156  -39.043  -40.440  51.927 0.0000000000
46995  -4.219  -55.234  60.255 0.0000000000
48054  -4.527  -54.367  59.617 0.0000000000
45947  -4.021  -55.397  59.296 0.0000000000
45962  -4.182  -55.617  58.580 0.0000000000
45961  -3.650  -55.968  58.986 0.0000000000
39651  -9.159  -58.455  64.501 0.0000000000
39644  -8.642  -59.080  64.899 0.0000000000
53471  -35.309  -47.730  58.052 0.0000000000
53478  -34.407  -48.013  56.884 0.0000000000
54532  -35.178  -46.414  58.333 0.0000000000
55697  -34.614  -45.265  58.194 0.0000000000
78916  -50.184  -24.941  46.343 0.0000000000
78931  -49.560  -24.313  45.340 0.0000000000
81005  -51.035  -23.262  45.557 0.0000000000
50079  -9.202  -50.802  70.417 0.0000000000
50099  -7.978  -51.720  68.491 0.0000000000
50084  -7.852  -51.725  69.644 0.0000000000
62938  -45.057  -39.400  47.111 0.0000000000
62928  -46.638  -39.191  47.810 0.0000000000
60447  -42.877  -39.814  46.926 0.0000000000
60459  -42.509  -39.329  46.036 0.0000000000
61702  -44.227  -39.702  46.794 0.0000000000
62955  -44.349  -38.922  46.200 0.0000000000
43471  -16.132  -55.481  67.078 0.0000000000
43472  -17.210  -55.384  67.558 0.0000000000
44760  -24.073  -54.611  61.509 0.0000000000
45938  -22.364  -53.459  60.406 0.0000000000
55673  -13.027  -45.578  58.187 0.0000000000
51202  -13.045  -49.931  64.925 0.0000000000
51207  -13.593  -49.236  64.189 0.0000000000
50169  -12.239  -50.462  63.367 0.0000000000
51295  -6.096  -52.055  54.511 0.0000000000
51296  -6.462  -51.692  54.614 0.0000000000
51333  -6.268  -51.477  53.281 0.0000000000
46915  -12.450  -53.058  72.075 0.0000000000
45816  -12.474  -53.691  72.282 0.0000000000
38375  -4.362  -60.486  68.280 0.0000000000
40852  -3.871  -58.681  69.144 0.0000000000
39628  -3.792  -59.644  68.030 0.0000000000
40868  -2.601  -58.482  67.198 0.0000000000
38385  -2.967  -60.378  66.553 0.0000000000
49177  -35.660  -51.540  56.935 0.0000000000
49181  -35.082  -51.540  56.124 0.0000000000
50237  -35.719  -50.655  57.660 0.0000000000
51274  -35.594  -49.751  57.759 0.0000000000
41003  -31.587  -57.341  55.374 0.0000000000
40983  -31.575  -57.653  55.907 0.0000000000
41002  -30.987  -57.074  55.349 0.0000000000
42304  -29.423  -56.124  55.420 0.0000000000
76697  -50.121  -27.471  47.569 0.0000000000
74513  -48.589  -29.226  46.646 0.0000000000
75620  -47.888  -28.262  45.434 0.0000000000
75610  -49.185  -28.195  46.929 0.0000000000
76716  -49.429  -26.731  46.260 0.0000000000
60400  -42.660  -40.772  49.769 0.0000000000
59206  -43.892  -41.187  50.319 0.0000000000
59187  -43.436  -41.278  50.863 0.0000000000
59203  -41.431  -40.597  50.082 0.0000000000
60398  -40.448  -39.870  49.513 0.0000000000
59218  -41.615  -40.621  49.453 0.0000000000
59233  -41.932  -40.403  48.710 0.0000000000
55607  -10.075  -45.271  62.364 0.0000000000
55622  -10.926  -45.351  61.374 0.0000000000
55623  -12.320  -45.482  61.488 0.0000000000
49091  -8.129  -52.202  62.679 0.0000000000
49104  -7.849  -51.946  61.493 0.0000000000
50178  -7.095  -52.389  61.023 0.0000000000
49154  -4.832  -52.881  58.390 0.0000000000
50226  -5.431  -52.563  58.537 0.0000000000
48082  -4.712  -52.464  57.391 0.0000000000
49169  -5.138  -52.658  56.114 0.0000000000
48102  -4.657  -53.347  55.417 0.0000000000
47052  -4.696  -54.062  55.331 0.0000000000
43423  -12.147  -56.649  69.557 0.0000000000
43421  -10.345  -56.816  69.297 0.0000000000
40859  -9.870  -58.086  68.164 0.0000000000
38381  -7.561  -59.559  67.395 0.0000000000
38377  -8.231  -60.179  68.299 0.0000000000
37045  -7.324  -60.718  67.967 0.0000000000
37031  -6.323  -61.127  69.281 0.0000000000
57952  -37.501  -42.771  56.394 0.0000000000
56823  -35.745  -43.913  57.126 0.0000000000
57949  -34.668  -43.355  56.177 0.0000000000
57951  -36.502  -42.947  56.298 0.0000000000
57970  -37.051  -42.695  55.509 0.0000000000
39665  -26.111  -57.468  61.998 0.0000000000
40916  -25.320  -56.549  61.702 0.0000000000
40927  -25.853  -56.692  61.116 0.0000000000
38493  -29.242  -59.035  58.084 0.0000000000
38453  -28.827  -59.753  59.199 0.0000000000
39728  -28.117  -58.772  57.944 0.0000000000
42286  -25.484  -55.510  56.495 0.0000000000
40965  -25.975  -56.234  57.597 0.0000000000
42274  -24.309  -55.567  57.177 0.0000000000
43587  -23.670  -55.382  57.946 0.0000000000
43610  -23.717  -55.064  56.712 0.0000000000
44842  -22.696  -53.885  56.077 0.0000000000
50102  -10.760  -50.705  68.703 0.0000000000
51162  -10.975  -50.202  68.171 0.0000000000
50116  -11.436  -50.477  67.285 0.0000000000
50129  -10.070  -51.329  66.808 0.0000000000
50140  -9.343  -51.605  65.906 0.0000000000
49069  -6.224  -52.278  65.889 0.0000000000
49074  -6.531  -52.615  64.600 0.0000000000
48011  -4.820  -52.581  64.359 0.0000000000
48016  -4.671  -53.309  63.089 0.0000000000
48010  -4.391  -53.081  64.172 0.0000000000
66365  -46.849  -36.282  47.603 0.0000000000
67518  -48.576  -35.671  49.061 0.0000000000
66357  -48.156  -36.692  48.486 0.0000000000
66386  -44.874  -36.814  46.227 0.0000000000
66394  -44.516  -36.475  45.865 0.0000000000
66376  -45.950  -36.184  46.742 0.0000000000
68778  -45.744  -34.851  47.367 0.0000000000
42124  -14.258  -56.456  69.571 0.0000000000
43469  -13.694  -54.930  66.722 0.0000000000
43447  -13.036  -56.132  67.587 0.0000000000
43467  -12.047  -55.664  66.345 0.0000000000
43465  -10.485  -55.886  66.573 0.0000000000
43487  -11.370  -54.919  65.271 0.0000000000
48069  -18.770  -51.303  58.607 0.0000000000
48057  -19.705  -51.750  60.180 0.0000000000
48040  -17.740  -51.380  60.190 0.0000000000
45921  -14.846  -52.623  61.429 0.0000000000
45923  -16.622  -52.284  62.517 0.0000000000
45906  -16.152  -52.851  62.958 0.0000000000
44734  -17.135  -53.300  64.354 0.0000000000
44733  -16.164  -53.218  63.915 0.0000000000
44717  -15.328  -53.565  64.839 0.0000000000
44731  -14.042  -54.163  63.096 0.0000000000
43533  -12.070  -55.030  61.655 0.0000000000
54434  -11.866  -45.972  65.108 0.0000000000
52329  -13.542  -48.646  62.403 0.0000000000
54462  -13.450  -46.650  63.301 0.0000000000
53430  -13.521  -47.288  61.490 0.0000000000
53441  -13.576  -47.078  60.613 0.0000000000
52358  -13.204  -48.578  59.760 0.0000000000
50205  -9.342  -51.766  59.824 0.0000000000
51240  -9.900  -51.441  59.514 0.0000000000
51279  -9.247  -51.130  56.272 0.0000000000
51265  -10.427  -50.738  57.658 0.0000000000
51280  -10.049  -50.562  56.602 0.0000000000
51281  -11.041  -50.160  56.703 0.0000000000
51302  -10.855  -50.283  55.781 0.0000000000
51324  -10.785  -49.839  55.077 0.0000000000
47940  -9.046  -52.137  73.997 0.0000000000
43387  -8.640  -56.298  70.253 0.0000000000
44628  -9.151  -55.393  71.275 0.0000000000
43386  -7.702  -56.387  70.117 0.0000000000
44654  -5.759  -55.686  68.874 0.0000000000
44620  -7.338  -54.332  70.847 0.0000000000
44626  -6.311  -54.390  70.186 0.0000000000
134619  -6.555  -53.194  70.566 0.0000000000
134610  -4.639  -53.290  69.903 0.0000000000
134618  -5.122  -53.127  68.843 0.0000000000
134615  -5.270  -53.879  68.950 0.0000000000
43504  -2.361  -56.631  64.978 0.0000000000
44694  -2.532  -55.741  65.592 0.0000000000
44712  -2.621  -55.748  64.159 0.0000000000
44727  -2.640  -55.432  62.419 0.0000000000
43529  -2.730  -56.664  62.652 0.0000000000
35793  -2.772  -62.666  62.619 0.0000000000
37069  -2.290  -61.708  63.885 0.0000000000
49150  -36.259  -51.849  58.070 0.0000000000
46031  -33.977  -54.291  54.100 0.0000000000
47071  -34.856  -53.079  54.174 0.0000000000
46011  -34.921  -53.692  55.325 0.0000000000
47055  -35.279  -53.026  56.543 0.0000000000
42308  -32.185  -56.818  55.272 0.0000000000
42329  -33.106  -55.959  54.809 0.0000000000
43664  -33.896  -55.547  54.623 0.0000000000
42290  -32.915  -56.999  55.922 0.0000000000
73449  -50.354  -30.016  47.450 0.0000000000
71241  -45.789  -31.658  44.712 0.0000000000
73462  -46.725  -30.247  44.932 0.0000000000
74535  -46.506  -29.486  45.049 0.0000000000
73457  -47.647  -30.501  45.536 0.0000000000
73447  -48.522  -30.261  46.702 0.0000000000
59185  -41.755  -40.876  50.655 0.0000000000
59160  -43.024  -41.205  51.612 0.0000000000
60361  -42.011  -40.754  52.374 0.0000000000
59114  -42.492  -41.247  53.320 0.0000000000
58016  -35.175  -41.808  53.555 0.0000000000
58038  -36.119  -41.504  52.427 0.0000000000
59179  -36.141  -41.137  51.339 0.0000000000
60379  -37.443  -40.370  50.635 0.0000000000
60395  -37.744  -40.183  50.281 0.0000000000
59182  -38.633  -40.384  51.140 0.0000000000
59183  -39.780  -40.408  51.057 0.0000000000
49100  -5.184  -53.382  61.308 0.0000000000
50176  -6.386  -52.652  60.550 0.0000000000
49115  -4.833  -53.599  60.180 0.0000000000
49141  -4.734  -53.663  59.021 0.0000000000
47031  -4.590  -54.401  57.541 0.0000000000
45978  -5.399  -54.861  56.293 0.0000000000
45973  -4.617  -55.287  57.270 0.0000000000
43615  -4.935  -56.858  56.060 0.0000000000
40871  -10.599  -57.737  67.275 0.0000000000
39637  -10.071  -59.049  67.162 0.0000000000
39642  -10.057  -59.134  66.358 0.0000000000
57923  -37.004  -43.471  58.199 0.0000000000
52404  -34.668  -49.603  55.878 0.0000000000
52423  -34.325  -49.372  54.481 0.0000000000
53492  -34.344  -48.526  56.268 0.0000000000
54560  -34.185  -47.860  56.531 0.0000000000
54544  -33.971  -46.220  56.729 0.0000000000
55696  -34.113  -45.304  57.546 0.0000000000
56813  -35.089  -44.262  57.769 0.0000000000
39678  -27.370  -58.361  61.384 0.0000000000
40999  -28.713  -56.540  56.245 0.0000000000
40967  -27.748  -57.113  57.265 0.0000000000
42301  -26.744  -55.878  55.707 0.0000000000
43623  -25.896  -55.032  55.994 0.0000000000
78959  -48.520  -24.719  43.843 0.0000000000
80014  -48.909  -23.872  43.997 0.0000000000
81044  -49.040  -22.877  42.868 0.0000000000
82108  -49.268  -22.458  42.387 0.0000000000
50101  -9.733  -51.124  68.762 0.0000000000
49064  -8.544  -51.734  67.472 0.0000000000
49038  -7.945  -51.604  67.971 0.0000000000
49063  -6.869  -52.440  66.949 0.0000000000
47999  -5.682  -52.372  66.573 0.0000000000
65254  -45.830  -37.551  46.962 0.0000000000
62941  -46.822  -38.262  47.486 0.0000000000
61730  -41.511  -39.474  45.007 0.0000000000
61755  -42.253  -38.946  44.008 0.0000000000
64170  -43.046  -37.801  44.219 0.0000000000
64158  -43.543  -38.092  44.856 0.0000000000
64145  -44.813  -38.424  46.241 0.0000000000
42125  -15.193  -56.203  69.240 0.0000000000
43437  -15.693  -56.062  68.451 0.0000000000
43470  -15.011  -55.161  66.928 0.0000000000
43490  -13.579  -54.290  66.021 0.0000000000
45935  -14.422  -52.929  60.269 0.0000000000
44757  -13.514  -54.158  61.305 0.0000000000
53394  -13.054  -47.169  65.920 0.0000000000
54435  -13.088  -46.513  65.319 0.0000000000
53403  -13.698  -47.771  64.288 0.0000000000
52322  -13.638  -48.949  63.522 0.0000000000
52338  -12.692  -49.430  61.515 0.0000000000
49157  -7.076  -52.110  57.572 0.0000000000
50229  -7.782  -51.639  57.576 0.0000000000
50241  -7.261  -51.540  56.354 0.0000000000
51277  -7.448  -51.325  55.474 0.0000000000
51299  -8.274  -51.198  54.840 0.0000000000
49016  -12.836  -51.412  71.673 0.0000000000
47951  -12.153  -52.168  72.392 0.0000000000
46908  -11.246  -52.737  72.878 0.0000000000
40856  -6.478  -58.045  68.588 0.0000000000
43418  -6.584  -57.192  69.295 0.0000000000
42115  -5.494  -57.811  68.797 0.0000000000
43415  -4.560  -56.573  68.812 0.0000000000
44661  -3.744  -56.084  69.157 0.0000000000
44670  -3.806  -55.641  67.796 0.0000000000
42143  -3.055  -57.404  67.261 0.0000000000
42173  -2.753  -58.124  66.019 0.0000000000
40887  -2.375  -58.439  64.416 0.0000000000
50275  -35.343  -50.882  53.739 0.0000000000
48119  -35.070  -52.199  54.787 0.0000000000
49188  -35.376  -51.455  54.574 0.0000000000
51309  -34.594  -50.361  55.410 0.0000000000
52390  -35.312  -49.417  57.135 0.0000000000
52380  -35.537  -48.218  58.037 0.0000000000
39747  -30.407  -58.203  58.064 0.0000000000
39749  -31.925  -58.332  57.514 0.0000000000
39764  -30.862  -57.580  57.230 0.0000000000
40981  -30.237  -56.991  56.636 0.0000000000
42303  -28.434  -56.207  55.526 0.0000000000
76741  -47.556  -27.641  44.872 0.0000000000
76733  -48.985  -26.336  45.784 0.0000000000
77816  -49.961  -26.017  46.650 0.0000000000
60434  -44.023  -40.495  47.727 0.0000000000
60419  -45.236  -40.364  49.027 0.0000000000
59222  -44.741  -40.564  49.492 0.0000000000
60413  -38.184  -39.777  48.950 0.0000000000
60431  -41.360  -39.906  48.023 0.0000000000
60433  -42.913  -40.227  48.059 0.0000000000
45965  -21.862  -53.051  58.244 0.0000000000
45937  -21.858  -53.039  59.830 0.0000000000
47022  -20.477  -51.652  58.123 0.0000000000
48086  -18.759  -51.338  57.543 0.0000000000
55656  -12.402  -44.751  59.596 0.0000000000
54513  -13.500  -46.072  58.602 0.0000000000
50159  -10.390  -51.760  63.784 0.0000000000
50167  -10.910  -51.149  62.748 0.0000000000
50180  -9.250  -51.701  62.300 0.0000000000
49119  -8.914  -51.784  60.792 0.0000000000
50204  -8.007  -51.836  59.873 0.0000000000
50189  -6.682  -52.424  60.135 0.0000000000
50215  -6.241  -52.219  58.704 0.0000000000
49143  -6.680  -52.108  58.154 0.0000000000
49171  -6.236  -52.326  56.661 0.0000000000
44614  -12.065  -54.853  71.606 0.0000000000
44630  -11.163  -55.536  70.790 0.0000000000
43404  -9.823  -56.146  69.944 0.0000000000
40851  -7.749  -57.812  68.336 0.0000000000
39627  -9.292  -58.368  67.913 0.0000000000
39621  -8.255  -59.283  68.250 0.0000000000
39619  -7.138  -59.372  68.227 0.0000000000
38365  -6.377  -60.428  69.035 0.0000000000
38376  -5.128  -60.286  68.456 0.0000000000
37041  -4.241  -61.778  67.829 0.0000000000
57987  -38.556  -41.892  55.221 0.0000000000
59080  -40.228  -42.060  55.411 0.0000000000
59066  -39.481  -42.356  56.032 0.0000000000
52434  -33.804  -49.565  53.554 0.0000000000
57998  -34.958  -42.542  54.039 0.0000000000
57986  -37.464  -41.957  54.897 0.0000000000
43545  -24.652  -56.105  61.797 0.0000000000
44774  -24.208  -54.680  60.291 0.0000000000
39694  -29.426  -59.185  60.560 0.0000000000
39702  -27.933  -58.653  59.778 0.0000000000
39701  -27.248  -58.082  59.753 0.0000000000
40966  -26.969  -56.946  57.649 0.0000000000
39725  -26.671  -57.276  58.537 0.0000000000
39700  -26.326  -57.442  59.730 0.0000000000
40934  -25.481  -56.232  59.990 0.0000000000
43601  -23.896  -55.433  58.765 0.0000000000
44807  -22.574  -54.249  58.368 0.0000000000
44828  -21.894  -53.606  57.149 0.0000000000
83277  -50.849  -21.452  42.228 0.0000000000
83288  -50.755  -21.199  41.065 0.0000000000
83289  -51.405  -20.423  41.261 0.0000000000
51185  -13.158  -49.213  66.380 0.0000000000
50144  -12.667  -50.241  65.828 0.0000000000
51174  -12.468  -49.518  67.395 0.0000000000
50132  -12.316  -50.212  66.530 0.0000000000
50152  -11.780  -51.001  64.828 0.0000000000
50150  -9.755  -51.706  64.825 0.0000000000
50157  -8.492  -51.782  64.184 0.0000000000
49082  -7.382  -52.402  63.670 0.0000000000
50148  -8.053  -52.484  65.553 0.0000000000
49075  -7.550  -52.212  64.801 0.0000000000
49089  -6.413  -52.652  62.435 0.0000000000
49087  -5.072  -52.872  61.996 0.0000000000
48020  -3.888  -53.882  61.909 0.0000000000
46981  -4.166  -55.206  61.360 0.0000000000
70062  -47.845  -33.661  48.023 0.0000000000
65271  -43.153  -36.944  44.524 0.0000000000
66400  -43.406  -36.213  45.237 0.0000000000
68802  -43.294  -34.252  44.993 0.0000000000
68788  -45.012  -34.260  46.169 0.0000000000
68785  -45.737  -34.065  47.115 0.0000000000
42107  -12.686  -57.198  70.107 0.0000000000
42122  -12.585  -56.944  69.083 0.0000000000
43424  -13.984  -56.386  68.786 0.0000000000
42148  -12.633  -56.669  68.021 0.0000000000
42146  -11.150  -56.969  67.510 0.0000000000
42174  -10.288  -57.085  65.680 0.0000000000
47000  -21.090  -52.810  60.783 0.0000000000
46985  -20.245  -52.515  61.645 0.0000000000
46975  -19.689  -52.142  63.024 0.0000000000
46997  -17.220  -51.698  60.961 0.0000000000
46974  -18.544  -51.894  62.666 0.0000000000
45894  -18.823  -52.960  63.931 0.0000000000
44736  -18.684  -53.105  65.013 0.0000000000
44720  -18.224  -53.229  65.811 0.0000000000
43494  -18.042  -54.962  66.930 0.0000000000
44700  -15.816  -53.468  65.820 0.0000000000
43491  -14.615  -53.837  66.058 0.0000000000
43509  -13.927  -54.659  65.062 0.0000000000
45903  -13.110  -54.468  62.511 0.0000000000
43519  -12.526  -54.927  63.509 0.0000000000
43507  -11.535  -54.953  64.479 0.0000000000
43517  -10.842  -55.473  63.823 0.0000000000
55588  -11.473  -45.548  63.542 0.0000000000
54448  -12.884  -46.082  64.259 0.0000000000
54461  -12.563  -46.048  63.246 0.0000000000
55609  -12.215  -45.657  62.646 0.0000000000
55624  -13.045  -45.772  60.948 0.0000000000
53449  -13.614  -46.948  59.749 0.0000000000
53457  -13.504  -47.563  58.331 0.0000000000
51220  -10.967  -51.111  61.723 0.0000000000
51231  -11.349  -50.464  60.682 0.0000000000
52347  -12.006  -50.426  60.084 0.0000000000
51251  -9.902  -51.361  58.826 0.0000000000
51252  -10.825  -50.524  58.724 0.0000000000
51243  -11.987  -49.685  59.270 0.0000000000
51254  -12.389  -49.273  58.685 0.0000000000
51268  -12.669  -48.887  57.824 0.0000000000
52384  -13.050  -48.644  56.809 0.0000000000
52394  -12.211  -49.046  55.745 0.0000000000
45815  -11.626  -54.082  72.260 0.0000000000
45814  -10.538  -54.566  72.292 0.0000000000
46911  -8.979  -53.869  72.517 0.0000000000
44627  -7.726  -55.400  70.680 0.0000000000
45812  -8.214  -54.373  71.563 0.0000000000
46905  -8.832  -52.979  72.667 0.0000000000
47943  -7.512  -52.379  72.558 0.0000000000
49009  -7.144  -51.569  72.113 0.0000000000
49020  -7.378  -51.617  70.737 0.0000000000
47977  -6.863  -52.163  69.511 0.0000000000
49061  -5.675  -52.935  68.166 0.0000000000
47997  -4.914  -53.545  66.181 0.0000000000
45864  -4.298  -55.208  66.758 0.0000000000
46948  -4.412  -54.358  65.839 0.0000000000
48002  -4.348  -53.758  64.813 0.0000000000
46960  -3.073  -54.060  63.517 0.0000000000
45901  -3.080  -55.431  62.123 0.0000000000
44769  -3.470  -56.486  60.534 0.0000000000
35750  -3.717  -62.187  66.847 0.0000000000
34404  -3.707  -63.285  65.532 0.0000000000
37046  -3.301  -61.393  66.359 0.0000000000
37049  -3.116  -61.109  64.920 0.0000000000
38392  -2.594  -60.179  64.397 0.0000000000
39656  -2.511  -59.432  63.370 0.0000000000
39671  -2.902  -59.758  61.246 0.0000000000
42212  -2.444  -57.774  61.776 0.0000000000
42222  -2.634  -57.675  60.861 0.0000000000
43566  -3.044  -56.786  60.123 0.0000000000
43581  -3.377  -56.752  59.350 0.0000000000
43593  -3.771  -57.649  57.763 0.0000000000
40971  -4.193  -58.760  55.982 0.0000000000
44822  -35.367  -54.844  57.653 0.0000000000
44812  -35.669  -54.875  58.242 0.0000000000
44821  -35.426  -55.333  57.936 0.0000000000
43613  -34.526  -55.715  57.094 0.0000000000
44831  -34.609  -54.781  56.931 0.0000000000
43612  -34.300  -56.315  56.495 0.0000000000
43627  -34.062  -55.831  56.339 0.0000000000
43603  -34.930  -55.922  57.786 0.0000000000
42279  -34.939  -56.429  56.971 0.0000000000
44811  -35.483  -55.466  58.677 0.0000000000
72360  -49.617  -31.810  48.364 0.0000000000
71224  -47.990  -32.548  47.743 0.0000000000
71231  -47.247  -32.113  46.843 0.0000000000
72371  -48.448  -31.382  47.373 0.0000000000
59112  -40.332  -41.194  53.932 0.0000000000
59110  -38.340  -41.256  53.488 0.0000000000
60324  -38.818  -41.048  53.347 0.0000000000
59130  -39.298  -40.727  52.732 0.0000000000
45934  -4.157  -55.385  59.782 0.0000000000
45946  -3.651  -55.873  59.378 0.0000000000
39650  -8.832  -59.151  64.017 0.0000000000
54546  -34.921  -47.410  57.724 0.0000000000
50078  -8.563  -51.186  70.515 0.0000000000
50077  -7.900  -51.411  70.697 0.0000000000
62926  -45.198  -39.479  47.811 0.0000000000
62927  -45.828  -39.454  48.018 0.0000000000
61690  -45.244  -39.627  48.222 0.0000000000
60448  -43.334  -39.597  46.558 0.0000000000
43473  -18.448  -56.058  67.377 0.0000000000
44773  -23.144  -54.326  60.781 0.0000000000
54525  -13.461  -46.085  57.822 0.0000000000
55689  -13.102  -45.727  57.775 0.0000000000
51205  -12.598  -50.036  64.477 0.0000000000
50161  -12.051  -50.287  64.003 0.0000000000
51317  -5.912  -51.992  54.026 0.0000000000
45809  -13.115  -54.142  72.186 0.0000000000
38374  -3.809  -60.694  68.052 0.0000000000
38380  -3.562  -60.451  67.399 0.0000000000
39634  -3.089  -59.513  67.174 0.0000000000
50223  -36.064  -50.838  58.415 0.0000000000
50238  -35.858  -50.427  58.338 0.0000000000
51275  -35.779  -50.036  58.359 0.0000000000
41027  -31.178  -56.979  54.882 0.0000000000
42306  -30.799  -56.613  54.737 0.0000000000
75596  -49.829  -28.226  47.504 0.0000000000
74514  -49.734  -29.239  47.296 0.0000000000
75609  -48.679  -28.289  46.461 0.0000000000
76706  -49.624  -27.617  47.241 0.0000000000
59205  -42.388  -40.978  50.060 0.0000000000
60381  -42.952  -40.791  50.361 0.0000000000
59204  -41.957  -41.079  49.906 0.0000000000
60399  -42.158  -40.983  49.718 0.0000000000
55608  -11.213  -45.500  62.468 0.0000000000
49090  -7.212  -52.401  62.571 0.0000000000
49103  -7.089  -52.414  61.682 0.0000000000
48081  -4.542  -53.471  57.810 0.0000000000
48096  -4.712  -52.811  56.710 0.0000000000
42121  -11.780  -56.679  68.727 0.0000000000
42120  -10.756  -57.316  68.460 0.0000000000
57939  -37.748  -42.882  57.481 0.0000000000
57950  -35.605  -43.375  56.423 0.0000000000
39676  -26.333  -57.166  61.290 0.0000000000
39730  -29.651  -58.625  58.098 0.0000000000
38492  -28.687  -59.030  57.920 0.0000000000
39745  -28.724  -57.938  58.033 0.0000000000
43622  -24.785  -55.070  55.876 0.0000000000
42285  -24.767  -55.521  56.598 0.0000000000
43611  -24.276  -55.198  56.420 0.0000000000
43620  -23.316  -54.472  56.217 0.0000000000
44843  -23.223  -53.993  55.698 0.0000000000
50115  -10.752  -50.708  67.607 0.0000000000
50128  -9.074  -51.679  67.102 0.0000000000
49068  -5.897  -52.564  65.087 0.0000000000
66366  -47.370  -36.602  47.905 0.0000000000
66356  -47.718  -37.162  48.183 0.0000000000
66388  -46.117  -37.101  46.901 0.0000000000
66387  -45.403  -36.514  46.505 0.0000000000
66377  -46.382  -36.370  47.201 0.0000000000
44685  -12.941  -54.821  66.346 0.0000000000
43468  -12.804  -55.221  66.574 0.0000000000
43488  -11.997  -54.846  65.366 0.0000000000
48068  -17.710  -51.468  58.274 0.0000000000
48055  -17.724  -51.462  59.265 0.0000000000
47021  -16.795  -51.833  58.881 0.0000000000
45905  -15.378  -52.608  62.228 0.0000000000
44748  -15.608  -53.305  63.272 0.0000000000
45891  -16.436  -52.992  63.548 0.0000000000
44732  -15.159  -53.724  63.628 0.0000000000
54421  -12.077  -46.100  66.014 0.0000000000
52339  -13.431  -48.382  61.453 0.0000000000
52350  -13.453  -48.063  60.613 0.0000000000
50218  -8.757  -51.677  58.812 0.0000000000
51301  -9.930  -50.312  55.623 0.0000000000
51323  -10.115  -50.267  54.640 0.0000000000
51322  -9.294  -50.575  53.965 0.0000000000
47947  -11.122  -52.241  73.329 0.0000000000
47945  -9.415  -52.502  73.376 0.0000000000
42094  -8.062  -56.630  69.820 0.0000000000
42093  -7.667  -56.797  69.587 0.0000000000
45848  -5.665  -55.347  68.697 0.0000000000
45838  -5.976  -55.306  69.058 0.0000000000
134612  -5.044  -53.799  69.559 0.0000000000
42181  -2.528  -57.539  64.670 0.0000000000
43515  -2.744  -56.655  63.874 0.0000000000
42201  -2.496  -57.685  62.657 0.0000000000
34442  -2.764  -63.364  62.145 0.0000000000
34443  -2.888  -63.786  62.933 0.0000000000
48094  -36.167  -52.372  57.839 0.0000000000
46009  -34.182  -54.241  54.743 0.0000000000
46010  -34.635  -53.923  55.028 0.0000000000
44865  -34.136  -54.203  55.458 0.0000000000
45985  -35.609  -54.067  57.388 0.0000000000
47049  -35.778  -53.189  57.220 0.0000000000
42328  -32.264  -56.127  54.606 0.0000000000
43665  -34.483  -55.630  54.737 0.0000000000
44889  -34.133  -55.321  54.781 0.0000000000
44888  -33.730  -54.872  54.529 0.0000000000
42291  -33.761  -56.685  55.917 0.0000000000
40986  -33.247  -57.231  56.471 0.0000000000
41005  -32.542  -57.212  55.585 0.0000000000
73448  -49.425  -30.183  47.272 0.0000000000
73450  -50.781  -29.855  47.659 0.0000000000
73433  -50.039  -30.485  47.768 0.0000000000
70069  -44.826  -33.036  45.777 0.0000000000
70074  -44.634  -33.082  45.168 0.0000000000
71235  -45.186  -32.614  45.468 0.0000000000
72386  -46.435  -31.554  45.314 0.0000000000
72394  -46.555  -30.918  44.720 0.0000000000
72395  -47.093  -30.613  44.982 0.0000000000
72383  -48.762  -30.729  47.113 0.0000000000
59158  -41.268  -40.989  51.406 0.0000000000
59159  -42.162  -40.826  51.535 0.0000000000
60360  -41.478  -41.019  52.051 0.0000000000
60327  -41.757  -41.322  53.778 0.0000000000
60342  -42.010  -40.861  53.119 0.0000000000
59096  -41.978  -41.386  54.392 0.0000000000
58017  -36.165  -41.818  53.123 0.0000000000
59128  -37.291  -41.290  52.459 0.0000000000
60336  -36.846  -41.374  52.162 0.0000000000
59154  -37.218  -41.162  51.739 0.0000000000
59180  -36.942  -41.116  51.134 0.0000000000
59181  -37.720  -40.565  51.098 0.0000000000
60380  -37.898  -40.386  50.563 0.0000000000
59157  -40.270  -41.100  51.838 0.0000000000
59184  -40.897  -40.657  50.849 0.0000000000
49116  -4.991  -53.515  60.629 0.0000000000
47008  -4.302  -54.919  59.383 0.0000000000
48067  -4.489  -54.128  58.816 0.0000000000
49153  -4.661  -53.534  58.503 0.0000000000
44813  -4.362  -56.744  58.021 0.0000000000
44823  -4.748  -56.119  56.752 0.0000000000
42295  -4.644  -57.719  55.930 0.0000000000
40875  -10.606  -57.877  66.766 0.0000000000
40870  -10.443  -58.410  66.933 0.0000000000
53493  -34.686  -48.962  56.308 0.0000000000
52403  -34.502  -49.216  55.495 0.0000000000
54545  -34.529  -47.204  57.148 0.0000000000
54559  -33.951  -47.221  56.126 0.0000000000
54530  -34.136  -45.879  57.253 0.0000000000
55698  -35.240  -44.665  58.633 0.0000000000
39668  -27.456  -58.654  61.843 0.0000000000
39679  -27.780  -58.878  61.452 0.0000000000
42289  -28.006  -56.451  55.962 0.0000000000
42288  -27.244  -56.505  56.020 0.0000000000
42302  -27.414  -55.900  55.509 0.0000000000
77854  -48.543  -25.351  45.087 0.0000000000
77853  -48.231  -25.482  44.459 0.0000000000
78960  -48.716  -24.866  44.677 0.0000000000
80023  -48.920  -23.349  43.301 0.0000000000
82099  -49.892  -22.476  44.323 0.0000000000
81021  -50.187  -23.109  44.556 0.0000000000
50100  -8.870  -51.625  68.667 0.0000000000
49053  -8.562  -51.558  67.923 0.0000000000
50098  -7.423  -52.072  68.637 0.0000000000
50111  -7.366  -52.056  67.749 0.0000000000
49062  -6.005  -52.392  67.223 0.0000000000
62973  -45.575  -38.313  46.712 0.0000000000
64133  -46.155  -38.056  47.373 0.0000000000
62940  -46.304  -38.656  47.292 0.0000000000
60457  -41.396  -38.979  46.232 0.0000000000
60460  -42.844  -39.179  45.729 0.0000000000
60477  -41.849  -39.287  45.421 0.0000000000
60478  -42.288  -39.130  45.318 0.0000000000
61732  -42.366  -38.883  44.689 0.0000000000
62971  -43.028  -38.468  44.697 0.0000000000
61733  -42.939  -38.815  45.316 0.0000000000
64131  -45.009  -39.008  46.605 0.0000000000
64146  -45.389  -38.251  46.469 0.0000000000
42150  -16.506  -55.817  68.277 0.0000000000
44772  -13.883  -53.661  59.813 0.0000000000
53395  -13.672  -47.570  65.294 0.0000000000
52316  -13.753  -48.571  64.593 0.0000000000
52321  -12.956  -49.583  63.199 0.0000000000
52328  -12.951  -49.457  62.574 0.0000000000
49172  -6.848  -52.084  56.819 0.0000000000
49173  -7.247  -51.899  56.953 0.0000000000
50240  -6.711  -51.588  55.817 0.0000000000
51297  -6.846  -51.244  54.813 0.0000000000
51276  -7.042  -51.201  55.192 0.0000000000
51298  -7.459  -51.114  54.699 0.0000000000
51320  -7.338  -50.873  54.028 0.0000000000
47952  -12.549  -52.293  71.821 0.0000000000
46913  -10.936  -53.481  72.514 0.0000000000
40848  -5.965  -59.075  68.284 0.0000000000
40855  -5.939  -58.256  68.448 0.0000000000
40854  -5.316  -58.801  68.736 0.0000000000
42129  -3.871  -57.834  68.844 0.0000000000
42130  -4.280  -57.781  69.145 0.0000000000
43432  -3.893  -56.884  68.648 0.0000000000
43431  -3.527  -56.257  68.425 0.0000000000
39633  -2.260  -59.202  66.899 0.0000000000
40872  -2.380  -58.544  66.426 0.0000000000
40881  -2.598  -58.382  66.000 0.0000000000
40880  -2.589  -58.451  65.553 0.0000000000
39643  -2.379  -59.387  65.065 0.0000000000
49200  -35.057  -51.116  53.005 0.0000000000
49194  -35.593  -51.306  53.840 0.0000000000
47060  -35.241  -53.289  54.893 0.0000000000
47072  -35.238  -52.695  54.800 0.0000000000
50261  -34.867  -50.859  55.919 0.0000000000
49189  -34.698  -51.498  55.286 0.0000000000
50260  -34.621  -50.676  55.384 0.0000000000
51310  -34.894  -50.326  55.960 0.0000000000
52405  -35.026  -49.808  56.308 0.0000000000
52381  -35.661  -48.811  57.954 0.0000000000
43699  -31.843  -55.066  53.013 0.0000000000
38474  -31.229  -59.442  58.457 0.0000000000
38495  -30.950  -58.940  58.340 0.0000000000
38514  -30.815  -58.546  58.232 0.0000000000
40968  -32.743  -58.258  57.166 0.0000000000
39750  -32.307  -58.224  56.895 0.0000000000
40982  -31.109  -57.155  56.301 0.0000000000
39765  -31.582  -57.795  56.855 0.0000000000
41000  -29.413  -56.610  56.044 0.0000000000
42323  -28.506  -55.470  55.014 0.0000000000
73464  -47.541  -29.533  45.522 0.0000000000
74536  -47.132  -28.937  45.255 0.0000000000
75636  -48.013  -27.858  45.381 0.0000000000
76730  -47.766  -27.742  45.136 0.0000000000
76731  -47.911  -27.218  45.229 0.0000000000
77841  -47.898  -26.309  45.046 0.0000000000
75638  -48.812  -26.845  45.764 0.0000000000
76707  -49.804  -26.892  46.962 0.0000000000
78905  -50.608  -25.519  46.779 0.0000000000
59235  -44.189  -40.324  48.991 0.0000000000
59188  -44.198  -41.443  50.944 0.0000000000
59207  -44.486  -40.962  50.251 0.0000000000
59161  -43.704  -41.447  51.764 0.0000000000
60396  -38.170  -40.117  50.075 0.0000000000
61657  -37.869  -39.852  49.414 0.0000000000
60397  -39.403  -39.897  49.690 0.0000000000
60415  -40.706  -39.771  48.764 0.0000000000
60417  -42.828  -40.676  49.076 0.0000000000
59234  -42.427  -40.443  48.610 0.0000000000
47036  -21.041  -52.491  57.811 0.0000000000
47047  -20.754  -52.494  57.268 0.0000000000
47034  -19.068  -52.070  57.033 0.0000000000
55639  -10.544  -44.800  60.356 0.0000000000
55640  -11.819  -44.898  60.436 0.0000000000
55657  -13.029  -45.344  59.107 0.0000000000
50166  -9.986  -51.444  62.873 0.0000000000
50165  -9.374  -51.749  62.828 0.0000000000
50191  -7.520  -51.936  60.736 0.0000000000
49105  -8.918  -51.694  61.817 0.0000000000
49118  -8.084  -51.729  60.546 0.0000000000
49133  -8.128  -51.750  60.211 0.0000000000
50203  -7.181  -52.118  59.515 0.0000000000
49132  -5.299  -52.948  60.172 0.0000000000
50188  -6.129  -52.613  60.242 0.0000000000
50201  -5.786  -52.666  59.648 0.0000000000
50227  -5.790  -52.196  58.324 0.0000000000
50216  -7.003  -52.020  58.552 0.0000000000
49156  -6.300  -52.174  57.702 0.0000000000
49178  -4.763  -52.741  55.418 0.0000000000
49180  -5.407  -52.471  55.599 0.0000000000
44835  -5.451  -55.625  55.906 0.0000000000
44851  -5.392  -55.264  55.170 0.0000000000
44852  -5.393  -55.834  55.052 0.0000000000
43389  -11.647  -55.730  70.831 0.0000000000
44644  -11.669  -56.126  70.497 0.0000000000
43420  -9.544  -56.896  69.246 0.0000000000
43403  -9.077  -56.690  69.400 0.0000000000
42118  -9.055  -57.101  68.722 0.0000000000
39632  -9.507  -58.777  67.659 0.0000000000
38379  -9.060  -59.268  67.597 0.0000000000
38372  -8.275  -60.122  69.038 0.0000000000
38373  -8.322  -59.593  68.362 0.0000000000
38368  -8.132  -59.619  68.575 0.0000000000
39620  -7.813  -58.959  68.158 0.0000000000
38367  -7.778  -59.797  68.774 0.0000000000
39618  -6.487  -59.676  68.407 0.0000000000
38366  -7.071  -60.194  68.853 0.0000000000
37037  -5.978  -61.497  68.419 0.0000000000
37030  -5.630  -61.097  68.886 0.0000000000
37036  -5.068  -61.270  68.193 0.0000000000
59079  -39.309  -42.113  55.381 0.0000000000
59065  -38.905  -42.408  55.805 0.0000000000
52422  -33.921  -48.806  54.171 0.0000000000
57968  -35.193  -43.146  55.343 0.0000000000
57967  -34.324  -43.330  55.225 0.0000000000
57983  -34.731  -43.081  54.547 0.0000000000
57985  -36.428  -42.482  54.698 0.0000000000
42226  -25.150  -56.197  61.278 0.0000000000
42218  -24.799  -56.139  61.635 0.0000000000
43546  -24.805  -55.873  61.424 0.0000000000
44761  -24.716  -55.170  61.141 0.0000000000
44775  -24.882  -55.153  60.403 0.0000000000
38470  -27.948  -59.413  58.695 0.0000000000
38452  -28.039  -59.510  59.169 0.0000000000
40978  -27.177  -56.590  56.834 0.0000000000
40977  -26.469  -56.314  57.033 0.0000000000
40953  -26.325  -56.761  58.424 0.0000000000
39709  -26.574  -57.333  58.948 0.0000000000
40942  -26.069  -56.814  59.314 0.0000000000
40935  -25.779  -57.012  59.780 0.0000000000
40941  -25.603  -56.352  58.814 0.0000000000
43600  -23.833  -55.439  58.335 0.0000000000
43586  -23.396  -54.982  58.465 0.0000000000
43572  -23.514  -55.036  58.907 0.0000000000
44820  -22.474  -54.263  57.461 0.0000000000
44857  -21.901  -53.253  55.478 0.0000000000
44841  -21.921  -53.358  56.339 0.0000000000
83276  -50.171  -21.702  42.914 0.0000000000
82109  -49.957  -21.944  42.022 0.0000000000
83278  -51.870  -21.012  41.948 0.0000000000
52292  -12.969  -48.552  66.960 0.0000000000
51194  -13.088  -49.813  65.793 0.0000000000
51184  -12.765  -49.698  66.478 0.0000000000
51163  -11.553  -50.027  68.695 0.0000000000
50130  -10.914  -50.942  66.611 0.0000000000
50117  -12.043  -50.281  67.155 0.0000000000
50131  -11.647  -50.582  66.493 0.0000000000
50143  -12.015  -50.580  65.721 0.0000000000
50142  -11.235  -50.999  65.706 0.0000000000
50151  -10.793  -51.392  64.800 0.0000000000
49083  -8.298  -51.884  63.743 0.0000000000
49076  -8.207  -51.894  64.358 0.0000000000
50127  -8.272  -52.101  67.058 0.0000000000
50138  -8.042  -52.584  66.312 0.0000000000
49081  -6.484  -52.794  63.518 0.0000000000
49088  -5.790  -52.892  62.150 0.0000000000
49079  -5.258  -53.016  62.643 0.0000000000
48021  -4.346  -53.261  62.002 0.0000000000
46972  -4.148  -54.670  62.093 0.0000000000
68781  -48.036  -34.189  48.424 0.0000000000
68770  -48.508  -34.507  48.866 0.0000000000
65272  -43.622  -36.927  44.893 0.0000000000
66395  -44.804  -35.777  46.080 0.0000000000
67555  -43.454  -35.067  45.299 0.0000000000
68793  -44.467  -34.565  45.888 0.0000000000
67547  -44.667  -35.083  46.114 0.0000000000
67529  -46.192  -35.325  47.418 0.0000000000
68779  -46.479  -34.477  47.559 0.0000000000
70061  -47.153  -33.529  47.716 0.0000000000
42108  -13.641  -57.077  70.319 0.0000000000
43436  -15.201  -56.220  68.577 0.0000000000
43425  -14.363  -56.334  69.008 0.0000000000
42147  -12.129  -56.675  67.809 0.0000000000
42145  -10.242  -56.491  67.310 0.0000000000
44713  -10.424  -55.952  65.549 0.0000000000
43486  -10.320  -56.261  65.908 0.0000000000
42182  -10.302  -57.149  64.733 0.0000000000
42191  -9.605  -56.897  63.755 0.0000000000
47011  -21.112  -52.677  59.729 0.0000000000
48071  -20.492  -52.080  59.635 0.0000000000
48042  -19.703  -52.308  61.101 0.0000000000
48031  -19.647  -51.840  62.104 0.0000000000
46976  -20.728  -52.888  63.007 0.0000000000
48023  -19.301  -51.784  62.620 0.0000000000
46996  -16.238  -51.994  60.656 0.0000000000
46982  -16.642  -52.015  61.329 0.0000000000
45907  -17.383  -52.429  63.003 0.0000000000
45908  -18.461  -52.437  63.465 0.0000000000
45909  -18.950  -52.482  63.574 0.0000000000
44735  -17.995  -53.368  64.612 0.0000000000
44719  -17.407  -53.500  65.351 0.0000000000
44702  -17.705  -53.761  66.526 0.0000000000
44701  -16.755  -53.698  66.103 0.0000000000
44716  -14.565  -54.302  64.255 0.0000000000
43510  -14.575  -53.916  65.064 0.0000000000
44756  -12.694  -54.478  61.328 0.0000000000
45920  -13.266  -54.247  61.924 0.0000000000
43532  -11.846  -55.545  62.369 0.0000000000
44744  -12.214  -55.297  62.823 0.0000000000
43518  -12.025  -55.477  63.454 0.0000000000
43531  -10.980  -55.908  62.801 0.0000000000
55555  -10.688  -45.540  65.446 0.0000000000
55569  -10.619  -45.468  64.457 0.0000000000
55570  -11.300  -45.607  64.167 0.0000000000
54449  -13.546  -46.858  64.231 0.0000000000
54474  -12.833  -46.031  62.375 0.0000000000
55589  -12.091  -45.699  63.270 0.0000000000
54486  -12.788  -45.691  62.041 0.0000000000
54487  -13.256  -46.177  61.502 0.0000000000
52359  -13.497  -47.727  59.815 0.0000000000
52368  -13.502  -47.445  59.313 0.0000000000
53458  -13.645  -47.003  58.810 0.0000000000
50182  -10.459  -51.354  62.270 0.0000000000
51209  -11.169  -51.100  62.206 0.0000000000
51232  -11.897  -50.163  60.956 0.0000000000
51264  -9.144  -51.291  57.571 0.0000000000
51253  -11.606  -49.798  58.648 0.0000000000
51267  -12.099  -49.478  57.816 0.0000000000
51283  -12.546  -49.220  57.290 0.0000000000
52383  -12.631  -48.998  56.221 0.0000000000
51303  -11.544  -49.668  55.824 0.0000000000
50061  -8.452  -50.974  72.925 0.0000000000
44623  -11.249  -55.071  71.629 0.0000000000
45822  -9.051  -55.163  71.648 0.0000000000
44621  -9.512  -55.281  71.765 0.0000000000
45813  -9.328  -54.917  72.040 0.0000000000
46912  -10.020  -53.930  72.804 0.0000000000
43401  -6.175  -56.784  69.351 0.0000000000
44641  -7.235  -56.043  70.031 0.0000000000
44640  -6.443  -55.827  69.707 0.0000000000
44619  -7.025  -54.049  70.692 0.0000000000
46910  -8.006  -53.516  72.211 0.0000000000
46904  -7.810  -52.952  72.616 0.0000000000
46909  -7.300  -52.934  72.358 0.0000000000
47956  -6.559  -52.614  70.493 0.0000000000
49008  -6.786  -52.108  71.517 0.0000000000
49014  -6.890  -51.895  71.314 0.0000000000
49015  -7.196  -51.577  71.412 0.0000000000
49019  -6.958  -51.900  70.650 0.0000000000
49024  -7.107  -51.804  69.832 0.0000000000
47961  -6.696  -52.185  69.907 0.0000000000
134616  -5.412  -53.611  68.014 0.0000000000
47990  -4.808  -53.295  67.126 0.0000000000
47998  -5.228  -52.724  66.907 0.0000000000
44681  -2.835  -55.404  66.909 0.0000000000
45871  -3.274  -54.944  65.753 0.0000000000
46954  -3.708  -54.325  64.682 0.0000000000
44743  -2.581  -55.928  62.363 0.0000000000
45887  -2.600  -55.160  62.451 0.0000000000
44742  -2.785  -55.898  61.765 0.0000000000
45917  -3.871  -56.112  61.248 0.0000000000
44755  -3.347  -56.537  61.260 0.0000000000
34392  -4.021  -63.056  66.250 0.0000000000
34415  -2.829  -63.078  64.240 0.0000000000
34416  -3.453  -63.513  64.736 0.0000000000
35774  -3.237  -62.903  65.251 0.0000000000
35762  -3.412  -62.293  65.763 0.0000000000
35761  -3.365  -61.682  65.195 0.0000000000
37050  -3.273  -61.272  65.629 0.0000000000
38398  -2.512  -60.620  63.369 0.0000000000
39663  -2.542  -59.609  62.361 0.0000000000
40912  -2.504  -58.653  61.529 0.0000000000
40921  -2.740  -58.630  60.544 0.0000000000
42236  -2.996  -57.650  59.954 0.0000000000
42237  -3.155  -57.483  59.387 0.0000000000
43567  -3.086  -57.080  59.708 0.0000000000
43568  -3.312  -57.193  59.265 0.0000000000
43582  -3.609  -57.154  58.809 0.0000000000
47030  -36.114  -53.472  58.824 0.0000000000
45972  -35.859  -54.565  58.941 0.0000000000
44845  -33.789  -55.174  55.888 0.0000000000
42310  -33.906  -56.460  54.876 0.0000000000
43625  -34.490  -56.254  55.199 0.0000000000
43626  -34.464  -55.907  55.529 0.0000000000
42267  -34.464  -57.356  57.257 0.0000000000
42278  -34.663  -56.865  56.572 0.0000000000
43592  -35.041  -56.277  58.415 0.0000000000
72372  -49.321  -30.874  47.882 0.0000000000
72373  -50.295  -31.173  48.240 0.0000000000
71222  -46.515  -32.838  47.143 0.0000000000
71236  -45.709  -32.429  45.755 0.0000000000
71230  -46.423  -32.584  46.740 0.0000000000
72381  -47.490  -31.510  46.307 0.0000000000
60340  -40.882  -40.999  52.460 0.0000000000
60341  -41.438  -40.787  52.837 0.0000000000
60325  -40.857  -40.843  53.230 0.0000000000
60312  -41.256  -41.624  54.034 0.0000000000
58018  -36.979  -42.068  52.844 0.0000000000
59109  -37.521  -41.625  53.165 0.0000000000
48038  -4.533  -54.241  60.525 0.0000000000
39645  -9.836  -58.749  65.310 0.0000000000
53472  -35.350  -48.331  57.677 0.0000000000
55679  -35.745  -45.184  59.300 0.0000000000
43640  -26.653  -54.918  55.492 0.0000000000
78932  -49.528  -24.842  45.674 0.0000000000
79975  -50.016  -24.164  45.691 0.0000000000
81006  -51.461  -23.232  45.822 0.0000000000
50085  -8.704  -51.440  69.568 0.0000000000
62939  -45.774  -39.155  47.055 0.0000000000
60458  -42.047  -39.314  46.144 0.0000000000
61714  -43.541  -39.146  45.994 0.0000000000
43451  -17.157  -55.858  67.980 0.0000000000
55672  -12.198  -44.768  58.518 0.0000000000
51203  -13.466  -49.262  64.781 0.0000000000
51206  -12.898  -49.731  63.926 0.0000000000
51211  -12.492  -50.288  62.828 0.0000000000
50254  -6.031  -52.338  55.235 0.0000000000
50255  -6.461  -51.835  55.248 0.0000000000
51318  -6.419  -51.592  53.929 0.0000000000
39630  -4.861  -59.551  68.573 0.0000000000
40853  -4.478  -58.878  69.173 0.0000000000
39623  -4.012  -59.146  69.184 0.0000000000
39622  -3.832  -59.161  68.856 0.0000000000
40861  -3.626  -58.513  68.358 0.0000000000
40860  -3.321  -58.096  67.653 0.0000000000
40869  -3.339  -58.840  67.646 0.0000000000
39639  -2.728  -59.644  66.676 0.0000000000
38384  -2.610  -60.142  66.149 0.0000000000
48103  -35.339  -52.269  56.291 0.0000000000
48111  -34.884  -52.190  55.382 0.0000000000
50249  -35.404  -50.934  56.687 0.0000000000
43701  -32.663  -54.949  53.640 0.0000000000
40984  -31.993  -57.892  55.827 0.0000000000
42305  -30.359  -56.195  55.184 0.0000000000
74527  -47.696  -28.683  45.493 0.0000000000
75622  -48.875  -27.542  46.306 0.0000000000
75623  -48.999  -26.971  45.946 0.0000000000
76715  -49.382  -27.363  46.700 0.0000000000
61660  -43.159  -40.641  49.483 0.0000000000
59221  -44.075  -40.695  49.684 0.0000000000
60401  -43.415  -40.730  49.859 0.0000000000
59217  -41.138  -40.176  49.558 0.0000000000
59231  -41.278  -40.101  48.957 0.0000000000
59232  -41.503  -40.313  48.827 0.0000000000
59219  -41.941  -40.791  49.366 0.0000000000
60416  -42.274  -40.827  49.475 0.0000000000
45982  -20.448  -52.328  56.104 0.0000000000
55621  -9.786  -44.936  61.304 0.0000000000
49092  -8.873  -52.026  62.789 0.0000000000
50225  -5.328  -52.982  58.732 0.0000000000
50213  -5.590  -53.015  59.022 0.0000000000
48083  -4.984  -52.067  56.986 0.0000000000
48097  -4.906  -52.368  56.683 0.0000000000
49168  -5.009  -52.936  55.995 0.0000000000
48108  -4.729  -53.254  54.336 0.0000000000
47059  -4.944  -53.970  54.529 0.0000000000
43407  -12.299  -56.730  70.001 0.0000000000
43422  -11.312  -56.493  69.276 0.0000000000
42119  -9.723  -57.498  68.750 0.0000000000
38378  -8.481  -59.361  67.784 0.0000000000
37039  -7.760  -60.699  68.855 0.0000000000
37032  -7.145  -60.734  69.180 0.0000000000
37038  -6.966  -61.342  68.733 0.0000000000
37043  -6.013  -61.536  67.718 0.0000000000
57953  -38.596  -42.620  56.511 0.0000000000
57936  -34.940  -43.826  56.999 0.0000000000
57969  -36.070  -42.905  55.441 0.0000000000
40917  -25.780  -56.901  61.965 0.0000000000
40926  -25.491  -56.395  61.051 0.0000000000
38472  -29.483  -59.484  58.539 0.0000000000
38471  -28.545  -59.346  58.445 0.0000000000
39712  -27.975  -59.219  58.396 0.0000000000
42276  -25.966  -55.775  56.987 0.0000000000
42275  -25.155  -55.869  57.214 0.0000000000
40964  -25.330  -55.972  57.781 0.0000000000
42264  -24.630  -55.724  58.205 0.0000000000
134564  -24.313  -55.588  57.653 0.0000000000
43599  -23.536  -55.184  57.346 0.0000000000
43609  -22.945  -54.690  56.873 0.0000000000
80027  -48.081  -23.888  42.114 0.0000000000
51173  -11.833  -49.911  67.810 0.0000000000
51172  -11.176  -50.029  67.861 0.0000000000
49073  -5.621  -52.423  64.372 0.0000000000
48017  -4.724  -52.834  63.719 0.0000000000
67531  -47.723  -35.546  48.406 0.0000000000
67517  -48.133  -35.269  48.936 0.0000000000
66367  -48.165  -35.995  48.236 0.0000000000
65252  -44.813  -37.411  46.148 0.0000000000
65265  -44.014  -37.096  45.418 0.0000000000
67543  -45.041  -35.358  46.545 0.0000000000
67540  -45.745  -35.677  47.029 0.0000000000
67541  -46.299  -35.801  47.305 0.0000000000
43448  -14.226  -55.885  67.611 0.0000000000
43445  -11.182  -56.166  67.113 0.0000000000
43466  -11.132  -55.792  66.899 0.0000000000
45865  -11.298  -55.086  66.088 0.0000000000
43506  -10.661  -55.251  64.831 0.0000000000
48056  -18.730  -51.514  59.695 0.0000000000
48041  -18.519  -51.486  60.987 0.0000000000
45922  -16.023  -52.358  61.704 0.0000000000
45892  -16.836  -52.901  63.681 0.0000000000
43542  -11.971  -54.896  60.844 0.0000000000
42204  -10.691  -56.093  62.174 0.0000000000
53421  -13.670  -47.500  62.365 0.0000000000
50193  -9.805  -51.713  60.866 0.0000000000
51230  -10.507  -51.214  61.051 0.0000000000
50206  -9.776  -51.600  60.249 0.0000000000
43388  -9.399  -55.618  70.485 0.0000000000
134614  -6.216  -52.986  70.248 0.0000000000
47955  -5.279  -52.850  69.762 0.0000000000
49023  -5.488  -52.722  69.274 0.0000000000
47954  -4.727  -52.775  69.519 0.0000000000
43485  -2.598  -56.799  65.831 0.0000000000
44728  -2.722  -55.849  63.062 0.0000000000
35794  -3.015  -63.141  63.336 0.0000000000
35783  -2.759  -62.595  63.646 0.0000000000
37080  -2.508  -61.645  62.910 0.0000000000
37091  -2.786  -61.567  61.794 0.0000000000
40930  -3.004  -58.737  59.572 0.0000000000
47069  -33.978  -54.029  53.522 0.0000000000
47070  -34.314  -53.712  53.718 0.0000000000
46032  -34.534  -53.799  54.425 0.0000000000
46033  -34.927  -53.571  54.768 0.0000000000
44866  -34.510  -53.873  55.731 0.0000000000
46012  -34.889  -53.585  56.012 0.0000000000
48101  -35.789  -52.336  57.095 0.0000000000
49167  -36.084  -51.624  57.795 0.0000000000
41028  -31.443  -56.870  54.914 0.0000000000
42327  -31.681  -56.451  54.525 0.0000000000
43662  -32.040  -55.894  54.112 0.0000000000
42349  -32.585  -55.689  54.430 0.0000000000
42330  -33.816  -55.997  54.556 0.0000000000
43663  -33.288  -55.543  54.480 0.0000000000
43681  -32.678  -55.324  54.054 0.0000000000
44909  -33.456  -54.609  53.795 0.0000000000
40969  -33.294  -57.829  57.113 0.0000000000
40985  -32.543  -57.703  56.287 0.0000000000
41004  -32.121  -57.487  55.483 0.0000000000
42307  -31.775  -56.995  55.247 0.0000000000
74500  -50.625  -29.108  47.828 0.0000000000
74516  -50.735  -29.547  47.736 0.0000000000
71250  -45.218  -31.656  44.606 0.0000000000
71251  -45.472  -31.412  44.327 0.0000000000
72408  -45.590  -30.808  44.151 0.0000000000
73463  -47.364  -30.091  45.185 0.0000000000
72388  -47.747  -30.669  45.815 0.0000000000
73458  -47.774  -30.070  46.056 0.0000000000
59132  -42.582  -41.107  52.404 0.0000000000
59127  -36.693  -41.555  52.492 0.0000000000
60378  -36.490  -40.685  50.966 0.0000000000
61646  -36.901  -39.949  50.655 0.0000000000
59200  -38.283  -40.367  50.603 0.0000000000
49101  -5.998  -52.983  61.123 0.0000000000
49117  -5.593  -53.045  60.520 0.0000000000
49131  -5.164  -53.071  59.739 0.0000000000
49130  -4.787  -53.684  59.707 0.0000000000
49142  -5.229  -53.356  59.063 0.0000000000
47042  -4.769  -54.163  56.378 0.0000000000
43616  -5.293  -56.373  55.541 0.0000000000
43631  -4.922  -57.352  55.729 0.0000000000
40867  -10.944  -57.541  67.619 0.0000000000
40866  -10.512  -57.991  67.667 0.0000000000
39636  -9.307  -59.346  66.797 0.0000000000
39641  -8.647  -59.152  65.872 0.0000000000
39635  -8.131  -59.158  66.628 0.0000000000
38386  -7.432  -59.737  66.209 0.0000000000
59055  -37.577  -43.199  58.048 0.0000000000
59042  -37.508  -43.427  58.214 0.0000000000
52424  -34.455  -50.097  54.832 0.0000000000
52402  -34.104  -48.805  55.232 0.0000000000
53491  -33.808  -48.188  55.849 0.0000000000
53490  -33.395  -47.639  55.213 0.0000000000
54558  -33.030  -46.364  55.603 0.0000000000
54543  -33.503  -45.776  56.280 0.0000000000
55713  -33.722  -45.322  56.853 0.0000000000
56811  -33.858  -44.694  57.207 0.0000000000
56797  -34.487  -44.720  58.040 0.0000000000
39667  -27.202  -58.587  61.865 0.0000000000
39761  -28.394  -57.343  57.536 0.0000000000
40979  -28.278  -56.646  56.890 0.0000000000
43624  -26.433  -55.376  55.888 0.0000000000
43638  -24.302  -54.158  55.578 0.0000000000
78958  -48.323  -24.562  43.236 0.0000000000
78946  -49.204  -24.456  45.058 0.0000000000
80013  -48.549  -24.235  43.299 0.0000000000
80021  -48.406  -24.276  42.854 0.0000000000
80022  -48.635  -23.600  42.821 0.0000000000
81048  -48.560  -22.764  42.102 0.0000000000
82104  -49.323  -22.614  42.790 0.0000000000
82105  -49.583  -22.448  43.186 0.0000000000
81040  -50.880  -22.735  45.247 0.0000000000
50113  -9.102  -51.383  67.965 0.0000000000
49052  -8.167  -51.705  67.691 0.0000000000
50126  -7.615  -52.364  66.956 0.0000000000
50112  -7.822  -51.866  67.638 0.0000000000
48005  -5.591  -52.498  66.247 0.0000000000
66389  -46.395  -37.156  47.121 0.0000000000
65232  -47.345  -37.343  47.746 0.0000000000
65241  -46.712  -37.277  47.360 0.0000000000
62929  -47.316  -38.662  47.856 0.0000000000
60476  -41.207  -39.454  45.252 0.0000000000
62990  -42.571  -38.513  44.025 0.0000000000
62972  -43.568  -38.557  45.439 0.0000000000
64159  -44.118  -37.997  45.567 0.0000000000
65253  -45.563  -37.654  46.607 0.0000000000
42126  -15.893  -55.804  69.000 0.0000000000
42137  -15.505  -56.096  68.731 0.0000000000
43449  -15.239  -55.971  67.699 0.0000000000
43450  -16.152  -55.968  67.955 0.0000000000
45964  -15.029  -53.059  58.560 0.0000000000
47009  -15.787  -52.209  59.487 0.0000000000
45949  -14.901  -52.752  59.608 0.0000000000
44758  -14.134  -53.591  61.081 0.0000000000
44746  -13.773  -53.724  62.090 0.0000000000
44771  -13.109  -54.098  60.286 0.0000000000
54436  -13.612  -47.102  64.804 0.0000000000
50228  -7.194  -52.041  57.971 0.0000000000
50230  -8.340  -51.592  58.169 0.0000000000
50242  -7.557  -51.645  56.838 0.0000000000
51278  -8.176  -51.422  56.127 0.0000000000
51321  -8.117  -50.832  53.980 0.0000000000
49013  -12.616  -51.417  72.427 0.0000000000
47950  -11.593  -52.086  72.777 0.0000000000
46907  -10.573  -52.990  73.104 0.0000000000
42117  -6.722  -57.629  68.892 0.0000000000
42116  -6.124  -57.423  68.946 0.0000000000
42102  -5.584  -57.213  68.896 0.0000000000
42114  -4.842  -57.881  69.260 0.0000000000
42101  -5.198  -57.403  68.788 0.0000000000
44638  -5.245  -56.410  68.738 0.0000000000
44653  -4.860  -55.888  68.783 0.0000000000
45837  -4.263  -55.677  69.327 0.0000000000
44660  -3.886  -55.518  68.844 0.0000000000
43442  -3.059  -56.349  67.629 0.0000000000
42158  -2.781  -57.711  66.397 0.0000000000
42172  -2.648  -57.542  65.574 0.0000000000
50281  -35.057  -50.885  52.850 0.0000000000
48118  -35.480  -52.127  54.141 0.0000000000
48110  -34.947  -51.891  54.803 0.0000000000
50268  -35.211  -50.946  54.594 0.0000000000
51326  -34.795  -50.784  54.512 0.0000000000
52389  -35.041  -49.121  56.649 0.0000000000
53480  -35.291  -48.774  57.285 0.0000000000
38455  -30.643  -59.967  59.137 0.0000000000
38494  -30.170  -58.968  58.173 0.0000000000
39746  -29.535  -58.006  58.077 0.0000000000
39766  -31.957  -58.043  56.472 0.0000000000
39748  -31.295  -58.047  57.812 0.0000000000
39763  -29.984  -57.466  57.447 0.0000000000
40980  -29.359  -56.795  56.880 0.0000000000
75635  -47.584  -28.172  45.121 0.0000000000
75646  -47.074  -27.937  44.522 0.0000000000
75647  -46.717  -27.128  44.304 0.0000000000
77842  -48.429  -25.862  45.387 0.0000000000
77827  -49.469  -25.720  46.062 0.0000000000
78917  -50.833  -25.001  46.650 0.0000000000
60435  -44.882  -39.989  48.446 0.0000000000
59236  -44.608  -40.305  48.775 0.0000000000
60445  -41.522  -39.114  47.281 0.0000000000
60432  -42.110  -39.850  48.068 0.0000000000
45950  -21.867  -52.982  59.057 0.0000000000
47023  -20.963  -52.401  58.785 0.0000000000
47035  -19.931  -52.054  57.472 0.0000000000
48087  -19.717  -51.116  58.001 0.0000000000
47033  -16.813  -51.650  58.004 0.0000000000
45974  -15.392  -52.465  57.344 0.0000000000
53466  -13.716  -46.552  58.227 0.0000000000
50181  -9.949  -51.563  61.844 0.0000000000
49106  -9.508  -51.682  61.432 0.0000000000
49120  -9.299  -51.721  61.222 0.0000000000
49134  -8.469  -51.834  60.238 0.0000000000
50177  -6.680  -52.591  60.763 0.0000000000
50214  -5.841  -52.637  58.902 0.0000000000
50202  -6.493  -52.329  59.467 0.0000000000
49144  -6.980  -52.146  58.093 0.0000000000
49170  -5.568  -52.441  56.323 0.0000000000
50253  -5.501  -52.316  54.867 0.0000000000
45989  -5.188  -54.671  55.291 0.0000000000
44642  -10.652  -55.735  70.307 0.0000000000
43405  -10.876  -56.231  69.864 0.0000000000
42105  -8.248  -57.055  69.219 0.0000000000
40858  -9.174  -57.920  68.192 0.0000000000
39626  -8.617  -58.709  67.891 0.0000000000
40865  -8.952  -57.628  68.289 0.0000000000
39625  -8.138  -58.251  67.999 0.0000000000
40850  -7.088  -58.299  68.546 0.0000000000
40849  -6.511  -58.760  68.203 0.0000000000
39617  -5.901  -59.875  68.509 0.0000000000
38370  -6.271  -60.769  69.359 0.0000000000
38369  -5.874  -60.558  68.996 0.0000000000
37035  -4.118  -61.391  68.109 0.0000000000
35741  -3.828  -61.571  67.873 0.0000000000
59093  -39.368  -41.645  54.595 0.0000000000
52435  -34.153  -50.271  53.875 0.0000000000
52450  -33.926  -50.367  53.140 0.0000000000
53522  -33.487  -48.798  53.496 0.0000000000
57999  -35.837  -42.314  53.936 0.0000000000
58001  -37.600  -41.573  54.014 0.0000000000
59092  -38.414  -41.602  54.357 0.0000000000
40906  -25.162  -56.709  62.451 0.0000000000
42217  -24.657  -56.351  62.011 0.0000000000
42216  -24.525  -55.992  62.103 0.0000000000
43544  -24.548  -55.731  61.794 0.0000000000
44788  -23.292  -54.487  59.378 0.0000000000
39693  -28.579  -59.004  60.618 0.0000000000
38438  -29.165  -59.699  59.967 0.0000000000
39703  -28.460  -59.196  59.871 0.0000000000
39692  -27.854  -58.859  60.621 0.0000000000
39691  -27.535  -58.055  60.605 0.0000000000
39690  -26.739  -57.599  60.549 0.0000000000
39744  -27.827  -57.766  57.770 0.0000000000
39727  -27.564  -58.075  58.467 0.0000000000
40954  -26.818  -57.282  58.233 0.0000000000
39710  -26.802  -58.151  58.960 0.0000000000
39689  -26.017  -57.111  60.468 0.0000000000
134558  -25.438  -55.975  59.971 0.0000000000
42265  -24.398  -55.694  59.102 0.0000000000
134566  -24.638  -55.339  59.675 0.0000000000
134569  -23.773  -55.116  59.192 0.0000000000
44806  -22.279  -53.649  58.240 0.0000000000
44819  -22.200  -53.629  57.822 0.0000000000
44829  -22.365  -54.047  56.794 0.0000000000
82115  -49.910  -21.790  40.978 0.0000000000
82110  -50.502  -21.692  41.366 0.0000000000
83287  -50.329  -21.574  40.861 0.0000000000
84364  -51.074  -20.459  40.543 0.0000000000
52299  -13.302  -48.562  66.231 0.0000000000
51195  -13.403  -49.264  65.618 0.0000000000
50154  -12.871  -50.139  65.364 0.0000000000
50153  -12.540  -50.389  64.948 0.0000000000
50158  -9.192  -51.806  63.799 0.0000000000
50139  -8.557  -52.059  66.118 0.0000000000
48029  -4.512  -53.695  61.365 0.0000000000
48028  -4.305  -54.274  61.373 0.0000000000
46994  -4.092  -55.844  60.559 0.0000000000
71215  -48.434  -32.862  48.161 0.0000000000
70054  -49.135  -33.563  48.984 0.0000000000
61678  -45.717  -39.944  48.712 0.0000000000
59094  -40.206  -41.941  54.624 0.0000000000
59095  -41.011  -41.776  54.607 0.0000000000
65270  -42.319  -36.970  44.202 0.0000000000
66398  -42.239  -36.455  44.180 0.0000000000
66399  -42.577  -36.212  44.394 0.0000000000
67554  -42.732  -35.207  44.826 0.0000000000
68792  -43.946  -34.223  45.558 0.0000000000
68787  -44.514  -33.880  45.799 0.0000000000
68784  -45.262  -34.676  46.931 0.0000000000
68789  -45.495  -33.951  46.488 0.0000000000
70065  -45.881  -33.312  46.500 0.0000000000
70060  -46.341  -33.306  47.257 0.0000000000
42095  -12.399  -56.824  70.495 0.0000000000
42134  -11.414  -57.302  68.009 0.0000000000
43434  -13.717  -56.461  68.337 0.0000000000
42136  -12.995  -56.828  68.400 0.0000000000
42135  -12.293  -56.782  68.355 0.0000000000
42144  -10.112  -56.226  66.988 0.0000000000
42161  -9.864  -56.613  66.637 0.0000000000
40882  -10.416  -57.944  65.262 0.0000000000
40888  -10.032  -58.025  64.463 0.0000000000
40894  -9.274  -57.974  63.869 0.0000000000
47001  -21.746  -53.197  61.285 0.0000000000
48058  -20.412  -52.413  60.378 0.0000000000
46999  -20.324  -52.635  61.060 0.0000000000
46986  -21.031  -53.009  61.950 0.0000000000
46968  -20.640  -53.038  63.767 0.0000000000
47010  -16.795  -51.530  59.923 0.0000000000
46998  -17.750  -51.831  61.455 0.0000000000
46983  -17.166  -52.030  61.954 0.0000000000
46973  -17.788  -52.147  62.370 0.0000000000
46967  -19.922  -52.712  63.778 0.0000000000
46961  -20.114  -52.773  64.307 0.0000000000
45880  -19.535  -52.785  64.766 0.0000000000
44721  -19.333  -53.347  65.838 0.0000000000
44703  -18.671  -54.170  66.446 0.0000000000
43493  -16.993  -54.557  66.881 0.0000000000
45904  -13.542  -54.208  62.470 0.0000000000
45889  -13.171  -54.511  62.852 0.0000000000
44745  -12.474  -54.807  62.369 0.0000000000
44730  -13.032  -54.599  63.180 0.0000000000
43508  -12.672  -54.754  64.345 0.0000000000
43530  -10.057  -55.912  63.411 0.0000000000
54447  -11.818  -45.820  64.147 0.0000000000
54460  -12.003  -45.753  63.573 0.0000000000
54497  -13.382  -46.230  60.438 0.0000000000
54506  -13.443  -46.138  59.504 0.0000000000
50168  -11.748  -50.703  63.164 0.0000000000
51210  -11.517  -50.755  62.334 0.0000000000
51221  -11.885  -50.202  61.628 0.0000000000
52337  -12.166  -49.955  61.123 0.0000000000
52348  -12.318  -49.951  60.507 0.0000000000
51242  -11.511  -50.321  59.573 0.0000000000
52356  -12.233  -50.052  59.714 0.0000000000
52357  -12.544  -49.325  59.646 0.0000000000
52366  -12.867  -48.798  59.088 0.0000000000
51255  -12.879  -48.626  58.472 0.0000000000
52375  -13.232  -48.071  57.870 0.0000000000
52395  -12.752  -48.409  55.812 0.0000000000
52416  -12.351  -48.498  55.313 0.0000000000
51325  -11.226  -49.706  55.351 0.0000000000
52415  -11.806  -49.005  54.792 0.0000000000
45807  -11.894  -54.508  71.920 0.0000000000
44622  -10.001  -55.393  71.840 0.0000000000
46906  -9.695  -53.129  73.108 0.0000000000
43402  -7.012  -56.620  69.622 0.0000000000
47944  -8.719  -52.186  72.847 0.0000000000
49004  -8.187  -51.651  72.593 0.0000000000
47948  -6.842  -52.612  71.867 0.0000000000
49003  -7.409  -51.881  72.404 0.0000000000
49010  -8.040  -51.320  72.350 0.0000000000
50066  -7.429  -51.342  71.837 0.0000000000
50071  -7.676  -51.300  71.443 0.0000000000
49025  -7.540  -51.656  70.225 0.0000000000
50083  -7.396  -52.072  69.264 0.0000000000
49037  -6.918  -52.341  68.955 0.0000000000
49035  -5.637  -52.803  68.777 0.0000000000
49049  -5.938  -52.771  68.522 0.0000000000
49050  -6.307  -52.642  68.258 0.0000000000
48003  -4.470  -53.006  65.130 0.0000000000
46942  -4.715  -54.584  66.874 0.0000000000
46949  -4.589  -54.086  66.544 0.0000000000
47996  -4.542  -53.669  65.485 0.0000000000
48009  -3.887  -53.601  63.854 0.0000000000
46966  -3.339  -54.287  62.472 0.0000000000
45888  -2.458  -54.866  62.857 0.0000000000
45918  -3.884  -55.654  61.912 0.0000000000
35745  -3.757  -61.758  67.538 0.0000000000
34417  -4.261  -63.787  65.112 0.0000000000
38389  -3.136  -60.845  66.048 0.0000000000
38388  -2.673  -60.424  65.644 0.0000000000
37058  -2.376  -61.192  64.399 0.0000000000
39649  -2.216  -59.199  64.137 0.0000000000
40892  -2.203  -58.477  63.443 0.0000000000
38415  -2.972  -60.654  61.374 0.0000000000
40903  -2.391  -58.593  62.516 0.0000000000
43539  -2.585  -57.125  61.975 0.0000000000
42221  -2.995  -57.225  60.836 0.0000000000
42235  -2.991  -57.200  60.486 0.0000000000
43550  -3.201  -56.912  60.864 0.0000000000
44784  -3.359  -56.286  59.855 0.0000000000
44799  -3.443  -56.283  59.404 0.0000000000
44801  -3.965  -56.981  58.466 0.0000000000
42281  -4.432  -58.281  55.884 0.0000000000
34428  -2.829  -63.125  63.905 0.0000000000
35742  -3.986  -61.777  67.827 0.0000000000
35743  -5.565  -61.474  67.904 0.0000000000
35784  -2.919  -63.128  63.669 0.0000000000
37028  -6.562  -60.770  69.360 0.0000000000
37029  -6.777  -60.573  69.219 0.0000000000
37033  -7.767  -60.487  69.127 0.0000000000
37034  -3.648  -61.240  67.786 0.0000000000
38364  -6.071  -60.351  68.861 0.0000000000
38413  -27.662  -58.568  61.950 0.0000000000
38513  -30.476  -58.624  58.217 0.0000000000
38515  -31.396  -58.428  58.168 0.0000000000
39624  -5.337  -59.695  68.500 0.0000000000
39629  -4.379  -59.504  68.632 0.0000000000
39631  -8.920  -59.047  67.726 0.0000000000
39699  -25.712  -57.128  60.045 0.0000000000
39726  -26.955  -57.647  58.561 0.0000000000
39729  -28.956  -58.652  58.030 0.0000000000
39743  -27.266  -57.559  58.143 0.0000000000
40857  -8.577  -57.653  68.239 0.0000000000
40862  -4.632  -59.279  68.833 0.0000000000
40864  -8.924  -57.438  68.418 0.0000000000
40873  -2.526  -58.343  66.222 0.0000000000
40958  -34.517  -57.239  57.787 0.0000000000
42103  -5.864  -57.040  69.128 0.0000000000
42106  -12.364  -56.817  70.242 0.0000000000
42113  -4.213  -58.217  69.252 0.0000000000
42131  -9.032  -57.295  68.537 0.0000000000
42149  -16.416  -55.897  68.077 0.0000000000
42159  -2.638  -58.152  66.312 0.0000000000
42160  -10.316  -56.129  66.731 0.0000000000
42162  -9.950  -57.318  67.113 0.0000000000
42211  -2.802  -57.182  61.273 0.0000000000
42219  -24.958  -56.029  61.312 0.0000000000
42227  -25.158  -55.969  60.861 0.0000000000
42248  -3.285  -57.618  58.834 0.0000000000
42273  -23.882  -55.374  57.206 0.0000000000
42280  -4.259  -58.101  56.369 0.0000000000
42350  -33.053  -55.613  54.512 0.0000000000
43381  -11.745  -55.579  71.136 0.0000000000
43399  -5.219  -56.908  68.664 0.0000000000
43400  -5.661  -56.743  68.982 0.0000000000
43416  -4.843  -57.235  68.708 0.0000000000
43417  -6.285  -57.132  69.256 0.0000000000
43419  -9.220  -56.883  69.121 0.0000000000
43426  -14.783  -56.299  69.158 0.0000000000
43433  -4.376  -57.352  68.829 0.0000000000
43443  -10.358  -56.113  66.847 0.0000000000
43444  -10.594  -56.113  66.981 0.0000000000
43464  -10.171  -56.188  66.754 0.0000000000
43505  -10.452  -56.266  65.143 0.0000000000
43528  -2.504  -56.160  62.037 0.0000000000
43554  -24.387  -54.831  59.818 0.0000000000
43555  -25.047  -55.579  60.955 0.0000000000
43580  -3.219  -56.583  59.722 0.0000000000
43588  -24.102  -55.466  59.105 0.0000000000
43594  -3.927  -57.273  58.276 0.0000000000
43602  -24.107  -55.547  58.895 0.0000000000
43614  -34.870  -55.186  57.379 0.0000000000
43643  -34.913  -55.774  54.903 0.0000000000
43661  -31.855  -56.025  54.000 0.0000000000
43700  -32.278  -54.963  53.378 0.0000000000
44631  -11.570  -55.863  70.634 0.0000000000
44643  -11.288  -55.963  70.357 0.0000000000
44651  -3.972  -55.653  69.342 0.0000000000
44652  -4.147  -55.956  69.415 0.0000000000
44662  -5.316  -55.463  68.612 0.0000000000
44682  -10.751  -55.346  66.229 0.0000000000
44683  -11.168  -55.220  66.464 0.0000000000
44684  -11.739  -55.626  66.288 0.0000000000
44686  -13.151  -54.886  66.462 0.0000000000
44695  -10.539  -55.647  65.899 0.0000000000
44696  -11.058  -55.164  65.797 0.0000000000
44697  -11.783  -55.172  65.906 0.0000000000
44698  -12.828  -54.659  66.202 0.0000000000
44699  -13.145  -54.631  66.254 0.0000000000
44714  -10.529  -55.564  65.404 0.0000000000
44729  -12.425  -55.017  63.072 0.0000000000
44789  -24.075  -54.823  59.608 0.0000000000
44800  -3.735  -56.470  58.844 0.0000000000
44810  -35.414  -56.050  59.122 0.0000000000
44814  -4.110  -57.061  58.257 0.0000000000
44844  -34.611  -55.573  55.214 0.0000000000
44846  -34.358  -54.186  56.166 0.0000000000
44862  -33.872  -54.797  54.432 0.0000000000
44863  -34.003  -54.563  54.798 0.0000000000
44887  -33.887  -54.724  54.666 0.0000000000
45804  -12.011  -54.636  71.763 0.0000000000
45805  -12.268  -54.433  71.952 0.0000000000
45806  -12.687  -54.300  72.074 0.0000000000
45808  -12.345  -54.198  72.187 0.0000000000
45847  -4.459  -55.437  68.992 0.0000000000
45866  -11.661  -55.351  66.190 0.0000000000
45872  -11.623  -55.096  65.926 0.0000000000
45873  -11.822  -55.500  65.990 0.0000000000
45874  -19.876  -52.709  64.628 0.0000000000
45875  -19.972  -52.690  64.901 0.0000000000
45890  -13.394  -54.402  62.823 0.0000000000
45902  -3.694  -55.126  62.274 0.0000000000
45919  -12.875  -54.481  62.012 0.0000000000
45966  -22.204  -53.581  58.612 0.0000000000
46008  -33.962  -54.393  54.604 0.0000000000
46030  -33.832  -54.568  54.484 0.0000000000
46903  -7.241  -52.973  72.709 0.0000000000
46955  -20.152  -52.738  64.640 0.0000000000
46980  -4.158  -55.686  60.838 0.0000000000
46984  -18.117  -51.994  61.850 0.0000000000
47942  -7.014  -52.897  72.550 0.0000000000
47949  -7.070  -52.048  72.359 0.0000000000
47959  -4.767  -52.817  69.233 0.0000000000
47976  -6.598  -52.400  69.378 0.0000000000
48022  -19.135  -51.699  62.346 0.0000000000
48043  -20.362  -52.598  60.816 0.0000000000
48078  -36.341  -52.064  58.231 0.0000000000
48093  -36.247  -52.068  57.956 0.0000000000
49017  -4.691  -52.625  69.241 0.0000000000
49018  -4.925  -52.685  69.374 0.0000000000
49022  -5.114  -52.824  69.012 0.0000000000
49036  -6.169  -52.647  68.954 0.0000000000
49039  -8.231  -51.600  68.148 0.0000000000
49065  -8.805  -51.626  67.628 0.0000000000
49151  -36.455  -51.596  58.637 0.0000000000
49158  -7.408  -51.825  57.240 0.0000000000
49166  -36.198  -51.908  57.798 0.0000000000
49179  -5.048  -52.498  55.501 0.0000000000
50162  -12.441  -50.217  63.531 0.0000000000
50179  -7.368  -52.166  61.212 0.0000000000
50192  -9.483  -51.737  60.421 0.0000000000
50269  -34.686  -51.069  55.041 0.0000000000
51201  -12.737  -50.126  64.732 0.0000000000
52433  -33.840  -48.970  53.616 0.0000000000
53523  -33.761  -49.074  53.382 0.0000000000
54446  -11.236  -45.707  64.410 0.0000000000
55677  -34.173  -45.175  57.786 0.0000000000
55678  -34.309  -45.132  58.007 0.0000000000
55695  -33.891  -45.132  57.207 0.0000000000
55714  -34.036  -45.706  57.074 0.0000000000
56760  -11.906  -44.571  59.812 0.0000000000
56796  -34.196  -44.907  57.839 0.0000000000
56812  -34.373  -44.430  57.535 0.0000000000
57937  -35.423  -43.894  57.058 0.0000000000
57972  -38.732  -42.214  55.514 0.0000000000
59041  -37.353  -43.269  58.100 0.0000000000
59054  -37.284  -43.040  57.884 0.0000000000
59078  -38.857  -42.369  55.661 0.0000000000
59153  -36.562  -41.317  51.881 0.0000000000
59220  -42.254  -40.709  49.099 0.0000000000
60313  -41.511  -41.572  54.196 0.0000000000
60323  -38.617  -40.885  53.125 0.0000000000
60338  -38.802  -40.765  52.899 0.0000000000
60339  -38.989  -40.907  53.125 0.0000000000
60357  -36.931  -41.307  51.939 0.0000000000
60358  -37.083  -41.307  52.131 0.0000000000
60382  -43.446  -41.022  50.410 0.0000000000
61658  -40.039  -39.720  49.231 0.0000000000
61659  -40.465  -39.696  49.059 0.0000000000
61661  -43.524  -40.603  49.381 0.0000000000
61675  -40.499  -39.722  48.803 0.0000000000
61676  -43.365  -40.563  49.193 0.0000000000
61677  -43.631  -40.551  49.171 0.0000000000
61731  -41.823  -39.264  44.825 0.0000000000
62957  -45.690  -38.243  46.953 0.0000000000
62974  -45.622  -37.900  46.848 0.0000000000
64132  -45.283  -38.911  46.646 0.0000000000
64134  -46.796  -37.754  47.451 0.0000000000
64147  -45.726  -37.853  47.073 0.0000000000
64160  -45.565  -38.036  46.665 0.0000000000
64161  -45.635  -37.908  46.567 0.0000000000
65240  -46.198  -37.588  47.270 0.0000000000
65255  -46.262  -37.323  47.165 0.0000000000
65266  -45.560  -37.966  46.508 0.0000000000
65267  -45.579  -37.952  46.697 0.0000000000
67530  -46.838  -35.662  47.692 0.0000000000
67532  -48.143  -35.706  48.739 0.0000000000
68769  -47.871  -34.784  48.772 0.0000000000
70053  -48.404  -33.419  48.363 0.0000000000
72407  -44.914  -31.374  44.161 0.0000000000
74515  -50.444  -29.530  47.556 0.0000000000
74537  -47.523  -29.116  45.535 0.0000000000
75621  -48.278  -28.306  45.871 0.0000000000
76696  -49.827  -27.760  47.476 0.0000000000
76732  -48.461  -26.660  45.526 0.0000000000
78945  -49.428  -24.225  45.090 0.0000000000
79974  -49.738  -24.080  45.351 0.0000000000
79992  -49.595  -24.084  45.183 0.0000000000
80012  -48.434  -24.360  43.116 0.0000000000
81039  -50.757  -22.651  45.067 0.0000000000
81045  -49.152  -23.110  43.512 0.0000000000
82088  -50.462  -22.923  44.719 0.0000000000
82116  -50.517  -21.707  41.032 0.0000000000
134556  -25.134  -55.536  60.162 0.0000000000
134557  -25.226  -55.737  59.929 0.0000000000
134559  -24.605  -54.898  59.938 0.0000000000
134560  -24.530  -55.022  59.745 0.0000000000
134561  -23.473  -54.858  59.078 0.0000000000
134562  -25.307  -55.884  60.239 0.0000000000
134563  -24.036  -55.488  57.590 0.0000000000
134565  -24.989  -55.561  59.875 0.0000000000
134568  -25.080  -55.512  60.636 0.0000000000
134608  -4.539  -53.105  70.004 0.0000000000
134609  -4.745  -53.208  69.447 0.0000000000
134611  -4.667  -52.922  69.937 0.0000000000
134613  -5.354  -53.194  70.076 0.0000000000
