#!ascii label  , from subject 4082 vox2ras=TkReg
1137
39657  -8.495  -58.350  63.363 0.0000000000
48196  -33.005  -52.102  48.638 0.0000000000
55809  -30.279  -46.223  49.600 0.0000000000
46054  -25.900  -53.376  54.006 0.0000000000
68846  -36.936  -34.514  40.648 0.0000000000
61748  -33.095  -39.514  43.359 0.0000000000
47084  -33.862  -53.695  53.113 0.0000000000
46118  -29.776  -52.761  50.627 0.0000000000
68801  -42.701  -34.244  44.528 0.0000000000
73489  -45.244  -29.569  44.246 0.0000000000
77866  -46.572  -25.662  43.135 0.0000000000
58015  -34.004  -42.030  53.534 0.0000000000
59241  -30.689  -41.152  47.808 0.0000000000
61655  -36.511  -39.677  49.970 0.0000000000
60454  -38.891  -39.361  46.198 0.0000000000
46005  -18.123  -51.929  54.232 0.0000000000
35752  -6.416  -61.734  66.278 0.0000000000
52492  -32.878  -49.099  49.536 0.0000000000
54572  -32.322  -46.301  54.568 0.0000000000
48145  -19.806  -52.061  50.630 0.0000000000
50322  -23.483  -49.729  48.489 0.0000000000
79017  -45.851  -24.749  36.927 0.0000000000
81053  -48.677  -22.999  41.001 0.0000000000
63033  -35.919  -38.274  41.634 0.0000000000
63004  -41.344  -38.392  43.846 0.0000000000
42252  -9.851  -56.593  59.012 0.0000000000
30489  -4.068  -66.202  64.586 0.0000000000
72407  -44.914  -31.374  44.161 0.0000000000
60356  -35.086  -40.762  51.806 0.0000000000
46023  -15.606  -52.991  53.260 0.0000000000
37061  -7.617  -60.271  64.977 0.0000000000
51407  -32.217  -49.754  47.442 0.0000000000
50325  -32.881  -50.698  48.668 0.0000000000
47125  -22.266  -51.564  51.982 0.0000000000
49230  -21.293  -50.872  49.711 0.0000000000
48149  -24.593  -51.352  50.991 0.0000000000
46143  -31.068  -52.442  49.561 0.0000000000
48191  -28.780  -51.101  48.922 0.0000000000
48231  -30.476  -51.287  46.801 0.0000000000
44884  -24.892  -53.448  54.817 0.0000000000
46050  -22.123  -53.250  53.808 0.0000000000
75692  -41.220  -28.533  39.772 0.0000000000
79007  -44.347  -25.325  38.479 0.0000000000
80021  -48.406  -24.276  42.854 0.0000000000
61724  -31.096  -40.085  45.181 0.0000000000
63013  -34.989  -39.347  42.427 0.0000000000
60502  -40.367  -39.353  44.691 0.0000000000
44816  -13.609  -54.253  57.233 0.0000000000
44786  -13.255  -54.116  59.111 0.0000000000
43542  -11.971  -54.896  60.844 0.0000000000
42263  -11.192  -56.041  57.689 0.0000000000
31772  -5.113  -65.285  62.680 0.0000000000
47133  -33.794  -52.981  50.779 0.0000000000
49220  -35.231  -51.144  50.926 0.0000000000
48125  -34.836  -51.541  53.256 0.0000000000
43675  -27.986  -54.577  53.763 0.0000000000
47106  -27.154  -52.815  52.052 0.0000000000
43696  -30.579  -54.575  52.578 0.0000000000
44948  -31.857  -53.743  51.777 0.0000000000
67581  -40.289  -34.877  43.328 0.0000000000
71278  -41.623  -32.524  42.751 0.0000000000
73502  -43.075  -30.142  42.661 0.0000000000
76766  -44.020  -27.196  41.982 0.0000000000
77891  -45.127  -25.728  41.218 0.0000000000
75656  -46.046  -27.576  44.172 0.0000000000
58044  -30.671  -43.944  51.592 0.0000000000
58054  -29.387  -43.739  49.751 0.0000000000
58052  -31.885  -41.690  50.489 0.0000000000
59230  -32.834  -39.764  49.012 0.0000000000
61697  -34.328  -38.890  46.608 0.0000000000
62954  -36.261  -38.776  45.159 0.0000000000
60427  -37.577  -39.811  47.907 0.0000000000
45980  -17.405  -51.721  55.741 0.0000000000
44839  -14.852  -53.482  54.855 0.0000000000
82137  -49.938  -21.985  37.038 0.0000000000
35747  -5.289  -61.959  67.486 0.0000000000
53589  -31.523  -48.150  47.610 0.0000000000
54635  -32.097  -47.384  49.737 0.0000000000
52464  -33.434  -49.999  51.633 0.0000000000
53534  -32.452  -47.880  52.022 0.0000000000
55781  -30.883  -46.235  52.198 0.0000000000
56867  -31.939  -43.720  53.782 0.0000000000
48173  -26.896  -51.128  50.352 0.0000000000
44880  -21.663  -53.281  54.801 0.0000000000
47083  -19.717  -52.248  52.351 0.0000000000
80035  -46.151  -24.249  40.148 0.0000000000
81065  -47.581  -23.465  38.877 0.0000000000
82135  -48.340  -22.466  37.461 0.0000000000
83298  -49.924  -21.473  40.277 0.0000000000
38431  -7.294  -59.485  60.026 0.0000000000
37094  -6.479  -61.237  61.687 0.0000000000
65313  -36.667  -36.638  41.125 0.0000000000
60523  -37.459  -38.986  44.242 0.0000000000
63017  -38.060  -37.879  42.832 0.0000000000
65296  -39.250  -36.223  43.183 0.0000000000
66411  -41.817  -36.153  43.965 0.0000000000
40915  -9.371  -57.347  61.450 0.0000000000
34432  -6.359  -62.589  63.676 0.0000000000
33035  -5.169  -63.743  65.315 0.0000000000
34405  -4.531  -63.611  65.639 0.0000000000
38400  -8.149  -59.372  63.573 0.0000000000
49275  -32.335  -51.581  47.014 0.0000000000
49276  -33.026  -51.168  47.512 0.0000000000
49254  -32.908  -51.306  48.834 0.0000000000
46074  -24.288  -52.285  53.833 0.0000000000
47126  -23.432  -51.600  51.981 0.0000000000
47104  -25.500  -52.248  52.727 0.0000000000
47175  -32.268  -52.434  48.946 0.0000000000
47189  -30.907  -51.535  48.608 0.0000000000
48215  -31.526  -51.912  47.526 0.0000000000
48232  -30.944  -51.418  46.670 0.0000000000
44886  -26.070  -54.470  54.111 0.0000000000
43656  -26.012  -54.471  54.689 0.0000000000
44903  -24.878  -53.717  54.345 0.0000000000
46052  -24.064  -52.873  54.433 0.0000000000
79006  -43.747  -25.631  38.918 0.0000000000
55831  -30.511  -47.249  49.160 0.0000000000
55830  -30.231  -46.405  48.623 0.0000000000
61725  -32.073  -39.763  44.887 0.0000000000
61768  -32.244  -40.236  42.427 0.0000000000
61749  -34.090  -39.160  43.196 0.0000000000
43608  -12.330  -54.643  56.538 0.0000000000
44803  -13.721  -54.584  58.259 0.0000000000
43596  -12.633  -55.118  57.450 0.0000000000
43584  -12.738  -55.309  58.342 0.0000000000
42272  -11.018  -55.490  57.114 0.0000000000
46081  -33.503  -53.165  51.934 0.0000000000
47110  -34.089  -52.589  52.226 0.0000000000
47085  -34.265  -53.126  53.165 0.0000000000
43659  -29.802  -54.770  54.232 0.0000000000
43676  -28.997  -54.557  53.565 0.0000000000
42346  -30.890  -55.765  53.703 0.0000000000
44930  -32.790  -54.430  53.204 0.0000000000
44928  -31.782  -54.313  52.523 0.0000000000
44950  -32.580  -53.872  52.259 0.0000000000
46098  -32.224  -53.404  51.018 0.0000000000
68813  -42.096  -34.366  43.341 0.0000000000
70110  -40.885  -33.329  42.609 0.0000000000
70094  -42.047  -33.431  43.087 0.0000000000
72424  -44.781  -30.706  43.665 0.0000000000
73486  -43.465  -31.214  42.903 0.0000000000
73503  -43.612  -29.391  43.336 0.0000000000
74568  -42.893  -28.852  42.571 0.0000000000
74570  -44.685  -28.395  43.149 0.0000000000
75668  -45.211  -27.710  43.104 0.0000000000
74556  -45.468  -28.373  43.927 0.0000000000
58035  -32.452  -42.463  52.485 0.0000000000
58045  -31.643  -43.260  51.178 0.0000000000
58046  -32.138  -41.990  51.217 0.0000000000
61644  -35.127  -39.757  50.665 0.0000000000
60393  -33.448  -40.219  50.084 0.0000000000
60410  -34.365  -39.716  49.412 0.0000000000
61686  -34.023  -39.300  47.931 0.0000000000
61670  -35.141  -39.477  48.930 0.0000000000
61688  -36.318  -39.545  47.468 0.0000000000
60411  -36.902  -40.049  48.274 0.0000000000
45994  -20.030  -52.065  55.383 0.0000000000
47045  -18.718  -51.857  56.244 0.0000000000
45993  -18.560  -51.616  55.230 0.0000000000
46002  -15.148  -53.181  54.033 0.0000000000
83313  -50.134  -21.236  37.939 0.0000000000
83314  -50.822  -20.656  37.791 0.0000000000
35748  -5.922  -61.921  67.169 0.0000000000
51409  -33.084  -48.863  48.705 0.0000000000
52531  -32.145  -48.901  46.904 0.0000000000
52506  -32.803  -48.130  48.729 0.0000000000
53579  -32.294  -48.021  48.537 0.0000000000
53558  -32.391  -47.850  49.967 0.0000000000
50281  -35.057  -50.885  52.850 0.0000000000
50298  -34.898  -50.506  51.136 0.0000000000
51351  -34.615  -50.576  52.899 0.0000000000
53490  -33.395  -47.639  55.213 0.0000000000
53522  -33.487  -48.798  53.496 0.0000000000
54586  -32.400  -47.737  53.781 0.0000000000
53533  -31.871  -47.528  52.406 0.0000000000
54585  -31.964  -46.824  53.667 0.0000000000
56882  -31.819  -44.763  53.337 0.0000000000
56851  -32.237  -44.635  54.861 0.0000000000
49249  -22.189  -50.271  48.741 0.0000000000
47108  -28.898  -53.035  51.696 0.0000000000
47130  -26.999  -52.260  51.400 0.0000000000
48175  -28.328  -51.860  50.432 0.0000000000
49270  -26.645  -50.593  47.649 0.0000000000
44843  -23.223  -53.993  55.698 0.0000000000
47100  -21.148  -52.384  52.318 0.0000000000
46070  -20.351  -52.506  52.855 0.0000000000
47122  -19.432  -52.333  51.009 0.0000000000
47121  -18.361  -52.497  50.571 0.0000000000
77880  -46.198  -26.075  42.035 0.0000000000
78987  -45.635  -25.202  40.787 0.0000000000
77881  -46.944  -25.637  41.969 0.0000000000
80028  -48.381  -23.378  42.187 0.0000000000
80036  -47.598  -23.751  41.210 0.0000000000
81057  -48.004  -23.275  40.503 0.0000000000
82126  -47.852  -23.158  38.710 0.0000000000
82123  -48.791  -22.546  39.164 0.0000000000
83307  -49.358  -21.878  39.619 0.0000000000
82118  -49.200  -22.271  40.322 0.0000000000
59226  -29.738  -42.159  48.425 0.0000000000
58058  -28.726  -43.818  47.681 0.0000000000
65330  -35.977  -37.523  39.832 0.0000000000
64204  -36.216  -37.647  41.235 0.0000000000
60471  -37.326  -39.466  45.478 0.0000000000
61751  -36.676  -39.124  44.079 0.0000000000
60499  -38.175  -39.411  44.657 0.0000000000
61800  -40.609  -38.686  44.110 0.0000000000
60546  -39.318  -38.781  43.901 0.0000000000
63019  -39.856  -38.093  43.422 0.0000000000
64207  -38.575  -37.289  42.695 0.0000000000
64209  -40.123  -37.048  43.460 0.0000000000
66422  -40.953  -36.001  43.440 0.0000000000
64177  -41.807  -37.280  44.068 0.0000000000
43551  -11.249  -55.331  60.392 0.0000000000
42225  -10.589  -56.002  60.561 0.0000000000
42204  -10.691  -56.093  62.174 0.0000000000
40925  -9.814  -56.892  60.337 0.0000000000
40931  -9.016  -58.402  59.470 0.0000000000
40939  -9.143  -57.386  58.899 0.0000000000
35803  -5.806  -62.232  61.303 0.0000000000
35795  -6.827  -61.860  62.681 0.0000000000
34460  -5.925  -62.983  61.930 0.0000000000
31765  -5.178  -65.362  63.753 0.0000000000
31766  -5.569  -64.859  64.250 0.0000000000
31757  -5.251  -65.513  64.662 0.0000000000
33028  -5.032  -63.834  65.777 0.0000000000
31748  -4.593  -65.186  65.089 0.0000000000
42348  -31.615  -56.083  53.877 0.0000000000
70068  -44.365  -33.451  45.476 0.0000000000
71249  -43.641  -32.845  44.314 0.0000000000
71240  -44.956  -32.435  44.961 0.0000000000
59151  -34.724  -40.951  52.252 0.0000000000
46046  -17.165  -52.237  52.685 0.0000000000
46024  -16.503  -52.494  53.349 0.0000000000
39640  -7.899  -59.258  66.071 0.0000000000
37052  -7.161  -60.620  65.524 0.0000000000
49294  -32.254  -50.840  46.172 0.0000000000
50344  -32.635  -50.150  47.952 0.0000000000
50327  -33.617  -49.722  49.771 0.0000000000
55727  -33.116  -45.131  56.016 0.0000000000
47124  -21.254  -52.117  51.546 0.0000000000
48168  -20.041  -51.662  50.100 0.0000000000
48147  -22.423  -51.407  51.085 0.0000000000
49215  -22.769  -50.899  50.706 0.0000000000
49232  -23.554  -50.590  49.858 0.0000000000
46119  -30.469  -52.958  50.150 0.0000000000
47171  -29.016  -51.507  49.717 0.0000000000
47173  -30.538  -51.885  49.172 0.0000000000
48213  -29.515  -50.802  47.735 0.0000000000
49307  -29.415  -50.359  45.004 0.0000000000
43638  -24.302  -54.158  55.578 0.0000000000
44882  -22.774  -53.445  54.428 0.0000000000
44901  -23.084  -53.418  54.288 0.0000000000
46072  -21.981  -52.443  53.465 0.0000000000
73530  -40.525  -29.919  39.805 0.0000000000
79016  -45.289  -24.806  37.418 0.0000000000
77853  -48.231  -25.482  44.459 0.0000000000
78969  -48.055  -25.076  43.562 0.0000000000
61706  -30.787  -40.595  46.419 0.0000000000
61814  -34.915  -39.775  40.680 0.0000000000
63014  -35.484  -39.138  42.043 0.0000000000
60456  -40.588  -38.932  46.145 0.0000000000
60474  -39.723  -39.301  45.410 0.0000000000
60475  -40.488  -39.347  45.395 0.0000000000
44805  -14.720  -53.191  57.509 0.0000000000
45963  -14.471  -53.635  58.734 0.0000000000
44758  -14.134  -53.591  61.081 0.0000000000
43553  -12.607  -54.661  59.875 0.0000000000
43569  -11.512  -55.375  59.349 0.0000000000
42253  -10.886  -55.919  58.623 0.0000000000
42261  -9.480  -56.923  58.227 0.0000000000
42270  -9.418  -56.980  57.029 0.0000000000
48176  -33.176  -52.406  49.653 0.0000000000
48177  -33.698  -52.096  50.002 0.0000000000
48154  -34.003  -52.517  50.532 0.0000000000
48134  -35.170  -51.464  52.284 0.0000000000
44905  -26.748  -53.944  53.925 0.0000000000
46077  -26.971  -53.322  52.867 0.0000000000
44924  -27.897  -54.030  53.175 0.0000000000
46079  -28.826  -53.744  52.109 0.0000000000
44945  -30.176  -53.675  51.482 0.0000000000
43698  -31.450  -54.983  52.843 0.0000000000
44927  -31.451  -54.208  52.490 0.0000000000
46096  -31.004  -53.541  50.755 0.0000000000
46097  -31.637  -53.391  50.861 0.0000000000
47154  -32.149  -52.583  49.766 0.0000000000
43657  -27.294  -54.794  54.546 0.0000000000
67579  -38.195  -34.514  42.419 0.0000000000
68847  -37.551  -33.868  40.976 0.0000000000
70092  -39.282  -33.429  42.249 0.0000000000
70121  -40.455  -32.402  42.029 0.0000000000
72450  -40.437  -31.261  41.438 0.0000000000
72421  -42.766  -32.314  43.016 0.0000000000
73501  -42.535  -31.124  42.588 0.0000000000
73515  -40.938  -30.210  41.169 0.0000000000
74584  -41.606  -29.145  41.459 0.0000000000
75683  -42.563  -28.272  41.487 0.0000000000
76783  -43.044  -27.356  40.435 0.0000000000
78984  -43.794  -25.903  39.953 0.0000000000
77878  -44.514  -26.379  41.695 0.0000000000
76768  -45.436  -26.507  42.922 0.0000000000
76753  -45.990  -26.465  43.662 0.0000000000
74547  -46.441  -28.563  44.645 0.0000000000
77841  -47.898  -26.309  45.046 0.0000000000
56901  -30.331  -44.830  51.013 0.0000000000
56907  -29.720  -45.034  50.053 0.0000000000
58050  -30.271  -43.742  50.518 0.0000000000
58055  -30.059  -42.603  49.721 0.0000000000
59214  -31.342  -41.538  49.348 0.0000000000
60375  -33.373  -41.017  50.633 0.0000000000
59215  -32.085  -40.758  49.499 0.0000000000
59242  -31.316  -40.678  47.870 0.0000000000
61684  -32.372  -40.310  47.615 0.0000000000
62934  -32.701  -39.452  46.301 0.0000000000
61710  -33.982  -38.954  45.267 0.0000000000
62968  -34.860  -38.786  44.840 0.0000000000
62935  -35.173  -38.527  46.361 0.0000000000
61699  -36.405  -39.237  46.471 0.0000000000
60441  -37.853  -39.712  47.068 0.0000000000
60429  -39.641  -39.778  47.879 0.0000000000
60443  -39.708  -39.443  47.075 0.0000000000
47032  -16.538  -51.956  57.176 0.0000000000
45991  -15.946  -52.660  54.872 0.0000000000
45979  -16.097  -52.224  56.028 0.0000000000
44818  -15.058  -53.141  56.559 0.0000000000
44826  -14.523  -53.644  55.915 0.0000000000
54649  -31.030  -47.800  48.566 0.0000000000
55810  -30.552  -46.978  50.169 0.0000000000
49238  -34.194  -50.857  50.413 0.0000000000
50310  -33.881  -50.324  50.427 0.0000000000
52479  -33.269  -49.747  50.756 0.0000000000
52448  -33.429  -49.455  52.191 0.0000000000
53548  -32.964  -48.433  51.247 0.0000000000
53547  -32.649  -47.739  50.851 0.0000000000
54607  -31.221  -47.071  51.659 0.0000000000
55794  -30.669  -46.562  51.179 0.0000000000
56897  -31.332  -44.726  52.422 0.0000000000
56883  -32.170  -43.560  53.082 0.0000000000
58013  -32.866  -42.667  53.645 0.0000000000
57966  -33.488  -43.591  55.198 0.0000000000
57982  -33.825  -43.186  54.594 0.0000000000
47129  -26.340  -52.293  51.471 0.0000000000
48150  -25.638  -51.599  50.961 0.0000000000
49251  -25.018  -50.091  49.170 0.0000000000
48190  -27.978  -51.305  49.251 0.0000000000
49253  -26.566  -50.579  48.444 0.0000000000
45995  -21.156  -52.692  55.793 0.0000000000
46006  -19.582  -52.303  54.496 0.0000000000
46028  -21.819  -53.422  54.021 0.0000000000
46027  -20.663  -53.149  54.113 0.0000000000
46047  -18.355  -52.364  52.865 0.0000000000
47097  -18.066  -52.331  51.332 0.0000000000
78986  -44.990  -25.402  40.216 0.0000000000
78998  -45.116  -25.005  39.241 0.0000000000
80055  -45.930  -24.370  38.686 0.0000000000
78989  -47.032  -24.063  40.927 0.0000000000
79010  -46.725  -23.912  39.341 0.0000000000
80056  -46.875  -23.825  38.671 0.0000000000
81084  -47.356  -23.453  37.156 0.0000000000
81085  -47.979  -23.047  36.846 0.0000000000
82144  -48.554  -22.622  36.679 0.0000000000
82136  -49.114  -22.250  37.243 0.0000000000
83308  -49.760  -21.271  39.051 0.0000000000
39674  -7.731  -58.820  60.980 0.0000000000
38419  -7.704  -59.483  62.327 0.0000000000
37107  -6.384  -60.442  60.516 0.0000000000
56932  -28.601  -44.775  47.748 0.0000000000
66439  -36.696  -35.887  40.986 0.0000000000
62986  -35.785  -39.271  43.748 0.0000000000
62987  -36.223  -39.120  43.385 0.0000000000
61795  -36.729  -38.458  42.398 0.0000000000
60525  -38.873  -39.053  44.025 0.0000000000
61772  -38.104  -38.573  43.601 0.0000000000
63016  -37.306  -37.997  42.174 0.0000000000
65295  -37.635  -37.277  42.209 0.0000000000
65314  -37.752  -36.773  42.271 0.0000000000
66441  -38.434  -35.862  42.427 0.0000000000
66421  -39.697  -35.736  43.341 0.0000000000
66423  -41.467  -35.331  43.712 0.0000000000
67567  -42.180  -34.805  44.460 0.0000000000
40893  -9.193  -57.494  63.242 0.0000000000
42203  -9.726  -56.450  62.504 0.0000000000
40904  -9.011  -57.513  62.370 0.0000000000
40922  -8.189  -58.614  60.511 0.0000000000
39696  -7.834  -59.164  58.838 0.0000000000
37082  -7.408  -61.091  62.923 0.0000000000
37071  -7.448  -61.233  63.728 0.0000000000
35764  -6.425  -62.018  65.300 0.0000000000
34431  -5.794  -63.316  63.323 0.0000000000
34419  -5.854  -63.038  64.119 0.0000000000
34396  -6.279  -62.475  66.133 0.0000000000
34389  -5.807  -62.901  67.085 0.0000000000
34388  -5.073  -63.051  67.250 0.0000000000
30488  -4.081  -65.995  63.952 0.0000000000
33040  -3.796  -64.404  64.216 0.0000000000
39658  -9.114  -58.597  63.892 0.0000000000
38408  -7.742  -59.182  62.867 0.0000000000
48216  -32.409  -52.099  47.552 0.0000000000
48217  -32.793  -51.824  47.596 0.0000000000
46075  -25.421  -52.468  53.729 0.0000000000
47103  -24.446  -51.967  52.873 0.0000000000
48195  -32.323  -52.313  48.254 0.0000000000
48194  -31.921  -52.315  48.393 0.0000000000
49274  -31.978  -51.956  46.967 0.0000000000
44904  -25.510  -54.165  53.858 0.0000000000
46053  -25.126  -53.155  54.349 0.0000000000
77900  -43.320  -26.254  39.124 0.0000000000
61726  -33.078  -39.595  44.539 0.0000000000
61747  -32.108  -40.120  43.675 0.0000000000
61769  -33.479  -39.640  42.336 0.0000000000
43607  -11.586  -55.220  56.590 0.0000000000
43595  -12.001  -55.708  57.575 0.0000000000
47109  -33.775  -53.265  52.556 0.0000000000
42325  -30.475  -55.582  54.349 0.0000000000
43660  -30.296  -54.920  54.049 0.0000000000
46057  -33.558  -54.175  53.332 0.0000000000
46080  -33.242  -53.709  52.491 0.0000000000
42305  -30.359  -56.195  55.184 0.0000000000
68814  -42.145  -34.183  44.121 0.0000000000
70095  -42.334  -33.664  43.608 0.0000000000
72425  -45.087  -30.248  43.850 0.0000000000
73488  -44.476  -29.697  43.757 0.0000000000
73504  -44.221  -28.893  43.529 0.0000000000
74555  -44.756  -28.753  43.856 0.0000000000
74571  -45.119  -28.353  43.398 0.0000000000
74546  -45.824  -29.027  44.684 0.0000000000
61645  -36.022  -39.717  50.866 0.0000000000
62909  -35.511  -39.493  49.617 0.0000000000
62919  -35.864  -39.413  49.058 0.0000000000
61671  -36.537  -39.632  48.733 0.0000000000
83309  -50.535  -20.621  38.823 0.0000000000
37048  -6.748  -60.701  66.708 0.0000000000
37047  -6.465  -61.432  66.812 0.0000000000
37044  -6.399  -61.334  67.555 0.0000000000
51392  -33.612  -49.211  49.176 0.0000000000
52507  -33.292  -48.435  48.936 0.0000000000
53580  -32.915  -47.953  48.870 0.0000000000
53570  -32.700  -48.306  49.343 0.0000000000
51338  -34.798  -50.632  53.797 0.0000000000
54573  -32.954  -47.107  54.350 0.0000000000
55758  -31.958  -45.677  53.861 0.0000000000
54557  -32.319  -45.931  55.127 0.0000000000
48144  -19.365  -52.200  50.609 0.0000000000
48167  -19.166  -52.225  49.871 0.0000000000
46093  -29.244  -52.763  51.286 0.0000000000
47131  -28.788  -52.484  51.378 0.0000000000
47150  -28.910  -52.085  50.450 0.0000000000
47123  -20.266  -52.293  51.269 0.0000000000
47099  -20.243  -52.309  52.016 0.0000000000
48143  -18.818  -52.316  50.419 0.0000000000
80076  -46.379  -24.440  36.969 0.0000000000
77882  -46.959  -25.188  42.644 0.0000000000
81048  -48.560  -22.764  42.102 0.0000000000
81052  -48.093  -23.401  41.310 0.0000000000
81058  -48.446  -22.824  39.936 0.0000000000
82114  -49.296  -22.383  41.433 0.0000000000
59240  -29.638  -41.970  47.533 0.0000000000
59239  -29.206  -42.605  47.205 0.0000000000
63050  -34.822  -38.314  40.820 0.0000000000
64222  -34.789  -38.359  39.801 0.0000000000
64223  -35.025  -37.761  40.107 0.0000000000
60472  -38.129  -39.508  45.388 0.0000000000
61799  -40.141  -38.548  43.983 0.0000000000
63020  -40.612  -38.363  43.887 0.0000000000
64190  -40.017  -37.743  43.350 0.0000000000
64191  -40.539  -37.614  43.661 0.0000000000
65281  -41.206  -36.842  44.153 0.0000000000
64176  -41.574  -37.827  43.790 0.0000000000
42239  -10.622  -55.803  59.641 0.0000000000
42238  -10.140  -56.519  60.031 0.0000000000
40933  -9.528  -56.936  59.868 0.0000000000
40940  -9.336  -57.067  59.384 0.0000000000
30499  -4.748  -66.074  63.981 0.0000000000
30490  -4.611  -66.018  65.025 0.0000000000
31749  -5.036  -65.260  65.353 0.0000000000
30480  -3.988  -66.100  65.299 0.0000000000
58037  -35.437  -41.400  52.756 0.0000000000
47080  -16.888  -52.485  52.004 0.0000000000
38391  -7.945  -59.717  65.211 0.0000000000
39641  -8.647  -59.152  65.872 0.0000000000
38390  -7.554  -59.971  65.556 0.0000000000
50362  -32.638  -50.639  47.308 0.0000000000
50326  -33.181  -49.997  49.183 0.0000000000
47101  -21.994  -51.814  52.857 0.0000000000
48146  -21.602  -51.713  51.156 0.0000000000
47127  -24.510  -51.826  51.864 0.0000000000
48148  -23.560  -51.318  51.182 0.0000000000
49216  -23.536  -51.005  50.441 0.0000000000
49217  -24.249  -51.125  50.167 0.0000000000
46142  -30.742  -52.643  49.656 0.0000000000
47152  -30.230  -52.386  49.610 0.0000000000
48214  -30.588  -51.293  47.767 0.0000000000
48193  -30.247  -51.314  48.412 0.0000000000
48230  -29.892  -50.865  47.030 0.0000000000
49273  -29.128  -50.554  46.831 0.0000000000
49291  -29.430  -50.783  46.095 0.0000000000
49308  -30.498  -50.706  45.310 0.0000000000
43655  -25.413  -54.095  54.740 0.0000000000
43639  -25.353  -54.218  55.397 0.0000000000
44861  -24.399  -53.673  55.289 0.0000000000
44883  -23.768  -53.433  54.833 0.0000000000
44902  -23.939  -53.223  54.630 0.0000000000
46073  -23.099  -52.397  53.640 0.0000000000
74583  -41.057  -29.100  40.436 0.0000000000
61707  -31.356  -40.210  46.123 0.0000000000
61723  -30.695  -40.480  45.762 0.0000000000
61793  -34.460  -39.791  41.600 0.0000000000
61794  -35.104  -39.483  41.357 0.0000000000
61701  -41.269  -38.804  46.708 0.0000000000
61731  -41.823  -39.264  44.825 0.0000000000
45964  -15.029  -53.059  58.560 0.0000000000
44804  -14.312  -53.846  58.040 0.0000000000
44802  -13.115  -54.652  58.513 0.0000000000
44787  -14.003  -53.880  58.896 0.0000000000
44772  -13.883  -53.661  59.813 0.0000000000
44771  -13.109  -54.098  60.286 0.0000000000
43571  -12.762  -54.364  59.442 0.0000000000
43583  -11.833  -55.579  58.434 0.0000000000
42262  -10.252  -56.458  57.866 0.0000000000
47156  -33.535  -52.915  50.136 0.0000000000
47111  -34.601  -51.885  52.579 0.0000000000
48133  -34.834  -52.092  51.747 0.0000000000
43674  -27.417  -54.361  53.928 0.0000000000
44906  -27.641  -54.179  53.568 0.0000000000
43677  -30.316  -54.799  53.341 0.0000000000
44908  -29.097  -54.414  52.716 0.0000000000
44925  -29.999  -54.300  51.989 0.0000000000
43680  -32.089  -55.582  53.862 0.0000000000
43679  -31.591  -55.585  53.495 0.0000000000
44947  -31.370  -53.589  51.798 0.0000000000
46099  -33.125  -53.505  51.111 0.0000000000
46122  -32.560  -53.079  50.318 0.0000000000
46123  -33.073  -53.112  50.225 0.0000000000
47155  -32.821  -52.651  49.553 0.0000000000
43658  -28.681  -54.789  54.404 0.0000000000
67564  -39.720  -34.641  43.122 0.0000000000
68811  -39.332  -34.205  42.676 0.0000000000
68812  -39.990  -34.127  42.824 0.0000000000
70123  -41.179  -32.817  42.531 0.0000000000
70122  -40.766  -32.629  42.254 0.0000000000
71292  -41.113  -32.258  42.355 0.0000000000
71291  -40.691  -31.971  42.034 0.0000000000
72406  -44.065  -31.949  44.335 0.0000000000
72405  -43.508  -32.325  44.097 0.0000000000
72422  -43.335  -32.033  43.522 0.0000000000
73516  -42.190  -30.185  41.894 0.0000000000
74585  -42.344  -29.199  41.970 0.0000000000
75666  -43.431  -28.048  42.199 0.0000000000
75665  -42.962  -28.370  42.098 0.0000000000
75684  -43.404  -27.550  41.420 0.0000000000
76784  -43.786  -26.759  41.118 0.0000000000
75655  -45.592  -27.716  43.659 0.0000000000
76767  -44.800  -26.935  42.425 0.0000000000
76752  -45.446  -27.112  43.651 0.0000000000
75657  -46.345  -26.839  44.107 0.0000000000
76742  -47.379  -26.962  44.558 0.0000000000
56896  -30.676  -44.625  51.793 0.0000000000
58051  -31.105  -42.333  50.483 0.0000000000
58056  -30.885  -41.973  49.781 0.0000000000
59213  -30.513  -41.932  49.331 0.0000000000
60354  -33.603  -41.060  51.049 0.0000000000
60355  -34.317  -40.781  51.525 0.0000000000
60409  -33.600  -39.850  49.392 0.0000000000
59216  -32.760  -40.099  49.634 0.0000000000
59228  -31.388  -40.860  48.637 0.0000000000
59229  -32.254  -40.301  48.918 0.0000000000
60439  -31.765  -40.545  47.382 0.0000000000
60424  -32.667  -40.146  48.304 0.0000000000
61696  -33.135  -39.523  46.792 0.0000000000
61709  -32.916  -39.264  45.803 0.0000000000
62952  -34.909  -38.409  45.779 0.0000000000
60426  -36.896  -40.179  47.952 0.0000000000
60440  -37.009  -39.973  47.112 0.0000000000
60452  -37.207  -39.541  46.315 0.0000000000
60414  -39.536  -39.706  48.754 0.0000000000
60444  -40.688  -39.134  47.103 0.0000000000
48099  -17.856  -51.721  56.691 0.0000000000
48085  -17.605  -51.697  57.366 0.0000000000
48084  -17.295  -51.871  56.830 0.0000000000
46004  -16.836  -52.346  54.155 0.0000000000
46003  -15.821  -52.695  54.084 0.0000000000
44840  -15.520  -53.341  54.923 0.0000000000
44827  -15.353  -53.171  55.520 0.0000000000
37042  -4.602  -61.705  67.797 0.0000000000
51425  -31.858  -49.062  46.140 0.0000000000
54650  -31.863  -48.104  48.958 0.0000000000
54634  -31.176  -47.559  49.561 0.0000000000
48178  -34.311  -51.468  50.501 0.0000000000
49237  -33.677  -51.391  50.110 0.0000000000
51360  -34.155  -50.495  51.809 0.0000000000
51370  -33.926  -50.190  50.932 0.0000000000
51378  -33.657  -49.781  50.080 0.0000000000
53521  -32.609  -48.375  53.201 0.0000000000
53535  -33.202  -48.712  52.355 0.0000000000
52463  -33.137  -49.262  51.467 0.0000000000
54595  -31.495  -47.011  52.584 0.0000000000
54596  -31.727  -47.439  51.983 0.0000000000
55780  -30.483  -45.545  51.621 0.0000000000
57996  -33.119  -43.035  53.888 0.0000000000
56822  -33.489  -44.355  56.574 0.0000000000
56836  -33.074  -44.058  55.862 0.0000000000
57948  -33.776  -43.531  56.033 0.0000000000
57983  -34.731  -43.081  54.547 0.0000000000
49229  -20.594  -51.317  49.578 0.0000000000
49247  -20.701  -51.093  48.818 0.0000000000
47105  -26.312  -52.644  52.357 0.0000000000
49218  -27.197  -51.532  50.751 0.0000000000
48151  -26.623  -51.637  50.940 0.0000000000
48172  -25.799  -50.880  50.381 0.0000000000
48188  -26.248  -50.580  49.773 0.0000000000
48211  -27.768  -50.690  48.365 0.0000000000
44857  -21.901  -53.253  55.478 0.0000000000
46007  -20.767  -53.034  54.996 0.0000000000
46029  -22.236  -53.451  54.061 0.0000000000
46049  -20.965  -52.850  53.558 0.0000000000
46048  -19.712  -52.568  53.094 0.0000000000
47082  -18.826  -51.993  52.233 0.0000000000
47081  -17.706  -52.155  52.062 0.0000000000
77890  -44.252  -25.891  40.849 0.0000000000
78985  -44.084  -25.694  40.066 0.0000000000
80034  -45.729  -24.641  40.368 0.0000000000
80043  -45.364  -24.826  39.953 0.0000000000
80044  -45.745  -24.511  39.517 0.0000000000
78999  -45.604  -24.784  38.892 0.0000000000
80045  -46.390  -24.033  39.411 0.0000000000
78968  -47.987  -24.703  42.802 0.0000000000
78977  -47.496  -24.797  41.987 0.0000000000
80046  -47.494  -23.616  40.181 0.0000000000
79001  -47.171  -23.721  39.801 0.0000000000
79011  -47.158  -23.624  39.149 0.0000000000
80066  -46.825  -23.905  37.544 0.0000000000
81074  -47.494  -23.362  38.127 0.0000000000
82127  -48.093  -22.668  38.364 0.0000000000
81075  -47.787  -22.918  37.587 0.0000000000
82128  -48.864  -22.232  38.169 0.0000000000
82124  -49.243  -21.950  38.787 0.0000000000
39686  -7.560  -59.344  60.432 0.0000000000
38417  -7.323  -59.864  61.028 0.0000000000
56906  -29.523  -44.411  49.799 0.0000000000
56917  -29.505  -44.679  48.987 0.0000000000
65312  -36.220  -37.346  40.531 0.0000000000
66455  -36.506  -35.785  40.065 0.0000000000
62953  -35.615  -38.382  45.470 0.0000000000
62985  -34.913  -39.091  43.927 0.0000000000
62969  -35.784  -38.941  44.587 0.0000000000
63003  -35.912  -39.132  43.003 0.0000000000
61771  -36.978  -38.693  43.364 0.0000000000
60501  -39.640  -39.203  44.733 0.0000000000
60500  -38.900  -39.093  44.736 0.0000000000
61797  -38.542  -38.480  43.330 0.0000000000
61796  -37.451  -38.312  42.763 0.0000000000
65315  -38.949  -36.739  42.726 0.0000000000
66420  -38.964  -35.753  43.133 0.0000000000
66410  -41.313  -36.346  43.945 0.0000000000
67566  -41.678  -34.935  44.129 0.0000000000
66412  -42.177  -35.464  44.331 0.0000000000
42213  -9.788  -56.740  61.496 0.0000000000
40905  -9.390  -56.917  61.909 0.0000000000
40914  -8.349  -58.000  61.335 0.0000000000
40923  -8.805  -58.388  60.291 0.0000000000
40937  -8.403  -58.745  58.554 0.0000000000
39708  -8.658  -59.111  58.874 0.0000000000
39720  -7.730  -58.879  58.170 0.0000000000
38406  -7.261  -60.509  62.163 0.0000000000
38407  -7.702  -60.078  62.591 0.0000000000
37081  -6.973  -61.160  62.463 0.0000000000
35785  -6.978  -61.939  63.393 0.0000000000
35786  -7.365  -61.560  63.200 0.0000000000
37070  -7.029  -61.707  63.917 0.0000000000
37059  -6.910  -61.486  64.446 0.0000000000
35776  -6.630  -62.122  64.205 0.0000000000
33056  -5.437  -64.447  62.225 0.0000000000
33057  -5.702  -64.296  62.993 0.0000000000
33043  -5.281  -63.823  64.484 0.0000000000
33042  -5.523  -63.567  63.891 0.0000000000
34406  -5.940  -62.912  65.132 0.0000000000
34395  -5.926  -63.151  66.120 0.0000000000
33027  -4.985  -63.946  65.599 0.0000000000
34393  -4.827  -63.447  66.308 0.0000000000
35751  -4.409  -62.833  66.883 0.0000000000
31763  -3.799  -65.557  63.180 0.0000000000
31755  -3.851  -65.084  64.149 0.0000000000
38394  -7.952  -59.876  64.322 0.0000000000
47102  -23.241  -51.721  52.989 0.0000000000
47174  -31.543  -52.154  49.075 0.0000000000
47190  -31.216  -51.669  48.247 0.0000000000
49293  -31.417  -51.320  46.353 0.0000000000
43641  -27.327  -55.166  55.255 0.0000000000
44885  -25.337  -54.316  54.213 0.0000000000
76792  -41.427  -27.797  39.396 0.0000000000
55851  -30.673  -47.067  48.074 0.0000000000
61746  -31.403  -40.227  44.276 0.0000000000
61770  -34.404  -39.390  42.502 0.0000000000
43597  -13.329  -54.850  57.632 0.0000000000
43585  -13.327  -55.186  58.080 0.0000000000
44785  -12.758  -54.524  58.873 0.0000000000
42271  -10.272  -56.121  56.737 0.0000000000
46100  -33.710  -52.952  51.410 0.0000000000
47086  -34.555  -52.304  53.314 0.0000000000
43699  -31.843  -55.066  53.013 0.0000000000
44929  -32.137  -54.394  52.681 0.0000000000
44949  -32.229  -53.817  51.863 0.0000000000
42324  -29.572  -55.377  54.896 0.0000000000
67582  -41.235  -34.906  43.372 0.0000000000
68830  -41.113  -34.174  42.948 0.0000000000
68831  -41.795  -34.364  42.866 0.0000000000
71263  -42.210  -32.563  43.126 0.0000000000
72423  -44.127  -31.308  43.609 0.0000000000
73487  -43.909  -30.435  43.361 0.0000000000
74569  -43.865  -28.527  42.954 0.0000000000
75667  -44.441  -27.859  42.550 0.0000000000
58034  -31.324  -43.598  52.209 0.0000000000
60377  -35.304  -40.596  51.214 0.0000000000
60376  -33.804  -40.655  50.688 0.0000000000
60394  -34.297  -39.995  50.249 0.0000000000
60425  -33.370  -39.724  48.519 0.0000000000
61669  -34.120  -39.723  48.809 0.0000000000
61687  -35.335  -39.187  47.781 0.0000000000
60412  -37.234  -39.970  48.423 0.0000000000
47046  -19.904  -52.433  56.701 0.0000000000
47054  -19.762  -51.886  56.009 0.0000000000
45981  -18.091  -51.650  55.832 0.0000000000
44838  -13.683  -53.499  55.266 0.0000000000
82138  -50.431  -21.674  36.525 0.0000000000
83320  -50.415  -21.251  37.142 0.0000000000
83321  -51.042  -21.005  36.712 0.0000000000
35744  -5.773  -61.595  67.701 0.0000000000
51408  -32.574  -49.305  48.102 0.0000000000
52518  -32.279  -49.169  47.410 0.0000000000
52519  -32.191  -48.625  48.113 0.0000000000
53569  -32.436  -47.935  49.192 0.0000000000
49207  -35.713  -51.052  51.942 0.0000000000
49221  -35.477  -50.788  51.410 0.0000000000
50289  -35.241  -50.619  51.906 0.0000000000
51361  -34.692  -50.540  52.161 0.0000000000
51350  -34.150  -50.484  52.535 0.0000000000
52421  -33.514  -48.609  54.392 0.0000000000
53508  -32.972  -48.364  54.315 0.0000000000
53520  -31.966  -47.681  52.993 0.0000000000
55771  -31.573  -45.893  53.004 0.0000000000
56866  -31.969  -44.730  54.089 0.0000000000
56852  -31.751  -43.884  54.479 0.0000000000
57949  -34.668  -43.355  56.177 0.0000000000
49248  -21.433  -50.715  48.888 0.0000000000
47107  -28.210  -52.771  52.074 0.0000000000
48132  -28.042  -52.286  51.452 0.0000000000
48152  -27.490  -51.860  51.066 0.0000000000
49236  -27.609  -51.569  50.472 0.0000000000
48212  -28.612  -50.545  48.107 0.0000000000
44858  -22.588  -53.493  55.257 0.0000000000
46071  -21.095  -52.459  53.135 0.0000000000
47098  -19.176  -52.061  51.528 0.0000000000
77892  -45.950  -25.661  41.416 0.0000000000
77893  -46.455  -25.596  41.605 0.0000000000
78988  -46.354  -24.764  41.074 0.0000000000
81066  -48.218  -23.217  39.503 0.0000000000
82122  -48.242  -23.071  38.990 0.0000000000
82119  -49.624  -21.842  40.432 0.0000000000
38443  -7.251  -59.423  59.092 0.0000000000
37120  -6.359  -59.951  59.602 0.0000000000
58059  -29.465  -43.219  48.322 0.0000000000
58069  -29.339  -42.778  47.534 0.0000000000
58068  -28.815  -43.250  47.157 0.0000000000
65293  -36.663  -37.368  41.298 0.0000000000
61711  -36.650  -39.223  45.645 0.0000000000
62970  -36.264  -38.932  44.762 0.0000000000
61729  -36.670  -39.094  44.808 0.0000000000
60498  -37.415  -39.346  44.736 0.0000000000
61775  -40.511  -39.001  44.337 0.0000000000
60526  -39.553  -38.856  44.246 0.0000000000
61774  -39.914  -38.716  44.214 0.0000000000
61798  -39.429  -38.601  43.711 0.0000000000
63018  -39.028  -38.191  43.115 0.0000000000
63036  -38.842  -37.772  42.837 0.0000000000
63037  -39.336  -37.912  43.078 0.0000000000
64208  -39.588  -37.461  43.097 0.0000000000
65316  -39.722  -36.757  43.221 0.0000000000
65297  -40.061  -36.372  43.447 0.0000000000
65298  -40.497  -36.759  43.753 0.0000000000
65282  -41.763  -36.814  44.162 0.0000000000
43541  -11.374  -55.455  61.420 0.0000000000
42214  -10.609  -56.189  61.495 0.0000000000
42224  -10.096  -56.752  60.790 0.0000000000
40924  -9.409  -57.412  60.603 0.0000000000
40932  -9.077  -57.547  59.757 0.0000000000
40938  -8.521  -58.383  58.675 0.0000000000
42260  -8.297  -58.528  58.287 0.0000000000
37093  -6.059  -61.648  61.311 0.0000000000
35804  -6.146  -62.158  62.150 0.0000000000
34461  -6.203  -62.599  62.526 0.0000000000
34446  -6.399  -62.633  63.020 0.0000000000
31773  -5.493  -64.821  63.495 0.0000000000
31758  -5.689  -64.901  65.032 0.0000000000
33029  -5.227  -63.708  65.689 0.0000000000
31750  -5.192  -64.495  65.432 0.0000000000
31740  -4.850  -64.801  65.626 0.0000000000
33034  -4.800  -64.278  65.225 0.0000000000
42347  -31.340  -56.044  53.764 0.0000000000
43682  -33.189  -55.050  54.022 0.0000000000
70081  -43.278  -33.584  44.579 0.0000000000
70080  -42.775  -33.388  44.146 0.0000000000
70073  -44.070  -33.295  44.901 0.0000000000
71239  -44.296  -32.550  44.577 0.0000000000
72393  -44.745  -31.848  44.597 0.0000000000
72408  -45.590  -30.808  44.151 0.0000000000
73474  -45.963  -30.036  44.837 0.0000000000
58036  -34.187  -41.475  52.849 0.0000000000
59152  -35.699  -41.153  51.877 0.0000000000
59178  -35.773  -41.058  51.434 0.0000000000
59179  -36.141  -41.137  51.339 0.0000000000
61656  -37.438  -39.831  49.911 0.0000000000
46025  -17.657  -52.282  53.472 0.0000000000
46045  -16.186  -52.744  52.375 0.0000000000
38386  -7.432  -59.737  66.209 0.0000000000
35753  -6.727  -61.303  65.884 0.0000000000
50361  -32.009  -50.310  46.957 0.0000000000
49295  -32.667  -50.775  46.906 0.0000000000
50343  -32.238  -50.062  47.478 0.0000000000
50345  -33.123  -49.416  48.682 0.0000000000
55726  -32.543  -45.353  55.312 0.0000000000
47147  -20.475  -52.077  50.883 0.0000000000
47148  -20.912  -51.858  50.844 0.0000000000
48169  -21.185  -51.304  50.494 0.0000000000
48170  -22.012  -51.048  50.365 0.0000000000
49231  -22.421  -50.619  49.830 0.0000000000
50307  -22.883  -50.113  49.454 0.0000000000
50308  -23.610  -49.947  49.374 0.0000000000
47151  -29.642  -52.369  49.886 0.0000000000
47172  -29.602  -51.839  49.257 0.0000000000
48192  -29.595  -51.101  48.684 0.0000000000
49272  -28.380  -50.483  47.106 0.0000000000
49292  -30.337  -51.186  45.956 0.0000000000
43637  -23.767  -53.979  55.508 0.0000000000
44860  -23.684  -53.654  55.210 0.0000000000
46051  -23.061  -52.952  54.150 0.0000000000
77868  -47.790  -25.478  43.881 0.0000000000
77867  -47.273  -25.235  43.344 0.0000000000
82108  -49.268  -22.458  42.387 0.0000000000
60437  -30.351  -41.009  46.880 0.0000000000
59249  -29.834  -41.781  45.998 0.0000000000
60451  -30.312  -40.895  46.040 0.0000000000
60455  -39.765  -39.249  46.183 0.0000000000
60473  -38.926  -39.240  45.413 0.0000000000
60503  -40.881  -39.535  44.753 0.0000000000
61753  -41.195  -39.408  44.556 0.0000000000
61777  -41.495  -39.116  43.994 0.0000000000
62989  -41.975  -38.628  43.728 0.0000000000
64168  -41.942  -38.210  43.636 0.0000000000
45948  -14.505  -53.442  59.335 0.0000000000
44770  -12.526  -54.637  60.439 0.0000000000
43570  -12.290  -54.882  59.157 0.0000000000
43552  -12.168  -55.115  60.006 0.0000000000
30498  -4.035  -66.165  63.463 0.0000000000
47176  -32.646  -52.420  48.817 0.0000000000
48155  -34.503  -51.846  50.908 0.0000000000
47134  -34.124  -52.462  51.225 0.0000000000
49206  -35.268  -51.516  51.499 0.0000000000
46076  -26.416  -52.912  53.475 0.0000000000
44922  -26.895  -53.535  53.437 0.0000000000
44923  -27.386  -53.761  53.352 0.0000000000
46078  -27.874  -53.621  52.694 0.0000000000
44907  -28.261  -54.354  53.143 0.0000000000
46056  -28.411  -54.111  52.704 0.0000000000
46094  -29.549  -53.276  51.383 0.0000000000
43678  -31.142  -55.352  53.263 0.0000000000
43697  -31.008  -54.828  52.697 0.0000000000
44926  -30.892  -54.057  52.418 0.0000000000
44946  -30.689  -53.612  51.707 0.0000000000
46095  -30.333  -53.342  50.985 0.0000000000
46120  -31.233  -53.197  49.828 0.0000000000
46121  -31.867  -53.126  50.289 0.0000000000
47153  -31.641  -52.745  49.859 0.0000000000
42322  -27.792  -55.478  55.204 0.0000000000
67599  -37.596  -34.868  41.989 0.0000000000
68827  -38.065  -33.844  42.023 0.0000000000
70091  -38.680  -33.313  41.878 0.0000000000
68829  -40.485  -34.039  42.863 0.0000000000
70109  -40.082  -33.027  42.215 0.0000000000
71277  -39.560  -32.070  41.436 0.0000000000
71248  -43.170  -32.671  43.936 0.0000000000
71264  -42.642  -32.847  43.519 0.0000000000
72438  -42.275  -31.978  42.720 0.0000000000
73485  -42.970  -31.804  42.806 0.0000000000
72451  -41.414  -31.404  42.205 0.0000000000
75682  -41.565  -28.432  40.746 0.0000000000
76782  -41.946  -27.757  40.319 0.0000000000
76794  -42.997  -26.847  39.539 0.0000000000
77889  -43.626  -26.320  40.104 0.0000000000
77879  -45.370  -26.212  41.966 0.0000000000
76769  -46.208  -26.046  42.782 0.0000000000
76754  -46.798  -26.294  43.955 0.0000000000
75647  -46.717  -27.128  44.304 0.0000000000
77852  -47.518  -25.930  44.259 0.0000000000
55793  -30.154  -45.974  50.651 0.0000000000
56918  -30.098  -45.550  49.017 0.0000000000
58049  -29.572  -44.241  50.126 0.0000000000
58060  -29.875  -42.160  49.006 0.0000000000
59227  -30.456  -41.669  48.596 0.0000000000
59150  -33.435  -41.418  51.636 0.0000000000
59176  -32.882  -41.336  50.665 0.0000000000
59199  -32.926  -40.815  50.116 0.0000000000
59198  -32.126  -41.365  49.972 0.0000000000
60438  -31.073  -40.771  47.257 0.0000000000
61694  -31.391  -40.532  46.778 0.0000000000
61695  -32.267  -40.063  46.756 0.0000000000
61685  -32.998  -39.909  47.633 0.0000000000
62933  -32.634  -39.662  46.542 0.0000000000
61708  -31.963  -39.550  45.909 0.0000000000
61727  -34.028  -39.275  44.191 0.0000000000
61698  -35.541  -39.060  46.785 0.0000000000
62937  -36.280  -38.594  45.834 0.0000000000
60453  -38.027  -39.432  46.245 0.0000000000
61672  -37.541  -39.876  49.066 0.0000000000
61673  -37.863  -39.841  49.115 0.0000000000
61658  -40.039  -39.720  49.231 0.0000000000
60428  -38.578  -39.626  47.938 0.0000000000
60442  -38.771  -39.438  47.073 0.0000000000
45992  -17.119  -51.997  54.993 0.0000000000
45990  -15.512  -53.200  54.628 0.0000000000
45974  -15.392  -52.465  57.344 0.0000000000
44817  -14.210  -53.553  56.949 0.0000000000
44825  -13.610  -53.819  56.253 0.0000000000
84384  -51.104  -19.847  38.677 0.0000000000
54668  -31.595  -47.907  48.025 0.0000000000
48197  -33.163  -51.600  49.530 0.0000000000
49255  -33.239  -50.850  49.639 0.0000000000
49256  -33.689  -50.322  49.890 0.0000000000
51393  -33.636  -49.492  49.605 0.0000000000
52493  -33.184  -49.522  50.019 0.0000000000
52449  -33.568  -50.102  52.586 0.0000000000
53536  -33.602  -49.233  52.916 0.0000000000
52478  -32.843  -49.155  50.543 0.0000000000
53559  -32.576  -48.469  50.241 0.0000000000
54620  -32.276  -47.337  50.454 0.0000000000
54608  -32.054  -47.336  51.255 0.0000000000
54619  -31.448  -47.098  50.577 0.0000000000
58033  -30.823  -44.159  52.169 0.0000000000
56898  -31.886  -43.660  52.580 0.0000000000
58014  -32.773  -42.477  53.362 0.0000000000
59125  -33.458  -42.284  53.633 0.0000000000
57964  -32.312  -44.131  55.353 0.0000000000
57981  -32.753  -43.414  54.591 0.0000000000
57967  -34.324  -43.330  55.225 0.0000000000
59108  -34.078  -42.383  53.915 0.0000000000
47128  -25.494  -52.029  51.694 0.0000000000
48171  -24.981  -51.215  50.379 0.0000000000
49233  -24.624  -50.616  49.708 0.0000000000
50309  -24.312  -49.801  49.131 0.0000000000
47170  -28.463  -51.568  49.998 0.0000000000
48189  -27.019  -50.734  49.385 0.0000000000
48210  -27.193  -50.830  48.588 0.0000000000
49252  -25.821  -50.267  48.821 0.0000000000
50323  -24.594  -49.839  48.318 0.0000000000
45983  -21.193  -52.725  56.783 0.0000000000
44859  -23.209  -53.650  55.250 0.0000000000
44881  -22.104  -53.354  54.611 0.0000000000
46026  -19.051  -52.339  53.662 0.0000000000
78996  -43.772  -25.809  39.611 0.0000000000
78997  -44.328  -25.387  39.422 0.0000000000
79008  -45.195  -24.786  38.376 0.0000000000
80064  -45.555  -24.430  38.136 0.0000000000
80065  -46.074  -24.290  37.757 0.0000000000
78976  -46.962  -24.775  41.524 0.0000000000
79000  -46.692  -23.995  40.142 0.0000000000
80077  -46.996  -24.294  36.571 0.0000000000
81092  -47.567  -23.633  36.417 0.0000000000
82145  -49.198  -22.574  36.257 0.0000000000
82129  -49.512  -21.809  38.006 0.0000000000
83299  -50.585  -20.917  39.891 0.0000000000
39675  -7.667  -58.833  61.976 0.0000000000
38418  -7.733  -59.671  61.843 0.0000000000
37106  -6.030  -61.507  60.791 0.0000000000
55829  -29.387  -45.814  48.299 0.0000000000
67598  -36.725  -35.269  40.976 0.0000000000
63001  -34.962  -39.210  43.105 0.0000000000
61750  -36.243  -39.171  44.333 0.0000000000
63002  -35.582  -39.167  42.922 0.0000000000
63015  -36.226  -38.703  42.461 0.0000000000
60524  -38.081  -38.848  44.149 0.0000000000
61816  -37.052  -38.254  42.248 0.0000000000
64205  -36.667  -37.963  41.757 0.0000000000
64188  -36.943  -37.674  41.658 0.0000000000
65294  -37.278  -37.263  41.738 0.0000000000
64206  -37.919  -37.376  42.602 0.0000000000
66440  -37.174  -35.871  41.739 0.0000000000
67600  -38.280  -35.317  42.420 0.0000000000
67580  -38.854  -35.034  42.844 0.0000000000
67583  -41.607  -34.771  43.568 0.0000000000
64169  -42.252  -37.907  43.749 0.0000000000
42190  -9.664  -57.156  63.057 0.0000000000
39664  -8.002  -58.231  62.436 0.0000000000
39687  -8.127  -59.033  60.107 0.0000000000
39688  -8.601  -58.687  59.621 0.0000000000
39697  -8.158  -59.180  59.265 0.0000000000
40951  -8.771  -57.472  57.929 0.0000000000
40950  -8.306  -58.165  57.739 0.0000000000
38399  -7.680  -60.190  63.425 0.0000000000
38393  -7.597  -60.516  63.988 0.0000000000
37060  -7.326  -60.747  64.566 0.0000000000
37051  -6.663  -61.109  65.032 0.0000000000
35765  -6.685  -61.252  65.465 0.0000000000
34444  -5.607  -63.770  61.850 0.0000000000
34445  -5.813  -63.410  62.560 0.0000000000
33050  -5.434  -63.992  63.642 0.0000000000
34418  -5.663  -63.401  63.634 0.0000000000
34420  -6.308  -62.576  64.165 0.0000000000
35775  -6.231  -62.524  64.675 0.0000000000
34390  -6.163  -62.527  66.655 0.0000000000
34394  -5.405  -63.454  66.440 0.0000000000
35746  -4.361  -62.189  67.499 0.0000000000
30497  -3.956  -66.309  63.243 0.0000000000
31747  -3.772  -65.649  65.032 0.0000000000
31756  -4.311  -64.896  64.535 0.0000000000
33041  -4.340  -64.337  64.723 0.0000000000
30479  -3.730  -66.052  64.768 0.0000000000
30481  -4.555  -65.706  65.158 0.0000000000
31741  -5.045  -64.556  65.656 0.0000000000
31742  -5.073  -64.217  65.532 0.0000000000
33049  -5.545  -63.629  63.606 0.0000000000
34391  -6.249  -62.231  66.430 0.0000000000
34407  -6.202  -62.697  65.757 0.0000000000
34430  -5.638  -63.562  63.417 0.0000000000
35749  -6.202  -61.861  66.748 0.0000000000
35763  -6.191  -62.488  65.060 0.0000000000
35796  -7.375  -61.759  63.017 0.0000000000
37053  -7.554  -60.174  65.288 0.0000000000
38387  -7.822  -59.517  65.723 0.0000000000
38432  -7.889  -59.231  59.760 0.0000000000
38444  -7.689  -59.286  59.558 0.0000000000
39673  -7.645  -59.209  60.636 0.0000000000
39698  -8.956  -59.169  59.359 0.0000000000
39706  -7.513  -59.115  58.438 0.0000000000
39707  -8.169  -58.946  58.560 0.0000000000
40913  -8.185  -58.379  60.735 0.0000000000
42202  -9.481  -57.219  62.799 0.0000000000
42215  -10.812  -55.569  61.015 0.0000000000
42223  -9.750  -57.118  61.067 0.0000000000
42249  -8.431  -58.570  58.439 0.0000000000
42250  -8.593  -58.571  58.613 0.0000000000
42251  -9.458  -56.907  58.706 0.0000000000
42259  -8.253  -58.751  58.399 0.0000000000
44815  -12.965  -54.622  57.057 0.0000000000
46055  -28.130  -54.065  52.949 0.0000000000
46117  -29.350  -52.584  51.086 0.0000000000
47043  -17.048  -51.840  56.404 0.0000000000
47044  -17.742  -51.693  56.229 0.0000000000
47053  -19.281  -51.810  55.670 0.0000000000
47132  -29.122  -52.887  51.455 0.0000000000
47149  -28.399  -51.732  50.230 0.0000000000
48098  -17.468  -51.778  56.533 0.0000000000
48100  -18.386  -51.716  56.975 0.0000000000
48131  -27.542  -52.415  51.614 0.0000000000
48153  -28.202  -52.067  50.820 0.0000000000
48174  -27.769  -51.555  50.288 0.0000000000
49219  -27.516  -51.636  50.695 0.0000000000
49234  -25.511  -50.493  49.574 0.0000000000
49235  -27.395  -51.483  50.535 0.0000000000
50288  -34.861  -50.488  51.722 0.0000000000
50299  -35.304  -50.632  51.443 0.0000000000
51377  -33.516  -49.399  49.566 0.0000000000
52520  -32.923  -48.460  48.733 0.0000000000
53509  -33.471  -48.736  54.107 0.0000000000
55742  -32.251  -45.448  54.599 0.0000000000
56834  -32.457  -44.333  55.399 0.0000000000
56835  -32.565  -44.512  55.471 0.0000000000
56850  -32.338  -44.476  55.232 0.0000000000
56931  -28.633  -44.036  47.294 0.0000000000
57965  -32.685  -43.787  55.331 0.0000000000
57979  -32.049  -44.269  55.144 0.0000000000
57980  -32.038  -43.818  55.033 0.0000000000
57995  -32.947  -42.876  53.767 0.0000000000
57997  -34.132  -42.648  54.118 0.0000000000
59106  -33.235  -42.632  53.755 0.0000000000
59107  -33.717  -42.519  53.896 0.0000000000
59124  -33.010  -42.387  53.563 0.0000000000
59126  -33.930  -42.277  53.780 0.0000000000
59149  -33.269  -41.270  51.015 0.0000000000
59175  -33.112  -41.288  50.805 0.0000000000
59177  -33.229  -40.983  50.430 0.0000000000
59197  -31.437  -41.724  50.013 0.0000000000
60353  -33.321  -41.161  50.810 0.0000000000
60374  -33.173  -41.168  50.613 0.0000000000
60423  -31.925  -40.425  48.140 0.0000000000
60527  -40.067  -38.923  44.438 0.0000000000
60545  -39.069  -38.870  43.741 0.0000000000
61654  -34.904  -39.525  49.899 0.0000000000
61674  -40.251  -39.695  48.878 0.0000000000
61693  -30.898  -40.724  46.839 0.0000000000
61700  -41.134  -38.788  46.999 0.0000000000
61712  -40.969  -38.775  46.665 0.0000000000
61713  -41.089  -38.793  46.401 0.0000000000
61728  -36.251  -39.060  44.568 0.0000000000
61752  -40.739  -39.374  44.591 0.0000000000
61754  -41.770  -39.172  44.096 0.0000000000
61773  -38.652  -38.746  43.672 0.0000000000
61776  -41.139  -38.947  44.021 0.0000000000
61815  -36.628  -38.184  41.929 0.0000000000
62898  -35.469  -39.556  50.264 0.0000000000
62899  -35.920  -39.555  50.039 0.0000000000
62910  -36.026  -39.485  49.433 0.0000000000
62918  -35.648  -39.448  49.238 0.0000000000
62936  -35.792  -38.334  46.279 0.0000000000
62950  -32.393  -39.585  46.309 0.0000000000
62951  -32.454  -39.370  46.086 0.0000000000
62988  -41.725  -38.319  43.690 0.0000000000
63005  -41.571  -38.911  43.882 0.0000000000
63034  -36.986  -38.119  41.983 0.0000000000
63035  -38.334  -37.593  42.733 0.0000000000
64129  -35.272  -38.202  46.126 0.0000000000
64130  -35.463  -38.056  45.911 0.0000000000
64143  -35.196  -38.187  45.886 0.0000000000
64144  -35.309  -38.246  45.688 0.0000000000
64187  -36.595  -37.571  41.427 0.0000000000
64189  -37.532  -37.606  42.206 0.0000000000
65317  -40.135  -36.719  43.504 0.0000000000
67552  -39.958  -34.597  43.178 0.0000000000
67553  -40.173  -34.490  43.106 0.0000000000
67565  -40.182  -34.671  43.246 0.0000000000
68799  -39.748  -34.438  42.957 0.0000000000
68800  -39.980  -34.414  43.030 0.0000000000
68810  -38.739  -33.781  42.344 0.0000000000
68828  -38.582  -34.284  42.515 0.0000000000
70093  -39.695  -33.682  42.516 0.0000000000
70111  -41.461  -33.419  42.785 0.0000000000
72392  -44.537  -32.177  44.625 0.0000000000
73517  -42.606  -29.600  42.305 0.0000000000
74557  -45.950  -28.367  44.359 0.0000000000
75681  -41.280  -28.541  40.290 0.0000000000
76781  -41.418  -28.162  40.122 0.0000000000
79009  -45.605  -24.667  38.694 0.0000000000
80033  -45.449  -25.007  40.342 0.0000000000
80054  -45.584  -24.555  38.477 0.0000000000
80057  -47.330  -23.631  39.330 0.0000000000
81047  -48.314  -23.264  41.736 0.0000000000
81067  -48.372  -22.951  39.337 0.0000000000
82115  -49.910  -21.790  40.978 0.0000000000
82121  -47.959  -23.315  38.997 0.0000000000
83297  -49.488  -21.856  40.159 0.0000000000
