#!ascii label  , from subject 4082 vox2ras=TkReg
1540
28197  11.192  -64.876  58.617 0.0000000000
64286  44.674  -35.853  42.226 0.0000000000
38527  29.469  -57.453  51.114 0.0000000000
42502  38.840  -53.991  54.269 0.0000000000
38509  20.487  -56.988  52.896 0.0000000000
31873  18.096  -61.664  61.102 0.0000000000
75992  52.904  -26.334  37.604 0.0000000000
69903  52.536  -30.527  44.860 0.0000000000
54669  38.315  -43.701  48.098 0.0000000000
81833  56.898  -20.222  31.929 0.0000000000
34428  28.563  -59.721  55.363 0.0000000000
30660  14.263  -62.872  60.655 0.0000000000
74698  53.019  -27.148  40.621 0.0000000000
71121  48.799  -29.648  39.367 0.0000000000
59164  45.503  -39.567  45.588 0.0000000000
61819  48.766  -37.923  46.820 0.0000000000
56770  41.252  -41.863  44.694 0.0000000000
45028  34.815  -51.675  48.991 0.0000000000
39928  34.046  -56.222  52.409 0.0000000000
34383  24.032  -60.026  56.868 0.0000000000
31869  22.510  -61.861  61.299 0.0000000000
35726  19.038  -59.317  56.764 0.0000000000
34411  14.886  -59.702  56.577 0.0000000000
38549  24.708  -57.084  51.752 0.0000000000
79622  58.853  -24.504  36.845 0.0000000000
75930  58.109  -25.114  42.229 0.0000000000
67612  47.840  -33.052  43.365 0.0000000000
57802  39.227  -40.854  50.798 0.0000000000
47384  38.752  -49.186  51.461 0.0000000000
77259  54.830  -24.099  32.925 0.0000000000
77265  60.104  -24.878  32.338 0.0000000000
79700  62.296  -22.420  29.467 0.0000000000
33116  28.234  -61.159  58.880 0.0000000000
29446  12.478  -63.823  59.360 0.0000000000
28126  13.302  -64.912  62.567 0.0000000000
25523  12.219  -66.449  61.449 0.0000000000
73468  48.855  -27.992  38.018 0.0000000000
59122  45.108  -40.718  49.251 0.0000000000
59120  46.922  -40.000  48.521 0.0000000000
24160  5.896  -67.646  61.435 0.0000000000
57968  40.932  -40.440  42.092 0.0000000000
41301  29.049  -54.866  48.758 0.0000000000
41284  32.141  -54.594  50.075 0.0000000000
38525  31.563  -57.093  51.445 0.0000000000
37095  22.321  -58.393  54.763 0.0000000000
35723  21.657  -59.434  56.555 0.0000000000
37097  20.325  -57.937  55.300 0.0000000000
38534  22.744  -56.758  52.414 0.0000000000
35799  24.734  -58.873  54.405 0.0000000000
31871  20.521  -61.782  61.852 0.0000000000
77214  56.209  -25.997  38.006 0.0000000000
78403  58.557  -24.452  39.606 0.0000000000
77185  55.869  -25.385  39.850 0.0000000000
72196  53.077  -28.946  42.292 0.0000000000
73398  55.507  -27.740  43.439 0.0000000000
67642  44.545  -33.746  40.548 0.0000000000
68782  46.367  -32.343  41.142 0.0000000000
66487  46.065  -34.393  42.762 0.0000000000
56729  36.698  -42.112  46.764 0.0000000000
57855  38.131  -41.578  47.679 0.0000000000
55669  38.658  -42.475  50.322 0.0000000000
43754  37.006  -52.718  51.833 0.0000000000
46224  36.732  -50.871  49.879 0.0000000000
46173  39.035  -51.328  52.963 0.0000000000
76023  51.702  -26.153  35.286 0.0000000000
78468  52.971  -23.240  33.936 0.0000000000
76020  54.699  -25.949  34.977 0.0000000000
76033  56.427  -25.722  34.520 0.0000000000
81857  61.058  -20.455  30.159 0.0000000000
80760  59.618  -21.071  30.854 0.0000000000
79661  61.030  -23.266  30.963 0.0000000000
79664  58.341  -22.503  31.101 0.0000000000
35818  28.967  -58.822  53.181 0.0000000000
35815  31.792  -58.687  52.782 0.0000000000
34400  30.836  -59.928  55.716 0.0000000000
31876  15.598  -61.891  61.184 0.0000000000
30609  16.642  -62.735  63.771 0.0000000000
29372  14.998  -63.808  63.574 0.0000000000
75994  51.054  -26.752  37.145 0.0000000000
77188  52.954  -25.662  39.098 0.0000000000
75969  51.008  -27.390  38.358 0.0000000000
72228  50.802  -28.788  40.194 0.0000000000
69944  50.951  -30.414  41.323 0.0000000000
61885  44.377  -37.351  43.641 0.0000000000
64238  46.313  -36.292  44.697 0.0000000000
60467  46.990  -38.561  46.090 0.0000000000
52371  37.706  -45.668  47.329 0.0000000000
43709  40.176  -52.794  55.762 0.0000000000
26895  8.537  -65.309  58.617 0.0000000000
24166  10.536  -67.920  60.112 0.0000000000
24168  8.345  -68.059  59.935 0.0000000000
63202  43.124  -36.913  40.746 0.0000000000
60505  42.604  -38.908  43.043 0.0000000000
57906  43.238  -41.052  45.105 0.0000000000
57850  42.899  -41.671  48.640 0.0000000000
45031  32.133  -52.558  48.349 0.0000000000
42567  34.773  -54.255  50.472 0.0000000000
39925  36.596  -55.450  53.046 0.0000000000
37142  34.332  -58.331  53.390 0.0000000000
38467  36.453  -57.186  54.629 0.0000000000
33118  25.976  -61.530  59.355 0.0000000000
31866  25.299  -62.003  61.152 0.0000000000
33120  23.598  -61.032  59.243 0.0000000000
33122  21.223  -60.465  59.439 0.0000000000
34344  18.985  -59.995  59.033 0.0000000000
37099  18.256  -57.840  55.000 0.0000000000
35728  17.136  -59.387  56.920 0.0000000000
34346  16.893  -60.189  58.978 0.0000000000
33145  14.738  -61.191  58.418 0.0000000000
31927  12.919  -62.377  57.444 0.0000000000
30690  10.625  -63.519  57.277 0.0000000000
41287  27.632  -55.744  48.969 0.0000000000
41290  24.485  -55.619  49.461 0.0000000000
38529  27.203  -57.153  51.801 0.0000000000
37118  26.681  -58.608  53.499 0.0000000000
34405  26.234  -59.975  56.154 0.0000000000
73454  58.641  -26.363  39.147 0.0000000000
75933  55.724  -25.791  41.611 0.0000000000
68810  46.610  -31.289  38.822 0.0000000000
68763  48.623  -31.969  41.829 0.0000000000
68738  50.339  -31.603  43.862 0.0000000000
65314  47.754  -34.961  45.641 0.0000000000
67575  49.823  -33.471  45.762 0.0000000000
57910  38.824  -41.998  45.418 0.0000000000
56740  40.385  -41.834  48.516 0.0000000000
57799  41.645  -41.863  51.594 0.0000000000
49891  37.117  -48.084  47.928 0.0000000000
51051  39.088  -46.381  50.088 0.0000000000
47326  40.466  -49.803  55.079 0.0000000000
51005  40.403  -47.296  52.894 0.0000000000
53521  40.297  -44.399  51.155 0.0000000000
55642  39.862  -42.784  53.170 0.0000000000
57740  41.405  -42.186  54.429 0.0000000000
79657  56.174  -22.573  32.117 0.0000000000
77268  57.235  -24.727  32.315 0.0000000000
78466  59.585  -24.699  34.562 0.0000000000
31887  28.945  -61.856  59.246 0.0000000000
28196  11.981  -64.427  59.253 0.0000000000
28161  12.166  -65.058  60.308 0.0000000000
26882  11.645  -65.950  60.345 0.0000000000
57831  45.133  -41.133  50.229 0.0000000000
59107  45.882  -41.030  49.968 0.0000000000
26868  5.769  -65.871  62.070 0.0000000000
39971  29.355  -56.090  50.018 0.0000000000
39970  30.486  -55.837  50.060 0.0000000000
38526  30.520  -57.361  51.219 0.0000000000
37124  21.417  -57.841  54.081 0.0000000000
37096  21.412  -58.009  54.870 0.0000000000
37125  20.635  -57.792  54.279 0.0000000000
39934  21.530  -56.128  51.708 0.0000000000
38508  21.422  -57.414  52.679 0.0000000000
38488  22.717  -57.635  53.614 0.0000000000
33074  19.063  -61.597  61.585 0.0000000000
31837  18.367  -61.867  62.774 0.0000000000
75990  54.698  -26.393  37.662 0.0000000000
78423  56.425  -25.550  39.095 0.0000000000
77203  54.068  -25.774  38.709 0.0000000000
71044  52.840  -30.005  44.046 0.0000000000
71043  53.697  -29.569  44.326 0.0000000000
66498  44.180  -34.693  41.446 0.0000000000
67627  45.346  -33.532  41.797 0.0000000000
66488  45.200  -34.649  42.513 0.0000000000
54671  37.102  -43.645  47.245 0.0000000000
54654  37.613  -43.205  47.960 0.0000000000
55675  37.662  -42.294  48.789 0.0000000000
54631  38.560  -43.176  49.661 0.0000000000
43738  38.014  -52.950  52.689 0.0000000000
44977  37.897  -52.001  52.459 0.0000000000
43737  38.580  -52.911  53.427 0.0000000000
74773  52.556  -26.563  35.508 0.0000000000
76022  52.703  -25.776  34.856 0.0000000000
74760  53.731  -27.137  36.127 0.0000000000
74758  55.362  -26.670  36.216 0.0000000000
81848  59.174  -20.342  30.818 0.0000000000
81849  58.465  -20.532  31.294 0.0000000000
80777  58.981  -21.807  30.734 0.0000000000
81850  57.645  -20.607  31.583 0.0000000000
35765  28.995  -59.512  54.572 0.0000000000
34446  29.959  -59.680  54.444 0.0000000000
34401  30.161  -59.959  56.008 0.0000000000
31897  14.959  -62.319  60.472 0.0000000000
31855  15.198  -62.700  61.745 0.0000000000
30637  14.524  -63.364  61.843 0.0000000000
25509  13.115  -66.808  63.483 0.0000000000
26842  13.332  -65.929  64.303 0.0000000000
76010  49.924  -26.723  36.244 0.0000000000
75980  51.204  -27.091  37.788 0.0000000000
74746  49.687  -27.508  37.603 0.0000000000
72250  48.677  -28.836  38.777 0.0000000000
73460  50.230  -28.559  38.741 0.0000000000
72229  50.346  -29.146  39.380 0.0000000000
71081  50.989  -29.628  40.687 0.0000000000
69961  50.010  -30.132  40.330 0.0000000000
60479  44.815  -38.887  44.960 0.0000000000
61844  45.192  -37.807  44.894 0.0000000000
59163  45.932  -39.196  45.696 0.0000000000
76025  49.437  -25.575  35.256 0.0000000000
25543  8.954  -66.194  59.167 0.0000000000
26885  7.611  -65.911  59.918 0.0000000000
61947  41.561  -37.871  40.552 0.0000000000
61909  42.362  -38.339  42.099 0.0000000000
59240  41.421  -39.083  41.696 0.0000000000
57929  41.094  -41.620  43.631 0.0000000000
57927  42.596  -40.737  43.940 0.0000000000
56769  42.174  -41.758  44.992 0.0000000000
57888  43.477  -41.531  46.459 0.0000000000
57889  42.161  -41.777  46.693 0.0000000000
43813  31.043  -52.755  47.937 0.0000000000
41269  33.275  -55.176  50.883 0.0000000000
42585  32.839  -54.209  50.074 0.0000000000
41268  34.241  -55.039  51.081 0.0000000000
41267  35.477  -54.769  51.460 0.0000000000
39946  35.446  -55.587  51.978 0.0000000000
34443  33.217  -59.977  53.937 0.0000000000
35814  32.692  -58.816  52.881 0.0000000000
34442  34.128  -59.700  54.019 0.0000000000
37076  36.321  -58.026  55.210 0.0000000000
38466  37.136  -56.740  55.122 0.0000000000
33165  25.145  -60.729  57.448 0.0000000000
33119  24.813  -60.988  59.287 0.0000000000
34355  23.639  -60.426  57.535 0.0000000000
34387  20.739  -59.612  57.320 0.0000000000
34358  21.137  -59.890  57.935 0.0000000000
34359  20.168  -59.817  57.897 0.0000000000
34343  19.880  -59.969  58.857 0.0000000000
34360  19.258  -59.699  58.228 0.0000000000
37128  17.446  -57.619  53.872 0.0000000000
35778  14.520  -58.657  55.161 0.0000000000
35750  16.362  -58.881  56.108 0.0000000000
35729  16.107  -59.312  56.835 0.0000000000
34389  16.628  -59.737  57.429 0.0000000000
34390  15.621  -59.796  57.264 0.0000000000
34348  15.621  -60.679  58.823 0.0000000000
34391  14.636  -60.275  57.282 0.0000000000
30711  12.313  -62.630  57.157 0.0000000000
41311  27.155  -54.744  48.016 0.0000000000
42601  25.588  -54.530  48.239 0.0000000000
39957  24.434  -56.428  51.292 0.0000000000
39975  25.080  -55.900  50.273 0.0000000000
39956  25.748  -56.372  50.848 0.0000000000
38530  26.187  -57.414  51.916 0.0000000000
37171  26.822  -57.855  52.354 0.0000000000
37172  25.957  -57.845  52.497 0.0000000000
35770  24.348  -59.238  55.173 0.0000000000
35769  25.213  -59.438  54.842 0.0000000000
34406  25.335  -59.939  56.133 0.0000000000
33164  26.149  -60.719  57.556 0.0000000000
31867  24.337  -62.163  61.079 0.0000000000
22765  9.840  -68.504  60.298 0.0000000000
22753  10.639  -68.742  61.214 0.0000000000
78433  59.801  -24.930  37.695 0.0000000000
78379  58.628  -24.544  40.872 0.0000000000
75956  59.344  -25.371  39.806 0.0000000000
74694  58.397  -25.892  40.670 0.0000000000
73407  57.522  -26.685  41.755 0.0000000000
75959  52.723  -26.374  39.521 0.0000000000
77164  54.272  -25.304  40.322 0.0000000000
75935  54.212  -26.785  41.193 0.0000000000
73386  56.326  -27.652  43.475 0.0000000000
67625  46.810  -33.023  42.212 0.0000000000
68781  47.409  -31.794  40.890 0.0000000000
67623  48.381  -32.631  42.823 0.0000000000
68749  49.712  -31.610  42.816 0.0000000000
68740  48.943  -32.417  43.655 0.0000000000
63120  47.015  -36.747  45.826 0.0000000000
65328  47.163  -35.119  44.763 0.0000000000
64224  48.444  -35.879  45.897 0.0000000000
57912  36.795  -40.920  44.839 0.0000000000
57820  39.095  -40.903  49.934 0.0000000000
57853  39.405  -41.389  48.440 0.0000000000
57835  40.192  -41.448  49.607 0.0000000000
56701  41.210  -41.769  50.282 0.0000000000
57800  40.843  -41.398  51.554 0.0000000000
46279  33.588  -51.054  47.763 0.0000000000
47430  35.090  -50.245  48.986 0.0000000000
47385  38.008  -49.739  51.277 0.0000000000
47428  36.980  -49.516  49.258 0.0000000000
49865  37.799  -48.582  49.789 0.0000000000
49875  38.482  -47.281  49.598 0.0000000000
49852  38.984  -47.822  51.066 0.0000000000
44958  40.387  -51.176  55.498 0.0000000000
52254  40.940  -45.837  54.261 0.0000000000
52279  40.843  -45.603  52.725 0.0000000000
53494  40.853  -44.586  53.444 0.0000000000
54591  40.122  -43.488  52.951 0.0000000000
54577  40.458  -43.779  53.968 0.0000000000
77260  53.957  -23.966  33.335 0.0000000000
78487  55.506  -23.425  32.458 0.0000000000
78486  56.603  -23.748  31.944 0.0000000000
77269  56.083  -24.349  32.382 0.0000000000
77225  58.033  -25.074  36.303 0.0000000000
77244  58.240  -25.043  34.551 0.0000000000
78456  58.934  -24.404  35.427 0.0000000000
78454  60.502  -24.815  35.553 0.0000000000
80795  61.735  -21.625  29.672 0.0000000000
77273  60.638  -24.053  31.532 0.0000000000
78483  61.074  -25.063  32.324 0.0000000000
78475  61.069  -24.924  33.626 0.0000000000
34378  28.661  -60.239  56.805 0.0000000000
34377  29.619  -60.298  56.675 0.0000000000
33136  29.719  -60.879  58.092 0.0000000000
29424  13.036  -63.769  60.240 0.0000000000
29387  13.604  -63.908  61.907 0.0000000000
28160  12.415  -64.519  61.022 0.0000000000
26867  12.752  -65.480  61.918 0.0000000000
24147  12.691  -67.744  63.216 0.0000000000
72260  47.171  -28.584  37.861 0.0000000000
71135  47.429  -29.142  38.330 0.0000000000
59151  45.300  -40.085  46.658 0.0000000000
59135  46.216  -39.815  47.460 0.0000000000
59121  45.965  -40.399  48.797 0.0000000000
60410  47.406  -39.900  50.465 0.0000000000
26876  6.806  -66.131  60.990 0.0000000000
25527  6.138  -66.507  61.401 0.0000000000
24149  5.580  -67.413  61.956 0.0000000000
59241  40.945  -39.448  41.295 0.0000000000
56806  39.599  -41.999  43.486 0.0000000000
43804  30.680  -53.673  48.269 0.0000000000
41286  30.714  -55.034  49.402 0.0000000000
41271  31.730  -55.502  50.447 0.0000000000
39929  33.089  -56.376  51.884 0.0000000000
35742  23.773  -59.240  55.755 0.0000000000
34384  23.206  -59.936  56.955 0.0000000000
35744  22.283  -59.135  56.121 0.0000000000
35745  21.335  -59.001  56.005 0.0000000000
37080  19.758  -58.167  55.733 0.0000000000
34412  13.997  -60.396  55.964 0.0000000000
34434  13.125  -59.676  55.293 0.0000000000
39958  23.184  -55.900  51.000 0.0000000000
38532  24.176  -56.852  52.301 0.0000000000
38505  24.638  -57.438  52.954 0.0000000000
37153  23.752  -58.166  53.532 0.0000000000
35800  23.950  -58.761  54.517 0.0000000000
31870  21.503  -61.851  61.645 0.0000000000
77212  57.785  -25.186  37.202 0.0000000000
78420  58.566  -24.560  38.706 0.0000000000
78422  57.023  -24.935  38.914 0.0000000000
78391  57.187  -24.877  39.943 0.0000000000
77161  56.996  -25.263  40.776 0.0000000000
72207  53.504  -28.268  41.857 0.0000000000
74674  54.416  -27.508  42.302 0.0000000000
72179  54.148  -28.485  43.419 0.0000000000
72164  55.165  -28.625  44.433 0.0000000000
68811  45.406  -32.152  39.119 0.0000000000
67655  45.201  -32.681  40.806 0.0000000000
67626  45.994  -33.392  42.167 0.0000000000
66486  46.883  -33.700  43.378 0.0000000000
63117  49.997  -36.369  46.688 0.0000000000
59140  36.190  -41.110  46.312 0.0000000000
57874  37.425  -41.428  46.470 0.0000000000
57856  37.603  -41.880  47.259 0.0000000000
57822  38.276  -41.525  49.081 0.0000000000
56691  38.452  -41.458  50.567 0.0000000000
43783  35.756  -52.195  50.377 0.0000000000
46225  36.015  -51.140  49.290 0.0000000000
44985  37.079  -52.064  51.324 0.0000000000
46186  38.217  -51.161  51.738 0.0000000000
46185  39.095  -50.480  52.227 0.0000000000
77249  51.165  -24.272  34.252 0.0000000000
78470  51.403  -23.365  33.943 0.0000000000
76037  52.570  -24.809  34.404 0.0000000000
76036  53.320  -25.064  34.289 0.0000000000
76035  54.303  -25.295  34.114 0.0000000000
76045  56.133  -25.316  33.539 0.0000000000
76019  55.667  -26.116  35.297 0.0000000000
76003  56.843  -25.733  36.446 0.0000000000
81859  59.444  -19.760  30.612 0.0000000000
81858  60.154  -20.381  30.475 0.0000000000
80774  61.132  -21.488  30.262 0.0000000000
79674  61.686  -22.566  30.184 0.0000000000
79676  60.129  -22.270  30.741 0.0000000000
79662  59.953  -22.854  31.095 0.0000000000
78493  58.830  -23.646  31.241 0.0000000000
37169  28.893  -57.827  51.973 0.0000000000
37168  29.930  -57.712  51.989 0.0000000000
35817  29.902  -58.873  53.077 0.0000000000
34445  30.965  -59.666  54.356 0.0000000000
33195  32.176  -60.396  55.369 0.0000000000
31875  16.541  -61.420  60.992 0.0000000000
31838  17.483  -61.899  62.609 0.0000000000
30634  16.369  -62.374  62.414 0.0000000000
30610  15.623  -63.370  64.052 0.0000000000
28125  13.827  -64.755  63.210 0.0000000000
28097  14.599  -64.842  64.536 0.0000000000
75993  51.989  -26.658  37.242 0.0000000000
77204  53.076  -25.710  38.458 0.0000000000
75979  52.047  -26.736  37.805 0.0000000000
75968  52.100  -26.578  38.546 0.0000000000
74712  51.948  -27.360  39.780 0.0000000000
74727  49.461  -27.854  38.232 0.0000000000
74714  50.722  -28.102  38.772 0.0000000000
73444  51.881  -27.958  40.431 0.0000000000
71079  52.259  -29.154  41.382 0.0000000000
71067  51.752  -30.067  42.284 0.0000000000
71054  51.696  -30.158  43.275 0.0000000000
63187  44.582  -36.338  42.668 0.0000000000
64272  44.873  -35.902  43.100 0.0000000000
63153  44.903  -36.805  43.905 0.0000000000
61842  46.778  -37.630  45.563 0.0000000000
61821  47.439  -37.646  46.090 0.0000000000
60456  47.293  -39.363  47.049 0.0000000000
60455  48.127  -38.945  47.391 0.0000000000
60454  48.768  -38.451  47.514 0.0000000000
53584  37.896  -44.481  47.493 0.0000000000
43710  39.765  -53.395  55.541 0.0000000000
78472  49.842  -23.902  34.332 0.0000000000
77236  50.027  -25.030  34.757 0.0000000000
76009  51.221  -26.939  36.144 0.0000000000
83991  57.233  -18.164  31.798 0.0000000000
83992  56.529  -18.528  32.174 0.0000000000
26894  9.752  -65.645  58.636 0.0000000000
26884  10.396  -66.128  59.076 0.0000000000
25542  9.779  -66.491  59.041 0.0000000000
24167  9.628  -67.948  59.664 0.0000000000
22766  8.913  -68.730  60.265 0.0000000000
24159  7.079  -68.023  60.821 0.0000000000
65381  43.181  -35.130  40.756 0.0000000000
64300  42.768  -35.870  40.555 0.0000000000
63201  43.804  -36.688  41.444 0.0000000000
61907  43.725  -37.436  42.360 0.0000000000
61886  43.735  -37.897  43.316 0.0000000000
60480  44.292  -39.507  44.494 0.0000000000
59201  42.268  -40.048  42.885 0.0000000000
59180  42.913  -39.969  43.730 0.0000000000
59165  44.539  -40.414  45.464 0.0000000000
59152  44.650  -41.110  47.044 0.0000000000
57849  43.735  -41.316  48.787 0.0000000000
57816  44.126  -41.410  50.442 0.0000000000
45030  33.165  -52.480  48.453 0.0000000000
42597  31.570  -53.528  49.099 0.0000000000
43786  33.255  -53.343  49.604 0.0000000000
43785  34.377  -52.735  49.571 0.0000000000
42566  35.798  -53.410  50.917 0.0000000000
42548  37.096  -53.694  51.777 0.0000000000
41234  37.880  -54.698  53.775 0.0000000000
37166  31.915  -58.119  51.803 0.0000000000
37165  32.890  -57.912  52.076 0.0000000000
38503  34.411  -57.009  52.770 0.0000000000
35763  35.516  -59.057  54.644 0.0000000000
37093  35.540  -57.943  53.776 0.0000000000
38502  34.988  -56.830  53.083 0.0000000000
39889  36.514  -56.412  54.058 0.0000000000
39888  37.351  -55.871  54.388 0.0000000000
41192  38.416  -55.432  55.283 0.0000000000
31911  26.923  -61.723  59.693 0.0000000000
31891  25.738  -61.862  60.242 0.0000000000
33098  24.138  -61.448  60.015 0.0000000000
33099  22.816  -61.474  60.377 0.0000000000
34356  22.749  -60.301  57.598 0.0000000000
33121  22.369  -60.705  59.246 0.0000000000
33100  21.668  -60.910  60.306 0.0000000000
33101  20.441  -60.690  60.297 0.0000000000
33102  19.283  -60.918  60.341 0.0000000000
33103  18.366  -60.985  60.167 0.0000000000
38492  19.190  -57.137  53.577 0.0000000000
37098  19.278  -57.864  55.082 0.0000000000
35748  18.474  -58.833  56.088 0.0000000000
35801  16.463  -58.335  54.780 0.0000000000
35749  17.386  -58.614  55.988 0.0000000000
35727  18.097  -59.198  56.811 0.0000000000
35712  17.865  -59.633  57.485 0.0000000000
34345  17.994  -60.338  59.111 0.0000000000
33125  17.311  -60.763  59.562 0.0000000000
33106  16.250  -61.183  59.861 0.0000000000
31913  15.428  -61.498  59.442 0.0000000000
30670  14.481  -62.364  59.304 0.0000000000
34392  13.904  -60.489  57.124 0.0000000000
31926  13.409  -61.967  57.728 0.0000000000
30687  13.727  -62.524  58.660 0.0000000000
30673  12.399  -63.382  58.676 0.0000000000
30689  11.800  -63.386  57.794 0.0000000000
29475  10.966  -63.842  58.266 0.0000000000
29476  10.092  -63.867  57.972 0.0000000000
29448  8.603  -64.037  58.462 0.0000000000
42611  28.524  -54.093  47.701 0.0000000000
39984  28.481  -55.422  48.984 0.0000000000
39953  28.633  -56.452  50.163 0.0000000000
41289  25.486  -55.734  49.310 0.0000000000
39955  26.796  -56.501  50.505 0.0000000000
38528  28.280  -57.279  51.280 0.0000000000
37170  27.806  -57.882  52.115 0.0000000000
35819  28.106  -58.882  53.169 0.0000000000
35766  28.029  -59.418  54.627 0.0000000000
35798  25.602  -58.863  54.287 0.0000000000
35768  26.074  -59.671  54.572 0.0000000000
34404  27.179  -60.168  56.055 0.0000000000
33163  27.179  -60.697  57.557 0.0000000000
33117  27.217  -61.542  58.888 0.0000000000
25524  11.459  -67.046  61.079 0.0000000000
22752  11.567  -68.802  62.155 0.0000000000
77182  59.580  -24.987  39.311 0.0000000000
77187  53.783  -25.687  39.371 0.0000000000
77162  55.987  -25.320  40.736 0.0000000000
75932  56.633  -25.436  42.242 0.0000000000
74672  55.543  -26.811  43.226 0.0000000000
74671  56.186  -26.263  43.316 0.0000000000
74669  57.225  -26.357  42.513 0.0000000000
69992  46.472  -30.259  38.280 0.0000000000
69977  47.849  -30.365  39.241 0.0000000000
68798  46.564  -31.933  39.960 0.0000000000
68797  47.598  -31.269  39.762 0.0000000000
71083  48.969  -30.523  40.423 0.0000000000
69925  49.503  -31.289  41.514 0.0000000000
69912  50.497  -31.097  42.727 0.0000000000
69905  50.924  -30.850  44.318 0.0000000000
65343  46.110  -35.177  43.427 0.0000000000
66476  46.703  -34.335  44.026 0.0000000000
66475  47.556  -33.654  44.116 0.0000000000
65313  48.699  -34.834  46.196 0.0000000000
66443  48.398  -34.323  45.789 0.0000000000
67591  49.031  -33.391  44.796 0.0000000000
67589  50.657  -32.488  45.127 0.0000000000
68730  51.382  -31.944  45.291 0.0000000000
56789  38.801  -42.282  43.795 0.0000000000
56771  39.930  -41.853  45.115 0.0000000000
57893  38.137  -41.406  46.014 0.0000000000
57892  39.082  -41.501  46.391 0.0000000000
57890  41.035  -41.979  46.741 0.0000000000
57870  41.479  -41.780  47.779 0.0000000000
56713  42.574  -41.820  49.694 0.0000000000
57798  43.551  -41.672  51.655 0.0000000000
47429  36.050  -49.974  48.993 0.0000000000
51093  37.533  -46.855  47.728 0.0000000000
52352  37.907  -46.167  47.939 0.0000000000
52350  38.913  -45.055  48.850 0.0000000000
44968  39.305  -51.707  54.242 0.0000000000
46163  39.582  -50.891  54.101 0.0000000000
47352  40.100  -49.467  52.961 0.0000000000
49814  40.377  -48.318  54.035 0.0000000000
48571  39.945  -48.358  52.059 0.0000000000
51019  39.573  -47.043  51.545 0.0000000000
52308  39.590  -45.543  50.637 0.0000000000
53535  39.512  -44.498  50.140 0.0000000000
54622  39.377  -43.449  50.873 0.0000000000
55655  38.892  -42.548  51.410 0.0000000000
57759  40.025  -41.732  52.398 0.0000000000
55614  41.164  -43.181  54.844 0.0000000000
57741  40.903  -42.327  54.021 0.0000000000
57777  40.529  -41.476  52.285 0.0000000000
57756  42.126  -41.616  53.386 0.0000000000
82906  56.303  -19.470  32.061 0.0000000000
80751  56.905  -21.059  32.006 0.0000000000
79665  57.303  -22.582  31.534 0.0000000000
78494  57.604  -23.756  31.559 0.0000000000
77266  59.280  -24.876  32.261 0.0000000000
76044  57.186  -25.569  33.744 0.0000000000
77256  58.132  -25.272  33.424 0.0000000000
78477  59.724  -25.034  33.800 0.0000000000
78465  60.478  -24.770  34.567 0.0000000000
31863  28.029  -61.896  60.640 0.0000000000
30657  28.521  -62.107  59.999 0.0000000000
28178  11.904  -65.108  59.578 0.0000000000
26883  11.158  -65.815  59.599 0.0000000000
57796  44.957  -41.467  51.642 0.0000000000
57795  45.600  -41.329  51.637 0.0000000000
38544  29.089  -56.764  50.456 0.0000000000
38543  30.143  -56.684  50.532 0.0000000000
38490  20.913  -57.799  53.398 0.0000000000
38489  21.918  -57.604  53.537 0.0000000000
33086  18.683  -61.480  60.957 0.0000000000
31851  18.218  -61.744  61.774 0.0000000000
75991  53.781  -26.337  37.664 0.0000000000
77216  54.320  -25.961  38.151 0.0000000000
77217  53.559  -25.886  38.140 0.0000000000
71034  53.091  -30.363  44.831 0.0000000000
65370  44.373  -35.095  41.854 0.0000000000
66497  44.773  -34.207  41.897 0.0000000000
65369  44.839  -35.082  42.444 0.0000000000
54670  38.030  -43.684  47.744 0.0000000000
54653  38.051  -43.426  48.306 0.0000000000
54641  37.734  -43.126  48.552 0.0000000000
54639  38.623  -43.821  49.170 0.0000000000
42528  38.268  -53.957  53.377 0.0000000000
42527  38.671  -53.430  53.791 0.0000000000
76007  53.277  -26.718  36.886 0.0000000000
74761  52.997  -26.861  36.050 0.0000000000
76006  54.190  -26.859  37.011 0.0000000000
82918  57.957  -20.078  31.446 0.0000000000
34427  29.533  -59.910  55.245 0.0000000000
34402  29.114  -59.933  56.080 0.0000000000
31898  14.495  -62.530  60.163 0.0000000000
30659  14.807  -62.713  61.097 0.0000000000
74763  48.789  -26.940  36.550 0.0000000000
74762  49.533  -27.352  36.933 0.0000000000
72249  49.510  -29.103  39.064 0.0000000000
71120  49.338  -29.487  39.345 0.0000000000
71099  50.347  -29.564  40.168 0.0000000000
71100  49.639  -29.755  39.678 0.0000000000
60478  45.759  -38.642  45.316 0.0000000000
61948  40.986  -37.798  39.644 0.0000000000
60560  41.033  -38.479  40.258 0.0000000000
60541  41.515  -38.628  41.210 0.0000000000
60542  41.055  -38.808  40.814 0.0000000000
56786  41.188  -41.678  43.978 0.0000000000
57908  42.005  -41.620  44.427 0.0000000000
56752  42.647  -41.805  45.644 0.0000000000
56753  41.678  -42.020  45.762 0.0000000000
39948  33.648  -55.711  51.563 0.0000000000
39947  34.670  -55.685  51.723 0.0000000000
39927  35.054  -56.115  52.399 0.0000000000
34423  33.613  -59.992  54.691 0.0000000000
33166  24.384  -60.520  57.333 0.0000000000
35725  20.031  -59.206  56.947 0.0000000000
35710  19.448  -59.494  57.493 0.0000000000
35751  15.353  -59.144  56.185 0.0000000000
35730  15.624  -59.415  56.762 0.0000000000
34410  15.378  -59.492  56.713 0.0000000000
34364  15.394  -60.531  58.178 0.0000000000
39931  24.109  -56.402  51.926 0.0000000000
38548  25.408  -57.088  51.427 0.0000000000
38531  25.117  -57.524  52.296 0.0000000000
34407  24.402  -59.765  56.042 0.0000000000
34382  24.820  -60.394  56.669 0.0000000000
31868  23.365  -62.205  61.342 0.0000000000
22754  9.349  -69.074  60.898 0.0000000000
21405  10.005  -69.766  61.405 0.0000000000
79634  58.873  -24.285  36.760 0.0000000000
79620  59.534  -24.725  37.034 0.0000000000
78434  59.190  -24.683  37.706 0.0000000000
77148  58.017  -24.837  41.573 0.0000000000
75946  58.478  -25.206  40.786 0.0000000000
75929  58.152  -25.667  41.717 0.0000000000
74678  57.959  -26.209  41.382 0.0000000000
75951  52.960  -26.599  40.234 0.0000000000
75950  53.855  -26.320  40.381 0.0000000000
74697  53.785  -27.188  41.095 0.0000000000
67624  47.747  -32.889  42.418 0.0000000000
68750  48.786  -32.062  43.152 0.0000000000
67611  48.589  -32.745  43.509 0.0000000000
63119  47.932  -36.827  46.034 0.0000000000
64225  47.552  -35.985  45.597 0.0000000000
59166  36.373  -40.800  44.964 0.0000000000
57836  39.540  -41.067  49.343 0.0000000000
57819  39.787  -40.916  50.250 0.0000000000
57818  40.534  -41.476  50.513 0.0000000000
57801  40.017  -41.079  51.206 0.0000000000
46252  34.226  -51.394  48.138 0.0000000000
46278  34.285  -50.705  48.195 0.0000000000
46251  34.710  -50.930  48.779 0.0000000000
47405  37.709  -49.319  50.665 0.0000000000
48586  38.521  -48.751  51.162 0.0000000000
49853  38.367  -48.384  50.866 0.0000000000
48572  39.245  -48.618  51.635 0.0000000000
52236  41.217  -45.795  54.873 0.0000000000
53493  40.905  -45.200  53.679 0.0000000000
53476  40.925  -45.180  54.244 0.0000000000
53477  40.962  -44.291  54.478 0.0000000000
78479  54.182  -23.271  33.001 0.0000000000
78478  54.803  -23.327  32.757 0.0000000000
77258  55.691  -24.594  33.011 0.0000000000
78446  58.296  -24.678  36.706 0.0000000000
77224  58.406  -24.559  35.943 0.0000000000
78445  58.913  -24.399  36.548 0.0000000000
78444  59.691  -24.600  36.376 0.0000000000
78549  62.670  -23.710  28.767 0.0000000000
77264  60.687  -24.646  31.899 0.0000000000
78490  60.978  -23.881  31.489 0.0000000000
78484  60.623  -25.136  32.681 0.0000000000
33162  28.196  -60.618  57.519 0.0000000000
33161  29.205  -60.576  57.432 0.0000000000
33137  28.716  -60.835  58.208 0.0000000000
26874  12.235  -65.650  60.795 0.0000000000
25514  12.567  -66.730  62.528 0.0000000000
25515  11.891  -67.160  61.873 0.0000000000
71136  46.692  -29.299  38.042 0.0000000000
59136  44.908  -40.388  48.067 0.0000000000
26877  6.327  -65.430  61.324 0.0000000000
25516  5.780  -66.994  62.085 0.0000000000
24150  5.316  -67.654  62.305 0.0000000000
41300  29.915  -54.814  49.042 0.0000000000
42599  29.832  -54.275  48.117 0.0000000000
39951  30.936  -56.211  50.547 0.0000000000
39969  31.298  -55.758  50.356 0.0000000000
39950  31.779  -56.135  50.800 0.0000000000
39949  32.744  -55.843  51.191 0.0000000000
39930  32.339  -56.511  51.452 0.0000000000
35772  22.647  -58.788  55.361 0.0000000000
35743  23.146  -58.997  55.971 0.0000000000
35774  21.056  -58.424  55.537 0.0000000000
35746  20.373  -58.611  56.017 0.0000000000
37079  20.152  -58.174  55.731 0.0000000000
39911  22.469  -56.813  52.328 0.0000000000
39933  22.616  -56.405  51.900 0.0000000000
39932  23.689  -56.265  51.957 0.0000000000
38533  23.246  -56.741  52.502 0.0000000000
38506  23.545  -57.457  53.261 0.0000000000
37123  22.129  -57.948  54.155 0.0000000000
37122  23.106  -58.363  53.984 0.0000000000
37094  22.875  -58.569  54.828 0.0000000000
35771  23.396  -58.880  55.089 0.0000000000
33084  21.023  -61.143  61.212 0.0000000000
77213  57.025  -25.546  37.744 0.0000000000
77199  57.441  -24.972  38.085 0.0000000000
77200  56.735  -25.460  38.431 0.0000000000
78407  55.967  -25.548  39.529 0.0000000000
78406  56.584  -25.193  39.770 0.0000000000
78392  56.641  -24.967  39.859 0.0000000000
78381  57.681  -24.940  40.589 0.0000000000
77172  56.495  -25.157  40.131 0.0000000000
72195  53.758  -28.427  42.607 0.0000000000
72165  54.307  -29.004  44.326 0.0000000000
67657  44.110  -33.614  39.832 0.0000000000
67656  44.584  -33.017  40.392 0.0000000000
66496  45.483  -33.804  42.212 0.0000000000
67614  46.548  -33.470  42.752 0.0000000000
57895  35.532  -41.264  45.835 0.0000000000
57857  36.927  -41.822  46.819 0.0000000000
57875  36.750  -41.426  46.570 0.0000000000
55674  38.054  -42.565  49.202 0.0000000000
56703  37.832  -41.903  49.010 0.0000000000
56702  38.564  -41.871  49.574 0.0000000000
55656  38.343  -42.031  51.052 0.0000000000
43770  36.086  -52.461  50.730 0.0000000000
44999  36.235  -51.803  50.540 0.0000000000
46174  38.367  -51.650  52.558 0.0000000000
46187  37.499  -51.619  51.430 0.0000000000
47368  38.566  -50.212  51.818 0.0000000000
77234  51.872  -25.022  34.707 0.0000000000
76021  53.745  -25.869  34.848 0.0000000000
76034  55.359  -25.663  34.272 0.0000000000
75989  55.649  -26.367  37.492 0.0000000000
76004  55.914  -26.296  36.372 0.0000000000
75988  56.492  -25.977  37.223 0.0000000000
75987  57.147  -25.588  37.063 0.0000000000
81847  59.810  -20.832  30.733 0.0000000000
80775  60.216  -21.458  30.623 0.0000000000
79675  60.871  -22.570  30.655 0.0000000000
79678  59.019  -22.363  30.701 0.0000000000
79677  59.526  -22.285  30.720 0.0000000000
79663  59.255  -22.896  30.924 0.0000000000
78492  59.728  -23.620  31.197 0.0000000000
37147  29.407  -58.319  52.555 0.0000000000
34426  30.492  -59.912  55.161 0.0000000000
34425  31.508  -59.964  55.220 0.0000000000
33196  31.701  -60.454  55.667 0.0000000000
31853  16.273  -62.122  61.873 0.0000000000
30624  15.219  -63.366  63.340 0.0000000000
30623  15.742  -62.818  63.195 0.0000000000
30611  15.237  -63.612  63.806 0.0000000000
30594  15.652  -63.602  64.561 0.0000000000
29342  14.982  -64.307  64.418 0.0000000000
28142  13.737  -64.344  62.446 0.0000000000
75981  50.371  -27.410  37.892 0.0000000000
75960  51.495  -26.972  39.086 0.0000000000
74738  48.563  -27.657  37.646 0.0000000000
74737  49.223  -27.736  37.858 0.0000000000
73446  50.870  -28.481  39.253 0.0000000000
73445  51.229  -28.028  39.957 0.0000000000
72209  51.993  -28.700  40.943 0.0000000000
72227  51.418  -28.467  40.484 0.0000000000
71080  51.695  -29.639  41.354 0.0000000000
69943  51.457  -30.278  41.877 0.0000000000
71068  51.441  -30.283  42.722 0.0000000000
63168  44.346  -36.854  43.123 0.0000000000
63139  44.966  -37.274  44.516 0.0000000000
60477  46.418  -38.317  45.503 0.0000000000
61843  46.033  -37.682  45.140 0.0000000000
60466  47.794  -38.488  46.579 0.0000000000
59134  47.008  -39.627  47.822 0.0000000000
60442  48.483  -39.072  48.327 0.0000000000
60424  49.546  -38.491  48.796 0.0000000000
53597  36.803  -44.478  45.860 0.0000000000
53585  37.131  -44.631  46.819 0.0000000000
77251  49.839  -24.436  34.452 0.0000000000
76024  50.522  -25.968  35.393 0.0000000000
26903  9.267  -65.018  58.397 0.0000000000
25537  8.219  -66.617  59.906 0.0000000000
25536  9.265  -67.017  59.571 0.0000000000
24175  9.108  -68.338  59.671 0.0000000000
22774  9.262  -68.521  59.959 0.0000000000
25526  6.612  -66.987  60.668 0.0000000000
66511  43.041  -34.673  40.323 0.0000000000
65387  42.473  -35.025  40.286 0.0000000000
63203  42.205  -37.204  40.584 0.0000000000
63210  42.373  -36.530  40.355 0.0000000000
61928  43.868  -37.116  41.869 0.0000000000
61929  43.387  -37.427  41.638 0.0000000000
60523  42.313  -38.617  42.482 0.0000000000
61908  42.973  -38.142  42.414 0.0000000000
60504  43.221  -38.704  43.354 0.0000000000
60492  43.595  -39.038  43.926 0.0000000000
60493  42.982  -39.206  43.502 0.0000000000
57989  40.837  -40.046  41.554 0.0000000000
59221  41.059  -39.893  41.776 0.0000000000
57967  41.555  -40.211  42.451 0.0000000000
57907  42.551  -41.249  44.486 0.0000000000
57926  43.000  -40.642  44.318 0.0000000000
59179  43.705  -40.208  44.365 0.0000000000
57869  42.625  -41.591  47.621 0.0000000000
57868  43.679  -41.230  47.808 0.0000000000
57833  43.853  -41.368  49.730 0.0000000000
57834  43.293  -41.666  49.352 0.0000000000
45049  32.069  -52.192  47.601 0.0000000000
45048  32.846  -51.906  47.978 0.0000000000
42598  30.897  -54.087  48.969 0.0000000000
42586  31.904  -54.097  49.535 0.0000000000
42584  34.026  -53.861  49.790 0.0000000000
43801  33.599  -52.742  49.111 0.0000000000
42583  35.032  -53.272  50.087 0.0000000000
41251  35.840  -55.199  52.078 0.0000000000
41250  36.599  -54.781  52.202 0.0000000000
41235  37.301  -54.802  53.267 0.0000000000
37145  31.145  -58.355  52.383 0.0000000000
37167  30.896  -57.801  51.906 0.0000000000
35813  33.584  -58.568  53.098 0.0000000000
35828  33.190  -58.385  52.486 0.0000000000
35827  33.594  -58.166  52.710 0.0000000000
38523  33.453  -57.123  52.399 0.0000000000
37144  34.016  -57.752  52.885 0.0000000000
37092  35.824  -58.128  54.621 0.0000000000
38468  35.816  -57.365  54.172 0.0000000000
38485  35.316  -57.018  53.638 0.0000000000
38484  35.960  -56.857  54.040 0.0000000000
39890  35.810  -56.526  53.702 0.0000000000
39870  37.020  -56.520  54.678 0.0000000000
39887  37.808  -55.690  54.972 0.0000000000
31912  26.319  -61.814  59.898 0.0000000000
34385  22.321  -59.719  56.954 0.0000000000
34341  21.638  -60.265  58.573 0.0000000000
34332  19.641  -60.424  59.588 0.0000000000
34333  18.783  -60.642  59.593 0.0000000000
37127  18.707  -57.780  54.126 0.0000000000
37081  18.871  -58.257  55.632 0.0000000000
37082  18.035  -58.161  55.680 0.0000000000
37129  16.369  -57.978  54.322 0.0000000000
35802  16.084  -58.379  54.745 0.0000000000
35776  16.630  -58.487  55.281 0.0000000000
34363  16.355  -60.196  58.091 0.0000000000
34362  17.360  -60.019  57.995 0.0000000000
33105  16.850  -61.127  60.140 0.0000000000
33126  16.515  -60.764  59.469 0.0000000000
34365  14.739  -60.705  57.890 0.0000000000
33144  15.311  -60.882  58.807 0.0000000000
31914  14.858  -62.028  59.337 0.0000000000
31925  14.249  -61.989  58.441 0.0000000000
31945  12.830  -61.881  57.036 0.0000000000
31944  13.153  -61.554  57.330 0.0000000000
30672  13.100  -63.030  59.308 0.0000000000
30688  12.909  -62.881  58.041 0.0000000000
30712  11.243  -62.805  56.773 0.0000000000
29477  8.903  -63.879  58.124 0.0000000000
41303  26.967  -55.302  48.459 0.0000000000
41302  28.104  -55.071  48.247 0.0000000000
39972  28.340  -56.020  49.606 0.0000000000
41305  24.812  -55.281  48.766 0.0000000000
38547  26.461  -57.046  51.126 0.0000000000
38546  27.446  -56.963  50.892 0.0000000000
37149  27.399  -58.282  53.038 0.0000000000
35796  27.410  -59.163  53.721 0.0000000000
37120  25.071  -58.385  53.852 0.0000000000
34431  25.688  -60.088  55.323 0.0000000000
34430  26.643  -60.001  55.303 0.0000000000
34379  27.698  -60.517  56.744 0.0000000000
34380  26.699  -60.503  56.772 0.0000000000
33139  26.618  -60.937  58.396 0.0000000000
30645  25.900  -62.330  61.244 0.0000000000
31827  16.881  -62.007  63.149 0.0000000000
31826  17.550  -62.010  63.416 0.0000000000
30608  17.695  -62.515  64.072 0.0000000000
25535  10.497  -66.991  59.527 0.0000000000
25534  11.298  -66.579  60.272 0.0000000000
25525  11.023  -67.311  60.337 0.0000000000
21404  11.043  -69.498  61.877 0.0000000000
24156  11.490  -67.923  61.569 0.0000000000
22742  12.187  -68.792  63.235 0.0000000000
21395  11.453  -69.573  62.710 0.0000000000
77184  58.622  -24.519  39.201 0.0000000000
78419  59.162  -24.749  38.704 0.0000000000
78402  59.161  -24.522  39.673 0.0000000000
74707  58.822  -25.977  39.837 0.0000000000
75949  54.816  -25.697  40.884 0.0000000000
77163  55.095  -25.358  40.428 0.0000000000
75948  55.383  -25.490  40.901 0.0000000000
77151  56.513  -25.314  41.453 0.0000000000
73399  54.925  -27.747  43.152 0.0000000000
74673  54.890  -27.164  42.491 0.0000000000
73397  56.410  -26.835  43.318 0.0000000000
73396  56.860  -27.055  43.068 0.0000000000
74670  56.725  -26.346  42.786 0.0000000000
73395  57.218  -27.190  42.570 0.0000000000
68829  46.087  -30.824  38.255 0.0000000000
69993  45.588  -30.355  37.885 0.0000000000
69991  47.300  -29.871  38.535 0.0000000000
68809  47.344  -30.944  39.103 0.0000000000
68799  45.695  -32.338  40.400 0.0000000000
68780  48.233  -31.303  40.620 0.0000000000
68796  48.111  -31.003  40.137 0.0000000000
69946  49.076  -31.049  40.815 0.0000000000
68748  50.387  -31.295  43.183 0.0000000000
68731  50.845  -31.645  44.671 0.0000000000
64254  46.017  -36.007  43.965 0.0000000000
64271  45.607  -35.601  43.320 0.0000000000
65315  47.367  -35.521  45.294 0.0000000000
66461  47.415  -34.384  44.592 0.0000000000
66460  47.975  -34.175  45.066 0.0000000000
66441  49.908  -33.807  46.200 0.0000000000
66442  49.081  -34.088  46.121 0.0000000000
66458  49.458  -33.693  45.748 0.0000000000
66459  48.893  -33.849  45.310 0.0000000000
67590  49.671  -33.218  45.136 0.0000000000
57932  37.108  -41.498  44.156 0.0000000000
57931  38.290  -42.042  44.241 0.0000000000
56788  39.311  -42.293  44.264 0.0000000000
57873  38.474  -41.623  47.024 0.0000000000
57852  39.987  -41.673  48.822 0.0000000000
57872  39.319  -41.572  47.409 0.0000000000
57871  40.258  -41.843  47.841 0.0000000000
57891  39.997  -41.626  46.553 0.0000000000
56739  40.810  -41.847  48.387 0.0000000000
56700  41.926  -41.844  50.602 0.0000000000
56714  41.677  -41.822  49.681 0.0000000000
56699  42.844  -41.830  50.622 0.0000000000
56669  42.972  -41.888  51.858 0.0000000000
46250  35.326  -50.647  49.105 0.0000000000
47407  36.548  -50.483  49.501 0.0000000000
48603  37.381  -48.977  49.565 0.0000000000
48615  36.820  -48.949  48.813 0.0000000000
48632  36.469  -48.832  48.097 0.0000000000
49874  38.773  -46.831  49.864 0.0000000000
51070  38.156  -46.716  48.948 0.0000000000
52328  38.501  -46.059  49.100 0.0000000000
52351  38.309  -45.599  48.447 0.0000000000
52327  39.091  -45.548  49.430 0.0000000000
43718  40.087  -52.895  55.196 0.0000000000
44959  40.140  -51.977  54.875 0.0000000000
46157  39.942  -50.680  55.090 0.0000000000
47327  40.137  -50.209  54.532 0.0000000000
46172  39.700  -50.312  52.967 0.0000000000
47337  40.268  -49.837  53.812 0.0000000000
49823  40.779  -47.302  53.881 0.0000000000
49813  40.695  -47.806  54.566 0.0000000000
49824  40.415  -47.852  53.473 0.0000000000
48558  40.186  -48.648  52.716 0.0000000000
49838  40.239  -47.766  52.520 0.0000000000
49839  39.721  -47.712  51.810 0.0000000000
51018  40.285  -46.736  52.258 0.0000000000
52292  40.108  -45.523  51.592 0.0000000000
52307  39.867  -45.009  51.077 0.0000000000
53522  40.164  -44.065  50.502 0.0000000000
54630  38.999  -43.754  49.926 0.0000000000
54621  40.225  -43.773  50.929 0.0000000000
54592  39.662  -42.965  52.670 0.0000000000
54606  39.632  -43.053  51.991 0.0000000000
55643  39.615  -42.592  52.306 0.0000000000
56670  39.483  -41.984  51.923 0.0000000000
56652  40.014  -42.273  52.802 0.0000000000
54552  41.212  -43.684  55.339 0.0000000000
55602  41.470  -43.322  55.657 0.0000000000
56634  41.613  -42.681  54.909 0.0000000000
57758  40.786  -42.155  53.225 0.0000000000
57757  41.396  -41.816  53.369 0.0000000000
83993  55.521  -18.518  32.488 0.0000000000
78469  52.359  -23.306  33.773 0.0000000000
79649  51.770  -22.472  33.705 0.0000000000
80752  56.108  -21.453  32.265 0.0000000000
81834  56.083  -20.461  32.062 0.0000000000
80764  56.786  -21.957  31.851 0.0000000000
79666  56.752  -22.535  31.744 0.0000000000
78485  57.137  -24.090  31.906 0.0000000000
77277  57.931  -24.495  31.904 0.0000000000
77276  58.561  -24.467  31.652 0.0000000000
77267  58.408  -24.831  32.448 0.0000000000
78467  58.817  -24.680  34.784 0.0000000000
77243  58.963  -24.918  34.067 0.0000000000
78476  60.482  -25.061  33.618 0.0000000000
78453  60.951  -24.940  35.033 0.0000000000
82925  60.524  -19.425  30.146 0.0000000000
82924  61.146  -19.956  29.972 0.0000000000
79660  61.352  -23.402  30.926 0.0000000000
31909  28.670  -61.506  59.191 0.0000000000
28177  12.507  -64.557  59.895 0.0000000000
26875  11.790  -65.487  60.164 0.0000000000
25533  11.846  -66.368  60.748 0.0000000000
59108  45.159  -40.965  49.812 0.0000000000
39983  29.188  -55.477  49.273 0.0000000000
39982  29.942  -55.476  49.527 0.0000000000
38555  29.899  -56.255  50.221 0.0000000000
38542  31.011  -56.739  50.856 0.0000000000
39912  21.908  -56.887  52.158 0.0000000000
38507  22.519  -57.176  52.827 0.0000000000
33085  19.736  -61.435  61.326 0.0000000000
31872  19.894  -61.676  61.982 0.0000000000
33073  19.367  -61.598  61.688 0.0000000000
31836  19.240  -61.931  63.040 0.0000000000
77215  55.228  -26.077  38.112 0.0000000000
77202  54.994  -26.010  38.636 0.0000000000
77186  55.059  -25.624  39.472 0.0000000000
71053  52.526  -29.629  42.821 0.0000000000
72180  53.271  -29.043  43.229 0.0000000000
71033  53.950  -30.073  44.999 0.0000000000
66509  44.649  -33.998  41.016 0.0000000000
55703  36.603  -42.879  46.776 0.0000000000
56741  36.807  -42.467  46.878 0.0000000000
56728  37.341  -42.325  47.294 0.0000000000
55683  37.583  -42.696  48.353 0.0000000000
43739  37.362  -53.114  52.292 0.0000000000
43753  37.503  -52.525  52.271 0.0000000000
44976  38.500  -52.151  52.942 0.0000000000
44969  38.953  -52.093  53.717 0.0000000000
74772  53.304  -26.549  35.407 0.0000000000
74771  54.191  -26.571  35.481 0.0000000000
74770  55.047  -26.567  35.611 0.0000000000
74759  54.656  -27.023  36.212 0.0000000000
76005  55.136  -26.770  36.920 0.0000000000
80761  59.114  -21.102  31.086 0.0000000000
80776  59.626  -21.619  30.724 0.0000000000
80762  58.370  -21.333  31.232 0.0000000000
80763  57.538  -21.649  31.504 0.0000000000
35795  28.481  -59.305  53.788 0.0000000000
35794  29.457  -59.204  53.831 0.0000000000
31877  15.165  -62.454  61.328 0.0000000000
31854  15.519  -62.441  61.815 0.0000000000
30636  15.052  -63.028  62.284 0.0000000000
29385  14.794  -63.806  62.947 0.0000000000
26860  13.330  -65.671  63.189 0.0000000000
75995  50.328  -27.299  37.215 0.0000000000
73462  48.538  -28.298  38.307 0.0000000000
73461  49.340  -28.294  38.510 0.0000000000
69960  50.531  -30.165  40.605 0.0000000000
61864  44.529  -37.873  44.207 0.0000000000
60468  46.332  -38.969  45.814 0.0000000000
60427  47.510  -39.656  49.355 0.0000000000
25544  8.147  -65.882  59.375 0.0000000000
63211  41.555  -36.811  40.001 0.0000000000
61930  42.308  -37.836  41.470 0.0000000000
60524  41.835  -38.690  42.030 0.0000000000
60506  41.976  -39.094  42.636 0.0000000000
57949  40.826  -41.513  42.912 0.0000000000
57948  41.549  -40.747  42.742 0.0000000000
57928  41.868  -41.257  43.661 0.0000000000
56768  42.665  -41.461  45.053 0.0000000000
45032  31.494  -52.598  47.984 0.0000000000
41270  32.345  -55.104  50.574 0.0000000000
42569  33.006  -54.727  50.535 0.0000000000
42568  33.668  -54.552  50.471 0.0000000000
39926  35.914  -55.749  52.579 0.0000000000
34456  32.154  -59.184  53.322 0.0000000000
34455  32.925  -59.393  53.375 0.0000000000
34454  33.761  -59.278  53.573 0.0000000000
34453  34.368  -59.241  53.757 0.0000000000
33140  25.507  -60.901  58.401 0.0000000000
33141  24.315  -60.811  58.211 0.0000000000
33142  23.174  -60.631  58.354 0.0000000000
34386  21.458  -59.697  57.196 0.0000000000
34342  20.768  -60.008  58.735 0.0000000000
33123  20.403  -60.307  59.390 0.0000000000
37102  14.817  -58.347  54.654 0.0000000000
35777  15.582  -58.589  55.214 0.0000000000
34388  17.138  -59.711  57.454 0.0000000000
34347  16.045  -60.418  58.898 0.0000000000
41312  26.560  -54.844  48.285 0.0000000000
39976  23.933  -55.845  50.202 0.0000000000
37150  26.372  -58.132  53.083 0.0000000000
34432  24.991  -59.718  55.500 0.0000000000
34381  25.748  -60.267  56.831 0.0000000000
22764  10.496  -68.249  60.646 0.0000000000
24157  10.882  -67.813  60.899 0.0000000000
78389  58.737  -24.314  40.393 0.0000000000
78388  59.234  -24.518  40.326 0.0000000000
78378  59.048  -24.544  40.703 0.0000000000
74708  58.875  -25.564  40.301 0.0000000000
74693  58.490  -26.228  40.199 0.0000000000
73420  58.332  -26.392  40.153 0.0000000000
73421  57.954  -26.474  40.527 0.0000000000
77176  53.315  -25.798  39.365 0.0000000000
77175  53.702  -25.494  39.770 0.0000000000
75958  53.510  -25.977  39.627 0.0000000000
75934  54.785  -26.463  41.539 0.0000000000
72163  55.873  -28.405  44.156 0.0000000000
73387  55.906  -27.734  43.612 0.0000000000
68765  46.722  -32.752  41.630 0.0000000000
68764  47.304  -32.526  41.640 0.0000000000
68762  49.551  -31.556  42.012 0.0000000000
68739  49.385  -32.080  43.725 0.0000000000
64237  46.880  -36.014  45.200 0.0000000000
64253  46.607  -35.739  44.528 0.0000000000
67574  50.320  -33.200  45.847 0.0000000000
57911  37.717  -41.420  45.078 0.0000000000
57838  38.458  -41.315  48.663 0.0000000000
57854  38.770  -41.384  48.070 0.0000000000
57837  38.895  -40.835  48.974 0.0000000000
56727  40.572  -41.836  48.986 0.0000000000
57817  41.166  -41.757  50.929 0.0000000000
47386  37.522  -50.355  50.854 0.0000000000
47406  37.385  -50.007  49.968 0.0000000000
48602  37.712  -48.972  50.247 0.0000000000
49876  37.691  -47.995  49.177 0.0000000000
49864  38.260  -48.181  50.234 0.0000000000
49863  38.837  -47.200  50.288 0.0000000000
44950  40.695  -51.815  56.076 0.0000000000
44949  40.761  -51.045  55.855 0.0000000000
46156  40.532  -50.484  55.642 0.0000000000
51004  40.762  -46.796  53.260 0.0000000000
51017  40.785  -46.336  52.787 0.0000000000
52278  40.903  -46.137  53.089 0.0000000000
53506  40.484  -44.501  52.251 0.0000000000
54605  40.193  -43.652  51.653 0.0000000000
55626  40.409  -43.106  54.046 0.0000000000
77261  53.488  -23.945  33.570 0.0000000000
78480  53.448  -23.216  33.633 0.0000000000
79658  55.480  -22.589  32.502 0.0000000000
76017  57.465  -25.411  35.865 0.0000000000
76032  57.552  -25.347  34.833 0.0000000000
77233  57.982  -24.895  35.493 0.0000000000
77232  58.370  -24.645  35.203 0.0000000000
78455  59.691  -24.539  35.541 0.0000000000
80796  61.357  -21.043  29.941 0.0000000000
81873  61.464  -20.569  29.566 0.0000000000
81872  61.920  -21.158  29.162 0.0000000000
80815  62.495  -21.748  28.658 0.0000000000
78489  61.401  -24.492  31.667 0.0000000000
77263  61.509  -25.345  32.249 0.0000000000
31908  29.533  -61.383  58.915 0.0000000000
30661  13.556  -63.026  60.162 0.0000000000
29423  13.596  -63.377  60.767 0.0000000000
29405  13.180  -63.836  61.270 0.0000000000
28143  13.117  -64.466  61.884 0.0000000000
22741  12.613  -68.210  63.728 0.0000000000
73469  47.889  -27.937  37.764 0.0000000000
72251  47.934  -28.634  38.376 0.0000000000
71122  48.012  -29.404  38.771 0.0000000000
59150  45.965  -39.473  46.285 0.0000000000
59106  46.700  -40.178  49.666 0.0000000000
26886  6.833  -65.404  60.388 0.0000000000
24161  5.562  -68.077  61.795 0.0000000000
56805  40.177  -41.856  43.256 0.0000000000
56787  40.456  -41.922  43.920 0.0000000000
42587  31.263  -54.561  49.464 0.0000000000
41285  31.504  -55.069  49.979 0.0000000000
34408  23.572  -59.594  56.325 0.0000000000
34409  22.911  -59.458  56.473 0.0000000000
35773  21.821  -58.703  55.389 0.0000000000
35724  20.903  -59.364  56.617 0.0000000000
35747  19.435  -58.795  56.160 0.0000000000
35752  14.422  -59.394  55.799 0.0000000000
35753  14.027  -59.668  55.526 0.0000000000
34433  13.737  -59.743  55.419 0.0000000000
38504  24.919  -57.673  52.780 0.0000000000
37152  24.369  -58.141  53.268 0.0000000000
37121  24.175  -58.455  53.934 0.0000000000
38487  23.072  -57.775  53.539 0.0000000000
78436  58.167  -24.668  37.426 0.0000000000
78435  58.663  -24.598  37.453 0.0000000000
78421  57.741  -24.578  38.477 0.0000000000
78404  57.776  -24.448  39.393 0.0000000000
78405  57.067  -24.656  39.392 0.0000000000
78390  57.799  -24.422  40.011 0.0000000000
77160  57.731  -25.133  41.165 0.0000000000
77149  57.888  -24.809  41.805 0.0000000000
73427  53.254  -27.825  41.220 0.0000000000
73426  53.772  -27.646  41.639 0.0000000000
73400  54.368  -27.858  42.696 0.0000000000
72178  54.953  -28.338  43.763 0.0000000000
67671  44.514  -32.821  39.512 0.0000000000
67670  45.069  -32.588  40.049 0.0000000000
68783  45.653  -32.415  41.032 0.0000000000
67641  44.906  -33.372  41.185 0.0000000000
67640  45.707  -33.002  41.353 0.0000000000
67639  46.345  -32.972  41.654 0.0000000000
67613  47.162  -33.214  42.977 0.0000000000
66485  47.345  -33.380  43.479 0.0000000000
61802  49.210  -37.848  47.132 0.0000000000
63118  49.070  -37.014  46.499 0.0000000000
59154  36.103  -40.800  45.464 0.0000000000
59138  36.736  -40.939  45.818 0.0000000000
59139  36.430  -40.977  46.053 0.0000000000
56716  37.733  -42.159  48.215 0.0000000000
57839  37.998  -41.703  48.369 0.0000000000
57821  38.555  -41.098  49.624 0.0000000000
57803  38.715  -40.921  50.449 0.0000000000
57779  38.699  -40.962  51.089 0.0000000000
45013  35.263  -51.955  49.288 0.0000000000
46226  35.121  -51.179  49.241 0.0000000000
45012  35.743  -51.749  50.013 0.0000000000
46205  36.391  -51.378  50.086 0.0000000000
46204  37.246  -51.258  50.693 0.0000000000
44984  37.467  -51.984  51.918 0.0000000000
46203  37.745  -50.595  51.126 0.0000000000
47367  39.183  -49.606  51.910 0.0000000000
77248  52.038  -24.197  34.046 0.0000000000
77247  52.950  -24.068  33.797 0.0000000000
77246  53.724  -24.506  33.762 0.0000000000
76047  54.366  -24.591  33.514 0.0000000000
76046  55.096  -24.973  33.517 0.0000000000
74769  55.561  -26.459  35.928 0.0000000000
76018  56.658  -25.813  35.556 0.0000000000
76002  57.492  -25.427  36.585 0.0000000000
82926  59.687  -19.217  30.557 0.0000000000
80773  61.532  -21.894  30.051 0.0000000000
78505  60.445  -22.886  30.922 0.0000000000
78504  60.769  -23.227  30.998 0.0000000000
78491  60.425  -23.521  31.235 0.0000000000
77274  60.227  -24.229  31.536 0.0000000000
77275  59.480  -24.397  31.546 0.0000000000
37146  30.348  -58.304  52.484 0.0000000000
35816  30.832  -58.722  53.050 0.0000000000
35793  30.421  -59.115  53.799 0.0000000000
35792  31.371  -59.136  53.598 0.0000000000
34444  32.083  -59.774  54.018 0.0000000000
34424  32.599  -59.966  54.834 0.0000000000
33181  30.279  -60.395  56.482 0.0000000000
33180  31.088  -60.284  56.235 0.0000000000
33159  31.477  -61.108  57.056 0.0000000000
38510  19.645  -56.538  53.064 0.0000000000
31874  17.537  -61.563  61.173 0.0000000000
31852  17.157  -61.875  61.809 0.0000000000
31839  16.769  -62.120  62.487 0.0000000000
30622  16.401  -62.451  62.922 0.0000000000
30635  15.879  -62.524  62.434 0.0000000000
30593  16.100  -63.438  64.567 0.0000000000
29404  14.000  -63.448  61.457 0.0000000000
28141  14.312  -64.270  62.838 0.0000000000
28124  14.592  -64.320  63.546 0.0000000000
26850  13.708  -65.425  64.087 0.0000000000
28109  14.095  -64.837  64.015 0.0000000000
28108  14.694  -64.473  64.154 0.0000000000
75978  52.516  -26.302  37.852 0.0000000000
77205  52.650  -26.172  38.374 0.0000000000
77189  52.721  -26.124  38.693 0.0000000000
74711  52.541  -26.907  40.160 0.0000000000
74747  48.945  -27.496  37.281 0.0000000000
74736  49.826  -27.614  38.117 0.0000000000
75970  50.314  -27.564  38.215 0.0000000000
74726  50.182  -27.817  38.478 0.0000000000
74725  50.886  -27.729  38.640 0.0000000000
74713  51.277  -27.804  39.085 0.0000000000
74699  52.369  -27.445  40.377 0.0000000000
73428  52.575  -27.981  40.792 0.0000000000
72208  52.797  -28.684  41.412 0.0000000000
71066  52.495  -29.517  41.831 0.0000000000
72210  51.367  -29.027  40.745 0.0000000000
71045  51.910  -30.295  43.940 0.0000000000
64255  45.322  -36.130  43.690 0.0000000000
63152  45.441  -36.435  44.057 0.0000000000
63138  45.602  -36.857  44.603 0.0000000000
63137  46.507  -36.881  45.086 0.0000000000
61820  48.228  -37.710  46.455 0.0000000000
60457  46.573  -39.285  46.505 0.0000000000
60443  47.686  -39.454  48.221 0.0000000000
60465  48.370  -38.341  46.904 0.0000000000
60453  49.315  -38.252  47.701 0.0000000000
54686  36.725  -43.898  46.527 0.0000000000
53583  38.438  -44.102  47.981 0.0000000000
41212  38.932  -54.770  54.897 0.0000000000
42481  39.408  -54.053  55.166 0.0000000000
43704  39.827  -53.410  56.075 0.0000000000
77250  50.373  -24.378  34.365 0.0000000000
77235  50.932  -25.245  34.639 0.0000000000
76008  52.340  -26.753  36.419 0.0000000000
82905  57.386  -19.454  31.739 0.0000000000
28198  10.433  -65.254  58.496 0.0000000000
26893  10.628  -65.587  58.848 0.0000000000
25538  7.279  -66.366  60.367 0.0000000000
24169  7.508  -67.212  60.311 0.0000000000
24158  7.667  -68.541  60.696 0.0000000000
22755  8.132  -69.029  60.648 0.0000000000
66520  43.588  -34.033  39.742 0.0000000000
66510  43.918  -34.412  40.558 0.0000000000
65380  43.775  -35.130  41.321 0.0000000000
64299  43.468  -35.896  41.069 0.0000000000
64287  44.204  -35.901  41.564 0.0000000000
63188  44.247  -36.712  42.211 0.0000000000
63169  43.941  -37.172  42.793 0.0000000000
61865  44.089  -38.414  43.885 0.0000000000
60491  44.280  -38.742  44.285 0.0000000000
59220  41.464  -39.591  42.142 0.0000000000
59181  42.466  -40.529  43.526 0.0000000000
59200  42.703  -39.525  43.293 0.0000000000
59137  44.361  -40.890  47.819 0.0000000000
57867  44.218  -40.934  48.286 0.0000000000
57848  44.402  -40.939  48.995 0.0000000000
57832  44.603  -41.040  49.884 0.0000000000
46280  32.733  -51.437  47.406 0.0000000000
45047  33.678  -51.898  48.010 0.0000000000
45029  34.296  -52.149  48.531 0.0000000000
43814  30.285  -53.079  47.769 0.0000000000
43803  31.233  -53.033  48.609 0.0000000000
43802  32.373  -53.128  49.130 0.0000000000
43787  32.590  -53.680  49.593 0.0000000000
43800  34.198  -52.447  49.140 0.0000000000
45014  34.608  -52.198  49.103 0.0000000000
43784  35.344  -52.463  49.902 0.0000000000
42582  35.631  -52.755  50.384 0.0000000000
42565  36.548  -53.269  51.444 0.0000000000
41266  36.353  -54.014  51.479 0.0000000000
42529  37.666  -53.989  52.415 0.0000000000
42503  38.227  -54.388  53.994 0.0000000000
35829  32.512  -58.475  52.302 0.0000000000
38524  32.553  -57.162  51.815 0.0000000000
34441  34.760  -59.230  53.988 0.0000000000
35791  34.888  -58.557  53.610 0.0000000000
35764  35.337  -58.801  54.166 0.0000000000
37116  34.766  -57.799  53.302 0.0000000000
38486  34.834  -57.187  53.162 0.0000000000
39907  34.829  -56.565  52.682 0.0000000000
39906  35.420  -56.415  53.123 0.0000000000
39905  36.165  -56.067  53.404 0.0000000000
39904  36.875  -55.632  53.709 0.0000000000
41214  37.432  -55.154  53.947 0.0000000000
41213  38.227  -55.130  54.320 0.0000000000
31864  27.193  -61.987  60.797 0.0000000000
31865  26.237  -62.004  60.904 0.0000000000
33097  25.159  -61.562  59.886 0.0000000000
31892  24.721  -61.840  60.540 0.0000000000
31893  23.723  -61.946  60.673 0.0000000000
31894  23.089  -61.918  60.916 0.0000000000
34357  21.981  -59.950  57.810 0.0000000000
33143  22.371  -60.417  58.302 0.0000000000
33082  22.424  -61.575  60.901 0.0000000000
33083  22.039  -61.321  61.058 0.0000000000
33087  17.928  -61.455  60.639 0.0000000000
38491  20.105  -57.160  53.695 0.0000000000
37126  19.712  -57.705  54.315 0.0000000000
37100  17.279  -58.242  55.044 0.0000000000
35775  17.104  -58.437  55.459 0.0000000000
35711  18.686  -59.515  57.528 0.0000000000
34361  18.363  -59.766  58.291 0.0000000000
35713  17.388  -59.693  57.461 0.0000000000
34334  18.282  -60.736  59.621 0.0000000000
33124  17.925  -60.803  59.712 0.0000000000
33104  17.615  -61.009  60.185 0.0000000000
31895  16.338  -61.305  60.287 0.0000000000
31896  15.709  -61.563  60.128 0.0000000000
33127  15.730  -60.968  59.356 0.0000000000
31915  14.617  -62.372  59.897 0.0000000000
30671  14.143  -62.557  59.624 0.0000000000
33167  14.172  -60.812  57.660 0.0000000000
33168  13.229  -60.986  57.194 0.0000000000
33146  13.949  -61.371  57.908 0.0000000000
29447  11.734  -63.854  58.770 0.0000000000
28217  10.590  -64.297  58.272 0.0000000000
28218  9.967  -64.710  58.256 0.0000000000
28219  9.141  -64.575  58.321 0.0000000000
26904  8.904  -64.803  58.429 0.0000000000
29449  8.201  -63.888  58.545 0.0000000000
28200  7.784  -64.453  58.777 0.0000000000
41310  27.772  -54.486  47.884 0.0000000000
39952  29.025  -56.435  50.171 0.0000000000
41304  25.908  -54.989  48.615 0.0000000000
41288  26.532  -55.843  49.073 0.0000000000
39974  26.126  -56.186  49.951 0.0000000000
39973  27.202  -56.233  49.708 0.0000000000
39954  27.769  -56.523  50.233 0.0000000000
38545  28.239  -56.825  50.585 0.0000000000
37148  28.433  -58.307  52.697 0.0000000000
37151  25.259  -58.133  52.945 0.0000000000
37119  25.949  -58.343  53.769 0.0000000000
35797  26.459  -58.983  54.091 0.0000000000
35767  27.057  -59.545  54.589 0.0000000000
34429  27.608  -59.730  55.382 0.0000000000
34403  28.133  -59.915  56.139 0.0000000000
33138  27.688  -60.848  58.311 0.0000000000
31910  27.823  -61.646  59.458 0.0000000000
31825  18.385  -61.955  63.484 0.0000000000
24148  12.190  -67.916  62.367 0.0000000000
78418  59.499  -24.947  38.968 0.0000000000
77174  54.461  -25.572  40.095 0.0000000000
77173  55.778  -25.276  40.097 0.0000000000
77150  57.263  -25.189  41.726 0.0000000000
75931  57.521  -24.971  42.641 0.0000000000
74682  54.378  -27.223  41.774 0.0000000000
75919  55.132  -26.813  42.052 0.0000000000
75918  55.397  -26.448  42.367 0.0000000000
74656  56.037  -27.020  43.540 0.0000000000
75917  55.905  -25.824  42.833 0.0000000000
75916  56.728  -25.796  42.596 0.0000000000
75915  57.482  -25.610  42.573 0.0000000000
75914  57.886  -25.772  42.413 0.0000000000
74668  57.678  -26.382  42.141 0.0000000000
69976  48.470  -30.361  39.723 0.0000000000
69963  48.102  -30.738  39.845 0.0000000000
71101  48.995  -30.250  39.948 0.0000000000
71082  49.424  -30.352  40.402 0.0000000000
69945  49.983  -30.681  40.975 0.0000000000
69924  50.288  -31.191  41.909 0.0000000000
69923  51.088  -30.510  42.371 0.0000000000
69911  50.878  -30.719  43.356 0.0000000000
69910  51.415  -30.504  43.894 0.0000000000
69904  51.826  -30.642  44.475 0.0000000000
65357  45.432  -35.137  42.805 0.0000000000
65356  45.835  -35.092  43.050 0.0000000000
66477  46.374  -34.735  43.572 0.0000000000
65342  46.527  -35.180  44.027 0.0000000000
67601  48.276  -33.141  43.983 0.0000000000
65312  49.803  -34.651  46.537 0.0000000000
66474  48.484  -33.563  44.552 0.0000000000
67600  49.041  -32.869  44.221 0.0000000000
67599  49.937  -32.403  44.409 0.0000000000
67598  50.487  -32.074  44.480 0.0000000000
69895  51.297  -31.121  44.894 0.0000000000
69894  52.110  -31.182  45.233 0.0000000000
56807  39.117  -42.198  43.640 0.0000000000
57894  37.257  -40.995  45.609 0.0000000000
57909  39.592  -41.669  45.888 0.0000000000
56755  40.029  -41.714  45.848 0.0000000000
56754  40.641  -41.902  45.793 0.0000000000
57851  42.103  -41.746  48.366 0.0000000000
56726  41.379  -41.870  48.834 0.0000000000
56725  42.136  -41.855  49.028 0.0000000000
56712  43.231  -41.695  50.003 0.0000000000
56688  43.580  -41.625  51.134 0.0000000000
48616  36.182  -49.328  48.371 0.0000000000
51071  37.703  -47.234  48.434 0.0000000000
51092  37.982  -46.536  48.282 0.0000000000
52370  38.045  -45.102  47.839 0.0000000000
53567  38.315  -44.752  48.040 0.0000000000
53566  38.609  -44.500  48.607 0.0000000000
43727  38.997  -52.958  54.052 0.0000000000
44960  39.304  -52.320  54.379 0.0000000000
46164  39.190  -51.482  53.792 0.0000000000
47366  39.677  -49.735  52.507 0.0000000000
47353  39.792  -49.288  52.414 0.0000000000
49802  41.239  -47.903  55.524 0.0000000000
48535  40.866  -48.783  55.311 0.0000000000
48544  40.653  -49.028  54.350 0.0000000000
48545  40.363  -48.821  53.571 0.0000000000
51034  39.414  -46.653  50.880 0.0000000000
52293  39.777  -46.044  51.120 0.0000000000
53550  38.986  -44.516  49.347 0.0000000000
54623  38.792  -43.204  50.372 0.0000000000
55668  38.628  -43.043  50.874 0.0000000000
56671  38.703  -41.624  51.385 0.0000000000
57778  39.447  -41.240  51.634 0.0000000000
53459  40.981  -44.162  55.300 0.0000000000
54566  40.905  -43.646  54.628 0.0000000000
56619  41.571  -42.914  55.181 0.0000000000
56635  41.011  -42.636  54.527 0.0000000000
56651  40.535  -42.580  53.640 0.0000000000
57776  41.413  -41.701  52.480 0.0000000000
57775  42.418  -41.888  52.375 0.0000000000
78495  56.827  -23.058  31.637 0.0000000000
76053  56.815  -25.424  32.965 0.0000000000
77257  57.361  -25.436  33.016 0.0000000000
76043  57.849  -25.365  34.221 0.0000000000
77255  59.300  -25.194  33.172 0.0000000000
76042  59.959  -25.314  33.074 0.0000000000
76051  60.061  -25.262  32.838 0.0000000000
78464  61.279  -24.957  34.447 0.0000000000
22758  5.869  -68.344  61.688 0.0000000000
22773  9.488  -68.353  59.858 0.0000000000
24176  8.864  -68.475  59.873 0.0000000000
26859  13.670  -65.119  63.679 0.0000000000
28098  13.930  -65.155  64.495 0.0000000000
28199  8.611  -64.399  58.472 0.0000000000
29341  15.419  -63.911  64.672 0.0000000000
29356  15.449  -63.699  64.465 0.0000000000
29357  15.109  -63.923  64.162 0.0000000000
29386  14.292  -63.745  62.243 0.0000000000
30648  14.994  -62.820  61.573 0.0000000000
30649  14.624  -63.066  61.473 0.0000000000
30686  14.371  -62.409  59.010 0.0000000000
31850  19.257  -61.710  62.120 0.0000000000
31888  28.268  -61.835  59.836 0.0000000000
33088  17.288  -61.255  60.663 0.0000000000
33096  25.606  -61.724  59.806 0.0000000000
33115  29.203  -60.964  58.823 0.0000000000
33128  15.217  -61.290  59.075 0.0000000000
35790  34.663  -58.220  53.383 0.0000000000
35811  34.529  -58.401  53.467 0.0000000000
35812  34.285  -58.564  53.460 0.0000000000
37101  16.715  -58.319  54.832 0.0000000000
37103  14.461  -58.337  54.600 0.0000000000
37115  34.518  -58.080  53.272 0.0000000000
37117  34.519  -57.414  53.031 0.0000000000
37143  34.247  -58.168  53.230 0.0000000000
37164  33.464  -57.884  52.464 0.0000000000
38556  29.622  -56.444  50.293 0.0000000000
42600  28.942  -54.701  48.117 0.0000000000
43719  39.638  -53.127  54.717 0.0000000000
43769  36.510  -52.652  51.212 0.0000000000
44998  36.618  -52.044  50.910 0.0000000000
46184  39.454  -50.039  52.389 0.0000000000
47336  40.409  -49.731  54.456 0.0000000000
48559  39.715  -48.934  52.111 0.0000000000
48587  37.982  -48.847  50.823 0.0000000000
51033  39.866  -46.419  51.458 0.0000000000
51069  38.689  -46.466  49.484 0.0000000000
52266  40.900  -45.818  53.620 0.0000000000
52267  40.908  -45.287  53.370 0.0000000000
53534  39.865  -44.694  50.721 0.0000000000
54640  38.138  -43.261  48.923 0.0000000000
54652  38.430  -43.768  48.502 0.0000000000
55682  37.708  -42.963  48.872 0.0000000000
55693  37.232  -42.880  47.387 0.0000000000
56668  43.236  -41.784  51.817 0.0000000000
56689  43.287  -41.750  51.408 0.0000000000
56690  42.500  -41.944  51.418 0.0000000000
56698  43.556  -41.632  50.659 0.0000000000
56715  40.890  -41.793  49.664 0.0000000000
56772  39.262  -42.246  44.961 0.0000000000
57774  43.428  -41.683  52.177 0.0000000000
57797  43.936  -41.547  51.352 0.0000000000
57814  45.396  -41.253  50.877 0.0000000000
57815  44.681  -41.333  50.713 0.0000000000
57876  36.089  -41.465  46.464 0.0000000000
57913  36.194  -40.931  44.741 0.0000000000
57930  38.869  -42.356  44.775 0.0000000000
59153  36.531  -40.828  45.286 0.0000000000
60559  41.308  -38.462  40.696 0.0000000000
61887  43.112  -38.396  43.057 0.0000000000
63103  49.525  -37.488  46.975 0.0000000000
65327  47.610  -34.665  45.016 0.0000000000
69922  51.443  -30.301  42.169 0.0000000000
69962  48.561  -30.741  40.231 0.0000000000
69978  47.160  -30.604  38.748 0.0000000000
71055  51.263  -30.408  42.939 0.0000000000
72155  54.798  -29.291  44.813 0.0000000000
72166  53.647  -29.206  43.884 0.0000000000
72177  55.548  -28.254  43.831 0.0000000000
73394  57.400  -26.754  42.180 0.0000000000
73411  54.005  -27.792  42.176 0.0000000000
74657  55.780  -27.292  43.488 0.0000000000
74681  54.881  -26.989  41.917 0.0000000000
74757  55.638  -26.476  36.189 0.0000000000
75947  58.084  -25.224  41.499 0.0000000000
75957  59.071  -25.276  40.386 0.0000000000
75961  51.202  -27.507  38.726 0.0000000000
75967  52.703  -26.132  39.011 0.0000000000
76031  57.892  -25.205  34.539 0.0000000000
76041  60.210  -25.317  33.092 0.0000000000
76052  59.789  -25.189  32.736 0.0000000000
76054  56.383  -24.907  32.827 0.0000000000
77158  59.052  -24.761  41.041 0.0000000000
77159  58.145  -24.862  41.182 0.0000000000
77171  59.198  -24.858  40.490 0.0000000000
77183  58.863  -24.582  39.218 0.0000000000
77197  58.856  -24.641  38.894 0.0000000000
77198  58.678  -24.557  38.969 0.0000000000
77201  55.897  -25.860  38.524 0.0000000000
77245  57.951  -24.778  34.985 0.0000000000
77254  60.152  -25.230  33.265 0.0000000000
77270  55.480  -24.175  32.604 0.0000000000
78368  58.159  -24.658  41.127 0.0000000000
78369  58.096  -24.717  41.323 0.0000000000
78380  58.223  -24.588  41.020 0.0000000000
78387  59.445  -24.558  40.113 0.0000000000
78401  59.451  -24.695  39.841 0.0000000000
78424  55.690  -25.751  39.071 0.0000000000
79621  59.122  -24.533  36.996 0.0000000000
79633  59.363  -24.545  36.757 0.0000000000
