#!ascii label  , from subject 3442 vox2ras=TkReg
1009
60584  -37.455  -25.130  64.668 0.0000000000
58208  -22.867  -27.485  62.096 0.0000000000
54742  -29.764  -31.135  64.621 0.0000000000
85638  -45.030  -4.150  45.638 0.0000000000
86875  -53.252  -3.540  40.545 0.0000000000
54769  -16.823  -30.317  63.636 0.0000000000
81974  -40.645  -7.780  49.636 0.0000000000
65011  -35.607  -21.217  64.720 0.0000000000
55851  -34.402  -29.084  65.879 0.0000000000
58204  -19.050  -27.783  61.541 0.0000000000
52481  -18.943  -32.748  64.617 0.0000000000
60581  -35.249  -25.378  63.658 0.0000000000
63924  -32.380  -22.904  62.958 0.0000000000
53600  -24.710  -31.288  64.676 0.0000000000
57042  -31.834  -27.669  64.327 0.0000000000
70093  -40.768  -17.480  49.371 0.0000000000
75130  -43.699  -13.554  46.070 0.0000000000
82007  -44.117  -7.244  47.553 0.0000000000
49308  -12.674  -35.301  61.424 0.0000000000
45974  -9.197  -38.381  61.289 0.0000000000
66209  -31.556  -20.391  60.221 0.0000000000
66281  -34.035  -21.343  55.855 0.0000000000
66325  -38.236  -20.465  52.655 0.0000000000
50402  -16.058  -35.067  63.270 0.0000000000
57012  -21.202  -28.523  65.184 0.0000000000
57014  -22.795  -28.610  65.615 0.0000000000
58160  -36.409  -27.411  65.550 0.0000000000
60597  -22.184  -25.005  62.819 0.0000000000
58206  -20.977  -27.388  61.139 0.0000000000
54754  -20.631  -29.965  63.195 0.0000000000
60543  -34.711  -25.238  65.759 0.0000000000
59360  -34.143  -26.558  64.117 0.0000000000
72736  -39.924  -15.923  47.901 0.0000000000
72739  -42.464  -15.689  46.989 0.0000000000
75127  -40.995  -13.409  46.634 0.0000000000
82004  -40.939  -7.166  47.592 0.0000000000
83282  -43.426  -6.282  45.160 0.0000000000
82028  -46.630  -7.333  46.080 0.0000000000
83306  -46.633  -6.606  43.307 0.0000000000
83321  -49.308  -6.584  42.252 0.0000000000
65027  -29.414  -21.295  63.947 0.0000000000
65050  -31.881  -21.778  61.333 0.0000000000
67411  -29.346  -20.184  60.917 0.0000000000
68759  -31.389  -18.419  55.634 0.0000000000
67530  -33.622  -19.248  53.616 0.0000000000
65119  -35.819  -21.854  54.449 0.0000000000
68834  -35.551  -18.890  52.671 0.0000000000
68844  -36.764  -18.454  51.674 0.0000000000
53603  -27.427  -31.648  64.920 0.0000000000
52504  -14.225  -32.413  61.741 0.0000000000
51466  -16.777  -32.853  61.358 0.0000000000
42784  -9.597  -40.833  63.318 0.0000000000
41656  -8.543  -42.154  63.881 0.0000000000
77356  -41.076  -10.979  48.972 0.0000000000
68628  -35.685  -19.078  63.382 0.0000000000
54745  -32.074  -30.215  64.655 0.0000000000
55910  -17.666  -29.758  62.072 0.0000000000
53636  -18.325  -31.784  61.668 0.0000000000
54770  -20.172  -30.984  62.721 0.0000000000
87963  -55.373  -2.187  39.763 0.0000000000
60601  -36.247  -25.189  63.142 0.0000000000
62884  -35.468  -23.753  62.727 0.0000000000
62875  -34.254  -23.789  63.843 0.0000000000
60599  -24.161  -25.816  62.552 0.0000000000
57055  -23.855  -28.505  63.573 0.0000000000
57037  -24.988  -28.933  64.127 0.0000000000
55883  -25.992  -29.992  63.322 0.0000000000
54775  -28.634  -30.394  62.867 0.0000000000
57019  -29.286  -28.624  64.186 0.0000000000
55902  -30.872  -29.684  62.657 0.0000000000
57060  -33.113  -28.612  62.857 0.0000000000
58193  -35.422  -27.280  63.503 0.0000000000
68837  -41.528  -18.904  52.522 0.0000000000
79615  -41.070  -9.955  47.779 0.0000000000
79619  -43.787  -10.135  48.003 0.0000000000
83334  -51.653  -6.534  41.660 0.0000000000
47103  -10.851  -37.220  61.139 0.0000000000
44838  -10.981  -39.478  63.695 0.0000000000
65041  -34.033  -22.157  62.368 0.0000000000
67393  -33.623  -20.067  62.022 0.0000000000
67436  -34.119  -19.548  60.623 0.0000000000
67470  -30.411  -18.868  58.617 0.0000000000
67488  -32.125  -19.798  57.684 0.0000000000
67476  -36.143  -20.176  58.995 0.0000000000
65083  -37.701  -21.777  57.213 0.0000000000
65110  -39.533  -21.656  55.617 0.0000000000
67553  -40.677  -20.029  53.576 0.0000000000
68847  -39.480  -18.691  51.278 0.0000000000
70090  -38.129  -17.066  49.656 0.0000000000
54713  -23.760  -30.842  67.257 0.0000000000
51435  -12.513  -33.475  62.498 0.0000000000
49309  -13.878  -35.296  61.898 0.0000000000
51422  -17.976  -33.990  64.066 0.0000000000
40570  -7.603  -43.556  63.407 0.0000000000
57033  -21.892  -28.140  63.972 0.0000000000
57013  -22.016  -28.207  65.370 0.0000000000
58167  -22.765  -28.066  63.563 0.0000000000
60561  -36.846  -26.264  65.585 0.0000000000
60612  -22.465  -25.669  61.957 0.0000000000
59377  -20.992  -25.790  62.093 0.0000000000
58207  -22.032  -27.562  61.711 0.0000000000
57052  -21.641  -28.195  62.779 0.0000000000
73950  -40.900  -14.414  47.742 0.0000000000
72746  -40.822  -14.628  46.850 0.0000000000
75110  -41.028  -13.347  47.369 0.0000000000
86816  -43.273  -3.618  46.519 0.0000000000
85654  -42.186  -4.758  45.445 0.0000000000
85672  -43.749  -5.185  44.470 0.0000000000
84473  -44.719  -6.077  43.966 0.0000000000
85674  -45.150  -5.092  44.392 0.0000000000
85689  -46.551  -5.431  43.464 0.0000000000
66183  -28.996  -20.853  62.340 0.0000000000
68799  -33.631  -18.381  54.114 0.0000000000
67551  -35.041  -19.742  52.753 0.0000000000
68824  -35.035  -18.641  53.305 0.0000000000
70060  -36.662  -17.901  52.889 0.0000000000
53604  -28.280  -31.532  65.039 0.0000000000
53590  -27.903  -31.712  66.020 0.0000000000
53591  -28.800  -31.443  66.025 0.0000000000
53633  -15.484  -31.757  62.163 0.0000000000
53646  -16.963  -31.536  61.897 0.0000000000
85728  -53.740  -4.237  39.928 0.0000000000
42768  -8.940  -41.547  63.870 0.0000000000
65012  -36.071  -21.534  65.033 0.0000000000
67363  -35.245  -19.729  64.075 0.0000000000
55849  -33.066  -29.687  65.174 0.0000000000
54718  -33.573  -29.893  67.165 0.0000000000
58184  -19.377  -26.609  62.429 0.0000000000
58183  -18.659  -27.337  62.700 0.0000000000
58164  -17.749  -27.819  63.614 0.0000000000
57068  -18.569  -28.557  61.749 0.0000000000
55911  -18.533  -29.776  61.563 0.0000000000
55912  -19.470  -29.600  61.453 0.0000000000
55859  -20.119  -29.822  65.174 0.0000000000
54739  -19.895  -30.597  65.140 0.0000000000
60582  -35.731  -25.352  63.217 0.0000000000
61818  -35.396  -24.819  63.223 0.0000000000
61817  -34.756  -24.511  63.795 0.0000000000
60559  -24.854  -26.053  64.670 0.0000000000
59359  -25.147  -27.045  63.987 0.0000000000
59343  -25.168  -27.073  64.977 0.0000000000
55864  -26.339  -29.252  64.135 0.0000000000
55865  -27.390  -29.470  64.265 0.0000000000
54759  -27.809  -30.667  63.175 0.0000000000
55885  -28.241  -29.663  63.220 0.0000000000
57021  -31.365  -27.807  65.015 0.0000000000
57020  -30.329  -28.101  64.578 0.0000000000
57057  -30.146  -28.988  62.599 0.0000000000
57058  -31.280  -28.568  62.761 0.0000000000
55903  -31.844  -29.389  62.780 0.0000000000
58190  -32.475  -28.147  62.882 0.0000000000
59361  -34.797  -26.267  63.824 0.0000000000
58192  -34.417  -27.156  63.144 0.0000000000
59379  -35.245  -26.603  63.517 0.0000000000
58194  -36.156  -27.044  63.794 0.0000000000
68859  -40.919  -18.125  50.906 0.0000000000
70073  -42.297  -17.785  51.213 0.0000000000
70094  -41.816  -17.278  49.547 0.0000000000
73968  -43.159  -14.682  46.419 0.0000000000
72729  -43.873  -15.550  47.800 0.0000000000
79575  -40.646  -9.209  49.631 0.0000000000
78495  -40.857  -10.673  47.909 0.0000000000
80769  -40.325  -8.461  49.219 0.0000000000
82006  -42.890  -7.675  47.704 0.0000000000
80779  -42.330  -8.701  48.173 0.0000000000
81989  -43.282  -7.992  48.058 0.0000000000
78488  -44.817  -10.152  48.246 0.0000000000
83333  -50.678  -6.401  41.734 0.0000000000
85717  -50.623  -5.182  41.495 0.0000000000
84511  -51.665  -5.316  40.832 0.0000000000
49307  -11.513  -35.252  61.262 0.0000000000
49306  -10.518  -35.559  61.549 0.0000000000
48176  -11.780  -36.253  61.163 0.0000000000
45939  -11.234  -38.808  63.956 0.0000000000
44813  -10.049  -39.319  65.527 0.0000000000
62892  -34.128  -23.314  62.522 0.0000000000
63939  -34.826  -22.865  62.551 0.0000000000
63937  -33.361  -22.894  62.355 0.0000000000
66193  -31.160  -20.961  60.731 0.0000000000
65051  -32.567  -21.076  61.375 0.0000000000
66195  -32.740  -20.443  61.005 0.0000000000
67414  -34.049  -19.605  61.553 0.0000000000
67435  -32.962  -19.934  60.332 0.0000000000
69912  -30.939  -16.952  57.994 0.0000000000
67511  -32.074  -19.807  55.546 0.0000000000
67500  -31.444  -19.429  56.977 0.0000000000
66253  -33.458  -20.374  57.097 0.0000000000
67490  -34.387  -20.157  57.861 0.0000000000
66255  -35.008  -20.664  57.679 0.0000000000
66257  -37.294  -21.313  57.950 0.0000000000
65096  -35.996  -21.777  56.616 0.0000000000
66306  -36.773  -20.979  52.960 0.0000000000
65121  -37.916  -21.852  54.606 0.0000000000
65132  -38.289  -21.475  53.942 0.0000000000
66294  -39.675  -21.178  54.567 0.0000000000
66326  -39.198  -20.309  52.979 0.0000000000
67574  -39.765  -19.775  52.697 0.0000000000
67573  -38.635  -19.819  52.229 0.0000000000
71333  -37.603  -16.393  51.837 0.0000000000
70079  -37.652  -17.375  50.367 0.0000000000
72709  -37.867  -15.925  50.317 0.0000000000
55881  -23.929  -30.125  64.485 0.0000000000
55880  -23.593  -29.589  65.108 0.0000000000
54741  -24.050  -30.983  65.276 0.0000000000
50441  -15.779  -34.214  61.474 0.0000000000
51463  -14.084  -33.768  61.086 0.0000000000
50419  -14.990  -34.990  62.038 0.0000000000
52490  -19.016  -32.975  63.606 0.0000000000
51438  -18.212  -33.467  62.445 0.0000000000
51423  -18.548  -33.416  64.406 0.0000000000
55842  -20.617  -28.922  66.281 0.0000000000
56992  -21.393  -28.589  66.406 0.0000000000
56993  -22.172  -28.434  66.630 0.0000000000
56976  -22.688  -29.142  68.201 0.0000000000
57002  -35.057  -28.634  65.649 0.0000000000
55852  -34.959  -28.894  66.454 0.0000000000
60595  -20.610  -25.324  63.371 0.0000000000
59376  -20.105  -25.892  62.728 0.0000000000
57074  -19.923  -27.741  60.780 0.0000000000
55913  -20.408  -29.581  61.503 0.0000000000
57070  -20.825  -28.583  61.312 0.0000000000
57032  -21.080  -28.617  63.926 0.0000000000
60560  -34.875  -25.364  64.495 0.0000000000
61804  -34.623  -24.496  65.095 0.0000000000
58157  -32.350  -27.524  64.812 0.0000000000
58171  -32.357  -27.670  63.547 0.0000000000
59346  -34.501  -26.176  65.048 0.0000000000
70102  -40.188  -17.190  48.540 0.0000000000
70103  -41.160  -17.095  48.681 0.0000000000
71380  -41.010  -16.157  47.513 0.0000000000
73967  -41.843  -14.376  46.166 0.0000000000
75129  -42.346  -13.518  45.830 0.0000000000
83235  -40.179  -6.497  48.482 0.0000000000
84433  -40.673  -5.732  47.357 0.0000000000
83280  -41.700  -5.773  45.830 0.0000000000
83267  -43.731  -6.778  46.046 0.0000000000
83269  -45.322  -7.081  46.246 0.0000000000
82055  -44.909  -7.059  44.998 0.0000000000
82057  -46.292  -7.581  44.517 0.0000000000
82059  -48.368  -8.228  44.053 0.0000000000
82083  -48.135  -6.879  42.717 0.0000000000
84490  -48.064  -5.696  42.565 0.0000000000
48177  -12.894  -36.207  61.983 0.0000000000
47105  -12.437  -36.910  62.124 0.0000000000
47063  -12.396  -37.160  64.351 0.0000000000
65029  -31.089  -22.484  63.439 0.0000000000
63936  -32.226  -22.566  61.946 0.0000000000
63934  -30.477  -22.467  62.109 0.0000000000
65057  -29.876  -21.280  60.704 0.0000000000
66208  -30.600  -20.373  60.119 0.0000000000
71234  -31.595  -16.671  56.641 0.0000000000
69989  -32.616  -17.351  55.359 0.0000000000
67528  -32.096  -19.386  54.681 0.0000000000
66291  -33.352  -20.782  54.307 0.0000000000
65106  -35.329  -21.858  55.396 0.0000000000
66304  -34.615  -20.799  53.314 0.0000000000
66305  -35.690  -20.776  52.766 0.0000000000
66323  -36.411  -20.299  52.392 0.0000000000
67587  -37.274  -19.071  51.616 0.0000000000
68835  -36.191  -18.582  52.342 0.0000000000
53601  -25.463  -31.619  64.722 0.0000000000
53587  -24.901  -31.566  65.672 0.0000000000
53588  -25.892  -31.869  65.868 0.0000000000
52519  -15.233  -32.468  61.345 0.0000000000
51448  -16.708  -33.919  61.557 0.0000000000
44855  -9.912  -39.841  61.777 0.0000000000
45956  -8.253  -38.495  61.828 0.0000000000
43814  -8.961  -40.546  62.318 0.0000000000
42783  -9.048  -41.351  63.030 0.0000000000
42782  -8.081  -41.628  62.399 0.0000000000
68650  -36.245  -18.961  62.620 0.0000000000
54729  -30.780  -30.735  65.722 0.0000000000
53578  -30.270  -31.137  67.129 0.0000000000
57031  -17.038  -28.770  64.317 0.0000000000
55895  -17.146  -29.644  63.177 0.0000000000
54791  -17.371  -31.311  61.848 0.0000000000
54784  -18.243  -30.827  61.578 0.0000000000
53637  -19.096  -31.729  61.948 0.0000000000
52491  -19.371  -32.260  63.736 0.0000000000
54771  -20.520  -30.209  62.568 0.0000000000
53612  -19.757  -31.504  63.789 0.0000000000
52474  -19.308  -31.875  65.454 0.0000000000
87962  -54.742  -2.609  40.123 0.0000000000
60602  -36.894  -25.368  63.741 0.0000000000
61827  -37.213  -24.373  63.615 0.0000000000
61825  -35.892  -24.555  62.748 0.0000000000
62883  -34.498  -23.771  63.031 0.0000000000
62882  -33.747  -23.515  63.531 0.0000000000
62868  -33.824  -23.405  65.117 0.0000000000
63914  -33.202  -23.199  64.063 0.0000000000
63913  -32.395  -22.797  64.110 0.0000000000
65019  -31.274  -22.205  64.437 0.0000000000
59396  -23.472  -26.866  61.871 0.0000000000
58187  -23.747  -28.067  62.978 0.0000000000
58210  -24.238  -27.570  62.584 0.0000000000
57036  -24.350  -28.971  63.823 0.0000000000
55882  -24.999  -29.977  63.638 0.0000000000
57016  -25.524  -28.681  64.601 0.0000000000
55863  -25.548  -29.271  63.794 0.0000000000
54773  -25.567  -30.838  63.463 0.0000000000
53616  -27.033  -31.316  63.892 0.0000000000
53617  -27.994  -31.350  64.106 0.0000000000
54760  -28.904  -31.079  63.707 0.0000000000
55866  -28.387  -29.236  64.490 0.0000000000
57039  -29.221  -28.930  62.941 0.0000000000
55901  -29.864  -29.741  62.507 0.0000000000
54761  -29.987  -30.821  63.622 0.0000000000
54763  -31.654  -30.277  63.882 0.0000000000
55868  -32.779  -29.778  64.538 0.0000000000
55890  -33.824  -29.133  63.872 0.0000000000
58191  -33.305  -27.721  62.962 0.0000000000
57061  -34.059  -28.194  62.868 0.0000000000
57023  -34.842  -28.685  64.740 0.0000000000
58174  -35.952  -27.737  64.116 0.0000000000
59381  -36.533  -26.444  64.150 0.0000000000
60598  -23.233  -25.304  62.734 0.0000000000
71353  -42.905  -16.658  49.107 0.0000000000
76243  -41.050  -12.280  47.546 0.0000000000
77386  -41.160  -11.253  46.863 0.0000000000
78506  -42.186  -11.146  46.617 0.0000000000
80778  -41.530  -8.611  48.199 0.0000000000
79617  -42.373  -10.078  47.728 0.0000000000
77387  -43.819  -11.232  46.855 0.0000000000
77389  -45.749  -11.690  47.122 0.0000000000
84503  -53.004  -5.839  41.043 0.0000000000
85727  -52.463  -4.439  40.644 0.0000000000
86874  -52.507  -3.741  41.095 0.0000000000
48158  -9.619  -35.972  62.325 0.0000000000
47102  -9.541  -37.189  61.019 0.0000000000
45977  -11.770  -37.864  61.976 0.0000000000
45957  -11.236  -38.774  62.042 0.0000000000
44873  -10.514  -38.984  61.556 0.0000000000
43798  -10.458  -40.119  63.715 0.0000000000
62876  -36.588  -23.180  63.624 0.0000000000
63915  -35.495  -22.125  63.763 0.0000000000
65032  -34.725  -21.613  63.185 0.0000000000
65040  -33.081  -21.719  61.898 0.0000000000
65031  -33.808  -21.394  62.521 0.0000000000
66176  -34.082  -20.736  63.067 0.0000000000
67394  -34.307  -19.690  62.298 0.0000000000
68666  -35.246  -19.277  61.712 0.0000000000
67438  -36.124  -19.446  60.637 0.0000000000
67452  -30.262  -19.146  59.124 0.0000000000
67453  -30.708  -19.921  59.304 0.0000000000
68733  -30.768  -18.284  56.923 0.0000000000
67487  -31.212  -19.472  57.831 0.0000000000
67472  -31.661  -19.815  58.677 0.0000000000
67456  -33.511  -19.728  59.498 0.0000000000
67458  -35.669  -19.771  59.619 0.0000000000
65107  -36.428  -21.977  55.476 0.0000000000
65098  -38.079  -21.921  56.370 0.0000000000
67575  -40.857  -19.378  52.684 0.0000000000
68848  -40.640  -18.703  51.660 0.0000000000
68858  -39.918  -18.236  50.700 0.0000000000
68845  -37.522  -18.340  51.089 0.0000000000
70080  -38.426  -17.618  49.989 0.0000000000
70091  -38.812  -17.236  49.207 0.0000000000
71364  -39.041  -16.547  48.722 0.0000000000
72728  -40.333  -14.989  48.461 0.0000000000
57035  -23.554  -28.872  64.568 0.0000000000
56995  -23.168  -29.404  66.653 0.0000000000
54714  -24.454  -31.408  67.810 0.0000000000
50438  -12.499  -34.330  61.451 0.0000000000
52503  -13.596  -32.907  61.484 0.0000000000
50439  -13.514  -34.495  61.326 0.0000000000
48161  -13.564  -35.876  62.779 0.0000000000
52522  -17.420  -32.174  61.544 0.0000000000
51437  -17.628  -33.836  62.210 0.0000000000
50390  -16.790  -34.889  63.866 0.0000000000
41642  -7.645  -42.490  64.923 0.0000000000
41655  -8.011  -42.735  64.000 0.0000000000
42781  -7.052  -41.703  62.297 0.0000000000
61805  -37.902  -24.503  65.425 0.0000000000
58185  -22.325  -27.911  62.801 0.0000000000
58166  -22.533  -28.018  63.502 0.0000000000
60562  -37.339  -25.565  65.920 0.0000000000
59395  -22.658  -26.626  61.631 0.0000000000
75094  -41.316  -13.807  47.994 0.0000000000
75111  -41.323  -13.287  47.776 0.0000000000
86817  -44.335  -3.588  46.303 0.0000000000
86827  -43.638  -3.793  45.758 0.0000000000
85656  -44.589  -4.550  44.949 0.0000000000
85673  -44.275  -5.065  44.448 0.0000000000
85657  -45.597  -4.693  44.950 0.0000000000
53605  -29.017  -31.318  64.930 0.0000000000
54768  -16.515  -30.939  63.361 0.0000000000
53634  -16.263  -31.321  62.590 0.0000000000
54782  -16.714  -31.073  62.678 0.0000000000
86883  -53.830  -3.489  39.911 0.0000000000
85737  -54.123  -3.689  39.724 0.0000000000
66159  -35.450  -20.655  64.766 0.0000000000
66168  -34.893  -20.670  63.873 0.0000000000
55850  -33.495  -29.524  65.803 0.0000000000
55833  -33.990  -29.496  66.530 0.0000000000
57050  -18.160  -28.072  62.414 0.0000000000
55846  -27.615  -29.350  65.449 0.0000000000
55845  -26.760  -29.102  65.201 0.0000000000
57022  -31.862  -27.686  64.780 0.0000000000
57041  -31.276  -27.869  63.679 0.0000000000
58189  -31.962  -28.327  62.792 0.0000000000
58170  -31.847  -27.984  62.950 0.0000000000
59362  -35.455  -25.955  63.557 0.0000000000
70082  -40.336  -17.799  50.075 0.0000000000
70083  -41.470  -17.704  50.458 0.0000000000
73952  -44.080  -14.969  46.914 0.0000000000
75131  -44.837  -13.398  46.320 0.0000000000
80770  -40.557  -8.428  49.656 0.0000000000
81973  -40.165  -7.661  49.237 0.0000000000
82024  -43.263  -6.954  46.865 0.0000000000
81990  -43.776  -7.919  48.089 0.0000000000
80781  -44.351  -8.582  48.455 0.0000000000
85708  -50.081  -4.817  42.049 0.0000000000
62891  -33.734  -23.432  62.856 0.0000000000
66194  -32.029  -20.803  60.889 0.0000000000
66210  -32.314  -20.342  60.482 0.0000000000
67434  -32.189  -20.117  60.000 0.0000000000
66280  -33.414  -21.031  55.560 0.0000000000
66268  -32.732  -20.345  56.396 0.0000000000
66270  -34.257  -21.098  56.514 0.0000000000
66254  -33.934  -20.473  57.196 0.0000000000
66271  -35.344  -21.379  56.948 0.0000000000
65095  -34.900  -21.604  56.154 0.0000000000
66307  -37.778  -20.994  53.209 0.0000000000
66308  -38.875  -20.965  53.652 0.0000000000
54755  -24.326  -30.895  64.463 0.0000000000
55862  -23.796  -30.479  65.179 0.0000000000
50420  -15.666  -34.857  62.299 0.0000000000
49293  -15.553  -35.222  62.876 0.0000000000
49277  -15.499  -35.427  63.450 0.0000000000
51416  -18.572  -33.141  65.138 0.0000000000
47085  -8.623  -37.390  62.013 0.0000000000
65013  -36.621  -22.098  65.092 0.0000000000
56975  -22.243  -28.670  67.748 0.0000000000
56994  -22.845  -29.010  66.932 0.0000000000
57025  -35.967  -27.921  65.598 0.0000000000
57003  -35.532  -28.348  66.240 0.0000000000
60556  -21.367  -24.646  64.431 0.0000000000
60596  -21.148  -25.239  62.923 0.0000000000
59394  -21.621  -26.385  61.663 0.0000000000
59393  -20.644  -26.402  61.633 0.0000000000
58205  -19.715  -27.055  61.379 0.0000000000
58221  -20.653  -27.899  60.864 0.0000000000
57051  -21.061  -28.748  62.674 0.0000000000
55860  -20.418  -28.983  65.094 0.0000000000
61786  -34.553  -24.361  66.263 0.0000000000
58158  -33.164  -27.087  65.404 0.0000000000
59334  -34.391  -25.908  66.517 0.0000000000
71365  -39.736  -16.514  48.160 0.0000000000
71366  -40.603  -16.682  48.024 0.0000000000
71379  -40.282  -16.120  47.739 0.0000000000
73966  -41.096  -14.170  46.481 0.0000000000
72747  -41.243  -14.885  46.675 0.0000000000
75142  -41.602  -13.251  45.804 0.0000000000
84427  -40.942  -5.258  47.662 0.0000000000
85620  -41.509  -4.513  46.892 0.0000000000
84445  -42.661  -5.434  45.068 0.0000000000
84444  -41.927  -5.402  45.509 0.0000000000
83281  -42.211  -6.017  45.583 0.0000000000
83266  -42.664  -6.574  46.127 0.0000000000
83283  -44.520  -6.897  45.383 0.0000000000
83305  -45.617  -6.659  43.811 0.0000000000
83295  -45.332  -6.989  44.194 0.0000000000
82070  -46.507  -7.307  43.766 0.0000000000
82071  -47.684  -7.301  43.199 0.0000000000
83307  -47.285  -6.449  42.975 0.0000000000
85676  -47.324  -4.669  43.981 0.0000000000
84477  -47.502  -5.447  42.917 0.0000000000
65028  -30.259  -21.969  63.574 0.0000000000
63922  -30.772  -22.475  62.786 0.0000000000
65038  -30.084  -22.232  62.708 0.0000000000
66192  -29.195  -20.818  61.439 0.0000000000
65056  -29.453  -21.300  61.136 0.0000000000
66206  -29.507  -20.774  60.797 0.0000000000
66207  -29.916  -20.618  60.340 0.0000000000
67431  -29.624  -20.331  60.502 0.0000000000
68798  -32.556  -18.534  54.361 0.0000000000
67529  -32.880  -19.567  54.035 0.0000000000
66290  -32.565  -20.329  54.928 0.0000000000
67549  -33.500  -20.000  53.644 0.0000000000
66292  -34.063  -21.075  53.973 0.0000000000
66303  -33.889  -20.517  53.620 0.0000000000
67570  -35.869  -19.645  52.367 0.0000000000
67571  -36.730  -19.466  52.089 0.0000000000
53602  -26.440  -31.733  64.780 0.0000000000
53589  -26.934  -31.821  65.954 0.0000000000
53575  -27.517  -31.882  67.106 0.0000000000
53645  -16.255  -31.817  61.771 0.0000000000
53644  -15.786  -32.060  61.581 0.0000000000
52520  -16.195  -32.432  61.352 0.0000000000
51465  -16.194  -33.388  61.187 0.0000000000
43815  -10.016  -40.416  62.850 0.0000000000
44854  -8.820  -39.491  61.817 0.0000000000
41669  -8.706  -41.903  63.394 0.0000000000
43813  -7.872  -40.631  62.232 0.0000000000
68607  -35.911  -19.011  64.287 0.0000000000
68629  -36.519  -18.937  63.516 0.0000000000
54730  -31.651  -30.419  65.641 0.0000000000
54715  -31.336  -30.574  66.290 0.0000000000
57049  -17.660  -28.649  62.669 0.0000000000
54785  -19.429  -30.788  61.805 0.0000000000
53626  -19.658  -31.696  62.764 0.0000000000
55896  -20.769  -29.460  62.488 0.0000000000
54753  -20.249  -30.563  63.844 0.0000000000
53599  -19.642  -31.341  64.868 0.0000000000
61824  -35.200  -24.309  63.007 0.0000000000
62858  -34.251  -23.696  65.706 0.0000000000
62869  -34.282  -23.879  64.641 0.0000000000
62857  -33.705  -23.145  65.747 0.0000000000
65009  -32.166  -22.041  65.388 0.0000000000
63905  -32.425  -22.544  64.828 0.0000000000
65020  -32.069  -22.415  64.696 0.0000000000
60614  -24.050  -26.462  62.073 0.0000000000
59397  -24.064  -27.060  62.142 0.0000000000
60600  -24.504  -26.564  62.522 0.0000000000
58168  -24.924  -28.066  63.803 0.0000000000
55898  -25.581  -30.430  63.422 0.0000000000
54757  -25.926  -30.702  63.291 0.0000000000
53615  -25.939  -31.288  63.731 0.0000000000
54758  -26.622  -30.707  63.276 0.0000000000
56998  -29.612  -28.612  65.624 0.0000000000
55867  -28.937  -28.943  65.219 0.0000000000
57018  -28.750  -29.098  63.520 0.0000000000
54777  -30.238  -30.295  62.912 0.0000000000
54762  -30.910  -30.456  63.557 0.0000000000
55887  -31.564  -30.030  63.171 0.0000000000
55904  -32.574  -29.222  62.968 0.0000000000
55888  -32.288  -29.834  63.577 0.0000000000
55889  -33.146  -29.308  63.587 0.0000000000
57043  -33.783  -28.860  63.209 0.0000000000
58172  -33.417  -27.028  63.896 0.0000000000
57062  -34.784  -27.928  63.225 0.0000000000
57044  -34.478  -28.696  63.632 0.0000000000
57045  -35.265  -28.174  63.886 0.0000000000
59380  -35.983  -26.176  63.488 0.0000000000
60579  -24.087  -25.391  63.669 0.0000000000
60613  -23.407  -25.983  61.891 0.0000000000
68828  -42.320  -19.046  53.245 0.0000000000
70084  -42.585  -17.358  50.485 0.0000000000
70074  -43.471  -17.581  51.584 0.0000000000
71367  -41.575  -16.664  48.103 0.0000000000
70104  -42.122  -16.936  48.850 0.0000000000
71368  -42.688  -16.497  48.465 0.0000000000
77374  -41.438  -11.531  48.587 0.0000000000
76227  -41.009  -11.996  47.875 0.0000000000
77373  -40.912  -11.461  48.044 0.0000000000
78496  -41.167  -10.731  47.311 0.0000000000
77396  -41.482  -11.762  46.467 0.0000000000
78505  -41.505  -11.052  46.804 0.0000000000
82003  -40.459  -7.203  48.163 0.0000000000
80787  -40.776  -7.578  48.074 0.0000000000
80788  -41.234  -7.839  47.968 0.0000000000
79607  -42.830  -9.441  48.177 0.0000000000
79606  -41.937  -9.415  48.144 0.0000000000
79618  -43.311  -10.117  47.880 0.0000000000
78498  -42.940  -10.688  47.175 0.0000000000
78499  -44.110  -10.490  47.714 0.0000000000
77388  -44.776  -11.331  47.134 0.0000000000
78501  -46.208  -11.144  47.834 0.0000000000
82027  -45.800  -7.261  45.932 0.0000000000
82086  -50.577  -7.618  42.803 0.0000000000
84502  -52.035  -5.943  41.003 0.0000000000
85718  -51.287  -4.792  41.228 0.0000000000
85726  -51.875  -4.919  40.702 0.0000000000
48175  -10.638  -36.236  61.066 0.0000000000
49305  -9.991  -35.671  61.894 0.0000000000
48174  -9.786  -36.079  61.382 0.0000000000
47087  -12.206  -37.448  62.487 0.0000000000
47104  -11.918  -37.208  61.632 0.0000000000
44839  -11.339  -39.066  63.317 0.0000000000
44857  -11.484  -38.888  62.935 0.0000000000
44856  -10.948  -39.355  62.491 0.0000000000
43816  -10.696  -39.947  63.133 0.0000000000
44812  -9.523  -39.780  65.496 0.0000000000
61832  -36.417  -24.011  62.809 0.0000000000
62886  -36.889  -23.903  63.312 0.0000000000
62885  -36.344  -23.517  63.089 0.0000000000
65042  -34.665  -22.474  62.654 0.0000000000
63927  -35.414  -22.812  63.047 0.0000000000
63948  -31.611  -22.395  61.636 0.0000000000
65039  -32.425  -22.099  61.644 0.0000000000
66184  -33.152  -20.674  61.656 0.0000000000
65030  -33.473  -21.319  62.240 0.0000000000
66175  -33.544  -20.855  62.331 0.0000000000
67375  -33.878  -20.176  62.651 0.0000000000
67376  -34.406  -19.937  63.072 0.0000000000
68679  -34.435  -19.516  61.256 0.0000000000
68680  -34.872  -19.420  61.141 0.0000000000
68681  -35.493  -19.248  61.106 0.0000000000
67437  -35.166  -19.481  60.439 0.0000000000
68691  -30.430  -18.407  58.905 0.0000000000
68678  -30.302  -18.584  59.734 0.0000000000
67471  -30.710  -19.354  58.463 0.0000000000
69961  -31.265  -17.504  56.138 0.0000000000
69934  -30.774  -17.749  56.935 0.0000000000
68734  -31.024  -18.582  56.454 0.0000000000
67473  -32.844  -19.829  58.542 0.0000000000
67475  -35.099  -20.138  58.509 0.0000000000
67477  -36.573  -20.288  59.184 0.0000000000
65109  -38.508  -21.884  55.512 0.0000000000
66310  -40.592  -20.418  53.999 0.0000000000
66295  -40.793  -20.744  54.597 0.0000000000
67531  -40.935  -20.388  54.140 0.0000000000
67554  -41.775  -19.555  53.552 0.0000000000
67589  -39.044  -19.232  51.765 0.0000000000
67590  -40.051  -19.142  52.028 0.0000000000
71352  -38.474  -16.543  49.287 0.0000000000
72711  -39.815  -15.368  49.400 0.0000000000
57054  -23.329  -28.277  63.637 0.0000000000
55861  -23.605  -30.117  65.565 0.0000000000
57015  -23.317  -29.309  65.896 0.0000000000
55844  -23.324  -29.987  66.747 0.0000000000
55827  -23.073  -29.600  67.610 0.0000000000
55828  -23.405  -30.303  67.955 0.0000000000
53573  -25.303  -31.772  67.115 0.0000000000
54727  -24.279  -31.318  66.527 0.0000000000
53577  -29.413  -31.430  67.098 0.0000000000
50418  -12.056  -33.939  62.034 0.0000000000
52496  -14.232  -32.276  62.705 0.0000000000
52495  -13.557  -32.609  62.335 0.0000000000
50440  -14.720  -34.587  61.518 0.0000000000
48178  -13.578  -35.709  62.296 0.0000000000
49291  -14.112  -35.660  62.673 0.0000000000
54792  -17.721  -31.255  61.677 0.0000000000
53647  -17.662  -31.766  61.590 0.0000000000
52507  -18.131  -32.631  61.804 0.0000000000
51429  -17.919  -34.048  63.019 0.0000000000
50404  -17.269  -34.353  62.567 0.0000000000
50391  -17.404  -34.513  63.496 0.0000000000
40555  -7.471  -43.290  64.457 0.0000000000
41668  -8.236  -42.523  62.988 0.0000000000
40584  -7.564  -43.334  62.631 0.0000000000
57034  -22.744  -28.218  64.229 0.0000000000
59363  -36.594  -26.691  65.068 0.0000000000
60611  -21.650  -25.494  62.139 0.0000000000
57071  -21.420  -28.183  61.796 0.0000000000
60533  -34.584  -24.976  67.127 0.0000000000
72737  -40.515  -15.266  47.455 0.0000000000
73965  -40.797  -14.189  47.050 0.0000000000
85636  -42.358  -3.954  46.124 0.0000000000
85637  -43.120  -3.866  45.797 0.0000000000
85655  -43.357  -4.508  45.066 0.0000000000
84458  -43.434  -5.559  44.609 0.0000000000
83293  -43.855  -6.093  44.507 0.0000000000
84459  -44.161  -5.744  44.246 0.0000000000
84460  -44.815  -5.575  44.074 0.0000000000
84475  -46.043  -5.840  43.501 0.0000000000
85675  -46.200  -5.018  43.971 0.0000000000
65037  -29.359  -21.694  62.875 0.0000000000
66174  -29.001  -20.714  63.389 0.0000000000
67391  -29.130  -20.106  61.811 0.0000000000
67412  -29.536  -19.450  61.250 0.0000000000
68823  -34.229  -18.763  53.620 0.0000000000
67550  -34.216  -19.670  53.292 0.0000000000
68825  -36.209  -18.264  53.359 0.0000000000
53576  -28.487  -31.720  67.111 0.0000000000
52521  -16.845  -32.242  61.522 0.0000000000
84514  -54.408  -5.033  40.357 0.0000000000
85729  -54.803  -4.456  39.912 0.0000000000
42754  -9.072  -41.022  64.601 0.0000000000
42769  -9.416  -41.007  63.839 0.0000000000
42739  -8.749  -41.043  65.223 0.0000000000
42753  -8.547  -41.588  64.649 0.0000000000
42752  -7.987  -41.821  65.013 0.0000000000
67377  -35.077  -19.586  63.224 0.0000000000
54731  -32.576  -30.006  65.761 0.0000000000
54732  -33.070  -29.893  66.461 0.0000000000
59375  -19.284  -26.404  63.181 0.0000000000
59357  -18.877  -26.498  63.947 0.0000000000
58165  -18.271  -27.038  64.394 0.0000000000
58182  -18.019  -27.944  62.820 0.0000000000
57067  -18.041  -29.154  61.917 0.0000000000
54786  -20.101  -30.312  61.895 0.0000000000
55879  -20.533  -29.496  63.862 0.0000000000
55878  -20.204  -30.110  64.517 0.0000000000
60580  -24.783  -26.258  63.320 0.0000000000
58154  -25.115  -27.677  64.466 0.0000000000
57017  -26.060  -28.840  65.116 0.0000000000
55884  -27.057  -29.942  63.426 0.0000000000
56999  -30.560  -28.263  65.910 0.0000000000
57040  -30.162  -28.219  63.246 0.0000000000
57059  -32.219  -28.687  62.739 0.0000000000
58173  -34.167  -26.696  63.571 0.0000000000
68849  -41.756  -18.273  51.609 0.0000000000
70072  -41.726  -17.914  51.082 0.0000000000
72749  -42.790  -15.273  46.714 0.0000000000
71382  -42.977  -15.964  47.656 0.0000000000
72740  -43.441  -15.433  47.105 0.0000000000
79596  -40.859  -9.652  49.572 0.0000000000
78486  -40.895  -10.491  48.417 0.0000000000
78471  -40.757  -10.109  48.920 0.0000000000
79604  -40.795  -9.630  48.631 0.0000000000
82005  -41.722  -7.493  47.455 0.0000000000
80789  -42.016  -8.100  47.889 0.0000000000
80790  -42.600  -8.215  48.035 0.0000000000
80780  -43.232  -8.497  48.215 0.0000000000
79608  -43.955  -9.684  48.257 0.0000000000
78487  -44.280  -10.144  48.114 0.0000000000
79609  -45.067  -9.371  48.688 0.0000000000
83322  -50.196  -6.967  42.186 0.0000000000
83332  -49.945  -6.309  41.883 0.0000000000
84501  -51.103  -5.689  41.253 0.0000000000
49290  -10.995  -34.872  61.929 0.0000000000
44825  -10.430  -39.509  64.600 0.0000000000
63926  -34.774  -23.251  62.638 0.0000000000
63938  -34.300  -22.854  62.398 0.0000000000
67413  -33.389  -19.952  61.237 0.0000000000
69894  -30.609  -17.677  58.486 0.0000000000
67510  -31.527  -19.309  56.035 0.0000000000
67501  -32.416  -20.014  56.614 0.0000000000
67489  -33.257  -20.102  57.446 0.0000000000
66240  -35.774  -20.526  58.269 0.0000000000
66256  -36.133  -21.260  57.527 0.0000000000
65081  -36.296  -21.638  57.127 0.0000000000
65082  -36.753  -21.694  57.165 0.0000000000
65130  -36.296  -21.592  53.560 0.0000000000
65120  -36.877  -21.893  54.524 0.0000000000
65131  -37.326  -21.561  53.738 0.0000000000
65122  -38.933  -21.598  54.666 0.0000000000
65123  -39.502  -21.510  54.988 0.0000000000
66293  -39.075  -21.290  54.232 0.0000000000
66309  -39.939  -20.482  53.724 0.0000000000
66327  -39.716  -20.150  53.170 0.0000000000
67552  -40.004  -20.075  53.306 0.0000000000
70071  -37.035  -17.382  51.402 0.0000000000
71344  -37.490  -16.532  50.766 0.0000000000
71351  -37.853  -16.500  49.876 0.0000000000
54740  -23.772  -30.585  65.520 0.0000000000
54726  -23.724  -30.689  66.131 0.0000000000
51464  -15.062  -33.576  61.111 0.0000000000
52518  -14.300  -32.987  61.110 0.0000000000
49310  -14.627  -35.072  61.947 0.0000000000
49292  -14.895  -35.341  62.552 0.0000000000
52508  -18.805  -32.366  62.101 0.0000000000
52498  -18.811  -33.018  62.620 0.0000000000
51430  -18.525  -33.587  63.366 0.0000000000
65021  -35.415  -21.409  64.251 0.0000000000
55841  -20.097  -29.550  66.191 0.0000000000
55826  -20.843  -28.906  67.430 0.0000000000
60575  -20.271  -25.219  64.005 0.0000000000
57069  -19.694  -28.429  61.005 0.0000000000
57075  -20.291  -28.086  60.759 0.0000000000
58143  -31.893  -27.760  65.499 0.0000000000
59345  -33.827  -26.686  64.833 0.0000000000
71381  -42.023  -16.237  47.482 0.0000000000
72738  -41.489  -15.631  46.978 0.0000000000
72748  -42.126  -15.143  46.550 0.0000000000
76257  -43.046  -12.652  45.966 0.0000000000
83215  -40.034  -7.014  49.179 0.0000000000
84415  -40.173  -6.033  48.399 0.0000000000
84426  -40.342  -5.896  48.005 0.0000000000
83250  -40.617  -6.398  47.507 0.0000000000
85635  -41.542  -4.709  46.010 0.0000000000
83265  -41.376  -6.265  46.456 0.0000000000
82022  -41.402  -6.923  47.087 0.0000000000
82023  -42.175  -7.027  46.883 0.0000000000
82025  -44.093  -6.912  46.730 0.0000000000
83252  -44.832  -6.924  46.968 0.0000000000
83268  -44.551  -6.969  46.185 0.0000000000
83284  -44.893  -7.071  45.805 0.0000000000
82044  -46.040  -7.477  45.321 0.0000000000
83294  -44.672  -6.570  44.437 0.0000000000
82056  -45.430  -7.226  44.673 0.0000000000
82072  -48.946  -7.846  43.259 0.0000000000
82084  -48.664  -7.147  42.682 0.0000000000
84476  -46.913  -5.819  43.121 0.0000000000
84489  -47.486  -5.959  42.792 0.0000000000
83320  -48.469  -6.427  42.494 0.0000000000
85706  -48.505  -5.283  42.541 0.0000000000
47078  -12.486  -36.980  63.481 0.0000000000
63923  -31.566  -22.713  62.771 0.0000000000
63935  -31.271  -22.613  62.084 0.0000000000
63947  -31.005  -22.269  61.550 0.0000000000
65047  -29.301  -21.620  61.781 0.0000000000
63945  -29.677  -22.056  61.613 0.0000000000
65049  -30.608  -21.655  61.031 0.0000000000
65058  -30.409  -21.000  60.538 0.0000000000
66223  -31.021  -20.194  59.763 0.0000000000
71250  -31.732  -16.842  56.143 0.0000000000
68760  -31.697  -18.114  55.179 0.0000000000
68762  -33.175  -17.783  54.874 0.0000000000
68761  -32.244  -17.904  54.870 0.0000000000
68796  -31.640  -18.538  55.195 0.0000000000
65105  -34.250  -21.556  55.339 0.0000000000
65117  -33.962  -21.348  54.540 0.0000000000
65118  -34.713  -21.590  54.313 0.0000000000
65129  -35.376  -21.465  53.584 0.0000000000
66324  -37.238  -20.391  52.451 0.0000000000
67572  -37.653  -19.763  52.039 0.0000000000
70070  -36.640  -17.839  52.137 0.0000000000
53574  -26.477  -31.936  67.097 0.0000000000
52505  -14.776  -32.073  62.130 0.0000000000
50421  -16.544  -34.397  61.976 0.0000000000
52473  -18.870  -32.644  65.961 0.0000000000
44872  -9.713  -39.020  61.351 0.0000000000
44853  -7.734  -39.568  62.215 0.0000000000
77357  -41.618  -11.005  49.095 0.0000000000
79576  -40.939  -9.333  49.818 0.0000000000
80753  -41.058  -8.536  49.998 0.0000000000
81956  -40.990  -8.108  49.923 0.0000000000
68668  -36.646  -19.271  62.024 0.0000000000
54728  -30.232  -31.009  65.198 0.0000000000
53592  -29.812  -31.070  65.911 0.0000000000
53593  -30.476  -30.919  66.461 0.0000000000
55834  -34.513  -29.486  67.197 0.0000000000
55877  -16.871  -29.731  64.187 0.0000000000
54783  -17.126  -30.737  62.350 0.0000000000
52499  -19.251  -32.411  62.775 0.0000000000
52482  -19.302  -32.061  64.751 0.0000000000
86876  -54.057  -3.031  40.358 0.0000000000
60603  -37.468  -24.845  63.998 0.0000000000
61826  -36.597  -24.406  63.024 0.0000000000
61831  -36.277  -24.179  62.748 0.0000000000
63925  -33.106  -23.208  63.269 0.0000000000
62874  -33.736  -23.451  64.372 0.0000000000
63912  -31.730  -22.670  63.545 0.0000000000
65007  -30.174  -21.175  65.398 0.0000000000
58186  -23.017  -27.973  63.016 0.0000000000
58209  -23.594  -27.573  62.326 0.0000000000
58188  -24.338  -28.077  63.256 0.0000000000
59378  -24.837  -27.276  62.990 0.0000000000
54756  -24.639  -30.721  63.974 0.0000000000
59344  -25.276  -27.250  65.669 0.0000000000
58155  -25.186  -27.888  65.166 0.0000000000
58169  -25.093  -28.268  64.438 0.0000000000
55897  -25.353  -30.526  63.529 0.0000000000
53614  -25.128  -31.183  63.965 0.0000000000
53618  -28.545  -31.375  64.398 0.0000000000
57038  -28.743  -29.239  63.100 0.0000000000
55886  -28.813  -29.395  62.917 0.0000000000
57056  -29.546  -29.313  62.616 0.0000000000
55900  -29.013  -29.713  62.741 0.0000000000
54776  -29.436  -30.426  62.890 0.0000000000
54743  -30.519  -30.865  64.541 0.0000000000
54744  -31.284  -30.543  64.653 0.0000000000
55869  -33.412  -29.434  64.592 0.0000000000
55870  -34.106  -29.134  64.713 0.0000000000
57024  -35.577  -28.222  64.972 0.0000000000
58159  -36.125  -27.769  64.901 0.0000000000
58175  -36.345  -27.226  64.529 0.0000000000
60583  -36.855  -25.876  64.842 0.0000000000
61816  -22.189  -24.597  64.316 0.0000000000
60578  -22.863  -24.827  64.053 0.0000000000
68850  -42.875  -18.045  51.988 0.0000000000
70105  -42.629  -16.766  48.989 0.0000000000
70095  -42.828  -16.893  49.596 0.0000000000
71369  -43.708  -15.867  48.432 0.0000000000
76244  -41.290  -12.853  47.728 0.0000000000
76254  -40.881  -12.582  46.895 0.0000000000
77385  -40.913  -11.603  47.164 0.0000000000
76255  -41.226  -12.703  46.251 0.0000000000
76256  -41.951  -12.607  45.861 0.0000000000
77397  -42.512  -11.861  46.215 0.0000000000
81988  -40.173  -7.487  48.828 0.0000000000
80777  -40.747  -8.251  48.483 0.0000000000
79605  -41.255  -9.426  48.379 0.0000000000
79616  -41.547  -10.091  47.778 0.0000000000
78497  -41.890  -10.541  47.113 0.0000000000
78507  -42.988  -11.348  46.597 0.0000000000
77398  -43.525  -11.881  46.300 0.0000000000
76245  -45.852  -12.158  46.873 0.0000000000
78500  -45.315  -10.852  47.799 0.0000000000
84504  -54.195  -5.713  41.345 0.0000000000
84512  -52.342  -5.289  40.604 0.0000000000
84513  -53.303  -5.196  40.402 0.0000000000
86868  -53.121  -3.487  41.583 0.0000000000
47086  -9.182  -36.573  61.763 0.0000000000
47101  -8.799  -37.842  61.340 0.0000000000
45958  -11.640  -38.401  62.509 0.0000000000
45976  -11.159  -38.225  61.615 0.0000000000
45975  -10.167  -38.205  61.087 0.0000000000
43797  -9.915  -40.547  63.751 0.0000000000
44824  -9.891  -39.778  64.864 0.0000000000
43779  -10.089  -40.108  64.305 0.0000000000
43778  -9.570  -40.386  64.603 0.0000000000
61819  -37.673  -24.285  64.370 0.0000000000
63928  -36.055  -22.973  63.299 0.0000000000
65022  -35.770  -21.978  64.296 0.0000000000
66177  -34.536  -20.854  63.417 0.0000000000
67362  -34.738  -20.002  63.615 0.0000000000
67395  -34.848  -19.585  62.657 0.0000000000
68648  -34.918  -19.452  62.174 0.0000000000
68649  -35.429  -19.205  62.492 0.0000000000
68667  -36.001  -18.992  61.662 0.0000000000
69860  -30.531  -17.903  60.176 0.0000000000
68663  -30.182  -18.638  60.818 0.0000000000
67432  -29.865  -19.721  60.040 0.0000000000
67433  -30.368  -20.105  59.717 0.0000000000
67454  -31.603  -20.080  59.560 0.0000000000
69911  -30.677  -17.665  57.661 0.0000000000
68701  -30.547  -18.525  58.089 0.0000000000
68716  -30.819  -18.858  57.344 0.0000000000
68702  -30.746  -19.110  57.915 0.0000000000
67455  -32.479  -19.928  59.427 0.0000000000
67457  -34.611  -19.677  59.527 0.0000000000
67474  -33.975  -19.800  58.539 0.0000000000
67439  -36.975  -19.796  60.755 0.0000000000
66241  -36.830  -20.573  58.838 0.0000000000
65097  -37.079  -21.915  56.393 0.0000000000
65108  -37.485  -21.981  55.474 0.0000000000
68827  -41.765  -19.159  53.086 0.0000000000
67591  -40.602  -19.056  52.151 0.0000000000
67588  -38.031  -19.243  51.481 0.0000000000
68846  -38.462  -18.651  51.055 0.0000000000
68856  -38.094  -18.092  50.501 0.0000000000
68857  -38.909  -18.178  50.543 0.0000000000
70081  -39.322  -17.746  49.929 0.0000000000
70092  -39.752  -17.516  49.204 0.0000000000
70101  -39.401  -17.088  48.622 0.0000000000
72727  -39.426  -15.753  48.448 0.0000000000
72726  -38.790  -16.146  48.933 0.0000000000
73941  -41.143  -14.544  48.629 0.0000000000
57053  -22.978  -28.134  63.594 0.0000000000
54700  -23.916  -30.940  68.422 0.0000000000
50417  -11.498  -34.339  62.458 0.0000000000
50437  -11.658  -34.485  61.703 0.0000000000
51447  -12.999  -33.124  61.987 0.0000000000
52517  -13.770  -33.303  61.173 0.0000000000
51462  -13.206  -33.660  61.363 0.0000000000
51446  -12.645  -33.702  61.731 0.0000000000
48160  -13.187  -36.237  62.927 0.0000000000
49275  -14.043  -35.829  63.163 0.0000000000
52506  -17.376  -32.779  61.560 0.0000000000
51450  -17.744  -33.266  61.888 0.0000000000
51449  -17.133  -33.475  61.592 0.0000000000
50422  -17.117  -34.064  61.928 0.0000000000
50403  -16.665  -34.770  62.897 0.0000000000
51415  -17.885  -33.736  65.471 0.0000000000
86884  -54.468  -3.229  39.703 0.0000000000
42737  -7.657  -41.911  65.738 0.0000000000
41643  -8.169  -42.169  64.473 0.0000000000
40534  -7.182  -43.000  65.080 0.0000000000
40569  -7.287  -44.145  63.525 0.0000000000
40583  -7.216  -43.723  62.228 0.0000000000
44874  -10.986  -38.883  61.850 0.0000000000
49288  -9.975  -35.685  62.210 0.0000000000
50442  -16.337  -34.035  61.460 0.0000000000
51461  -12.779  -33.882  61.465 0.0000000000
53613  -24.651  -31.079  64.209 0.0000000000
53627  -25.259  -31.042  63.710 0.0000000000
53628  -25.486  -31.071  63.624 0.0000000000
53635  -16.798  -31.183  62.381 0.0000000000
54772  -25.197  -30.789  63.660 0.0000000000
54774  -28.250  -30.181  62.866 0.0000000000
55843  -23.105  -29.473  66.993 0.0000000000
55899  -28.494  -29.976  62.772 0.0000000000
58156  -31.879  -27.713  65.027 0.0000000000
58220  -20.319  -27.549  60.811 0.0000000000
59398  -24.454  -27.046  62.413 0.0000000000
60577  -21.770  -24.725  63.815 0.0000000000
60615  -24.278  -26.762  62.255 0.0000000000
62893  -36.104  -23.975  62.631 0.0000000000
62894  -36.265  -23.879  62.764 0.0000000000
63933  -29.745  -22.200  62.104 0.0000000000
63946  -30.174  -22.232  61.511 0.0000000000
65048  -29.771  -21.806  61.187 0.0000000000
65094  -34.341  -21.458  55.977 0.0000000000
65104  -33.656  -21.309  54.914 0.0000000000
65133  -38.798  -21.357  54.104 0.0000000000
66167  -34.540  -20.425  63.412 0.0000000000
66222  -30.658  -20.157  59.699 0.0000000000
66239  -35.307  -20.439  58.147 0.0000000000
66269  -33.195  -20.515  56.646 0.0000000000
66272  -35.822  -21.539  57.060 0.0000000000
66279  -32.655  -20.423  55.940 0.0000000000
66282  -39.802  -21.441  55.175 0.0000000000
67459  -36.713  -20.087  59.717 0.0000000000
67491  -34.845  -20.308  58.018 0.0000000000
67502  -32.928  -20.245  56.915 0.0000000000
67527  -31.624  -19.053  55.235 0.0000000000
67576  -41.475  -19.240  52.964 0.0000000000
68665  -34.648  -19.482  61.697 0.0000000000
68715  -30.644  -18.215  57.384 0.0000000000
68797  -31.873  -18.575  54.804 0.0000000000
68836  -40.897  -19.005  52.251 0.0000000000
68860  -41.451  -17.989  51.017 0.0000000000
69960  -30.854  -18.012  56.559 0.0000000000
69962  -32.045  -16.975  55.745 0.0000000000
69987  -31.508  -17.865  55.543 0.0000000000
69988  -31.842  -17.545  55.387 0.0000000000
71383  -43.491  -15.711  47.738 0.0000000000
73951  -43.567  -15.064  46.778 0.0000000000
75128  -41.449  -13.506  45.978 0.0000000000
75143  -41.802  -13.378  45.776 0.0000000000
76258  -44.206  -12.608  46.172 0.0000000000
76264  -41.545  -13.017  45.835 0.0000000000
76265  -41.835  -13.134  45.741 0.0000000000
77395  -41.023  -12.147  46.638 0.0000000000
77400  -45.132  -11.810  46.806 0.0000000000
78448  -41.055  -9.745  49.691 0.0000000000
79595  -40.632  -9.438  49.382 0.0000000000
80752  -40.581  -8.905  49.658 0.0000000000
82026  -45.447  -7.203  45.876 0.0000000000
82042  -44.881  -7.060  45.257 0.0000000000
82043  -45.234  -7.190  45.476 0.0000000000
82069  -45.783  -7.242  44.115 0.0000000000
83251  -41.047  -6.657  47.173 0.0000000000
83264  -40.777  -5.919  46.936 0.0000000000
83304  -45.041  -6.345  43.959 0.0000000000
83319  -47.825  -6.472  42.724 0.0000000000
84416  -40.548  -5.951  48.590 0.0000000000
84434  -40.993  -5.336  46.669 0.0000000000
84443  -41.447  -5.410  45.941 0.0000000000
84461  -45.477  -5.499  43.915 0.0000000000
84474  -45.243  -6.004  43.771 0.0000000000
84491  -48.894  -5.735  42.272 0.0000000000
84499  -49.535  -5.908  41.971 0.0000000000
85653  -41.705  -5.029  45.645 0.0000000000
85690  -47.077  -5.151  43.364 0.0000000000
86828  -44.191  -4.022  45.469 0.0000000000
