#!ascii label  , from subject 3442 vox2ras=TkReg
1053
81478  -22.374  -8.119  -8.723 0.5555555820
81495  -22.913  -8.081  -8.944 0.6666666865
83955  -23.233  -7.259  -9.043 0.7777777910
82774  -23.654  -7.397  -9.341 0.7777777910
83922  -23.608  -5.723  -9.357 0.8888888955
83958  -26.282  -5.993  -11.075 0.8888888955
81477  -21.870  -8.204  -8.582 0.5555555820
82741  -21.682  -7.530  -8.406 0.5555555820
83919  -22.007  -6.771  -8.397 0.6666666865
83920  -22.520  -6.755  -8.639 0.8888888955
82775  -24.577  -7.068  -9.818 0.8888888955
83938  -24.342  -5.780  -9.688 0.8888888955
85158  -25.887  -5.044  -10.901 1.0000000000
83971  -27.109  -5.878  -11.693 0.8888888955
86369  -26.224  -4.474  -11.290 1.0000000000
85128  -21.848  -6.100  -8.278 0.7777777910
86338  -22.313  -4.619  -8.727 1.0000000000
87450  -22.021  -3.716  -8.657 1.0000000000
86339  -22.716  -4.460  -9.090 1.0000000000
86353  -24.191  -3.962  -10.196 1.0000000000
87452  -22.715  -3.652  -9.287 1.0000000000
87469  -23.481  -3.102  -10.121 1.0000000000
86367  -24.639  -3.369  -10.705 1.0000000000
86380  -26.776  -3.930  -11.750 1.0000000000
87487  -24.812  -2.910  -11.007 1.0000000000
86379  -26.028  -3.249  -11.697 1.0000000000
87508  -27.491  -3.166  -12.352 1.0000000000
87507  -26.526  -2.675  -12.146 1.0000000000
87526  -27.318  -2.402  -12.500 0.7777777910
88545  -21.987  -2.578  -8.903 0.8888888955
87451  -22.325  -3.538  -8.973 1.0000000000
87486  -24.046  -2.760  -10.555 1.0000000000
153424  -22.320  -2.205  -9.349 1.0000000000
87485  -23.035  -2.032  -10.033 1.0000000000
87505  -24.496  -2.114  -11.019 1.0000000000
87506  -25.377  -2.463  -11.601 1.0000000000
88590  -25.819  -1.726  -12.177 1.0000000000
88591  -26.793  -1.674  -12.510 1.0000000000
88611  -27.602  -1.898  -12.694 0.8888888955
88592  -27.431  -1.334  -12.793 1.0000000000
88612  -28.218  -1.457  -12.931 0.7777777910
88543  -21.475  -1.106  -9.189 0.5555555820
90827  -21.052  -0.230  -10.127 0.7777777910
89713  -21.365  -0.666  -9.493 0.8888888955
87522  -23.339  -1.183  -10.617 1.0000000000
87504  -23.687  -1.832  -10.621 1.0000000000
153425  -22.456  -0.697  -10.141 0.8888888955
88607  -23.393  -0.748  -10.930 1.0000000000
88608  -24.157  -0.841  -11.478 1.0000000000
88610  -25.302  -1.066  -12.121 1.0000000000
89741  -26.798  -0.820  -12.763 0.8888888955
89740  -25.821  -0.750  -12.493 1.0000000000
90832  -26.349  -0.432  -12.801 0.8888888955
153441  -27.873  -0.006  -13.491 0.7777777910
90855  -28.756  -0.063  -13.490 0.6666666865
153439  -28.347  0.408  -13.646 0.6666666865
91859  -20.199  0.578  -8.673 0.4444444478
90795  -20.956  -0.253  -9.498 0.7777777910
91871  -20.696  0.734  -9.934 0.6666666865
91887  -21.258  0.758  -10.635 0.7777777910
153429  -21.837  0.148  -10.400 0.8888888955
89754  -23.485  -0.159  -11.397 0.8888888955
88609  -24.797  -0.977  -11.854 1.0000000000
90843  -23.827  0.241  -11.755 1.0000000000
90863  -23.825  -0.187  -12.739 1.0000000000
153432  -25.648  -0.134  -12.660 1.0000000000
153434  -25.888  0.258  -12.928 0.8888888955
153437  -27.143  0.841  -13.565 0.7777777910
153442  -27.590  0.704  -13.646 0.7777777910
91928  -29.051  0.654  -13.626 0.5555555820
92994  -27.582  1.313  -13.769 0.7777777910
92995  -28.268  1.327  -13.797 0.6666666865
94028  -20.099  2.345  -9.188 0.6666666865
92941  -20.465  1.404  -9.579 0.6666666865
91886  -21.001  0.451  -10.384 0.7777777910
92942  -20.860  1.404  -10.125 0.7777777910
91888  -22.172  1.028  -10.855 0.8888888955
91889  -22.710  0.737  -11.202 0.8888888955
91901  -22.665  1.202  -11.310 1.0000000000
91903  -23.917  1.029  -12.009 1.0000000000
91915  -24.351  0.760  -12.222 1.0000000000
91925  -25.054  0.154  -12.456 0.8888888955
92992  -25.908  1.619  -13.500 0.8888888955
91926  -26.933  1.426  -13.655 0.8888888955
94066  -24.961  2.094  -13.231 0.8888888955
92993  -26.869  1.927  -13.771 0.7777777910
93010  -28.530  2.374  -14.070 0.7777777910
94040  -20.562  2.328  -9.829 0.7777777910
92952  -21.399  1.521  -10.596 0.8888888955
92954  -22.365  1.512  -11.154 0.8888888955
92963  -22.327  2.019  -11.313 1.0000000000
92964  -22.835  1.708  -11.651 1.0000000000
92980  -23.879  1.995  -12.477 1.0000000000
92981  -24.670  1.518  -12.707 0.8888888955
93007  -26.438  2.624  -14.148 0.7777777910
94096  -27.340  3.425  -14.678 0.7777777910
94097  -28.132  3.480  -14.772 0.6666666865
94098  -29.006  3.076  -14.695 0.5555555820
95170  -20.133  3.347  -9.510 0.7777777910
96294  -19.471  4.332  -9.383 0.6666666865
94041  -21.123  2.393  -10.402 0.8888888955
92977  -22.263  2.588  -11.551 1.0000000000
92978  -22.602  2.448  -11.879 1.0000000000
94065  -24.230  2.645  -13.124 0.8888888955
94080  -24.964  2.633  -13.592 0.8888888955
94079  -24.475  3.567  -13.734 0.8888888955
93006  -25.895  2.779  -14.154 0.8888888955
94095  -26.668  3.408  -14.635 0.7777777910
95218  -26.867  4.024  -14.937 0.7777777910
153446  -25.950  4.612  -14.913 0.7777777910
95220  -28.776  4.957  -15.413 0.5555555820
95219  -27.218  4.999  -15.310 0.6666666865
98452  -17.523  6.190  -7.532 0.4444444478
96295  -20.167  4.298  -9.987 0.7777777910
95178  -21.318  3.371  -10.830 1.0000000000
94052  -21.958  3.393  -11.843 1.0000000000
95195  -23.279  3.355  -13.005 0.8888888955
95208  -23.312  3.822  -13.197 0.8888888955
95196  -23.651  3.071  -13.099 0.8888888955
153444  -25.831  4.358  -14.796 0.8888888955
153450  -26.478  4.586  -15.057 0.6666666865
95234  -27.930  5.606  -15.577 0.5555555820
99520  -19.472  7.150  -9.648 0.6666666865
98469  -19.046  6.196  -9.515 0.6666666865
97384  -21.005  5.360  -11.114 0.7777777910
96321  -21.788  4.173  -11.921 0.8888888955
97410  -21.991  4.895  -12.073 0.7777777910
96347  -22.784  4.785  -12.847 0.7777777910
96336  -22.921  4.188  -12.999 0.8888888955
96349  -23.492  5.379  -13.445 0.7777777910
95217  -24.101  4.583  -13.742 0.8888888955
95233  -24.508  5.940  -14.311 0.7777777910
94109  -24.666  5.303  -14.262 0.7777777910
94110  -25.242  5.336  -14.669 0.6666666865
153455  -24.201  7.133  -14.584 0.6666666865
98574  -24.915  6.975  -14.966 0.6666666865
153463  -26.287  5.511  -15.256 0.6666666865
153447  -25.984  4.971  -15.003 0.5555555820
153466  -25.455  7.772  -15.505 0.6666666865
153457  -25.453  6.888  -15.288 0.5555555820
153464  -27.365  7.004  -15.915 0.5555555820
101718  -26.640  7.589  -15.828 0.5555555820
101613  -19.420  9.333  -7.682 0.3333333433
100531  -19.050  8.736  -8.442 0.3333333433
100540  -19.110  8.142  -9.071 0.5555555820
99527  -20.138  7.089  -10.251 0.6666666865
100553  -20.424  7.639  -10.416 0.5555555820
98485  -21.070  6.396  -11.117 0.7777777910
98513  -22.394  5.662  -12.332 0.7777777910
98500  -22.429  6.784  -12.483 0.6666666865
97430  -23.333  6.089  -13.452 0.6666666865
98533  -23.095  6.244  -13.248 0.6666666865
98535  -23.741  7.019  -14.147 0.6666666865
98559  -23.505  7.598  -14.604 0.6666666865
100638  -23.657  8.375  -15.370 0.6666666865
100624  -23.906  8.673  -15.512 0.6666666865
101703  -27.051  8.581  -16.063 0.5555555820
101717  -25.129  8.709  -15.555 0.6666666865
101624  -19.588  9.034  -8.837 0.4444444478
102735  -19.910  9.842  -7.072 0.4444444478
101636  -20.344  9.297  -9.673 0.5555555820
101635  -19.758  8.668  -9.373 0.5555555820
100554  -20.776  8.168  -10.813 0.6666666865
99537  -21.235  7.267  -11.236 0.6666666865
99550  -22.282  7.264  -12.343 0.6666666865
98545  -23.181  7.492  -14.068 0.6666666865
99603  -22.973  8.129  -15.217 0.6666666865
101730  -22.926  9.024  -16.181 0.6666666865
102831  -24.464  9.735  -15.757 0.6666666865
102832  -25.452  9.993  -15.773 0.5555555820
102833  -26.932  9.520  -16.065 0.6666666865
101625  -20.236  9.715  -8.629 0.4444444478
101646  -21.244  8.751  -11.287 0.6666666865
100565  -21.928  8.018  -12.065 0.6666666865
100592  -22.709  8.151  -13.315 0.6666666865
99574  -22.897  7.584  -13.602 0.6666666865
99582  -22.921  8.123  -14.157 0.6666666865
101731  -23.359  9.254  -15.797 0.6666666865
83937  -23.580  -6.651  -9.287 0.8888888955
85129  -22.187  -5.726  -8.502 1.0000000000
85131  -23.158  -5.197  -9.200 1.0000000000
85142  -24.120  -4.920  -9.768 1.0000000000
92927  -20.132  1.391  -8.953 0.5555555820
95160  -19.454  3.421  -8.879 0.5555555820
98458  -17.666  6.109  -8.346 0.5555555820
95171  -20.712  3.322  -10.196 0.7777777910
94063  -22.915  2.891  -12.498 1.0000000000
94094  -25.922  3.636  -14.583 0.8888888955
99504  -17.651  7.074  -6.808 0.2222222239
153452  -26.725  5.109  -15.271 0.6666666865
97420  -22.497  5.046  -12.568 0.7777777910
95249  -27.520  6.358  -15.730 0.4444444478
100546  -20.502  8.769  -10.320 0.6666666865
101638  -21.054  9.368  -10.742 0.6666666865
94014  -19.682  2.295  -8.572 0.4444444478
102815  -27.356  8.873  -16.238 0.5555555820
102816  -27.588  8.604  -16.358 0.5555555820
101608  -20.317  10.002  -6.208 0.2222222239
101614  -20.231  9.917  -8.006 0.3333333433
80249  -22.826  -9.074  -8.880 0.5555555820
80250  -23.378  -9.172  -8.973 0.5555555820
81516  -23.341  -7.906  -9.218 0.5555555820
81517  -24.087  -8.079  -9.619 0.5555555820
82776  -25.698  -7.006  -10.677 0.7777777910
82777  -26.950  -6.948  -11.439 0.8888888955
80248  -22.206  -8.847  -8.716 0.5555555820
81518  -25.113  -7.962  -10.306 0.6666666865
82794  -27.435  -6.347  -11.861 0.7777777910
83972  -27.778  -5.840  -12.110 0.7777777910
85171  -27.468  -4.979  -11.934 0.8888888955
80247  -21.544  -8.936  -8.497 0.4444444478
83908  -21.124  -6.730  -7.863 0.5555555820
85120  -21.493  -5.719  -7.994 0.2222222239
85121  -21.858  -5.403  -8.285 0.6666666865
87509  -28.226  -3.317  -12.458 0.8888888955
87527  -27.975  -2.527  -12.635 0.6666666865
89759  -28.920  -1.512  -12.880 0.6666666865
87434  -21.502  -3.699  -8.207 0.5555555820
89772  -29.031  -0.866  -13.133 0.6666666865
89685  -21.084  -1.521  -8.438 0.4444444478
90856  -29.313  -0.331  -13.349 0.5555555820
91929  -29.609  0.618  -13.606 0.5555555820
90777  -20.346  -0.173  -8.262 0.2222222239
92997  -29.327  1.674  -13.853 0.5555555820
92913  -19.678  1.337  -8.397 0.4444444478
94081  -29.341  2.469  -14.352 0.5555555820
95129  -19.193  2.967  -7.787 0.3333333433
94099  -29.487  2.843  -14.728 0.5555555820
97361  -18.201  4.788  -8.999 0.4444444478
96351  -29.570  4.465  -15.375 0.4444444478
99503  -17.306  6.651  -6.460 0.3333333433
95235  -28.150  6.245  -15.758 0.4444444478
101607  -19.593  9.622  -6.480 0.3333333433
101606  -18.670  8.918  -6.560 0.3333333433
100530  -18.413  8.171  -8.061 0.4444444478
95250  -27.765  6.850  -15.944 0.4444444478
101719  -27.817  7.912  -16.348 0.4444444478
102834  -27.935  9.305  -16.624 0.2222222239
100576  -22.695  8.693  -13.027 0.6666666865
100623  -22.703  8.753  -15.402 0.6666666865
102830  -21.970  9.776  -16.390 0.6666666865
103996  -22.599  10.801  -16.824 0.6666666865
103997  -23.613  10.998  -16.600 0.6666666865
102852  -24.292  10.446  -16.141 0.6666666865
101647  -21.997  9.228  -11.846 0.5555555820
80267  -22.659  -8.504  -8.901 0.5555555820
81496  -23.440  -8.365  -9.346 0.6666666865
82755  -22.551  -7.631  -8.663 0.6666666865
82772  -22.913  -7.742  -8.806 0.7777777910
82773  -23.196  -7.636  -9.016 0.7777777910
83935  -22.722  -7.314  -8.676 0.7777777910
83936  -22.975  -6.978  -8.879 0.8888888955
82756  -23.972  -6.966  -9.455 0.8888888955
83923  -23.936  -5.368  -9.560 1.0000000000
82757  -24.208  -6.599  -9.561 0.8888888955
83921  -23.061  -6.183  -9.003 1.0000000000
83957  -25.182  -5.967  -10.333 0.8888888955
81467  -21.306  -8.279  -8.398 0.4444444478
82742  -21.765  -7.579  -8.377 0.6666666865
83956  -24.597  -6.376  -9.804 0.8888888955
83939  -24.867  -5.405  -10.124 1.0000000000
85170  -26.684  -5.049  -11.420 1.0000000000
85143  -24.635  -4.901  -10.084 1.0000000000
86354  -24.889  -4.415  -10.438 1.0000000000
83909  -21.571  -6.750  -8.204 0.6666666865
85130  -22.658  -5.522  -8.829 1.0000000000
86330  -21.991  -4.693  -8.456 0.8888888955
86340  -23.325  -4.179  -9.552 1.0000000000
86368  -25.431  -3.869  -11.014 1.0000000000
87468  -22.943  -3.099  -9.624 1.0000000000
86381  -27.890  -4.075  -12.235 0.8888888955
88544  -21.476  -1.643  -8.873 0.5555555820
88525  -21.727  -2.976  -8.517 0.6666666865
88546  -22.251  -2.807  -9.075 1.0000000000
88524  -21.286  -2.507  -8.243 0.5555555820
88560  -21.748  -1.470  -9.244 0.8888888955
87503  -23.190  -1.542  -10.354 1.0000000000
87523  -23.996  -1.363  -11.036 1.0000000000
87524  -24.709  -1.535  -11.472 1.0000000000
87525  -25.220  -1.549  -11.840 1.0000000000
89742  -27.453  -0.728  -13.034 0.8888888955
153440  -28.247  -0.727  -13.223 0.7777777910
89771  -28.520  -0.686  -13.230 0.6666666865
89684  -20.837  -0.849  -8.622 0.5555555820
89700  -21.155  -1.185  -8.802 0.5555555820
89699  -21.181  -0.850  -9.138 0.6666666865
88559  -21.379  -0.928  -9.280 0.7777777910
91885  -20.823  0.106  -9.981 0.6666666865
90828  -20.645  0.022  -10.822 0.8888888955
89726  -21.914  -0.729  -9.817 0.8888888955
153427  -22.303  -0.353  -10.264 0.8888888955
88574  -21.568  -0.938  -9.422 0.8888888955
89727  -22.325  -0.822  -9.948 1.0000000000
89753  -22.819  -0.215  -10.787 0.8888888955
89756  -24.908  -0.565  -12.138 1.0000000000
153436  -26.199  0.041  -12.991 0.8888888955
89758  -26.654  0.049  -13.137 0.8888888955
153438  -28.399  -0.108  -13.496 0.7777777910
153443  -28.047  0.727  -13.756 0.6666666865
91927  -28.635  0.725  -13.691 0.6666666865
91870  -20.536  0.503  -9.399 0.5555555820
90787  -20.695  -0.170  -8.961 0.6666666865
90811  -22.118  0.570  -10.702 0.8888888955
89755  -24.346  -0.374  -12.126 1.0000000000
91914  -24.039  0.514  -11.914 1.0000000000
92996  -28.787  1.485  -13.776 0.5555555820
92966  -24.095  1.364  -12.262 1.0000000000
93008  -27.173  2.538  -14.108 0.7777777910
93009  -27.871  2.438  -14.072 0.7777777910
92962  -22.021  2.218  -11.031 0.8888888955
92979  -23.182  2.211  -12.200 1.0000000000
94064  -23.495  2.680  -12.730 0.8888888955
95221  -29.737  3.518  -15.107 0.5555555820
96285  -18.829  4.339  -9.006 0.5555555820
94047  -21.721  2.646  -10.884 0.8888888955
153445  -26.239  4.035  -14.859 0.8888888955
94092  -24.656  4.580  -14.117 0.8888888955
97355  -17.920  5.451  -8.989 0.5555555820
97362  -18.672  5.219  -9.333 0.5555555820
96302  -20.802  4.282  -10.707 1.0000000000
97372  -19.519  5.243  -9.838 0.7777777910
95206  -22.283  3.495  -12.308 0.8888888955
95184  -21.740  3.799  -11.758 0.7777777910
100539  -18.474  7.701  -8.762 0.5555555820
99514  -18.694  7.114  -9.123 0.5555555820
98475  -19.748  6.204  -10.136 0.6666666865
98476  -20.478  6.241  -10.639 0.6666666865
97373  -20.275  5.264  -10.417 0.7777777910
98459  -18.204  6.240  -9.117 0.7777777910
99513  -18.021  7.149  -8.601 0.6666666865
97397  -21.688  5.323  -11.731 0.7777777910
96312  -21.450  4.226  -11.503 0.7777777910
97432  -23.935  6.622  -14.154 0.6666666865
153456  -24.765  6.095  -14.525 0.6666666865
98573  -24.493  6.860  -14.643 0.6666666865
100649  -24.164  7.865  -15.189 0.6666666865
153465  -25.167  7.222  -15.214 0.6666666865
153467  -27.543  7.319  -16.052 0.4444444478
101704  -27.284  8.313  -16.176 0.5555555820
100545  -20.071  8.125  -9.924 0.5555555820
99528  -20.695  7.139  -10.730 0.6666666865
98486  -21.606  6.502  -11.504 0.7777777910
101716  -24.134  9.102  -15.633 0.6666666865
100636  -22.563  8.730  -15.540 0.6666666865
101729  -22.330  9.119  -16.043 0.6666666865
102850  -22.704  9.795  -16.474 0.6666666865
95159  -18.933  3.957  -8.728 0.4444444478
99510  -17.769  7.049  -7.593 0.3333333433
94008  -19.432  2.052  -8.056 0.4444444478
95144  -19.397  3.002  -8.373 0.4444444478
153472  -28.747  9.060  -17.071 0.3333333433
103980  -28.337  10.369  -16.943 0.3333333433
79161  -21.811  -9.585  -8.410 0.5555555820
80233  -20.956  -9.080  -8.213 0.3333333433
82731  -21.135  -7.524  -8.203 0.4444444478
88613  -28.910  -2.213  -12.683 0.6666666865
87435  -21.793  -3.950  -8.425 0.7777777910
91853  -19.679  0.578  -8.083 0.1111111119
96277  -18.392  4.081  -7.825 0.3333333433
97354  -17.828  4.946  -8.371 0.3333333433
103977  -25.360  11.013  -16.121 0.6666666865
79186  -27.741  -10.246  -9.464 0.4444444478
79145  -28.677  -10.451  -8.066 0.2222222239
79181  -23.871  -9.547  -8.921 0.4444444478
78053  -25.091  -10.325  -9.520 0.4444444478
80269  -23.857  -8.978  -9.281 0.4444444478
80270  -24.559  -9.255  -9.779 0.4444444478
80272  -26.572  -9.756  -10.367 0.4444444478
80273  -27.300  -9.585  -10.284 0.4444444478
80275  -28.925  -8.891  -9.860 0.2222222239
80290  -24.706  -8.705  -10.103 0.4444444478
80291  -25.613  -8.884  -10.522 0.4444444478
80292  -26.684  -8.956  -10.643 0.4444444478
81479  -29.400  -8.489  -9.556 0.1111111119
81480  -29.797  -8.012  -9.418 0.1111111119
80293  -27.660  -8.757  -10.716 0.4444444478
80294  -28.294  -8.513  -10.728 0.3333333433
81522  -28.698  -7.993  -10.951 0.3333333433
81500  -29.577  -7.987  -9.879 0.2222222239
81520  -27.268  -8.032  -11.063 0.4444444478
81521  -28.094  -8.101  -11.185 0.3333333433
81519  -26.229  -7.979  -10.783 0.4444444478
82797  -29.137  -7.049  -11.801 0.2222222239
82781  -29.890  -7.022  -10.904 0.1111111119
85144  -30.516  -5.943  -10.330 0.1111111119
82779  -28.657  -7.535  -11.517 0.3333333433
82795  -27.845  -6.629  -12.021 0.4444444478
83973  -28.504  -5.991  -12.183 0.5555555820
85172  -28.297  -5.025  -12.224 0.6666666865
85174  -29.868  -5.381  -12.004 0.4444444478
87511  -30.158  -3.544  -12.108 0.3333333433
86382  -28.790  -3.960  -12.283 0.6666666865
86393  -29.292  -3.594  -12.298 0.5555555820
87529  -29.176  -2.920  -12.499 0.5555555820
87530  -29.633  -3.194  -12.401 0.5555555820
87510  -29.934  -3.488  -12.279 0.4444444478
88615  -29.840  -2.228  -12.691 0.3333333433
87528  -28.669  -2.822  -12.557 0.5555555820
89761  -29.770  -1.150  -13.040 0.4444444478
89773  -29.350  -0.989  -13.085 0.5555555820
89760  -29.372  -1.522  -12.883 0.4444444478
100606  -22.967  9.028  -14.384 0.5555555820
101688  -22.959  9.482  -14.723 0.5555555820
102813  -21.787  10.176  -15.823 0.5555555820
103976  -22.161  11.308  -16.900 0.5555555820
105131  -23.938  11.752  -16.564 0.5555555820
78056  -26.995  -10.917  -9.412 0.4444444478
79166  -28.463  -10.065  -8.924 0.2222222239
80268  -23.118  -8.661  -9.107 0.4444444478
81498  -28.736  -8.429  -10.461 0.2222222239
82780  -29.370  -7.411  -11.043 0.2222222239
83974  -29.241  -6.245  -12.064 0.4444444478
83975  -29.725  -6.285  -11.948 0.3333333433
86383  -29.423  -4.354  -12.178 0.6666666865
88616  -30.172  -1.724  -12.757 0.3333333433
90845  -29.792  -0.287  -13.335 0.4444444478
92998  -29.765  1.578  -13.831 0.4444444478
102799  -22.933  10.320  -14.888 0.5555555820
102782  -23.518  10.142  -13.842 0.5555555820
80289  -24.162  -8.700  -9.665 0.4444444478
85175  -30.052  -4.558  -11.934 0.2222222239
103998  -24.631  11.142  -16.321 0.5555555820
76949  -25.776  -11.720  -9.033 0.4444444478
76961  -26.618  -11.258  -9.319 0.4444444478
78042  -27.264  -11.220  -8.991 0.4444444478
79144  -28.271  -10.723  -8.251 0.2222222239
79130  -29.312  -10.309  -7.020 0.1111111119
79164  -24.136  -10.225  -8.733 0.4444444478
78039  -25.035  -10.812  -9.019 0.4444444478
80251  -29.150  -9.378  -8.881 0.1111111119
80252  -29.645  -8.592  -8.941 0.1111111119
80234  -29.410  -9.709  -7.749 0.1111111119
81468  -30.042  -8.106  -8.621 0.1111111119
82759  -29.809  -7.398  -10.208 0.1111111119
83925  -30.632  -6.261  -9.178 0.1111111119
85145  -30.739  -5.182  -10.704 0.1111111119
86355  -30.844  -4.286  -11.153 0.2222222239
88593  -30.041  -3.018  -12.431 0.1111111119
86370  -30.324  -4.156  -11.753 0.2222222239
89743  -30.544  -1.362  -12.597 0.2222222239
89762  -30.193  -1.243  -12.911 0.3333333433
92982  -30.117  1.062  -13.551 0.3333333433
94067  -30.150  1.968  -13.901 0.3333333433
94083  -30.277  2.504  -14.309 0.3333333433
96363  -29.623  5.147  -15.395 0.4444444478
153459  -28.483  7.541  -16.409 0.3333333433
102756  -20.934  9.979  -10.077 0.4444444478
103978  -26.225  11.139  -16.154 0.5555555820
101639  -21.629  9.831  -11.078 0.5555555820
101648  -22.799  9.951  -12.273 0.5555555820
103947  -21.703  11.472  -15.268 0.5555555820
105097  -22.440  12.237  -15.725 0.5555555820
105111  -23.398  12.277  -16.266 0.5555555820
79163  -23.308  -9.768  -8.691 0.4444444478
79182  -24.538  -9.862  -9.309 0.4444444478
94082  -29.838  2.504  -14.460 0.4444444478
82778  -27.884  -7.443  -11.689 0.3333333433
79185  -26.820  -10.339  -9.971 0.4444444478
78057  -27.412  -10.825  -9.181 0.4444444478
79183  -25.164  -9.938  -9.962 0.4444444478
78055  -26.259  -11.009  -9.604 0.4444444478
78054  -25.540  -10.630  -9.678 0.4444444478
80271  -25.088  -9.305  -10.226 0.4444444478
79184  -25.980  -10.226  -10.256 0.4444444478
79200  -25.577  -9.609  -10.361 0.4444444478
79201  -26.082  -9.524  -10.498 0.4444444478
79187  -28.517  -9.579  -9.495 0.4444444478
80274  -28.220  -9.212  -10.226 0.4444444478
81523  -29.009  -7.949  -10.684 0.2222222239
82758  -29.484  -7.607  -10.524 0.2222222239
83959  -29.544  -6.764  -11.756 0.2222222239
83960  -29.986  -6.552  -11.486 0.1111111119
83940  -30.212  -6.566  -10.694 0.1111111119
85159  -30.436  -5.829  -11.238 0.1111111119
85133  -30.517  -5.982  -9.881 0.1111111119
82796  -28.571  -6.878  -12.020 0.3333333433
85173  -29.069  -5.180  -12.178 0.4444444478
86384  -29.787  -4.069  -12.119 0.3333333433
87488  -30.720  -3.412  -11.600 0.1111111119
86394  -29.537  -3.810  -12.197 0.4444444478
86392  -28.961  -3.310  -12.407 0.5555555820
88614  -29.336  -2.285  -12.660 0.5555555820
91916  -30.079  0.228  -13.355 0.4444444478
102814  -22.263  10.057  -15.336 0.5555555820
101660  -22.948  9.439  -12.991 0.5555555820
105130  -22.930  11.538  -16.652 0.5555555820
83924  -30.400  -6.492  -9.749 0.1111111119
102770  -23.564  10.590  -12.805 0.5555555820
85160  -30.420  -4.935  -11.549 0.2222222239
76950  -26.412  -11.685  -9.056 0.4444444478
78041  -26.031  -11.464  -9.330 0.4444444478
78024  -28.047  -11.174  -8.099 0.4444444478
78025  -28.434  -11.027  -7.698 0.2222222239
78043  -27.682  -10.914  -8.818 0.4444444478
79143  -23.595  -10.497  -8.447 0.4444444478
80235  -29.779  -8.904  -8.166 0.1111111119
82743  -30.223  -7.412  -9.222 0.1111111119
71996  -27.934  -17.190  -2.839 0.1111111119
73422  -25.640  -15.588  -6.508 0.3333333433
72023  -27.313  -16.414  -4.459 0.2222222239
72011  -27.623  -16.854  -3.341 0.2222222239
72012  -28.133  -16.182  -3.796 0.1111111119
75825  -23.908  -13.336  -7.574 0.3333333433
73421  -24.773  -15.210  -6.777 0.3333333433
74642  -26.656  -14.824  -6.380 0.3333333433
74643  -27.282  -14.614  -6.012 0.3333333433
73385  -27.366  -15.485  -5.251 0.2222222239
74628  -27.544  -14.888  -5.503 0.2222222239
73371  -27.830  -15.718  -4.687 0.2222222239
73372  -28.480  -15.382  -4.370 0.1111111119
73386  -27.917  -15.287  -4.892 0.2222222239
76931  -22.147  -11.617  -7.584 0.2222222239
76914  -22.657  -12.270  -7.347 0.2222222239
75824  -23.176  -12.944  -7.306 0.2222222239
74662  -24.931  -14.344  -7.222 0.3333333433
74663  -26.076  -14.780  -6.892 0.3333333433
74629  -28.011  -14.605  -5.280 0.1111111119
78019  -21.679  -11.001  -7.985 0.2222222239
76915  -23.294  -12.352  -7.681 0.3333333433
78020  -22.519  -11.027  -8.010 0.3333333433
76932  -22.988  -11.730  -7.795 0.3333333433
78021  -23.356  -11.115  -8.174 0.3333333433
76933  -23.877  -11.980  -8.085 0.3333333433
75840  -24.460  -12.793  -8.014 0.3333333433
75841  -25.405  -12.996  -8.144 0.3333333433
75842  -26.368  -13.134  -8.024 0.3333333433
75829  -27.804  -13.345  -7.006 0.3333333433
75843  -27.109  -12.957  -7.852 0.3333333433
75806  -28.063  -13.734  -6.232 0.1111111119
75807  -28.618  -13.089  -6.072 0.2222222239
79140  -21.366  -10.253  -8.198 0.2222222239
79141  -22.117  -10.288  -8.179 0.3333333433
78022  -24.213  -11.081  -8.447 0.3333333433
76934  -25.039  -11.922  -8.561 0.3333333433
76935  -25.966  -12.406  -8.672 0.3333333433
76936  -26.772  -12.391  -8.447 0.3333333433
76916  -27.609  -13.020  -7.454 0.3333333433
76898  -28.514  -12.960  -6.412 0.1111111119
79139  -20.636  -10.022  -8.161 0.3333333433
79162  -22.501  -9.648  -8.566 0.3333333433
76948  -25.444  -11.421  -8.971 0.3333333433
76937  -27.602  -12.185  -8.038 0.3333333433
76951  -27.079  -11.740  -8.728 0.3333333433
78023  -27.517  -11.440  -8.526 0.3333333433
90846  -30.271  -0.579  -12.999 0.2222222239
91917  -30.567  0.518  -12.913 0.2222222239
95222  -30.209  3.805  -15.103 0.3333333433
73403  -26.516  -15.431  -6.084 0.3333333433
73384  -26.880  -15.621  -5.579 0.3333333433
72024  -27.984  -15.963  -4.366 0.2222222239
75839  -23.737  -12.721  -7.783 0.3333333433
75827  -25.787  -13.830  -7.561 0.3333333433
75828  -27.025  -13.784  -6.987 0.3333333433
79142  -22.894  -10.375  -8.328 0.3333333433
70662  -27.470  -17.655  -2.924 0.1111111119
72060  -24.779  -15.996  -6.420 0.3333333433
72080  -25.352  -15.888  -6.365 0.3333333433
70725  -25.728  -16.860  -5.547 0.3333333433
72022  -26.696  -16.853  -4.675 0.3333333433
70663  -28.279  -17.727  -2.590 0.1111111119
71997  -28.510  -16.661  -2.778 0.1111111119
74661  -24.090  -13.972  -7.286 0.3333333433
73362  -28.823  -15.777  -3.446 0.1111111119
73373  -29.113  -15.304  -3.807 0.1111111119
76930  -21.246  -11.683  -7.657 0.2222222239
75785  -28.445  -13.917  -5.466 0.1111111119
76917  -28.255  -12.566  -7.084 0.1111111119
78005  -28.369  -11.558  -7.442 0.1111111119
80232  -20.354  -9.233  -7.857 0.1111111119
92983  -30.536  1.654  -13.323 0.2222222239
96352  -30.012  4.392  -15.265 0.2222222239
96353  -30.397  4.259  -14.899 0.2222222239
81466  -20.663  -8.345  -8.128 0.2222222239
86329  -21.681  -4.683  -8.217 0.5555555820
82730  -20.577  -7.512  -7.805 0.3333333433
79160  -21.248  -9.580  -8.288 0.3333333433
94068  -30.552  2.505  -13.871 0.2222222239
72061  -25.731  -16.230  -6.063 0.3333333433
72041  -26.637  -16.312  -5.278 0.3333333433
72042  -27.135  -16.089  -5.017 0.3333333433
73420  -23.987  -14.516  -6.999 0.2222222239
73404  -26.999  -15.274  -5.716 0.3333333433
74664  -26.756  -14.492  -6.557 0.3333333433
74644  -27.777  -14.305  -5.830 0.2222222239
75826  -24.777  -13.573  -7.655 0.3333333433
74615  -28.705  -14.678  -4.665 0.1111111119
78018  -20.847  -10.979  -8.119 0.2222222239
75786  -28.852  -13.268  -5.459 0.1111111119
76938  -28.094  -11.890  -7.693 0.1111111119
69440  -26.761  -18.433  -3.083 0.1111111119
70679  -26.815  -17.472  -3.747 0.2222222239
70748  -25.554  -16.569  -5.803 0.3333333433
70747  -25.207  -16.680  -5.935 0.2222222239
70698  -26.094  -17.614  -4.628 0.3333333433
70699  -26.727  -17.080  -4.363 0.3333333433
74660  -23.298  -13.657  -6.951 0.2222222239
73419  -23.654  -14.108  -6.975 0.2222222239
92967  -30.963  1.476  -12.466 0.1111111119
94048  -31.251  2.477  -11.993 0.1111111119
95186  -31.065  3.428  -12.689 0.1111111119
95211  -30.401  3.235  -14.642 0.1111111119
95197  -30.897  3.314  -13.738 0.1111111119
96325  -30.975  4.272  -13.441 0.1111111119
97444  -29.504  6.669  -15.880 0.2222222239
96339  -30.751  4.163  -14.332 0.1111111119
97469  -29.636  7.195  -16.888 0.1111111119
153458  -28.697  6.676  -15.934 0.2222222239
98575  -29.300  7.797  -17.123 0.1111111119
98577  -30.083  6.882  -17.675 0.1111111119
153468  -28.773  8.168  -16.781 0.1111111119
102753  -21.520  10.973  -9.580 0.4444444478
102761  -21.952  10.072  -11.232 0.4444444478
100650  -29.057  8.745  -17.640 0.1111111119
103948  -22.333  11.549  -15.072 0.4444444478
103979  -27.676  10.949  -16.640 0.2222222239
101744  -29.018  9.295  -17.487 0.1111111119
101745  -29.126  9.565  -18.159 0.1111111119
102800  -23.817  10.699  -14.449 0.4444444478
102801  -24.241  10.885  -14.264 0.4444444478
105099  -24.360  12.317  -15.303 0.4444444478
105082  -23.044  11.950  -15.264 0.4444444478
106313  -23.825  12.510  -15.885 0.4444444478
105112  -24.542  12.318  -16.317 0.4444444478
105113  -25.687  12.238  -16.300 0.4444444478
105114  -27.316  12.348  -16.519 0.2222222239
105133  -27.972  11.913  -16.800 0.2222222239
104000  -28.199  11.657  -17.014 0.2222222239
104001  -28.553  11.194  -17.369 0.2222222239
107574  -26.871  14.836  -19.308 0.1111111119
107590  -27.427  14.222  -19.645 0.1111111119
105151  -28.934  12.428  -18.716 0.1111111119
103912  -21.762  11.243  -9.741 0.4444444478
103916  -22.877  11.727  -11.178 0.4444444478
102758  -22.429  11.119  -10.746 0.4444444478
103920  -23.560  11.582  -12.140 0.3333333433
103931  -24.389  11.150  -13.410 0.4444444478
105084  -24.889  12.061  -14.578 0.4444444478
106300  -25.119  12.965  -15.090 0.4444444478
106315  -25.371  12.877  -15.902 0.4444444478
106314  -24.375  12.594  -15.892 0.4444444478
106301  -26.119  13.608  -15.368 0.3333333433
106316  -26.620  13.422  -16.146 0.3333333433
106317  -27.709  13.524  -16.700 0.1111111119
105115  -28.119  13.033  -16.902 0.1111111119
105134  -28.477  12.517  -17.519 0.2222222239
106347  -28.208  13.529  -18.808 0.1111111119
103913  -22.346  11.721  -10.037 0.2222222239
103921  -24.348  11.478  -12.974 0.3333333433
105068  -25.054  12.347  -13.363 0.3333333433
106302  -26.609  14.073  -15.635 0.2222222239
107560  -27.806  14.324  -17.407 0.1111111119
107550  -27.002  14.569  -15.994 0.1111111119
108762  -27.592  14.880  -17.162 0.1111111119
107575  -27.521  14.434  -18.498 0.1111111119
108750  -27.367  15.072  -16.608 0.1111111119
108778  -27.438  14.960  -17.828 0.1111111119
105063  -24.748  12.000  -12.979 0.3333333433
105061  -23.753  12.407  -11.644 0.3333333433
105067  -25.024  12.879  -12.863 0.3333333433
106291  -25.364  13.052  -14.053 0.3333333433
107542  -25.577  13.521  -14.352 0.3333333433
107543  -26.016  13.927  -14.565 0.2222222239
107544  -26.812  14.706  -15.026 0.2222222239
108761  -27.467  15.717  -17.345 0.1111111119
108777  -26.960  15.510  -18.528 0.1111111119
109968  -26.653  16.588  -19.028 0.1111111119
106273  -23.495  13.417  -9.507 0.1111111119
106278  -23.789  13.193  -10.364 0.1111111119
106282  -24.490  13.014  -12.034 0.2222222239
107525  -25.122  14.258  -12.978 0.2222222239
106286  -25.171  13.379  -13.262 0.3333333433
107532  -25.649  14.227  -13.757 0.3333333433
107533  -26.406  14.908  -14.157 0.2222222239
107534  -26.768  15.339  -14.446 0.1111111119
108741  -27.058  15.898  -14.790 0.1111111119
108749  -27.279  15.888  -15.988 0.1111111119
109954  -27.210  16.733  -18.089 0.1111111119
108788  -26.558  15.613  -19.640 0.1111111119
107589  -26.849  14.831  -20.240 0.1111111119
106279  -23.945  13.474  -9.966 0.1111111119
107516  -24.293  13.999  -11.267 0.1111111119
107524  -24.557  14.055  -12.284 0.1111111119
108715  -24.632  14.849  -12.148 0.1111111119
109903  -26.212  16.445  -13.312 0.1111111119
108717  -25.889  15.715  -13.030 0.1111111119
108728  -26.214  15.543  -13.551 0.2222222239
109912  -26.601  16.691  -13.944 0.1111111119
111022  -26.701  17.926  -15.340 0.1111111119
109924  -27.071  16.960  -15.274 0.1111111119
111023  -26.968  17.679  -15.931 0.1111111119
109934  -27.300  17.128  -16.137 0.1111111119
108704  -24.545  15.030  -11.662 0.1111111119
108693  -24.919  15.549  -11.232 0.1111111119
108705  -25.038  15.592  -11.987 0.1111111119
109902  -25.837  16.310  -12.861 0.1111111119
111006  -26.054  16.986  -13.214 0.1111111119
111007  -26.366  17.309  -13.695 0.1111111119
111014  -26.621  17.691  -14.415 0.1111111119
109886  -25.428  16.474  -11.659 0.1111111119
111003  -25.690  17.056  -12.950 0.1111111119
94054  -30.867  2.472  -13.031 0.1111111119
95179  -31.432  3.607  -11.492 0.1111111119
97421  -30.397  5.484  -14.617 0.1111111119
97422  -30.685  5.279  -14.181 0.1111111119
97433  -30.167  5.368  -14.980 0.1111111119
99617  -29.369  7.551  -18.027 0.1111111119
102757  -21.694  10.554  -10.414 0.4444444478
103999  -25.292  11.528  -16.326 0.4444444478
102853  -28.653  10.442  -17.265 0.1111111119
101754  -29.194  9.269  -18.895 0.1111111119
105083  -23.938  11.801  -15.215 0.4444444478
106332  -28.156  13.645  -17.634 0.1111111119
106362  -28.634  13.206  -19.510 0.1111111119
108727  -25.638  15.011  -13.154 0.2222222239
108729  -26.671  15.842  -14.145 0.1111111119
112038  -26.018  17.702  -13.478 0.1111111119
110996  -25.481  17.190  -12.430 0.1111111119
95172  -31.540  3.385  -10.763 0.1111111119
99629  -29.089  8.110  -17.982 0.1111111119
102762  -22.616  10.599  -11.555 0.4444444478
108691  -24.378  14.138  -10.888 0.1111111119
107504  -24.569  14.584  -9.766 0.1111111119
109894  -25.520  16.309  -12.410 0.1111111119
94042  -31.434  2.585  -10.791 0.1111111119
91904  -31.107  0.449  -12.013 0.1111111119
92955  -31.253  1.372  -11.308 0.1111111119
95173  -31.625  3.812  -10.443 0.1111111119
95161  -31.475  3.223  -10.190 0.1111111119
96303  -31.448  4.746  -11.339 0.1111111119
96313  -31.190  4.428  -12.397 0.1111111119
97399  -31.282  5.439  -12.243 0.1111111119
97411  -31.102  5.085  -13.136 0.1111111119
98525  -30.325  5.868  -14.639 0.1111111119
98526  -30.603  6.629  -14.337 0.1111111119
98536  -30.087  6.663  -15.232 0.1111111119
99583  -30.242  7.398  -15.810 0.1111111119
99605  -30.508  7.372  -17.671 0.1111111119
99606  -30.832  7.633  -18.317 0.1111111119
100651  -30.268  8.009  -19.234 0.1111111119
102866  -29.312  10.533  -19.460 0.1111111119
100661  -30.032  8.781  -19.500 0.1111111119
104029  -29.770  12.081  -19.757 0.1111111119
105164  -29.343  12.742  -19.815 0.1111111119
103903  -22.137  12.347  -9.353 0.2222222239
106361  -28.058  13.725  -20.064 0.1111111119
105055  -22.874  12.800  -9.566 0.1111111119
107603  -27.018  14.947  -21.195 0.1111111119
106264  -22.817  13.722  -8.752 0.1111111119
107485  -22.783  14.424  -7.990 0.1111111119
107503  -24.276  13.962  -9.834 0.1111111119
107495  -24.289  14.534  -9.168 0.1111111119
108800  -26.625  15.674  -20.717 0.1111111119
108667  -24.079  14.819  -8.623 0.1111111119
108668  -24.619  15.108  -9.169 0.1111111119
111033  -26.674  18.288  -16.294 0.1111111119
111052  -26.365  18.258  -17.880 0.1111111119
111053  -26.674  17.720  -18.537 0.1111111119
111063  -26.640  17.497  -19.433 0.1111111119
109874  -25.327  16.086  -10.644 0.1111111119
112039  -26.439  18.208  -14.133 0.1111111119
113047  -25.990  19.377  -15.642 0.1111111119
113029  -25.844  18.020  -13.517 0.1111111119
102836  -28.979  9.927  -17.390 0.1111111119
105132  -24.779  11.853  -16.485 0.4444444478
153460  -29.248  7.411  -16.448 0.2222222239
102771  -24.150  10.989  -13.222 0.4444444478
98560  -30.165  7.178  -17.019 0.1111111119
98547  -30.030  7.161  -16.215 0.1111111119
100659  -29.114  8.701  -18.440 0.1111111119
102854  -28.958  10.330  -17.706 0.1111111119
101755  -29.491  9.636  -19.643 0.1111111119
105135  -28.779  11.869  -17.964 0.2222222239
104002  -28.996  11.310  -18.290 0.1111111119
104016  -29.435  11.516  -19.329 0.1111111119
105150  -28.695  13.007  -18.461 0.2222222239
105062  -24.556  12.374  -12.506 0.3333333433
107551  -27.413  14.275  -16.620 0.2222222239
105058  -23.238  12.504  -10.675 0.1111111119
106285  -24.867  13.353  -12.612 0.3333333433
106281  -24.093  12.976  -11.259 0.1111111119
107518  -24.403  13.337  -11.883 0.1111111119
109913  -26.868  16.561  -14.483 0.1111111119
109942  -27.548  16.927  -16.991 0.1111111119
111044  -26.983  17.718  -17.581 0.1111111119
107517  -24.303  13.825  -11.379 0.1111111119
107511  -24.185  13.714  -10.488 0.1111111119
107502  -23.971  14.058  -10.872 0.1111111119
107523  -24.382  14.320  -12.010 0.1111111119
108716  -25.256  15.283  -12.627 0.1111111119
109923  -26.805  17.214  -14.634 0.1111111119
112047  -26.429  18.799  -15.913 0.1111111119
111034  -27.045  17.764  -16.683 0.1111111119
111043  -26.562  18.341  -17.134 0.1111111119
108678  -24.514  14.363  -10.429 0.1111111119
108679  -24.795  15.192  -10.278 0.1111111119
112042  -26.419  18.573  -15.027 0.1111111119
102865  -29.137  10.515  -18.670 0.1111111119
106372  -28.817  13.647  -20.684 0.1111111119
112055  -26.221  18.843  -16.725 0.1111111119
113030  -26.200  18.584  -13.747 0.1111111119
96304  -31.591  4.114  -10.923 0.1111111119
99592  -30.467  7.712  -16.684 0.1111111119
104017  -29.521  11.042  -19.818 0.1111111119
105175  -29.418  13.275  -20.393 0.1111111119
106371  -28.091  13.787  -20.706 0.1111111119
106255  -22.131  13.937  -7.936 0.1111111119
107604  -27.578  14.197  -20.827 0.1111111119
106265  -23.560  13.880  -9.084 0.1111111119
70697  -25.533  -17.994  -4.980 0.2222222239
88501  -20.932  -2.492  -7.696 0.2222222239
89663  -21.012  -1.910  -8.068 0.2222222239
102752  -21.022  10.433  -9.284 0.3333333433
102741  -20.683  10.416  -8.343 0.2222222239
103890  -21.304  12.104  -7.761 0.1111111119
103902  -21.508  11.709  -8.972 0.1111111119
100523  -17.951  7.876  -6.750 0.1111111119
86321  -21.344  -4.591  -7.892 0.2222222239
100517  -18.142  8.350  -5.678 0.1111111119
101602  -20.003  9.681  -5.675 0.1111111119
101595  -20.726  9.921  -5.165 0.1111111119
102725  -20.986  11.129  -5.579 0.1111111119
103883  -21.036  11.979  -6.008 0.1111111119
105045  -21.598  12.678  -8.181 0.1111111119
101603  -20.696  10.298  -5.734 0.1111111119
85111  -21.205  -5.321  -7.593 0.2222222239
102736  -20.445  10.342  -7.415 0.1111111119
92899  -19.195  1.269  -7.938 0.1111111119
103901  -21.112  10.909  -8.651 0.3333333433
103889  -21.051  11.150  -8.035 0.1111111119
87417  -21.132  -3.551  -7.801 0.2222222239
102731  -20.757  10.722  -6.392 0.1111111119
103886  -21.024  11.451  -7.071 0.1111111119
101596  -21.060  10.613  -5.328 0.1111111119
102718  -20.989  11.265  -5.130 0.1111111119
69457  -26.037  -18.540  -3.776 0.1111111119
69498  -23.891  -18.299  -5.432 0.1111111119
70724  -24.965  -17.620  -5.529 0.1111111119
70746  -24.305  -16.642  -6.208 0.1111111119
73402  -24.080  -15.514  -6.644 0.1111111119
73401  -23.370  -14.911  -6.586 0.1111111119
83884  -20.459  -6.611  -6.701 0.1111111119
97353  -17.721  4.689  -7.533 0.2222222239
98457  -17.557  5.525  -7.757 0.2222222239
98451  -17.304  5.618  -6.911 0.2222222239
98443  -16.770  6.032  -6.096 0.2222222239
69499  -24.752  -18.360  -5.247 0.1111111119
89662  -20.634  -1.266  -7.807 0.1111111119
68272  -23.632  -18.880  -5.180 0.1111111119
69478  -25.322  -18.588  -4.625 0.1111111119
69456  -25.676  -18.834  -4.072 0.1111111119
70678  -26.334  -17.907  -3.912 0.1111111119
153137  -23.374  -15.715  -6.415 0.1111111119
74641  -22.723  -13.871  -6.540 0.1111111119
74640  -22.531  -13.493  -6.570 0.1111111119
76913  -21.817  -12.148  -7.064 0.1111111119
82720  -20.225  -7.516  -7.141 0.1111111119
83899  -20.748  -6.702  -7.367 0.1111111119
86320  -21.027  -4.542  -7.391 0.1111111119
88500  -20.594  -2.348  -7.035 0.1111111119
97348  -17.572  4.454  -6.844 0.2222222239
100516  -17.280  7.242  -5.750 0.2222222239
68258  -24.913  -19.666  -4.283 0.1111111119
100522  -17.516  7.240  -6.409 0.1111111119
85119  -21.151  -6.052  -7.562 0.1111111119
96276  -17.992  4.257  -7.559 0.2222222239
76929  -20.350  -11.580  -7.636 0.1111111119
75823  -22.408  -12.824  -6.781 0.1111111119
69479  -25.814  -18.241  -4.325 0.1111111119
87416  -20.796  -3.509  -7.197 0.1111111119
69477  -24.595  -18.692  -5.127 0.1111111119
68257  -24.235  -19.308  -4.955 0.1111111119
85110  -20.893  -5.656  -7.085 0.1111111119
96270  -18.625  3.357  -7.148 0.1111111119
101601  -18.984  9.104  -5.520 0.1111111119
72079  -25.160  -15.681  -6.499 0.3333333433
73400  -23.157  -14.210  -6.681 0.1111111119
74659  -22.897  -13.229  -6.862 0.1111111119
75805  -27.459  -14.045  -6.413 0.2222222239
76962  -26.864  -11.376  -9.125 0.4444444478
78017  -20.088  -10.823  -8.051 0.1111111119
78040  -25.690  -11.221  -9.335 0.4444444478
79165  -28.143  -10.590  -8.608 0.2222222239
81497  -23.821  -8.533  -9.525 0.4444444478
81499  -29.277  -8.013  -10.281 0.2222222239
81515  -23.104  -7.845  -8.977 0.7777777910
83953  -22.769  -7.587  -8.673 0.7777777910
83954  -23.279  -7.407  -8.919 0.7777777910
85132  -23.658  -4.994  -9.517 1.0000000000
85157  -25.185  -4.935  -10.469 1.0000000000
86341  -23.824  -4.517  -9.755 1.0000000000
86352  -23.464  -3.585  -9.885 1.0000000000
86385  -30.026  -4.100  -12.010 0.2222222239
87467  -22.481  -3.033  -9.223 1.0000000000
89739  -21.038  0.130  -10.473 0.8888888955
89757  -25.300  -0.792  -12.231 1.0000000000
89770  -24.017  -0.489  -12.846 1.0000000000
89781  -24.326  -0.257  -11.991 1.0000000000
90810  -21.223  -0.306  -9.824 0.7777777910
90812  -22.816  0.215  -11.073 0.8888888955
90829  -23.308  0.151  -11.387 0.8888888955
90830  -23.285  0.409  -11.461 1.0000000000
90831  -26.046  -0.143  -12.841 0.8888888955
90842  -23.526  0.154  -11.526 1.0000000000
90844  -25.251  -0.548  -12.300 1.0000000000
90854  -23.808  0.031  -12.454 1.0000000000
91898  -20.718  -0.103  -10.305 0.8888888955
91899  -20.426  0.224  -10.974 0.7777777910
91900  -20.698  0.235  -10.935 0.8888888955
91902  -23.371  0.935  -11.674 0.8888888955
91924  -24.212  0.086  -11.945 1.0000000000
91937  -24.097  -0.092  -12.142 1.0000000000
92953  -21.941  1.470  -10.787 0.8888888955
92965  -23.548  1.543  -12.035 1.0000000000
93011  -29.014  2.251  -14.044 0.5555555820
94053  -22.041  2.924  -11.473 1.0000000000
94061  -21.875  3.293  -11.898 1.0000000000
94062  -22.306  3.157  -12.162 1.0000000000
94077  -22.008  3.467  -12.411 0.8888888955
94078  -22.031  3.490  -12.332 0.8888888955
94093  -25.269  3.401  -14.141 0.8888888955
95130  -19.455  2.576  -8.206 0.4444444478
95143  -18.993  3.658  -8.380 0.4444444478
95180  -31.576  3.726  -10.911 0.1111111119
95185  -21.734  3.386  -11.397 1.0000000000
95192  -21.925  3.711  -12.013 0.8888888955
95193  -22.515  3.540  -12.561 0.8888888955
95194  -23.136  3.554  -13.073 0.8888888955
95205  -22.024  3.624  -12.185 0.8888888955
95207  -22.864  4.042  -13.018 0.8888888955
95209  -23.723  3.741  -13.388 0.8888888955
95210  -30.064  3.006  -14.897 0.4444444478
95232  -24.274  5.421  -14.017 0.7777777910
96269  -18.062  4.040  -7.217 0.2222222239
96284  -18.458  4.271  -8.615 0.4444444478
96311  -21.648  4.036  -11.746 0.7777777910
96322  -21.702  4.623  -11.846 0.7777777910
96323  -22.836  3.919  -13.044 0.8888888955
96324  -23.087  3.874  -13.080 0.8888888955
96334  -21.848  4.031  -11.984 0.8888888955
96335  -22.449  4.246  -12.579 0.8888888955
96337  -23.309  4.382  -13.256 0.8888888955
96338  -23.681  4.719  -13.502 0.8888888955
96348  -23.146  5.043  -13.140 0.7777777910
96350  -23.835  5.537  -13.741 0.7777777910
96378  -28.117  7.084  -16.136 0.4444444478
97385  -21.438  5.896  -11.419 0.7777777910
97398  -21.768  5.979  -11.627 0.7777777910
97409  -21.967  4.351  -12.116 0.8888888955
97419  -22.165  4.476  -12.290 0.7777777910
97429  -22.969  5.503  -13.008 0.7777777910
97431  -23.614  6.460  -13.794 0.6666666865
97434  -30.512  4.742  -14.627 0.2222222239
97442  -23.540  6.924  -13.856 0.6666666865
97443  -23.359  7.044  -13.887 0.6666666865
97457  -29.819  7.194  -16.635 0.1111111119
97470  -29.838  6.964  -17.156 0.1111111119
98498  -22.100  5.507  -12.004 0.7777777910
98499  -22.158  6.288  -11.990 0.7777777910
98514  -22.580  6.489  -12.642 0.6666666865
98515  -22.559  6.885  -12.737 0.6666666865
98523  -22.786  5.923  -12.828 0.6666666865
98524  -22.904  6.742  -13.181 0.6666666865
98534  -23.237  7.046  -13.695 0.6666666865
98546  -23.329  7.767  -14.637 0.6666666865
98576  -29.625  7.204  -17.613 0.1111111119
99509  -17.517  6.535  -7.036 0.2222222239
99538  -21.798  7.243  -11.763 0.6666666865
99551  -22.482  7.069  -12.630 0.6666666865
99565  -22.625  7.274  -12.888 0.6666666865
99566  -22.591  7.051  -12.850 0.6666666865
99590  -22.983  8.017  -14.743 0.6666666865
99591  -23.138  8.030  -14.974 0.6666666865
99602  -22.881  8.348  -15.269 0.6666666865
99604  -23.971  7.717  -15.018 0.6666666865
99615  -24.061  7.719  -14.997 0.6666666865
99616  -24.436  7.478  -15.001 0.6666666865
99618  -30.022  7.089  -18.652 0.1111111119
99630  -29.280  7.907  -18.686 0.1111111119
99631  -29.761  8.023  -19.150 0.1111111119
100564  -21.436  8.126  -11.550 0.6666666865
100575  -22.381  8.216  -12.594 0.6666666865
100593  -22.901  8.833  -13.649 0.5555555820
100605  -22.885  8.442  -13.754 0.6666666865
100614  -22.927  8.853  -14.721 0.6666666865
100615  -22.893  9.189  -14.832 0.5555555820
100625  -24.621  7.907  -15.337 0.6666666865
100637  -22.943  8.661  -15.705 0.6666666865
100660  -29.411  8.666  -19.142 0.1111111119
101612  -18.559  8.621  -7.263 0.4444444478
101659  -22.520  8.887  -12.600 0.4444444478
101672  -23.165  9.473  -14.121 0.5555555820
101701  -22.168  9.511  -15.343 0.5555555820
101702  -22.665  9.644  -14.834 0.5555555820
101715  -22.107  9.234  -15.843 0.6666666865
101720  -28.939  9.604  -17.305 0.1111111119
101732  -29.060  9.754  -17.580 0.1111111119
101746  -29.170  9.886  -18.985 0.1111111119
102730  -20.236  10.063  -6.717 0.2222222239
102783  -24.168  10.804  -13.736 0.4444444478
102784  -24.436  11.033  -14.120 0.4444444478
102798  -21.909  10.826  -15.209 0.5555555820
102835  -28.724  9.888  -17.109 0.1111111119
102849  -22.305  9.529  -16.469 0.6666666865
102851  -23.532  10.062  -16.217 0.6666666865
103922  -24.768  11.804  -13.245 0.3333333433
103932  -24.660  11.438  -13.755 0.4444444478
103949  -23.361  11.280  -14.932 0.4444444478
103950  -24.316  11.215  -14.604 0.4444444478
103961  -21.597  11.301  -15.824 0.5555555820
103962  -21.778  11.871  -15.492 0.5555555820
103975  -21.865  10.887  -16.596 0.5555555820
103995  -22.173  10.094  -16.815 0.6666666865
105096  -21.801  11.889  -16.018 0.5555555820
105098  -23.530  12.369  -15.597 0.4444444478
105109  -21.760  11.547  -16.298 0.5555555820
105110  -22.226  11.765  -16.549 0.5555555820
105129  -22.376  11.416  -16.844 0.5555555820
106274  -23.906  13.642  -9.631 0.1111111119
106299  -24.232  12.504  -15.622 0.4444444478
106348  -28.672  13.102  -18.898 0.2222222239
107501  -23.870  14.013  -11.090 0.1111111119
107510  -24.020  13.854  -11.081 0.1111111119
107512  -24.146  13.645  -9.962 0.1111111119
107605  -28.168  13.918  -21.037 0.1111111119
108676  -24.065  14.460  -10.900 0.1111111119
108677  -24.267  13.808  -10.738 0.1111111119
108690  -24.056  13.881  -10.818 0.1111111119
108692  -24.724  15.009  -11.025 0.1111111119
108702  -24.292  14.088  -11.095 0.1111111119
108703  -24.756  14.369  -11.848 0.1111111119
108714  -24.467  14.574  -12.069 0.1111111119
153420  -22.979  -0.809  -10.524 0.8888888955
153421  -22.686  -0.508  -10.468 0.8888888955
153422  -23.263  -0.908  -10.699 1.0000000000
153423  -22.737  -1.106  -10.150 1.0000000000
153426  -22.971  -0.557  -10.689 0.8888888955
153428  -20.927  0.375  -10.635 0.8888888955
153430  -23.043  -0.035  -11.121 0.8888888955
153431  -20.628  0.176  -10.913 0.7777777910
153433  -25.791  0.026  -12.799 0.8888888955
153435  -25.579  0.093  -12.699 1.0000000000
153448  -26.574  3.961  -14.890 0.7777777910
153449  -24.761  5.880  -14.460 0.6666666865
153451  -24.546  6.309  -14.430 0.6666666865
153453  -26.641  4.905  -15.200 0.6666666865
153454  -24.243  6.779  -14.416 0.6666666865
153461  -27.846  7.189  -16.113 0.4444444478
153462  -29.024  8.947  -17.316 0.1111111119
153469  -28.954  8.574  -17.213 0.1111111119
153470  -27.791  7.436  -16.183 0.4444444478
153471  -27.966  7.271  -16.199 0.3333333433
153473  -28.334  8.514  -16.716 0.3333333433
153474  -28.353  8.040  -16.622 0.3333333433
