#!ascii label  , from subject 4081 vox2ras=TkReg
2094
60945  -35.199  -30.257  73.971 0.0000000000
90579  -49.524  -7.197  57.439 0.0000000000
79598  -38.942  -15.476  67.343 0.0000000000
51113  -10.211  -40.679  71.404 0.0000000000
53318  -23.072  -36.630  71.467 0.0000000000
63316  -4.187  -30.545  70.189 0.0000000000
57743  -4.591  -34.111  78.003 0.0000000000
83246  -45.568  -12.135  61.682 0.0000000000
62215  -4.222  -30.676  60.133 0.0000000000
44103  -7.400  -45.806  77.028 0.0000000000
68125  -34.816  -27.172  67.748 0.0000000000
56775  -32.151  -33.667  70.156 0.0000000000
56693  -29.583  -33.839  74.479 0.0000000000
91717  -52.461  -5.263  53.541 0.0000000000
81995  -41.914  -13.220  65.148 0.0000000000
51195  -18.218  -38.874  68.583 0.0000000000
69461  -9.374  -24.516  64.281 0.0000000000
52283  -4.289  -38.022  70.472 0.0000000000
55658  -4.929  -35.639  66.648 0.0000000000
50079  -8.908  -40.109  65.361 0.0000000000
45354  -14.815  -44.212  80.280 0.0000000000
47741  -9.571  -42.261  80.936 0.0000000000
75943  -36.096  -18.694  70.173 0.0000000000
54400  -26.015  -35.470  77.139 0.0000000000
56752  -24.749  -34.077  70.751 0.0000000000
59878  -2.587  -32.824  74.143 0.0000000000
53285  -5.835  -37.955  75.184 0.0000000000
85801  -48.595  -10.553  60.521 0.0000000000
46653  -17.835  -43.738  76.023 0.0000000000
47820  -17.552  -42.370  72.242 0.0000000000
63379  -4.637  -30.454  64.813 0.0000000000
57973  -5.514  -33.760  62.381 0.0000000000
57684  -7.204  -35.519  80.930 0.0000000000
51057  -7.995  -39.671  79.079 0.0000000000
47785  -7.370  -44.246  75.058 0.0000000000
63288  -37.254  -28.534  73.504 0.0000000000
60974  -34.520  -30.316  71.269 0.0000000000
64530  -35.413  -28.102  71.143 0.0000000000
58861  -33.674  -31.531  72.545 0.0000000000
59933  -33.163  -31.041  69.905 0.0000000000
57787  -32.885  -33.416  73.821 0.0000000000
91699  -51.084  -5.703  55.046 0.0000000000
87068  -47.102  -8.830  56.037 0.0000000000
89465  -48.553  -7.181  53.604 0.0000000000
90633  -50.595  -6.386  52.410 0.0000000000
80792  -40.572  -14.230  66.437 0.0000000000
77212  -36.362  -17.606  65.560 0.0000000000
79639  -37.204  -16.014  63.876 0.0000000000
79670  -37.859  -14.647  62.548 0.0000000000
51112  -7.454  -39.148  71.130 0.0000000000
50049  -6.710  -39.462  68.197 0.0000000000
51150  -10.767  -39.998  68.513 0.0000000000
48990  -10.821  -42.143  65.236 0.0000000000
47877  -10.280  -43.525  67.818 0.0000000000
44110  -14.244  -44.335  77.364 0.0000000000
42859  -12.565  -45.241  79.350 0.0000000000
74642  -35.084  -20.098  71.540 0.0000000000
69362  -34.880  -24.731  71.236 0.0000000000
69413  -33.898  -25.225  67.559 0.0000000000
72043  -33.795  -22.651  70.535 0.0000000000
73386  -34.287  -20.028  69.449 0.0000000000
56639  -27.880  -33.443  79.163 0.0000000000
56770  -28.426  -32.833  70.267 0.0000000000
56716  -27.200  -33.850  72.716 0.0000000000
91765  -53.666  -4.617  50.879 0.0000000000
92920  -55.508  -3.187  48.802 0.0000000000
58816  -3.625  -33.043  75.791 0.0000000000
54415  -2.684  -36.627  74.459 0.0000000000
54402  -4.532  -37.121  76.517 0.0000000000
83277  -47.603  -11.958  60.181 0.0000000000
80868  -42.738  -13.993  59.663 0.0000000000
80883  -44.006  -13.185  59.192 0.0000000000
83307  -45.418  -12.057  57.433 0.0000000000
49959  -17.276  -42.209  78.436 0.0000000000
49969  -18.850  -42.013  76.677 0.0000000000
66906  -7.320  -28.589  70.252 0.0000000000
66935  -8.542  -28.904  67.815 0.0000000000
63352  -4.685  -30.651  67.546 0.0000000000
53382  -5.817  -38.074  64.818 0.0000000000
57915  -5.729  -33.795  64.640 0.0000000000
54551  -7.346  -36.933  63.413 0.0000000000
56611  -9.573  -37.004  80.360 0.0000000000
45370  -8.747  -44.067  79.299 0.0000000000
49947  -7.907  -41.179  80.663 0.0000000000
47761  -8.359  -42.903  78.191 0.0000000000
49965  -8.354  -41.993  77.651 0.0000000000
46647  -6.968  -44.673  75.215 0.0000000000
66881  -35.608  -26.285  71.802 0.0000000000
55530  -30.292  -33.765  77.942 0.0000000000
56680  -31.708  -34.285  76.540 0.0000000000
56738  -30.719  -34.034  71.806 0.0000000000
92859  -55.108  -5.185  53.142 0.0000000000
90650  -52.194  -5.828  51.057 0.0000000000
82022  -43.262  -12.529  63.283 0.0000000000
80844  -40.288  -14.014  61.439 0.0000000000
54494  -21.065  -36.164  69.372 0.0000000000
52289  -20.478  -37.196  70.078 0.0000000000
64614  -6.450  -28.660  62.248 0.0000000000
57819  -4.767  -34.276  71.075 0.0000000000
58906  -4.291  -33.479  67.882 0.0000000000
54502  -4.735  -36.842  68.461 0.0000000000
52332  -5.851  -39.136  65.987 0.0000000000
49008  -7.295  -40.674  63.578 0.0000000000
51046  -12.422  -41.184  80.535 0.0000000000
52146  -10.600  -39.310  83.099 0.0000000000
46610  -11.783  -43.284  81.036 0.0000000000
44082  -10.701  -44.716  79.762 0.0000000000
78325  -37.449  -17.149  68.782 0.0000000000
75991  -35.567  -18.907  67.132 0.0000000000
54440  -24.234  -37.281  74.266 0.0000000000
55583  -28.231  -34.669  75.572 0.0000000000
55603  -25.862  -34.465  74.302 0.0000000000
55621  -24.568  -36.209  70.977 0.0000000000
65667  -5.859  -28.772  72.742 0.0000000000
64469  -4.070  -29.177  74.606 0.0000000000
62082  -2.970  -31.675  72.136 0.0000000000
56710  -4.203  -35.637  72.614 0.0000000000
52233  -4.282  -38.216  72.026 0.0000000000
52229  -9.121  -39.412  73.538 0.0000000000
87048  -48.997  -9.191  58.499 0.0000000000
85830  -46.051  -10.626  57.294 0.0000000000
49948  -14.592  -42.107  79.644 0.0000000000
45379  -16.094  -43.721  77.764 0.0000000000
45398  -14.840  -44.103  75.236 0.0000000000
52253  -19.478  -37.988  70.770 0.0000000000
51093  -18.971  -39.889  72.789 0.0000000000
49980  -20.447  -40.981  74.807 0.0000000000
46687  -17.884  -42.860  73.491 0.0000000000
46669  -15.373  -43.678  73.076 0.0000000000
68118  -10.603  -25.261  67.296 0.0000000000
64583  -8.570  -28.922  64.831 0.0000000000
62178  -5.050  -30.147  62.621 0.0000000000
58919  -2.599  -33.190  66.176 0.0000000000
58964  -3.839  -32.267  63.582 0.0000000000
59014  -2.631  -32.954  60.529 0.0000000000
56614  -5.949  -35.642  79.639 0.0000000000
53235  -8.474  -38.950  81.265 0.0000000000
53239  -7.635  -38.056  79.977 0.0000000000
53246  -4.901  -37.836  78.614 0.0000000000
52185  -6.224  -39.044  77.655 0.0000000000
51088  -8.293  -40.710  75.307 0.0000000000
49988  -8.237  -42.007  72.844 0.0000000000
41678  -5.789  -47.703  75.410 0.0000000000
45404  -6.297  -45.975  73.961 0.0000000000
47851  -8.865  -43.790  70.006 0.0000000000
62072  -35.465  -29.462  73.584 0.0000000000
62056  -35.878  -29.808  75.093 0.0000000000
62080  -35.017  -30.287  72.556 0.0000000000
62089  -35.630  -29.411  71.783 0.0000000000
59899  -34.575  -31.014  73.168 0.0000000000
60962  -34.614  -30.777  71.822 0.0000000000
60938  -35.585  -31.159  74.716 0.0000000000
58843  -34.562  -32.317  73.973 0.0000000000
90593  -49.449  -6.669  56.407 0.0000000000
89416  -48.741  -7.984  56.447 0.0000000000
88276  -48.185  -7.719  54.727 0.0000000000
89433  -48.999  -7.112  55.887 0.0000000000
90618  -49.617  -6.433  54.331 0.0000000000
79611  -39.292  -14.733  66.867 0.0000000000
80785  -40.700  -14.675  67.726 0.0000000000
79589  -40.388  -15.068  68.650 0.0000000000
78388  -36.609  -16.823  64.663 0.0000000000
79609  -38.207  -15.827  66.054 0.0000000000
79641  -38.540  -14.955  64.604 0.0000000000
52251  -9.430  -39.146  71.359 0.0000000000
52285  -9.089  -39.142  69.455 0.0000000000
51149  -10.712  -40.145  69.521 0.0000000000
48957  -10.595  -41.963  68.088 0.0000000000
50039  -10.541  -41.413  69.587 0.0000000000
44120  -13.397  -44.439  75.998 0.0000000000
44114  -12.687  -45.287  76.797 0.0000000000
70674  -35.079  -23.319  71.654 0.0000000000
70708  -34.273  -23.900  70.495 0.0000000000
72009  -35.089  -22.427  71.650 0.0000000000
73348  -34.725  -20.759  71.202 0.0000000000
92892  -55.410  -3.656  51.196 0.0000000000
92906  -54.904  -3.489  50.067 0.0000000000
94051  -56.608  -2.527  49.283 0.0000000000
57752  -4.537  -33.722  76.820 0.0000000000
56675  -4.009  -34.813  75.791 0.0000000000
55531  -4.395  -35.354  77.129 0.0000000000
83261  -46.460  -11.870  60.734 0.0000000000
83248  -48.043  -11.445  62.456 0.0000000000
82068  -43.638  -13.162  60.768 0.0000000000
80882  -43.559  -14.257  58.934 0.0000000000
82069  -43.908  -12.616  60.453 0.0000000000
82071  -45.732  -12.270  59.963 0.0000000000
52182  -17.252  -41.420  76.867 0.0000000000
52192  -17.962  -40.562  76.431 0.0000000000
53292  -22.783  -36.991  73.827 0.0000000000
53301  -22.183  -35.785  71.564 0.0000000000
63426  -3.977  -29.200  60.306 0.0000000000
65692  -5.616  -30.016  70.034 0.0000000000
65712  -6.452  -30.157  69.272 0.0000000000
63338  -4.277  -31.167  68.671 0.0000000000
52401  -7.316  -38.914  63.726 0.0000000000
54549  -6.641  -37.709  64.006 0.0000000000
53422  -7.006  -38.517  63.033 0.0000000000
58773  -9.874  -36.404  78.365 0.0000000000
56613  -10.858  -37.613  80.109 0.0000000000
44088  -7.871  -44.784  78.444 0.0000000000
46627  -8.064  -43.345  79.180 0.0000000000
45368  -7.618  -44.541  77.883 0.0000000000
46638  -7.919  -43.761  76.942 0.0000000000
45375  -7.652  -44.787  76.830 0.0000000000
65674  -36.616  -27.390  72.422 0.0000000000
65705  -35.578  -27.187  71.903 0.0000000000
68073  -36.411  -26.193  72.031 0.0000000000
68059  -36.474  -25.404  72.073 0.0000000000
57811  -31.926  -32.529  72.043 0.0000000000
56722  -32.094  -34.053  73.351 0.0000000000
56757  -31.436  -33.822  70.916 0.0000000000
56773  -30.520  -32.947  70.248 0.0000000000
92846  -54.102  -5.114  53.279 0.0000000000
91725  -51.740  -5.518  52.891 0.0000000000
90634  -51.349  -6.221  52.061 0.0000000000
91726  -52.508  -5.529  52.687 0.0000000000
91737  -53.547  -5.410  52.245 0.0000000000
82008  -42.620  -12.717  64.407 0.0000000000
83203  -44.533  -12.221  65.343 0.0000000000
83189  -43.611  -13.109  66.174 0.0000000000
80823  -39.883  -13.755  63.626 0.0000000000
80843  -39.439  -13.778  61.082 0.0000000000
82019  -41.197  -13.040  63.438 0.0000000000
82050  -42.248  -13.498  61.864 0.0000000000
68176  -7.324  -25.128  64.063 0.0000000000
66989  -6.117  -26.605  63.617 0.0000000000
66991  -7.976  -26.527  62.864 0.0000000000
55626  -4.350  -36.466  70.999 0.0000000000
56779  -4.398  -35.679  69.643 0.0000000000
53341  -4.625  -37.441  69.484 0.0000000000
51191  -8.038  -38.869  67.172 0.0000000000
51190  -6.013  -39.603  67.527 0.0000000000
50077  -7.108  -39.897  66.291 0.0000000000
50109  -7.349  -39.890  64.816 0.0000000000
50096  -8.124  -40.260  64.856 0.0000000000
48989  -9.776  -40.989  64.158 0.0000000000
48831  -13.716  -42.565  79.895 0.0000000000
48829  -12.392  -42.158  81.148 0.0000000000
45346  -12.813  -44.122  80.461 0.0000000000
42873  -11.687  -46.044  78.446 0.0000000000
42857  -11.481  -45.167  79.463 0.0000000000
41657  -10.414  -45.708  78.457 0.0000000000
41655  -9.594  -45.547  78.303 0.0000000000
77166  -36.646  -17.751  68.945 0.0000000000
74677  -35.616  -19.133  69.911 0.0000000000
74712  -34.849  -19.364  67.569 0.0000000000
75974  -35.811  -18.330  68.682 0.0000000000
77181  -36.359  -17.794  67.924 0.0000000000
55537  -25.382  -35.080  77.723 0.0000000000
54398  -24.979  -35.905  76.692 0.0000000000
54413  -25.293  -36.167  76.389 0.0000000000
55585  -29.952  -34.281  75.792 0.0000000000
55556  -29.361  -34.475  77.160 0.0000000000
55595  -29.210  -34.231  75.093 0.0000000000
56733  -26.275  -33.935  71.742 0.0000000000
56702  -26.271  -34.118  73.418 0.0000000000
56714  -25.530  -34.597  72.000 0.0000000000
55610  -24.651  -36.252  71.960 0.0000000000
56731  -24.610  -35.024  70.880 0.0000000000
55643  -22.704  -35.702  68.558 0.0000000000
62032  -2.628  -31.268  75.881 0.0000000000
63266  -3.865  -30.833  74.335 0.0000000000
64478  -3.922  -30.218  73.494 0.0000000000
60946  -4.015  -32.189  73.148 0.0000000000
58846  -4.278  -33.170  72.943 0.0000000000
58845  -3.596  -33.526  73.277 0.0000000000
53269  -3.404  -37.382  74.645 0.0000000000
54444  -2.904  -37.573  73.330 0.0000000000
52225  -4.821  -38.268  73.196 0.0000000000
52235  -6.089  -39.009  72.738 0.0000000000
52227  -6.937  -39.126  73.800 0.0000000000
87037  -48.890  -9.690  58.847 0.0000000000
87024  -50.208  -8.917  59.977 0.0000000000
85802  -49.182  -9.893  60.557 0.0000000000
83299  -46.500  -11.316  59.151 0.0000000000
84540  -46.133  -11.628  57.351 0.0000000000
84531  -47.403  -10.480  58.570 0.0000000000
87046  -47.827  -9.724  57.790 0.0000000000
52173  -13.641  -41.387  78.727 0.0000000000
46645  -17.672  -42.856  77.101 0.0000000000
47766  -16.407  -43.023  78.222 0.0000000000
45385  -16.697  -43.656  76.924 0.0000000000
45383  -15.857  -44.341  77.092 0.0000000000
45400  -16.397  -44.039  75.680 0.0000000000
51176  -19.453  -38.151  68.924 0.0000000000
52271  -19.735  -37.850  70.426 0.0000000000
51151  -19.015  -38.936  70.016 0.0000000000
48930  -18.305  -41.059  70.888 0.0000000000
50004  -18.344  -40.586  71.534 0.0000000000
49990  -18.530  -40.654  72.348 0.0000000000
49986  -19.510  -40.643  73.636 0.0000000000
48875  -19.643  -41.454  73.795 0.0000000000
47796  -19.473  -42.197  74.405 0.0000000000
47808  -18.199  -42.599  73.174 0.0000000000
46698  -15.777  -42.667  71.893 0.0000000000
68103  -10.173  -25.741  68.566 0.0000000000
64572  -7.286  -30.011  66.298 0.0000000000
65755  -8.656  -28.722  66.511 0.0000000000
64591  -6.722  -29.698  64.971 0.0000000000
63396  -6.670  -29.699  63.351 0.0000000000
63393  -4.473  -30.189  63.864 0.0000000000
57862  -4.439  -34.321  67.494 0.0000000000
59967  -2.739  -32.815  66.948 0.0000000000
57875  -4.728  -34.203  66.432 0.0000000000
57936  -5.456  -33.908  63.599 0.0000000000
57914  -4.679  -32.982  64.221 0.0000000000
57956  -4.208  -33.663  62.405 0.0000000000
58981  -3.815  -32.075  62.384 0.0000000000
56880  -4.024  -33.436  61.213 0.0000000000
57999  -3.035  -34.405  60.198 0.0000000000
56605  -5.762  -35.984  81.173 0.0000000000
48826  -10.186  -41.461  81.832 0.0000000000
52151  -9.358  -39.583  82.261 0.0000000000
49930  -8.577  -41.069  82.421 0.0000000000
49945  -8.208  -40.341  79.348 0.0000000000
51054  -8.405  -39.731  80.235 0.0000000000
52166  -7.514  -38.700  79.007 0.0000000000
53243  -5.545  -37.816  79.554 0.0000000000
52171  -7.034  -38.966  78.635 0.0000000000
52175  -5.655  -38.675  78.012 0.0000000000
52177  -7.006  -39.569  78.066 0.0000000000
48860  -7.927  -42.629  76.453 0.0000000000
49971  -8.277  -40.954  76.745 0.0000000000
49977  -8.247  -42.831  75.369 0.0000000000
49979  -8.573  -40.791  74.178 0.0000000000
48874  -7.864  -42.829  73.750 0.0000000000
40568  -6.549  -48.364  74.410 0.0000000000
42912  -5.819  -47.139  74.586 0.0000000000
65652  -37.465  -27.307  73.346 0.0000000000
60987  -33.606  -30.087  70.272 0.0000000000
63344  -33.951  -28.695  69.600 0.0000000000
62099  -35.441  -29.226  71.206 0.0000000000
63298  -36.896  -28.583  72.506 0.0000000000
57828  -32.577  -32.202  71.312 0.0000000000
58889  -33.365  -30.971  70.709 0.0000000000
60986  -34.140  -30.643  70.575 0.0000000000
58850  -33.778  -32.841  73.063 0.0000000000
91700  -51.816  -5.368  54.640 0.0000000000
88296  -48.395  -7.996  52.751 0.0000000000
89491  -48.846  -7.617  52.418 0.0000000000
89493  -50.083  -7.081  51.616 0.0000000000
89467  -49.894  -6.731  52.812 0.0000000000
90610  -50.939  -5.927  53.767 0.0000000000
81984  -41.024  -13.423  65.840 0.0000000000
81985  -41.959  -13.382  66.065 0.0000000000
80786  -40.905  -13.496  67.635 0.0000000000
80777  -41.047  -13.936  68.535 0.0000000000
76034  -34.709  -18.810  64.368 0.0000000000
76047  -35.164  -17.878  63.680 0.0000000000
78417  -36.213  -17.006  62.937 0.0000000000
78418  -36.695  -16.437  62.550 0.0000000000
79687  -37.371  -15.783  61.791 0.0000000000
79653  -37.629  -15.448  63.274 0.0000000000
80822  -39.220  -14.469  64.029 0.0000000000
51126  -6.265  -38.133  70.688 0.0000000000
51166  -5.309  -38.024  69.708 0.0000000000
51146  -6.992  -38.818  69.454 0.0000000000
51148  -8.512  -38.631  68.662 0.0000000000
51193  -9.975  -39.376  66.446 0.0000000000
50082  -10.817  -41.163  65.586 0.0000000000
50065  -10.902  -41.069  66.821 0.0000000000
47886  -10.933  -42.923  66.673 0.0000000000
44093  -14.253  -43.842  78.909 0.0000000000
44086  -13.828  -43.878  79.308 0.0000000000
44101  -13.443  -44.852  78.315 0.0000000000
74658  -35.492  -19.189  70.853 0.0000000000
69396  -34.750  -25.557  69.161 0.0000000000
69415  -34.511  -25.948  68.239 0.0000000000
69395  -34.555  -25.158  68.774 0.0000000000
70726  -32.987  -24.153  69.089 0.0000000000
72060  -32.946  -22.805  68.670 0.0000000000
73366  -33.721  -21.305  69.967 0.0000000000
74657  -34.984  -19.725  70.579 0.0000000000
55526  -27.138  -34.431  78.289 0.0000000000
56718  -29.117  -34.228  72.666 0.0000000000
56704  -28.181  -34.093  73.640 0.0000000000
56735  -28.120  -33.204  71.890 0.0000000000
57825  -26.920  -33.131  70.698 0.0000000000
92917  -53.369  -4.412  48.613 0.0000000000
92926  -53.724  -3.824  47.402 0.0000000000
94072  -55.309  -2.778  47.653 0.0000000000
94078  -55.297  -2.718  46.280 0.0000000000
58826  -2.703  -33.420  75.188 0.0000000000
56690  -3.963  -35.168  74.335 0.0000000000
56683  -3.981  -34.958  74.861 0.0000000000
55574  -4.176  -36.449  75.012 0.0000000000
53270  -4.622  -37.350  75.189 0.0000000000
83288  -47.801  -11.988  60.271 0.0000000000
84481  -49.234  -11.719  61.928 0.0000000000
79777  -43.292  -14.821  57.405 0.0000000000
79788  -43.702  -14.379  57.105 0.0000000000
82105  -44.260  -13.598  56.949 0.0000000000
82099  -44.914  -12.479  57.888 0.0000000000
83286  -46.352  -11.650  59.301 0.0000000000
51064  -15.372  -41.938  78.211 0.0000000000
51071  -16.314  -41.906  77.585 0.0000000000
49964  -18.194  -41.868  78.324 0.0000000000
47776  -19.246  -43.597  77.000 0.0000000000
48945  -16.851  -41.167  70.129 0.0000000000
47819  -17.281  -42.664  71.573 0.0000000000
66908  -9.186  -27.160  70.037 0.0000000000
66924  -9.281  -28.008  68.793 0.0000000000
65714  -7.634  -28.674  69.110 0.0000000000
65745  -6.638  -30.212  67.573 0.0000000000
63360  -4.837  -30.703  66.631 0.0000000000
54524  -5.077  -37.375  65.420 0.0000000000
56817  -6.332  -35.185  66.260 0.0000000000
55673  -6.292  -36.472  65.142 0.0000000000
55675  -6.715  -35.986  64.384 0.0000000000
56842  -7.419  -34.905  63.295 0.0000000000
58795  -9.367  -34.739  77.702 0.0000000000
57722  -8.827  -36.416  78.670 0.0000000000
56609  -8.153  -36.730  80.476 0.0000000000
47757  -9.187  -43.185  80.295 0.0000000000
48833  -8.585  -41.770  81.245 0.0000000000
48846  -8.175  -42.540  80.201 0.0000000000
47747  -7.963  -41.978  79.192 0.0000000000
48844  -8.333  -41.502  78.715 0.0000000000
49956  -8.197  -40.806  78.602 0.0000000000
47760  -8.436  -42.638  77.920 0.0000000000
47771  -7.560  -43.396  76.575 0.0000000000
47774  -6.408  -44.259  75.365 0.0000000000
65749  -34.783  -28.000  67.572 0.0000000000
64546  -34.508  -28.007  69.925 0.0000000000
66918  -34.751  -27.593  69.770 0.0000000000
68099  -34.882  -26.546  70.121 0.0000000000
69363  -35.124  -25.472  71.361 0.0000000000
69347  -35.935  -24.865  71.825 0.0000000000
56687  -31.018  -34.044  75.398 0.0000000000
56697  -32.042  -33.703  74.750 0.0000000000
56708  -31.601  -34.033  73.895 0.0000000000
56707  -30.962  -33.830  73.838 0.0000000000
56755  -29.904  -33.310  71.113 0.0000000000
90663  -51.568  -6.013  50.503 0.0000000000
91752  -53.297  -5.147  51.351 0.0000000000
91753  -54.020  -4.777  51.751 0.0000000000
83235  -44.794  -12.479  62.821 0.0000000000
83236  -46.043  -11.972  63.059 0.0000000000
83220  -45.209  -12.011  64.174 0.0000000000
79710  -38.080  -14.740  60.719 0.0000000000
80867  -41.674  -14.001  60.146 0.0000000000
82051  -43.002  -13.214  61.415 0.0000000000
53335  -21.839  -36.358  70.115 0.0000000000
53325  -21.111  -36.930  70.588 0.0000000000
53342  -20.158  -36.971  69.647 0.0000000000
52318  -19.489  -37.623  68.499 0.0000000000
64612  -4.682  -27.987  61.864 0.0000000000
64624  -4.933  -28.961  61.195 0.0000000000
60982  -4.003  -31.976  70.231 0.0000000000
60992  -3.923  -32.111  69.199 0.0000000000
58894  -4.504  -33.649  69.133 0.0000000000
56780  -4.323  -35.343  69.051 0.0000000000
54509  -4.794  -36.799  67.483 0.0000000000
52316  -5.134  -38.301  68.230 0.0000000000
52330  -5.151  -38.359  67.234 0.0000000000
53366  -4.383  -37.602  66.255 0.0000000000
52361  -5.707  -38.549  65.240 0.0000000000
54360  -10.811  -38.917  80.975 0.0000000000
51040  -11.469  -40.598  81.815 0.0000000000
49933  -11.241  -41.454  82.189 0.0000000000
47734  -10.684  -42.215  81.440 0.0000000000
44077  -12.630  -44.790  80.472 0.0000000000
45350  -11.463  -44.271  80.619 0.0000000000
45348  -10.295  -43.876  80.469 0.0000000000
44080  -9.638  -44.732  79.258 0.0000000000
42860  -8.964  -45.040  78.423 0.0000000000
42878  -7.807  -46.161  77.274 0.0000000000
78339  -37.685  -16.500  67.707 0.0000000000
79576  -38.836  -15.564  68.869 0.0000000000
78316  -37.894  -16.273  69.331 0.0000000000
69453  -33.458  -26.280  66.017 0.0000000000
74747  -35.066  -18.972  65.724 0.0000000000
78355  -36.966  -17.104  67.162 0.0000000000
53281  -23.157  -37.226  75.051 0.0000000000
53303  -23.416  -37.169  73.537 0.0000000000
55517  -29.181  -33.906  78.682 0.0000000000
55527  -28.068  -34.345  78.333 0.0000000000
55554  -27.398  -34.648  76.834 0.0000000000
55605  -28.099  -34.092  74.590 0.0000000000
55593  -27.249  -34.997  75.002 0.0000000000
55581  -26.462  -35.580  75.483 0.0000000000
54441  -25.128  -36.585  74.896 0.0000000000
54462  -24.601  -36.240  73.001 0.0000000000
54471  -24.042  -37.012  71.255 0.0000000000
54486  -22.700  -36.660  69.689 0.0000000000
94079  -56.146  -2.481  45.907 0.0000000000
95282  -57.133  -2.390  45.565 0.0000000000
96477  -57.081  -1.645  45.060 0.0000000000
65677  -6.929  -28.615  71.450 0.0000000000
64502  -4.118  -29.652  71.215 0.0000000000
66861  -4.950  -28.309  73.634 0.0000000000
64490  -3.736  -29.678  72.348 0.0000000000
62095  -3.485  -31.288  70.703 0.0000000000
58866  -4.892  -33.346  71.401 0.0000000000
57801  -4.570  -34.701  72.051 0.0000000000
55617  -4.275  -36.724  71.443 0.0000000000
55598  -3.796  -36.415  73.279 0.0000000000
54454  -3.739  -37.587  72.075 0.0000000000
52267  -3.992  -38.941  70.985 0.0000000000
51110  -5.904  -38.277  71.417 0.0000000000
52249  -7.616  -39.162  71.878 0.0000000000
52238  -9.276  -39.585  72.420 0.0000000000
88238  -49.048  -8.356  57.266 0.0000000000
83329  -44.598  -12.147  56.712 0.0000000000
84555  -44.801  -11.495  56.408 0.0000000000
85846  -45.889  -10.181  56.165 0.0000000000
87053  -46.553  -9.652  56.701 0.0000000000
88237  -48.870  -9.193  56.882 0.0000000000
51051  -12.845  -41.531  79.257 0.0000000000
48838  -15.423  -42.762  80.291 0.0000000000
51059  -15.301  -42.562  78.703 0.0000000000
47758  -16.155  -43.138  79.692 0.0000000000
45365  -15.697  -43.817  79.789 0.0000000000
44116  -14.234  -44.077  76.512 0.0000000000
53316  -20.810  -37.296  70.853 0.0000000000
53306  -20.255  -37.519  71.172 0.0000000000
53300  -19.296  -37.776  71.528 0.0000000000
51130  -18.782  -39.301  70.450 0.0000000000
51100  -18.380  -39.335  71.796 0.0000000000
52231  -18.459  -38.851  71.955 0.0000000000
52221  -18.583  -39.526  73.228 0.0000000000
52213  -18.693  -40.431  74.051 0.0000000000
52203  -18.121  -40.342  75.758 0.0000000000
49972  -19.272  -41.802  75.925 0.0000000000
47781  -19.146  -43.235  76.053 0.0000000000
46660  -18.374  -43.373  75.628 0.0000000000
46700  -17.490  -43.275  72.233 0.0000000000
46671  -16.848  -43.100  73.772 0.0000000000
46658  -16.720  -43.335  74.961 0.0000000000
45408  -15.678  -43.546  74.660 0.0000000000
68160  -10.490  -24.912  65.425 0.0000000000
66937  -9.609  -27.303  67.556 0.0000000000
66948  -9.584  -27.357  66.033 0.0000000000
65778  -9.298  -27.037  63.634 0.0000000000
64615  -7.644  -28.389  62.583 0.0000000000
63406  -6.095  -29.626  62.084 0.0000000000
61055  -4.182  -30.598  61.161 0.0000000000
62129  -4.063  -31.748  67.819 0.0000000000
62138  -3.648  -31.800  66.734 0.0000000000
62153  -3.370  -31.566  65.138 0.0000000000
57894  -4.794  -33.380  65.286 0.0000000000
58950  -2.951  -32.804  64.675 0.0000000000
62162  -3.670  -31.768  64.033 0.0000000000
62175  -3.231  -31.287  63.085 0.0000000000
61053  -3.250  -31.350  61.708 0.0000000000
61066  -3.642  -31.488  60.332 0.0000000000
59028  -2.346  -32.644  59.372 0.0000000000
54358  -9.736  -38.670  81.309 0.0000000000
54367  -8.753  -37.917  81.383 0.0000000000
55499  -7.909  -37.122  80.538 0.0000000000
51050  -7.611  -40.170  81.797 0.0000000000
53240  -8.088  -38.521  80.444 0.0000000000
54364  -6.948  -36.952  80.426 0.0000000000
54372  -5.925  -37.063  80.216 0.0000000000
55511  -5.423  -36.585  79.438 0.0000000000
55520  -5.223  -35.942  78.160 0.0000000000
53249  -4.772  -37.166  77.340 0.0000000000
52183  -5.336  -37.626  77.028 0.0000000000
52207  -6.261  -38.242  76.573 0.0000000000
51074  -7.630  -40.183  77.584 0.0000000000
52197  -6.988  -40.075  76.799 0.0000000000
52218  -6.653  -38.409  75.077 0.0000000000
52220  -8.792  -39.550  74.324 0.0000000000
51092  -9.406  -40.559  73.337 0.0000000000
50003  -9.755  -41.534  71.802 0.0000000000
42888  -7.748  -46.779  76.623 0.0000000000
41679  -6.443  -47.766  75.561 0.0000000000
42897  -6.696  -46.745  75.862 0.0000000000
44117  -6.201  -46.354  75.428 0.0000000000
46651  -6.524  -45.103  74.852 0.0000000000
46655  -6.470  -45.316  74.240 0.0000000000
45433  -6.458  -46.079  72.817 0.0000000000
47793  -7.348  -44.709  73.769 0.0000000000
48885  -8.322  -43.883  72.967 0.0000000000
48926  -8.236  -43.457  71.269 0.0000000000
48928  -9.492  -42.525  70.548 0.0000000000
47866  -9.255  -43.960  68.973 0.0000000000
46758  -9.433  -44.740  67.939 0.0000000000
62063  -35.476  -29.519  74.409 0.0000000000
60939  -35.514  -30.443  74.716 0.0000000000
60951  -34.958  -30.739  73.326 0.0000000000
60952  -35.019  -30.052  73.204 0.0000000000
60944  -35.704  -31.082  74.051 0.0000000000
59892  -35.104  -31.372  73.844 0.0000000000
90580  -49.879  -6.489  56.973 0.0000000000
89417  -49.234  -7.588  56.893 0.0000000000
79599  -39.726  -14.808  67.779 0.0000000000
79597  -38.455  -16.120  66.942 0.0000000000
78373  -37.457  -16.258  65.533 0.0000000000
79610  -38.727  -15.269  66.537 0.0000000000
52252  -9.893  -39.780  70.896 0.0000000000
52270  -9.987  -39.571  69.981 0.0000000000
51129  -10.212  -40.525  70.343 0.0000000000
50023  -10.093  -41.653  70.699 0.0000000000
44119  -12.644  -45.096  76.218 0.0000000000
57742  -4.653  -33.906  77.423 0.0000000000
56666  -4.262  -34.665  76.615 0.0000000000
56656  -4.490  -34.530  77.336 0.0000000000
83260  -45.654  -12.028  60.874 0.0000000000
83247  -46.847  -11.715  62.037 0.0000000000
82036  -44.746  -12.422  61.436 0.0000000000
82054  -44.920  -12.322  60.853 0.0000000000
82055  -45.559  -12.183  60.467 0.0000000000
53256  -17.650  -39.848  76.798 0.0000000000
52202  -18.267  -40.023  76.624 0.0000000000
53309  -23.434  -36.736  72.495 0.0000000000
53302  -22.898  -36.317  72.607 0.0000000000
53308  -22.589  -36.241  71.659 0.0000000000
63436  -4.312  -29.957  59.927 0.0000000000
63435  -3.656  -29.080  59.940 0.0000000000
64521  -4.674  -30.233  70.380 0.0000000000
64537  -5.191  -30.487  69.331 0.0000000000
63325  -4.134  -31.002  69.645 0.0000000000
52419  -6.822  -39.175  63.001 0.0000000000
56620  -11.181  -37.574  79.569 0.0000000000
44095  -7.800  -45.325  77.775 0.0000000000
44094  -7.576  -45.151  77.407 0.0000000000
44111  -7.217  -45.839  76.287 0.0000000000
66860  -37.013  -26.680  72.968 0.0000000000
66869  -36.551  -26.734  72.565 0.0000000000
68060  -36.716  -25.945  72.435 0.0000000000
57827  -32.550  -33.186  70.678 0.0000000000
91718  -53.010  -4.935  53.427 0.0000000000
91727  -53.771  -5.594  53.087 0.0000000000
82007  -41.703  -12.720  64.314 0.0000000000
81996  -42.802  -13.219  65.367 0.0000000000
81994  -41.106  -13.345  64.859 0.0000000000
80824  -40.771  -13.358  63.340 0.0000000000
82006  -40.980  -12.798  64.021 0.0000000000
82020  -41.564  -12.829  63.469 0.0000000000
69442  -8.634  -23.764  64.677 0.0000000000
68177  -8.274  -25.000  63.659 0.0000000000
68191  -8.024  -25.647  63.340 0.0000000000
68192  -8.733  -25.567  63.352 0.0000000000
53332  -4.163  -37.346  70.955 0.0000000000
54484  -4.419  -36.892  70.585 0.0000000000
53333  -4.478  -37.483  70.349 0.0000000000
51213  -8.982  -39.623  66.116 0.0000000000
50064  -7.545  -39.405  66.703 0.0000000000
50078  -7.997  -39.822  65.853 0.0000000000
50097  -9.076  -40.353  64.436 0.0000000000
50080  -9.471  -40.513  65.165 0.0000000000
46614  -14.343  -43.259  80.002 0.0000000000
47738  -12.992  -43.059  80.009 0.0000000000
45353  -14.178  -43.813  79.957 0.0000000000
41663  -11.166  -45.968  78.325 0.0000000000
77150  -36.393  -18.076  69.581 0.0000000000
77137  -36.605  -17.666  69.770 0.0000000000
77136  -36.521  -18.140  70.401 0.0000000000
68145  -34.773  -27.397  66.920 0.0000000000
74695  -35.514  -18.936  69.176 0.0000000000
55525  -26.308  -34.518  78.315 0.0000000000
54389  -25.620  -35.400  77.393 0.0000000000
54399  -25.456  -35.793  76.930 0.0000000000
54414  -25.975  -35.846  76.581 0.0000000000
55596  -30.031  -34.431  75.153 0.0000000000
56732  -25.281  -34.202  71.331 0.0000000000
56751  -24.285  -34.619  70.081 0.0000000000
56769  -24.106  -34.530  68.991 0.0000000000
60932  -2.587  -32.174  74.549 0.0000000000
62047  -3.152  -31.481  75.021 0.0000000000
62057  -3.465  -31.641  74.049 0.0000000000
60940  -3.225  -32.267  73.746 0.0000000000
59886  -3.344  -32.766  73.509 0.0000000000
58839  -2.868  -33.398  73.784 0.0000000000
53284  -4.965  -37.759  74.595 0.0000000000
52216  -4.448  -38.045  73.725 0.0000000000
52217  -5.429  -38.157  74.232 0.0000000000
52226  -5.918  -38.468  73.581 0.0000000000
85815  -48.544  -10.327  59.692 0.0000000000
84519  -47.011  -11.306  59.763 0.0000000000
84530  -46.721  -10.990  58.285 0.0000000000
84520  -47.494  -10.642  59.324 0.0000000000
85823  -48.113  -10.168  58.561 0.0000000000
46650  -18.372  -43.804  77.181 0.0000000000
46644  -17.278  -43.334  76.865 0.0000000000
46649  -17.565  -43.853  76.645 0.0000000000
45390  -16.685  -44.081  76.444 0.0000000000
46652  -17.186  -44.022  75.681 0.0000000000
51175  -18.744  -38.743  69.337 0.0000000000
51152  -19.460  -38.340  69.718 0.0000000000
48906  -17.790  -41.738  71.345 0.0000000000
48907  -18.069  -41.326  72.138 0.0000000000
48888  -18.538  -41.208  73.203 0.0000000000
47821  -17.967  -41.840  73.073 0.0000000000
47809  -18.800  -42.021  73.600 0.0000000000
66909  -9.610  -26.366  69.271 0.0000000000
64579  -6.060  -30.478  65.847 0.0000000000
64580  -6.600  -30.120  65.542 0.0000000000
63369  -5.791  -30.157  65.202 0.0000000000
63381  -5.962  -29.833  64.583 0.0000000000
63380  -5.141  -30.041  64.623 0.0000000000
56805  -5.019  -35.052  67.173 0.0000000000
56806  -5.624  -35.098  66.685 0.0000000000
57958  -5.283  -33.835  62.773 0.0000000000
57935  -4.915  -33.418  63.431 0.0000000000
57957  -4.653  -33.784  62.732 0.0000000000
56854  -3.785  -33.998  62.228 0.0000000000
56868  -4.162  -33.984  61.843 0.0000000000
56881  -4.300  -33.561  61.136 0.0000000000
56869  -5.209  -34.032  61.955 0.0000000000
57700  -7.340  -35.608  80.039 0.0000000000
56607  -6.618  -35.724  81.225 0.0000000000
47733  -9.990  -41.821  81.233 0.0000000000
49931  -9.529  -40.936  82.424 0.0000000000
48834  -9.297  -41.736  81.370 0.0000000000
51053  -8.219  -39.592  79.504 0.0000000000
52176  -6.660  -39.229  78.211 0.0000000000
51061  -7.703  -39.837  78.540 0.0000000000
48863  -7.515  -43.269  75.708 0.0000000000
49973  -8.306  -42.382  75.878 0.0000000000
48866  -8.026  -43.435  74.848 0.0000000000
48867  -8.215  -42.566  74.275 0.0000000000
39439  -6.625  -49.617  73.418 0.0000000000
39428  -6.509  -48.967  73.972 0.0000000000
40577  -6.548  -48.439  73.799 0.0000000000
64477  -37.775  -27.957  73.956 0.0000000000
62109  -34.385  -29.494  70.834 0.0000000000
62098  -35.067  -29.696  71.453 0.0000000000
63287  -36.162  -28.853  73.093 0.0000000000
63297  -35.958  -28.895  72.293 0.0000000000
64488  -37.711  -27.986  72.992 0.0000000000
58871  -33.066  -31.702  72.011 0.0000000000
58888  -32.895  -31.550  70.737 0.0000000000
58872  -33.511  -31.111  71.532 0.0000000000
60973  -34.434  -30.715  71.439 0.0000000000
59921  -34.025  -30.801  71.001 0.0000000000
60997  -33.343  -30.503  69.588 0.0000000000
58851  -33.968  -32.413  73.230 0.0000000000
58860  -33.560  -32.395  72.779 0.0000000000
91683  -51.924  -5.242  55.338 0.0000000000
91682  -51.710  -5.799  55.800 0.0000000000
87067  -46.505  -9.534  55.322 0.0000000000
87081  -46.074  -8.896  54.045 0.0000000000
87082  -46.956  -8.539  54.628 0.0000000000
89452  -48.438  -7.166  54.256 0.0000000000
88287  -47.645  -7.699  53.701 0.0000000000
88288  -48.232  -7.444  53.625 0.0000000000
89477  -48.744  -7.414  53.108 0.0000000000
89478  -49.375  -7.205  52.667 0.0000000000
89466  -49.114  -6.793  53.572 0.0000000000
90609  -50.436  -6.134  54.573 0.0000000000
91715  -51.057  -5.854  54.274 0.0000000000
80803  -40.266  -13.601  65.497 0.0000000000
81976  -40.978  -13.624  66.762 0.0000000000
80776  -41.125  -15.033  68.869 0.0000000000
80768  -41.329  -14.255  69.396 0.0000000000
77211  -35.781  -17.913  65.163 0.0000000000
78389  -37.461  -16.028  64.676 0.0000000000
78402  -36.191  -17.052  63.836 0.0000000000
78403  -36.649  -16.525  63.460 0.0000000000
79652  -37.208  -16.089  62.942 0.0000000000
79640  -37.930  -15.545  64.192 0.0000000000
80801  -39.126  -14.525  65.529 0.0000000000
80814  -39.120  -14.496  65.072 0.0000000000
80815  -39.666  -13.957  64.782 0.0000000000
51127  -6.936  -38.659  70.466 0.0000000000
51145  -6.218  -38.842  69.801 0.0000000000
51128  -7.804  -39.263  70.369 0.0000000000
52286  -10.179  -39.237  68.989 0.0000000000
52301  -9.320  -38.802  68.648 0.0000000000
52302  -9.739  -39.110  68.132 0.0000000000
51172  -9.896  -38.883  67.349 0.0000000000
51173  -10.527  -39.877  67.406 0.0000000000
48968  -10.561  -42.617  67.879 0.0000000000
48969  -10.765  -42.072  67.286 0.0000000000
47878  -10.770  -42.983  67.376 0.0000000000
46800  -10.514  -43.950  66.533 0.0000000000
46777  -10.306  -44.269  66.982 0.0000000000
44102  -14.178  -44.499  78.265 0.0000000000
44109  -13.417  -44.840  77.705 0.0000000000
69378  -34.715  -25.405  70.308 0.0000000000
69377  -34.547  -24.871  69.987 0.0000000000
70707  -33.487  -23.716  70.019 0.0000000000
72042  -33.167  -22.726  69.695 0.0000000000
73365  -33.206  -21.768  69.196 0.0000000000
73367  -34.430  -20.346  70.378 0.0000000000
56638  -27.063  -33.519  79.409 0.0000000000
55515  -27.533  -33.864  78.748 0.0000000000
56736  -29.031  -33.999  71.693 0.0000000000
56753  -28.362  -33.186  70.729 0.0000000000
91776  -52.819  -4.837  49.814 0.0000000000
91786  -52.903  -4.697  48.861 0.0000000000
91787  -53.232  -4.550  49.459 0.0000000000
92919  -55.071  -3.456  48.986 0.0000000000
92918  -54.085  -4.219  48.876 0.0000000000
94063  -54.853  -3.331  48.483 0.0000000000
94071  -54.639  -3.216  47.903 0.0000000000
94065  -55.909  -2.808  48.550 0.0000000000
57769  -3.581  -34.036  75.343 0.0000000000
55560  -4.402  -36.239  75.921 0.0000000000
55559  -4.292  -35.670  75.252 0.0000000000
54401  -4.337  -36.834  75.735 0.0000000000
53258  -4.147  -36.947  75.177 0.0000000000
53259  -4.667  -37.362  76.154 0.0000000000
83278  -47.974  -11.636  60.823 0.0000000000
79737  -42.341  -14.578  58.722 0.0000000000
80894  -43.700  -14.357  58.268 0.0000000000
80895  -44.105  -14.061  58.115 0.0000000000
80906  -44.358  -13.524  57.582 0.0000000000
80896  -44.305  -12.989  58.288 0.0000000000
83276  -46.632  -11.818  59.925 0.0000000000
82081  -45.700  -12.033  59.326 0.0000000000
83287  -47.358  -12.132  60.002 0.0000000000
52180  -16.249  -41.415  77.257 0.0000000000
51078  -17.490  -41.435  76.807 0.0000000000
51072  -17.386  -41.837  77.515 0.0000000000
49968  -18.472  -42.030  77.428 0.0000000000
47773  -19.081  -42.736  77.601 0.0000000000
47777  -19.355  -42.876  77.200 0.0000000000
47855  -17.426  -41.690  70.276 0.0000000000
47854  -16.869  -41.934  69.949 0.0000000000
66907  -7.942  -28.190  69.769 0.0000000000
65713  -7.186  -29.123  69.646 0.0000000000
64554  -6.017  -30.457  68.265 0.0000000000
65730  -6.515  -29.995  68.130 0.0000000000
64562  -5.373  -30.420  67.454 0.0000000000
64569  -5.517  -30.553  66.594 0.0000000000
54533  -5.584  -37.621  65.083 0.0000000000
54525  -5.795  -37.090  65.401 0.0000000000
54534  -6.237  -37.418  64.655 0.0000000000
54536  -6.767  -36.901  63.771 0.0000000000
55682  -6.443  -36.557  64.054 0.0000000000
55683  -7.139  -36.075  63.890 0.0000000000
56841  -7.058  -35.029  63.859 0.0000000000
55684  -7.454  -35.439  63.493 0.0000000000
55695  -7.736  -35.821  63.048 0.0000000000
57703  -9.450  -36.565  79.565 0.0000000000
58772  -9.055  -36.243  77.957 0.0000000000
57687  -9.042  -36.550  80.112 0.0000000000
57702  -8.687  -36.348  79.539 0.0000000000
56610  -8.873  -36.915  80.555 0.0000000000
46635  -9.026  -43.766  79.555 0.0000000000
47756  -8.569  -42.952  80.200 0.0000000000
47763  -8.602  -43.350  79.733 0.0000000000
46626  -8.090  -43.135  78.632 0.0000000000
46620  -7.994  -42.591  79.097 0.0000000000
47754  -8.273  -42.237  78.729 0.0000000000
48845  -8.210  -41.474  79.085 0.0000000000
47753  -8.472  -42.203  78.329 0.0000000000
48850  -8.428  -41.812  78.225 0.0000000000
46643  -7.583  -44.202  76.095 0.0000000000
47775  -6.871  -43.829  75.687 0.0000000000
64573  -34.791  -28.759  67.162 0.0000000000
64565  -34.682  -28.351  67.675 0.0000000000
63331  -34.498  -28.415  70.426 0.0000000000
66901  -35.313  -26.891  71.689 0.0000000000
65704  -35.170  -27.572  70.943 0.0000000000
66900  -35.080  -27.055  70.771 0.0000000000
66919  -34.971  -27.356  69.477 0.0000000000
69379  -34.776  -25.907  70.577 0.0000000000
68087  -35.042  -26.140  71.296 0.0000000000
58913  -32.526  -31.343  68.714 0.0000000000
56679  -31.164  -34.107  76.319 0.0000000000
57782  -33.402  -32.816  74.298 0.0000000000
56721  -31.668  -33.786  72.961 0.0000000000
56720  -30.851  -33.994  72.834 0.0000000000
56737  -29.955  -34.147  71.751 0.0000000000
56772  -29.651  -32.481  70.501 0.0000000000
92869  -55.287  -4.724  52.551 0.0000000000
89479  -50.093  -6.999  52.164 0.0000000000
90648  -50.861  -6.799  51.668 0.0000000000
90635  -51.898  -5.580  51.807 0.0000000000
90649  -51.536  -6.227  51.334 0.0000000000
90664  -52.128  -5.650  50.298 0.0000000000
91751  -52.681  -5.414  50.842 0.0000000000
91728  -54.617  -5.462  52.965 0.0000000000
91738  -54.546  -5.230  52.596 0.0000000000
82023  -43.976  -12.559  62.611 0.0000000000
83219  -43.934  -12.247  64.178 0.0000000000
83190  -43.953  -12.735  66.598 0.0000000000
81977  -41.788  -13.187  67.031 0.0000000000
81978  -42.582  -12.840  67.377 0.0000000000
79688  -37.727  -15.147  61.656 0.0000000000
79689  -38.366  -14.132  61.486 0.0000000000
80866  -41.003  -14.442  60.596 0.0000000000
82033  -42.646  -12.857  62.385 0.0000000000
82034  -43.433  -12.621  62.008 0.0000000000
53343  -20.768  -36.530  69.740 0.0000000000
52335  -19.074  -37.367  68.179 0.0000000000
66976  -5.261  -25.619  63.941 0.0000000000
65804  -6.126  -27.598  62.690 0.0000000000
65789  -5.488  -27.213  63.182 0.0000000000
64613  -5.532  -28.375  62.058 0.0000000000
64625  -5.910  -29.092  61.564 0.0000000000
58880  -5.169  -33.542  70.268 0.0000000000
59928  -4.424  -32.737  69.662 0.0000000000
57835  -4.502  -34.786  69.971 0.0000000000
54501  -4.491  -36.641  69.295 0.0000000000
55650  -4.553  -36.072  68.298 0.0000000000
51167  -5.653  -38.915  69.258 0.0000000000
51188  -5.212  -38.714  68.727 0.0000000000
51189  -5.712  -39.126  68.188 0.0000000000
51211  -5.955  -39.458  66.479 0.0000000000
51210  -5.495  -39.187  67.269 0.0000000000
52331  -5.471  -38.927  66.400 0.0000000000
53358  -4.602  -37.907  66.768 0.0000000000
52345  -4.854  -38.409  65.982 0.0000000000
52360  -4.908  -38.306  65.342 0.0000000000
52347  -5.968  -39.121  65.731 0.0000000000
50110  -7.539  -40.345  64.334 0.0000000000
50122  -7.353  -39.711  64.394 0.0000000000
50099  -10.466  -41.483  65.053 0.0000000000
47904  -11.014  -43.040  64.627 0.0000000000
53224  -11.876  -39.682  81.371 0.0000000000
52153  -12.244  -40.359  81.096 0.0000000000
47736  -12.068  -42.622  81.335 0.0000000000
48828  -12.082  -41.961  81.652 0.0000000000
47744  -11.678  -42.307  81.628 0.0000000000
48827  -10.900  -41.720  81.837 0.0000000000
46609  -11.093  -43.215  81.244 0.0000000000
44078  -13.368  -44.059  79.990 0.0000000000
44085  -12.929  -44.929  79.772 0.0000000000
44083  -11.333  -44.973  79.977 0.0000000000
44075  -11.129  -44.543  80.268 0.0000000000
45349  -10.867  -44.135  80.614 0.0000000000
44074  -10.507  -44.399  80.136 0.0000000000
45356  -9.845  -44.245  79.893 0.0000000000
44081  -10.125  -44.760  79.661 0.0000000000
41660  -9.327  -45.722  77.919 0.0000000000
42861  -9.556  -45.250  78.572 0.0000000000
42869  -8.641  -45.522  77.960 0.0000000000
78326  -38.213  -16.135  68.389 0.0000000000
69414  -34.186  -25.574  67.902 0.0000000000
69432  -33.644  -25.955  67.154 0.0000000000
74731  -34.998  -19.094  66.405 0.0000000000
77165  -36.735  -17.619  68.526 0.0000000000
78338  -36.940  -17.244  68.187 0.0000000000
54412  -24.675  -36.219  76.026 0.0000000000
54427  -24.026  -36.892  75.254 0.0000000000
53293  -23.278  -37.371  74.554 0.0000000000
55569  -28.280  -34.695  76.239 0.0000000000
55541  -28.667  -34.462  77.769 0.0000000000
55555  -28.414  -34.602  77.028 0.0000000000
55568  -27.293  -34.798  76.080 0.0000000000
56717  -28.168  -34.024  72.649 0.0000000000
56703  -27.153  -34.079  73.597 0.0000000000
55604  -27.092  -34.390  74.516 0.0000000000
55592  -26.074  -35.378  74.966 0.0000000000
54442  -25.708  -36.061  75.435 0.0000000000
55591  -25.353  -35.715  74.468 0.0000000000
54461  -24.057  -36.951  72.229 0.0000000000
54479  -23.732  -36.849  70.312 0.0000000000
55652  -21.856  -34.927  68.581 0.0000000000
54505  -21.654  -35.555  68.799 0.0000000000
94073  -56.127  -2.359  47.027 0.0000000000
95270  -56.850  -2.344  46.219 0.0000000000
95290  -57.145  -2.121  45.602 0.0000000000
96478  -57.361  -1.452  45.400 0.0000000000
66870  -6.296  -28.594  72.604 0.0000000000
65676  -6.242  -28.976  71.859 0.0000000000
65675  -5.214  -29.716  71.345 0.0000000000
64491  -4.408  -29.511  71.924 0.0000000000
65642  -4.019  -28.593  74.705 0.0000000000
65653  -4.372  -29.002  73.903 0.0000000000
63289  -3.431  -31.005  72.597 0.0000000000
63290  -3.101  -30.410  72.241 0.0000000000
63300  -3.178  -30.499  71.399 0.0000000000
62083  -3.013  -31.447  71.368 0.0000000000
60970  -3.802  -31.970  71.142 0.0000000000
60957  -3.336  -32.087  71.836 0.0000000000
58855  -4.069  -33.913  72.676 0.0000000000
56727  -4.210  -35.901  71.533 0.0000000000
55607  -4.106  -36.728  72.166 0.0000000000
56698  -4.259  -35.412  73.776 0.0000000000
55587  -3.129  -36.136  74.099 0.0000000000
52223  -3.198  -38.677  72.911 0.0000000000
54455  -3.102  -37.783  72.524 0.0000000000
52232  -3.440  -38.423  72.480 0.0000000000
52247  -3.687  -38.430  71.588 0.0000000000
51094  -4.544  -38.330  71.674 0.0000000000
51109  -5.058  -38.217  71.397 0.0000000000
51095  -4.876  -38.263  71.760 0.0000000000
52236  -7.126  -39.270  72.608 0.0000000000
52237  -8.341  -39.191  72.656 0.0000000000
88218  -49.105  -8.689  58.255 0.0000000000
88219  -49.748  -8.271  58.637 0.0000000000
88200  -49.672  -8.851  58.790 0.0000000000
79577  -39.666  -15.242  69.267 0.0000000000
82106  -44.434  -13.053  57.237 0.0000000000
82122  -44.460  -12.659  56.795 0.0000000000
83315  -45.164  -12.032  57.079 0.0000000000
85829  -45.810  -11.235  57.317 0.0000000000
84539  -45.503  -11.442  56.977 0.0000000000
85845  -45.491  -10.892  56.790 0.0000000000
85859  -45.274  -10.541  55.737 0.0000000000
87047  -48.383  -9.218  57.992 0.0000000000
87055  -48.483  -9.560  57.239 0.0000000000
88217  -48.623  -8.916  57.670 0.0000000000
52158  -13.033  -41.322  78.953 0.0000000000
51052  -13.783  -41.761  79.454 0.0000000000
51048  -13.935  -42.118  79.834 0.0000000000
49944  -15.285  -42.605  80.132 0.0000000000
51060  -15.967  -42.591  78.565 0.0000000000
46637  -16.195  -43.058  78.413 0.0000000000
47759  -16.194  -43.021  79.098 0.0000000000
46636  -15.879  -43.220  78.754 0.0000000000
46630  -16.135  -43.576  79.879 0.0000000000
45374  -15.655  -43.444  78.751 0.0000000000
45373  -15.400  -43.598  78.655 0.0000000000
45378  -15.654  -44.137  77.829 0.0000000000
45389  -15.846  -44.276  76.301 0.0000000000
45382  -15.109  -44.009  76.884 0.0000000000
45388  -15.033  -43.738  76.081 0.0000000000
44121  -14.242  -44.058  75.734 0.0000000000
44129  -14.235  -44.245  75.295 0.0000000000
52272  -20.335  -37.472  70.429 0.0000000000
51131  -19.253  -38.573  70.431 0.0000000000
52254  -20.075  -37.665  70.656 0.0000000000
52240  -19.027  -38.414  71.213 0.0000000000
50042  -18.507  -39.673  69.934 0.0000000000
48947  -17.964  -40.328  70.440 0.0000000000
50005  -18.295  -39.799  71.601 0.0000000000
52230  -18.375  -38.927  72.515 0.0000000000
52222  -18.961  -39.688  72.918 0.0000000000
49981  -20.328  -40.529  74.530 0.0000000000
51087  -19.925  -39.966  74.426 0.0000000000
49976  -20.426  -40.021  75.065 0.0000000000
52204  -18.439  -40.333  74.866 0.0000000000
51086  -19.613  -40.097  75.132 0.0000000000
51084  -18.719  -41.077  75.609 0.0000000000
49975  -20.067  -40.921  75.235 0.0000000000
47795  -18.518  -42.474  74.053 0.0000000000
47787  -19.567  -42.373  75.451 0.0000000000
47786  -18.778  -42.594  75.100 0.0000000000
46673  -17.957  -42.754  74.651 0.0000000000
46716  -17.057  -42.828  71.620 0.0000000000
46684  -16.034  -43.265  72.648 0.0000000000
46685  -16.926  -43.343  72.844 0.0000000000
46670  -16.062  -43.296  73.589 0.0000000000
46657  -16.297  -43.024  74.295 0.0000000000
45421  -15.291  -44.027  73.698 0.0000000000
69408  -10.785  -24.853  67.803 0.0000000000
68119  -10.936  -24.678  66.755 0.0000000000
68138  -10.779  -24.881  66.223 0.0000000000
68137  -10.432  -26.038  66.152 0.0000000000
66923  -8.294  -28.672  68.516 0.0000000000
66936  -9.054  -28.334  67.436 0.0000000000
65764  -8.631  -28.762  65.590 0.0000000000
65756  -9.118  -28.284  65.938 0.0000000000
65765  -9.392  -28.334  64.949 0.0000000000
66964  -9.736  -27.541  64.961 0.0000000000
65777  -9.022  -27.848  63.869 0.0000000000
65790  -8.628  -27.336  63.028 0.0000000000
64602  -8.402  -28.149  63.222 0.0000000000
62166  -5.565  -29.860  63.069 0.0000000000
62180  -6.351  -29.667  62.801 0.0000000000
62179  -5.918  -29.823  62.403 0.0000000000
62190  -5.475  -30.157  61.589 0.0000000000
62189  -4.388  -30.523  61.772 0.0000000000
59941  -4.133  -32.830  68.546 0.0000000000
61004  -3.982  -32.244  68.119 0.0000000000
58920  -3.129  -33.548  66.744 0.0000000000
61011  -2.768  -32.143  66.454 0.0000000000
62144  -3.002  -31.666  66.044 0.0000000000
61019  -2.390  -32.081  65.448 0.0000000000
56826  -6.204  -34.750  65.500 0.0000000000
57895  -5.747  -34.179  65.811 0.0000000000
57913  -3.809  -32.922  63.929 0.0000000000
58951  -3.959  -32.927  64.776 0.0000000000
59994  -3.451  -32.053  64.190 0.0000000000
61027  -3.000  -32.024  64.536 0.0000000000
61035  -3.393  -31.902  63.439 0.0000000000
60006  -3.399  -31.764  62.976 0.0000000000
58997  -3.564  -32.418  61.362 0.0000000000
60016  -3.347  -31.726  62.111 0.0000000000
60028  -3.448  -32.132  60.957 0.0000000000
60039  -2.936  -32.121  59.966 0.0000000000
56630  -5.692  -35.565  79.178 0.0000000000
53228  -10.064  -39.356  81.964 0.0000000000
54359  -10.059  -39.032  81.221 0.0000000000
53227  -10.066  -39.156  82.285 0.0000000000
52150  -8.671  -39.579  81.873 0.0000000000
53225  -9.056  -38.862  81.402 0.0000000000
54356  -8.845  -38.176  81.413 0.0000000000
54366  -8.373  -38.053  81.152 0.0000000000
48832  -8.075  -41.553  80.848 0.0000000000
49939  -7.591  -41.102  81.423 0.0000000000
52161  -7.838  -38.555  79.638 0.0000000000
52162  -8.237  -38.990  80.397 0.0000000000
53233  -7.597  -37.789  80.255 0.0000000000
53232  -6.824  -37.283  80.064 0.0000000000
54363  -6.236  -36.679  80.535 0.0000000000
53242  -4.795  -37.795  79.409 0.0000000000
54376  -4.839  -37.255  79.802 0.0000000000
54381  -4.767  -37.339  79.095 0.0000000000
54375  -5.093  -36.716  78.946 0.0000000000
54380  -4.945  -36.856  78.261 0.0000000000
53245  -4.921  -37.257  77.918 0.0000000000
52174  -5.354  -37.975  77.718 0.0000000000
52184  -5.768  -38.257  77.507 0.0000000000
52194  -5.729  -37.784  76.801 0.0000000000
52195  -6.177  -38.506  77.012 0.0000000000
49961  -8.320  -41.519  78.067 0.0000000000
49962  -8.116  -40.683  78.235 0.0000000000
49966  -8.274  -41.338  77.457 0.0000000000
49974  -8.449  -41.367  75.931 0.0000000000
51085  -7.871  -40.462  76.005 0.0000000000
52209  -7.055  -39.682  76.179 0.0000000000
52219  -7.926  -39.491  74.980 0.0000000000
51089  -8.540  -40.377  74.618 0.0000000000
49982  -8.042  -42.030  73.731 0.0000000000
49983  -8.791  -41.183  73.589 0.0000000000
49989  -9.318  -41.555  72.734 0.0000000000
41671  -7.637  -47.482  76.393 0.0000000000
41686  -6.106  -48.194  75.233 0.0000000000
40555  -6.893  -48.452  75.065 0.0000000000
42896  -5.940  -47.161  75.670 0.0000000000
44118  -6.785  -45.894  75.789 0.0000000000
44133  -6.227  -46.454  74.309 0.0000000000
44126  -5.929  -46.397  74.853 0.0000000000
45395  -6.283  -45.790  74.512 0.0000000000
47806  -7.354  -45.108  72.977 0.0000000000
47794  -7.961  -44.264  73.436 0.0000000000
48903  -8.249  -44.204  72.255 0.0000000000
47834  -8.821  -43.715  70.776 0.0000000000
48927  -8.708  -42.947  70.887 0.0000000000
48943  -9.336  -43.198  69.965 0.0000000000
63276  -36.365  -28.867  73.887 0.0000000000
63277  -37.088  -28.538  74.231 0.0000000000
62088  -35.241  -30.109  71.889 0.0000000000
62081  -35.494  -29.592  72.592 0.0000000000
59898  -34.111  -31.293  72.980 0.0000000000
59909  -34.281  -30.956  71.980 0.0000000000
59910  -34.464  -30.888  72.556 0.0000000000
60963  -34.812  -30.738  72.147 0.0000000000
58838  -35.059  -32.019  74.463 0.0000000000
58844  -35.038  -31.872  74.096 0.0000000000
59891  -34.529  -31.720  73.642 0.0000000000
60930  -35.437  -31.107  75.213 0.0000000000
90594  -50.058  -5.860  55.803 0.0000000000
91681  -50.738  -5.789  56.447 0.0000000000
88258  -48.313  -8.188  55.946 0.0000000000
88275  -47.718  -8.236  55.309 0.0000000000
89432  -48.584  -7.518  55.347 0.0000000000
89453  -48.889  -6.742  54.773 0.0000000000
90608  -49.502  -6.373  55.290 0.0000000000
80802  -39.544  -14.326  65.925 0.0000000000
80791  -40.033  -14.247  67.121 0.0000000000
80784  -40.203  -14.389  67.697 0.0000000000
79600  -40.245  -14.989  68.161 0.0000000000
77225  -36.158  -17.450  64.952 0.0000000000
78372  -36.770  -16.910  66.047 0.0000000000
79623  -38.073  -15.619  65.108 0.0000000000
79624  -38.662  -14.845  65.648 0.0000000000
52268  -8.809  -39.011  70.778 0.0000000000
52284  -8.544  -39.338  70.052 0.0000000000
52269  -9.347  -39.220  70.436 0.0000000000
50053  -10.858  -41.034  67.962 0.0000000000
50040  -10.919  -40.819  68.899 0.0000000000
50052  -10.803  -41.601  68.680 0.0000000000
48956  -10.481  -42.616  68.770 0.0000000000
44115  -13.321  -44.672  76.864 0.0000000000
70693  -35.102  -24.097  71.629 0.0000000000
69361  -34.592  -24.396  70.733 0.0000000000
70692  -34.802  -23.878  71.146 0.0000000000
72026  -34.659  -22.798  71.117 0.0000000000
73347  -34.171  -21.517  70.978 0.0000000000
73330  -34.821  -21.794  71.415 0.0000000000
73331  -35.310  -21.477  71.822 0.0000000000
56625  -28.206  -33.175  79.548 0.0000000000
57844  -27.884  -33.047  70.171 0.0000000000
92891  -54.586  -4.336  50.955 0.0000000000
92905  -54.092  -4.213  50.199 0.0000000000
94039  -56.644  -2.656  50.501 0.0000000000
57761  -4.264  -33.419  76.156 0.0000000000
55545  -4.307  -35.486  76.273 0.0000000000
55546  -4.453  -36.109  76.870 0.0000000000
83262  -47.598  -11.692  61.232 0.0000000000
80847  -43.226  -13.443  60.602 0.0000000000
80869  -43.372  -13.335  60.055 0.0000000000
80870  -43.625  -12.832  59.913 0.0000000000
82079  -43.896  -12.303  59.819 0.0000000000
80884  -44.349  -12.588  58.849 0.0000000000
82070  -44.747  -12.261  60.168 0.0000000000
52190  -16.913  -40.511  76.981 0.0000000000
52191  -17.688  -40.500  76.885 0.0000000000
51079  -18.020  -41.540  76.586 0.0000000000
54426  -23.186  -36.666  74.904 0.0000000000
64633  -3.630  -28.545  60.818 0.0000000000
64632  -2.779  -28.106  60.845 0.0000000000
63425  -3.508  -28.669  60.391 0.0000000000
65693  -6.323  -29.488  70.505 0.0000000000
65711  -5.872  -30.456  69.435 0.0000000000
64538  -5.888  -30.713  68.980 0.0000000000
63339  -4.668  -30.789  68.514 0.0000000000
53399  -6.798  -38.168  64.194 0.0000000000
53400  -7.102  -38.093  63.753 0.0000000000
54550  -7.033  -37.602  63.691 0.0000000000
54567  -7.397  -37.795  63.180 0.0000000000
56619  -10.541  -37.222  79.585 0.0000000000
56612  -10.243  -37.396  80.237 0.0000000000
45361  -8.232  -44.229  79.069 0.0000000000
46633  -8.289  -43.770  79.296 0.0000000000
45360  -7.720  -43.988  78.639 0.0000000000
46632  -7.737  -43.663  78.127 0.0000000000
46631  -8.077  -43.326  77.633 0.0000000000
46639  -7.847  -44.068  77.454 0.0000000000
45381  -7.473  -45.169  75.668 0.0000000000
64514  -36.227  -27.881  71.975 0.0000000000
65685  -36.044  -27.251  72.289 0.0000000000
66882  -35.908  -26.676  72.165 0.0000000000
68072  -36.165  -25.707  71.771 0.0000000000
59946  -33.456  -30.816  69.189 0.0000000000
57795  -32.511  -33.509  72.984 0.0000000000
57794  -31.868  -33.067  72.808 0.0000000000
57810  -31.480  -32.931  72.449 0.0000000000
56739  -31.145  -33.279  72.017 0.0000000000
56756  -30.714  -33.889  70.887 0.0000000000
92858  -54.425  -5.445  53.132 0.0000000000
90620  -51.141  -5.771  52.892 0.0000000000
90621  -51.690  -5.536  52.401 0.0000000000
91736  -52.738  -5.506  51.665 0.0000000000
82009  -43.252  -12.492  64.191 0.0000000000
83218  -43.310  -12.865  64.739 0.0000000000
83202  -43.693  -13.024  65.525 0.0000000000
80830  -39.135  -13.948  62.571 0.0000000000
80831  -40.478  -13.863  62.500 0.0000000000
80832  -41.180  -13.645  62.511 0.0000000000
80845  -41.393  -13.841  61.489 0.0000000000
82049  -41.693  -13.593  62.313 0.0000000000
82021  -42.242  -12.643  63.424 0.0000000000
54504  -20.648  -35.766  68.837 0.0000000000
66977  -5.843  -26.067  64.286 0.0000000000
68189  -6.738  -26.235  63.689 0.0000000000
66990  -7.070  -26.536  63.199 0.0000000000
67000  -7.480  -27.024  62.816 0.0000000000
56746  -4.385  -35.839  70.799 0.0000000000
57834  -4.424  -35.398  70.511 0.0000000000
55634  -4.472  -36.285  70.444 0.0000000000
54492  -4.527  -36.658  69.956 0.0000000000
54493  -4.559  -37.026  69.290 0.0000000000
50050  -7.014  -39.368  67.893 0.0000000000
50062  -6.575  -39.624  67.734 0.0000000000
50063  -6.955  -39.517  67.153 0.0000000000
50076  -6.518  -39.597  66.813 0.0000000000
50094  -6.615  -39.828  65.762 0.0000000000
50093  -6.475  -39.448  65.606 0.0000000000
50095  -7.391  -40.034  65.296 0.0000000000
50111  -8.195  -40.495  63.896 0.0000000000
48997  -8.714  -40.516  63.601 0.0000000000
48998  -9.374  -40.662  63.706 0.0000000000
49936  -12.681  -42.151  79.948 0.0000000000
49935  -12.465  -41.645  80.890 0.0000000000
48830  -12.727  -42.524  80.132 0.0000000000
47737  -12.401  -42.904  80.423 0.0000000000
46611  -12.302  -43.416  80.534 0.0000000000
42865  -12.062  -45.446  78.959 0.0000000000
42858  -12.124  -45.368  79.523 0.0000000000
42864  -11.500  -45.441  78.803 0.0000000000
42863  -10.914  -45.251  78.830 0.0000000000
42856  -10.835  -44.934  79.310 0.0000000000
42855  -10.215  -45.057  79.291 0.0000000000
42862  -10.285  -45.396  78.883 0.0000000000
41656  -9.857  -45.658  78.406 0.0000000000
77167  -37.157  -17.510  68.892 0.0000000000
78315  -37.446  -17.069  69.248 0.0000000000
77151  -37.020  -17.529  69.186 0.0000000000
70747  -33.258  -24.685  67.780 0.0000000000
74676  -35.046  -19.506  69.715 0.0000000000
74694  -34.961  -19.365  68.792 0.0000000000
74713  -35.454  -18.922  68.212 0.0000000000
75992  -35.845  -18.536  67.772 0.0000000000
54388  -25.162  -35.577  77.240 0.0000000000
54428  -25.076  -36.421  75.726 0.0000000000
55557  -30.190  -34.312  77.223 0.0000000000
55542  -29.565  -34.198  77.725 0.0000000000
55571  -30.043  -34.308  76.548 0.0000000000
55584  -29.160  -34.465  75.662 0.0000000000
56734  -27.024  -33.223  72.239 0.0000000000
56715  -26.141  -34.224  72.587 0.0000000000
55612  -25.439  -34.355  73.488 0.0000000000
55602  -25.001  -35.293  73.780 0.0000000000
55611  -25.143  -35.157  72.694 0.0000000000
55622  -25.052  -35.286  71.633 0.0000000000
54487  -23.547  -36.420  69.656 0.0000000000
55636  -23.674  -35.597  69.276 0.0000000000
55644  -23.490  -35.082  68.431 0.0000000000
64468  -4.202  -29.939  74.479 0.0000000000
64479  -4.259  -29.556  73.669 0.0000000000
62064  -3.994  -31.761  73.218 0.0000000000
62073  -3.782  -31.795  72.507 0.0000000000
59903  -4.009  -32.019  72.311 0.0000000000
59893  -4.193  -32.426  73.024 0.0000000000
57790  -4.054  -34.586  73.074 0.0000000000
54431  -2.757  -37.260  74.258 0.0000000000
53282  -3.003  -37.928  73.835 0.0000000000
52224  -3.667  -38.358  73.141 0.0000000000
52234  -5.269  -38.382  72.503 0.0000000000
52228  -8.180  -39.151  73.747 0.0000000000
87038  -49.573  -9.198  59.017 0.0000000000
85816  -49.235  -9.690  59.584 0.0000000000
85803  -49.850  -9.233  60.484 0.0000000000
83308  -46.297  -11.591  57.575 0.0000000000
83316  -46.024  -11.824  57.121 0.0000000000
84529  -46.434  -11.298  57.435 0.0000000000
84541  -46.458  -10.964  57.652 0.0000000000
85831  -46.905  -10.182  57.641 0.0000000000
85822  -47.417  -10.324  58.162 0.0000000000
52164  -13.792  -41.098  79.077 0.0000000000
48852  -17.593  -42.292  78.401 0.0000000000
48851  -16.886  -42.236  78.265 0.0000000000
46642  -17.054  -42.572  77.253 0.0000000000
45380  -16.592  -43.428  77.223 0.0000000000
45384  -16.318  -44.087  77.137 0.0000000000
45399  -15.664  -43.846  75.589 0.0000000000
52304  -19.891  -37.526  69.513 0.0000000000
52288  -19.833  -37.817  70.074 0.0000000000
50024  -18.125  -39.893  70.888 0.0000000000
49991  -18.764  -40.189  72.548 0.0000000000
49985  -19.177  -41.093  72.824 0.0000000000
48876  -20.269  -41.052  74.270 0.0000000000
48868  -20.171  -41.520  74.798 0.0000000000
46683  -14.979  -43.028  72.476 0.0000000000
68117  -10.087  -26.366  67.509 0.0000000000
65753  -7.456  -29.908  67.035 0.0000000000
65748  -8.530  -29.030  67.288 0.0000000000
65754  -7.973  -29.472  66.667 0.0000000000
64581  -7.443  -29.663  65.618 0.0000000000
64592  -7.315  -29.605  64.741 0.0000000000
64593  -8.002  -29.385  64.204 0.0000000000
63382  -6.630  -29.753  64.250 0.0000000000
63394  -5.192  -29.834  63.677 0.0000000000
63404  -4.675  -29.970  63.235 0.0000000000
57916  -6.050  -34.501  64.336 0.0000000000
57934  -4.490  -32.940  63.344 0.0000000000
57955  -4.339  -32.673  62.781 0.0000000000
57971  -4.166  -32.868  61.796 0.0000000000
57984  -3.672  -33.071  61.012 0.0000000000
59015  -2.576  -33.823  60.329 0.0000000000
56898  -3.680  -33.712  60.712 0.0000000000
51044  -10.520  -40.571  83.383 0.0000000000
52152  -9.934  -39.326  82.922 0.0000000000
51043  -9.695  -40.281  83.142 0.0000000000
51042  -8.993  -40.265  82.416 0.0000000000
51041  -8.108  -40.220  82.281 0.0000000000
49946  -8.526  -40.736  79.947 0.0000000000
49938  -7.970  -40.616  80.718 0.0000000000
53238  -6.581  -37.623  79.680 0.0000000000
52160  -6.741  -38.120  79.309 0.0000000000
52165  -6.218  -38.365  79.065 0.0000000000
53247  -5.289  -38.148  79.155 0.0000000000
52169  -5.156  -38.313  78.169 0.0000000000
52170  -5.750  -38.507  78.549 0.0000000000
52186  -6.893  -39.655  77.854 0.0000000000
48856  -8.262  -42.154  76.907 0.0000000000
49970  -8.359  -41.854  76.635 0.0000000000
49978  -8.489  -41.814  74.797 0.0000000000
49987  -7.885  -42.399  73.251 0.0000000000
41685  -5.824  -47.924  74.868 0.0000000000
42904  -5.591  -47.124  75.216 0.0000000000
41699  -6.406  -47.740  74.310 0.0000000000
42922  -6.576  -47.047  74.097 0.0000000000
44139  -6.524  -46.465  73.730 0.0000000000
47832  -8.255  -44.644  71.573 0.0000000000
60998  -33.485  -29.856  68.827 0.0000000000
62122  -33.608  -29.202  69.563 0.0000000000
62110  -34.817  -28.945  70.874 0.0000000000
63319  -35.568  -28.721  71.060 0.0000000000
63308  -36.128  -28.866  71.716 0.0000000000
64513  -35.983  -28.446  71.659 0.0000000000
64500  -37.080  -27.939  72.321 0.0000000000
65664  -37.273  -27.305  72.725 0.0000000000
57847  -32.828  -32.534  70.189 0.0000000000
59934  -33.485  -30.553  70.198 0.0000000000
57789  -33.883  -32.587  73.649 0.0000000000
57788  -33.503  -32.891  73.404 0.0000000000
57812  -32.841  -32.448  72.506 0.0000000000
91701  -52.359  -5.005  54.301 0.0000000000
88295  -47.927  -8.622  52.302 0.0000000000
89492  -49.365  -7.371  51.889 0.0000000000
90619  -50.293  -6.352  53.466 0.0000000000
91716  -51.635  -5.640  53.712 0.0000000000
81968  -41.609  -12.947  68.065 0.0000000000
77224  -35.851  -17.466  64.313 0.0000000000
77238  -35.648  -17.427  63.352 0.0000000000
78432  -36.127  -16.814  62.038 0.0000000000
78451  -36.066  -16.675  60.962 0.0000000000
79668  -37.140  -16.024  62.262 0.0000000000
79669  -37.492  -15.621  62.385 0.0000000000
80816  -40.424  -13.447  64.386 0.0000000000
69443  -9.894  -24.045  64.799 0.0000000000
51143  -5.092  -37.893  70.562 0.0000000000
51165  -5.008  -37.823  70.321 0.0000000000
51144  -5.819  -37.972  70.100 0.0000000000
51169  -6.996  -38.945  68.538 0.0000000000
51147  -7.883  -38.839  69.230 0.0000000000
51170  -7.672  -38.663  68.072 0.0000000000
51171  -8.854  -38.681  67.821 0.0000000000
51192  -9.022  -38.899  66.799 0.0000000000
51214  -9.784  -40.206  65.750 0.0000000000
51234  -9.871  -40.854  65.432 0.0000000000
51194  -10.501  -40.405  66.305 0.0000000000
50081  -11.068  -41.201  65.764 0.0000000000
48979  -10.857  -42.058  66.242 0.0000000000
47895  -10.851  -43.101  65.776 0.0000000000
46801  -10.579  -43.988  66.108 0.0000000000
44087  -14.766  -43.722  79.308 0.0000000000
45357  -14.363  -43.587  79.904 0.0000000000
44092  -13.406  -44.642  78.947 0.0000000000
42867  -13.035  -45.043  78.493 0.0000000000
42876  -12.988  -45.151  77.983 0.0000000000
42875  -12.615  -45.537  78.288 0.0000000000
44100  -12.178  -46.047  78.426 0.0000000000
75932  -36.258  -18.640  71.322 0.0000000000
68109  -34.739  -26.344  68.520 0.0000000000
68124  -34.624  -26.680  67.601 0.0000000000
69394  -33.849  -24.954  68.436 0.0000000000
70727  -34.010  -24.563  69.490 0.0000000000
70725  -32.833  -23.829  68.216 0.0000000000
73385  -33.505  -20.697  68.976 0.0000000000
55514  -26.707  -33.948  78.871 0.0000000000
55539  -26.573  -34.850  77.519 0.0000000000
56705  -29.182  -33.851  73.836 0.0000000000
57809  -27.501  -32.907  71.837 0.0000000000
57826  -27.677  -33.111  71.153 0.0000000000
57808  -26.899  -32.929  71.643 0.0000000000
57807  -26.008  -33.210  71.246 0.0000000000
57806  -25.196  -33.442  70.895 0.0000000000
57823  -24.672  -33.369  70.196 0.0000000000
92925  -53.232  -4.477  48.066 0.0000000000
94077  -54.555  -3.344  46.778 0.0000000000
60923  -2.179  -32.019  75.404 0.0000000000
59867  -2.186  -32.793  74.928 0.0000000000
58833  -2.535  -33.533  74.418 0.0000000000
57777  -3.163  -34.270  74.662 0.0000000000
55573  -3.455  -36.138  74.595 0.0000000000
54416  -3.180  -36.864  75.119 0.0000000000
53271  -5.421  -37.705  75.564 0.0000000000
84505  -47.963  -11.324  60.547 0.0000000000
84506  -48.831  -10.720  60.982 0.0000000000
83249  -48.743  -11.413  62.104 0.0000000000
79738  -43.000  -14.566  58.523 0.0000000000
79761  -42.730  -15.172  58.139 0.0000000000
80910  -44.056  -13.942  57.094 0.0000000000
80911  -44.351  -13.791  57.294 0.0000000000
82090  -44.872  -12.278  58.671 0.0000000000
82091  -45.657  -11.941  58.576 0.0000000000
82100  -45.711  -11.872  58.058 0.0000000000
51077  -14.659  -41.579  77.672 0.0000000000
51070  -15.280  -41.668  77.809 0.0000000000
52181  -16.944  -41.405  77.006 0.0000000000
49963  -17.691  -41.745  78.424 0.0000000000
48854  -18.120  -42.306  78.111 0.0000000000
47772  -18.655  -43.032  77.591 0.0000000000
46654  -18.639  -43.975  76.505 0.0000000000
50067  -17.669  -39.330  67.907 0.0000000000
50055  -17.910  -39.709  69.044 0.0000000000
48960  -17.545  -40.490  69.370 0.0000000000
48946  -17.378  -40.835  70.303 0.0000000000
48929  -17.760  -41.603  70.670 0.0000000000
47837  -17.499  -42.202  70.863 0.0000000000
47836  -16.910  -42.471  70.753 0.0000000000
65731  -7.004  -29.675  68.704 0.0000000000
65732  -7.519  -29.190  68.598 0.0000000000
65747  -7.974  -29.364  67.732 0.0000000000
64571  -6.817  -30.381  66.579 0.0000000000
64578  -5.616  -30.652  65.996 0.0000000000
63367  -4.994  -30.830  65.721 0.0000000000
54516  -4.713  -36.962  65.999 0.0000000000
55665  -5.455  -36.085  66.319 0.0000000000
55666  -5.879  -36.245  65.772 0.0000000000
56818  -6.212  -35.605  65.594 0.0000000000
56827  -5.895  -35.335  64.898 0.0000000000
55681  -6.142  -36.768  64.313 0.0000000000
55674  -6.468  -36.149  64.649 0.0000000000
57917  -6.298  -34.757  64.280 0.0000000000
57937  -6.216  -34.391  63.663 0.0000000000
57959  -6.178  -33.945  62.724 0.0000000000
58998  -6.331  -33.553  62.029 0.0000000000
58771  -8.019  -35.929  78.101 0.0000000000
58758  -7.885  -36.054  78.803 0.0000000000
57701  -8.010  -35.977  79.613 0.0000000000
57685  -7.734  -36.023  80.414 0.0000000000
47750  -9.423  -42.836  80.631 0.0000000000
47740  -9.000  -42.289  80.823 0.0000000000
48847  -8.362  -42.418  80.440 0.0000000000
48840  -8.008  -41.883  80.213 0.0000000000
47748  -7.924  -42.237  79.556 0.0000000000
48839  -8.197  -41.519  79.539 0.0000000000
49952  -8.357  -40.955  79.305 0.0000000000
49951  -8.041  -40.677  78.963 0.0000000000
48853  -8.388  -42.302  77.707 0.0000000000
47768  -7.973  -42.998  77.339 0.0000000000
48855  -8.101  -42.595  77.074 0.0000000000
48859  -7.391  -43.250  76.239 0.0000000000
48862  -7.141  -43.923  75.777 0.0000000000
47779  -6.636  -44.037  75.428 0.0000000000
66953  -34.820  -27.941  66.867 0.0000000000
62123  -33.927  -28.743  68.680 0.0000000000
64558  -34.570  -28.071  68.714 0.0000000000
65740  -34.775  -27.820  68.494 0.0000000000
66931  -34.852  -27.463  68.212 0.0000000000
68110  -35.077  -26.781  68.893 0.0000000000
69397  -34.706  -26.062  69.577 0.0000000000
69346  -35.391  -24.466  71.760 0.0000000000
70675  -35.373  -23.958  72.084 0.0000000000
55544  -30.914  -34.783  77.631 0.0000000000
55597  -30.536  -34.265  75.338 0.0000000000
56694  -30.211  -33.975  74.614 0.0000000000
56689  -32.005  -33.727  75.810 0.0000000000
56709  -32.213  -34.029  73.857 0.0000000000
56696  -31.498  -33.980  74.656 0.0000000000
56695  -30.869  -34.147  74.707 0.0000000000
56706  -30.182  -33.782  73.755 0.0000000000
56719  -30.038  -34.123  72.755 0.0000000000
56754  -28.992  -33.407  70.881 0.0000000000
90662  -51.090  -6.545  50.789 0.0000000000
90672  -51.281  -6.310  49.967 0.0000000000
91763  -52.542  -5.317  50.111 0.0000000000
91764  -52.971  -4.924  50.592 0.0000000000
92880  -54.968  -4.509  51.856 0.0000000000
92881  -55.772  -3.907  52.065 0.0000000000
83245  -44.861  -12.442  61.914 0.0000000000
81986  -43.031  -13.261  66.398 0.0000000000
81987  -43.255  -12.941  66.990 0.0000000000
80846  -42.414  -13.620  60.808 0.0000000000
82052  -43.657  -13.054  61.080 0.0000000000
82035  -44.208  -12.505  61.809 0.0000000000
53326  -22.101  -36.159  70.648 0.0000000000
53334  -21.087  -36.650  70.261 0.0000000000
52305  -20.391  -36.991  69.966 0.0000000000
53351  -20.000  -36.904  69.059 0.0000000000
51196  -18.912  -38.264  68.275 0.0000000000
64623  -4.091  -28.382  61.355 0.0000000000
64634  -4.325  -29.074  60.745 0.0000000000
63427  -4.534  -29.888  60.381 0.0000000000
62106  -3.993  -31.390  69.899 0.0000000000
57850  -4.518  -34.463  68.574 0.0000000000
56792  -4.706  -35.200  67.988 0.0000000000
55657  -4.620  -36.001  67.209 0.0000000000
52299  -4.854  -37.735  69.790 0.0000000000
52315  -4.705  -37.941  68.821 0.0000000000
52329  -5.020  -37.910  68.028 0.0000000000
51209  -5.432  -38.714  67.889 0.0000000000
53357  -4.944  -37.507  67.584 0.0000000000
53365  -4.576  -37.366  66.921 0.0000000000
54515  -4.599  -36.882  66.693 0.0000000000
55664  -4.774  -36.341  66.539 0.0000000000
53374  -4.611  -37.835  65.463 0.0000000000
53375  -5.057  -38.167  65.057 0.0000000000
50108  -6.912  -39.480  65.261 0.0000000000
51253  -6.998  -39.008  65.035 0.0000000000
52380  -6.842  -38.594  64.622 0.0000000000
51270  -7.416  -39.318  64.078 0.0000000000
54354  -10.949  -39.342  81.179 0.0000000000
51039  -11.279  -40.307  82.446 0.0000000000
49934  -11.758  -41.312  81.724 0.0000000000
49928  -11.449  -40.765  82.155 0.0000000000
49926  -11.081  -41.053  83.153 0.0000000000
49932  -10.383  -41.211  82.707 0.0000000000
47742  -10.368  -42.712  81.073 0.0000000000
45352  -12.958  -44.245  80.423 0.0000000000
45345  -12.222  -43.983  80.612 0.0000000000
44084  -12.068  -45.293  80.158 0.0000000000
44076  -11.793  -44.809  80.479 0.0000000000
45344  -11.648  -43.826  80.779 0.0000000000
45343  -11.142  -43.857  80.912 0.0000000000
46616  -10.642  -43.551  80.912 0.0000000000
46615  -10.046  -43.130  80.706 0.0000000000
46622  -9.739  -43.514  80.333 0.0000000000
46628  -9.433  -43.685  79.895 0.0000000000
45363  -9.379  -44.127  79.543 0.0000000000
42854  -9.894  -45.005  79.245 0.0000000000
44090  -9.214  -44.795  78.711 0.0000000000
44089  -8.555  -44.880  78.562 0.0000000000
42868  -8.071  -45.582  77.793 0.0000000000
78340  -38.530  -16.029  67.669 0.0000000000
79587  -39.014  -15.605  68.056 0.0000000000
79567  -38.788  -15.511  69.853 0.0000000000
78306  -37.883  -16.053  70.506 0.0000000000
69433  -34.239  -26.309  67.393 0.0000000000
69454  -33.996  -26.697  66.520 0.0000000000
69431  -33.671  -25.281  66.791 0.0000000000
76020  -34.718  -18.986  65.107 0.0000000000
76021  -35.299  -18.592  65.359 0.0000000000
77196  -36.141  -18.400  65.918 0.0000000000
76007  -36.212  -18.584  66.850 0.0000000000
77197  -36.565  -17.853  66.539 0.0000000000
54397  -24.578  -35.748  76.376 0.0000000000
54411  -24.098  -36.199  75.556 0.0000000000
53280  -22.779  -37.158  74.635 0.0000000000
56640  -28.708  -33.620  79.150 0.0000000000
55528  -28.942  -34.206  78.311 0.0000000000
55516  -28.391  -33.895  78.737 0.0000000000
55553  -26.588  -35.166  76.681 0.0000000000
55606  -28.870  -33.985  74.713 0.0000000000
55594  -28.142  -34.441  75.135 0.0000000000
55582  -27.259  -34.948  75.516 0.0000000000
55567  -26.587  -35.515  76.044 0.0000000000
54429  -25.926  -36.188  75.982 0.0000000000
54453  -24.995  -36.687  73.882 0.0000000000
54452  -24.211  -37.170  73.194 0.0000000000
53327  -23.175  -36.736  70.821 0.0000000000
54478  -22.730  -36.678  70.339 0.0000000000
53344  -21.673  -36.339  69.651 0.0000000000
55635  -23.051  -36.476  69.019 0.0000000000
54495  -21.987  -36.228  69.066 0.0000000000
95276  -56.972  -2.602  45.611 0.0000000000
95281  -56.748  -2.459  45.208 0.0000000000
96483  -57.081  -1.498  44.587 0.0000000000
65694  -6.940  -28.880  70.780 0.0000000000
64520  -3.972  -30.108  70.676 0.0000000000
65666  -4.914  -29.023  72.868 0.0000000000
65665  -4.294  -29.316  73.200 0.0000000000
64501  -3.565  -29.934  71.150 0.0000000000
63315  -3.763  -30.631  70.541 0.0000000000
59916  -4.596  -32.620  70.820 0.0000000000
58856  -4.578  -33.460  72.298 0.0000000000
57802  -4.665  -33.967  71.702 0.0000000000
57818  -4.388  -35.181  70.981 0.0000000000
54477  -4.312  -37.080  71.112 0.0000000000
53323  -3.962  -37.505  71.054 0.0000000000
57784  -3.284  -34.253  73.855 0.0000000000
54443  -3.194  -37.117  72.703 0.0000000000
53304  -3.411  -37.798  71.479 0.0000000000
53313  -3.479  -37.750  71.068 0.0000000000
51123  -4.137  -38.711  70.777 0.0000000000
51124  -4.436  -38.661  70.947 0.0000000000
51111  -6.770  -38.721  71.430 0.0000000000
51097  -6.235  -38.902  71.962 0.0000000000
52250  -8.425  -39.147  71.529 0.0000000000
52239  -9.793  -39.920  71.764 0.0000000000
89398  -49.401  -7.820  57.970 0.0000000000
90568  -49.453  -7.359  57.985 0.0000000000
89399  -49.795  -7.862  58.545 0.0000000000
79588  -39.649  -15.174  68.479 0.0000000000
79578  -40.433  -15.064  69.524 0.0000000000
82140  -43.575  -12.769  56.137 0.0000000000
83328  -44.108  -12.276  56.378 0.0000000000
84554  -44.263  -11.747  56.252 0.0000000000
84574  -44.711  -10.825  55.542 0.0000000000
85870  -44.862  -10.013  54.546 0.0000000000
85860  -45.892  -10.089  54.751 0.0000000000
87054  -47.787  -9.369  56.996 0.0000000000
88257  -48.007  -8.750  56.441 0.0000000000
51047  -12.755  -41.784  79.651 0.0000000000
49937  -13.797  -42.197  79.770 0.0000000000
48837  -14.606  -42.567  80.036 0.0000000000
46619  -15.550  -43.320  80.514 0.0000000000
51063  -14.475  -41.677  78.519 0.0000000000
51058  -14.605  -41.783  78.843 0.0000000000
51056  -14.912  -42.640  79.222 0.0000000000
48849  -16.033  -43.031  78.992 0.0000000000
49950  -15.749  -42.914  79.514 0.0000000000
49949  -15.182  -42.691  79.687 0.0000000000
47752  -16.146  -43.072  80.544 0.0000000000
46624  -15.807  -43.686  80.480 0.0000000000
45359  -15.764  -44.028  80.426 0.0000000000
45364  -14.990  -43.559  79.388 0.0000000000
45372  -14.943  -44.029  78.479 0.0000000000
45377  -15.059  -44.250  77.700 0.0000000000
44128  -13.641  -44.347  75.343 0.0000000000
53317  -21.688  -36.005  71.011 0.0000000000
53307  -21.319  -36.363  71.178 0.0000000000
53315  -20.061  -37.725  70.950 0.0000000000
54459  -20.915  -36.840  71.402 0.0000000000
54448  -19.359  -37.313  72.050 0.0000000000
50025  -18.619  -39.269  70.908 0.0000000000
51114  -18.979  -39.027  71.079 0.0000000000
53299  -18.741  -37.983  72.127 0.0000000000
53291  -18.103  -38.259  72.929 0.0000000000
51090  -19.433  -40.370  73.787 0.0000000000
53267  -17.799  -39.451  74.755 0.0000000000
51083  -18.156  -40.911  76.075 0.0000000000
51080  -18.670  -41.666  76.157 0.0000000000
48861  -19.364  -42.348  76.558 0.0000000000
48864  -19.751  -41.989  75.742 0.0000000000
47782  -19.431  -42.753  76.373 0.0000000000
46701  -17.949  -43.172  72.774 0.0000000000
46686  -17.600  -43.352  73.109 0.0000000000
46699  -16.744  -43.151  72.031 0.0000000000
46659  -17.554  -43.404  75.225 0.0000000000
45409  -16.107  -43.567  75.291 0.0000000000
45407  -14.666  -44.217  74.294 0.0000000000
69444  -10.515  -24.056  65.583 0.0000000000
68159  -10.066  -25.408  64.773 0.0000000000
66925  -9.577  -26.799  68.611 0.0000000000
68136  -10.011  -26.831  66.826 0.0000000000
66947  -9.157  -28.190  66.503 0.0000000000
66949  -10.019  -26.386  65.339 0.0000000000
66965  -9.782  -26.613  64.464 0.0000000000
68178  -9.298  -25.289  63.787 0.0000000000
65791  -8.847  -26.603  63.051 0.0000000000
65806  -7.901  -27.383  62.659 0.0000000000
65805  -7.136  -27.691  62.555 0.0000000000
63408  -7.471  -28.996  62.869 0.0000000000
63407  -6.693  -29.334  62.475 0.0000000000
63415  -5.591  -29.717  61.155 0.0000000000
62204  -5.300  -30.129  60.993 0.0000000000
62216  -4.273  -30.510  60.393 0.0000000000
62117  -4.073  -31.589  68.882 0.0000000000
63351  -4.265  -31.188  67.656 0.0000000000
59955  -3.554  -32.902  67.533 0.0000000000
61012  -3.419  -32.336  67.226 0.0000000000
63359  -4.363  -31.237  66.711 0.0000000000
63366  -4.484  -31.228  65.882 0.0000000000
63378  -4.317  -31.217  64.976 0.0000000000
57876  -5.730  -34.625  66.336 0.0000000000
58935  -3.601  -33.268  65.627 0.0000000000
59976  -2.120  -32.754  65.262 0.0000000000
59985  -2.598  -32.397  64.839 0.0000000000
63377  -3.979  -31.605  64.589 0.0000000000
63391  -4.074  -31.384  64.258 0.0000000000
63392  -4.238  -30.826  64.157 0.0000000000
62164  -3.875  -30.504  63.510 0.0000000000
62176  -3.281  -30.682  63.032 0.0000000000
61044  -3.106  -31.476  62.667 0.0000000000
62187  -2.902  -31.070  62.608 0.0000000000
62188  -3.395  -30.698  62.235 0.0000000000
61054  -3.689  -30.754  61.348 0.0000000000
61067  -3.801  -30.982  60.660 0.0000000000
62202  -3.977  -31.098  60.157 0.0000000000
59042  -3.100  -33.176  58.386 0.0000000000
59029  -2.500  -33.669  59.653 0.0000000000
58016  -3.212  -34.133  59.235 0.0000000000
56645  -4.871  -35.036  78.395 0.0000000000
55503  -10.593  -37.818  80.664 0.0000000000
55493  -10.131  -38.148  81.134 0.0000000000
55502  -9.921  -37.576  80.852 0.0000000000
53226  -9.748  -39.160  81.656 0.0000000000
55492  -9.626  -37.856  81.310 0.0000000000
55501  -9.327  -37.377  80.974 0.0000000000
55500  -8.722  -37.483  81.011 0.0000000000
56608  -7.357  -36.207  80.666 0.0000000000
49940  -8.068  -41.472  82.004 0.0000000000
49929  -7.656  -40.923  82.329 0.0000000000
52157  -8.111  -39.542  81.510 0.0000000000
51049  -8.084  -39.982  80.978 0.0000000000
52156  -8.118  -39.324  81.068 0.0000000000
53234  -8.092  -38.555  80.824 0.0000000000
54365  -7.719  -37.488  80.473 0.0000000000
55498  -7.064  -36.559  80.655 0.0000000000
55497  -6.348  -36.335  81.070 0.0000000000
55507  -5.840  -36.552  80.440 0.0000000000
55506  -5.873  -36.330  79.845 0.0000000000
54377  -5.483  -37.336  79.987 0.0000000000
54371  -5.314  -36.894  80.217 0.0000000000
55510  -5.446  -35.806  78.702 0.0000000000
56657  -4.643  -35.189  77.808 0.0000000000
55532  -4.831  -36.012  77.576 0.0000000000
54384  -4.732  -36.706  77.450 0.0000000000
53252  -4.645  -37.127  76.992 0.0000000000
53250  -5.058  -37.664  77.851 0.0000000000
53253  -4.892  -37.372  77.075 0.0000000000
52193  -5.192  -37.559  76.427 0.0000000000
53260  -5.729  -37.775  76.266 0.0000000000
53286  -6.242  -38.125  75.539 0.0000000000
49957  -7.997  -40.554  78.533 0.0000000000
49967  -8.175  -40.729  77.191 0.0000000000
51081  -7.146  -40.112  77.085 0.0000000000
52196  -6.584  -39.698  77.056 0.0000000000
52208  -6.488  -38.668  76.288 0.0000000000
53273  -6.396  -38.239  75.762 0.0000000000
51091  -9.261  -40.180  74.032 0.0000000000
51098  -9.553  -39.999  73.275 0.0000000000
51099  -9.843  -40.632  72.575 0.0000000000
42877  -7.502  -46.213  76.953 0.0000000000
40543  -7.282  -48.441  75.707 0.0000000000
41670  -7.213  -47.521  75.920 0.0000000000
42887  -7.428  -46.571  76.485 0.0000000000
45387  -6.766  -45.507  75.385 0.0000000000
45386  -6.418  -45.555  75.073 0.0000000000
46646  -6.296  -44.666  75.084 0.0000000000
47778  -6.271  -44.435  75.226 0.0000000000
47784  -6.998  -44.768  74.791 0.0000000000
44146  -6.615  -46.482  73.142 0.0000000000
45417  -6.342  -45.944  73.310 0.0000000000
46668  -6.656  -45.478  73.460 0.0000000000
46656  -6.807  -45.009  73.979 0.0000000000
48872  -7.445  -44.461  74.320 0.0000000000
48873  -7.889  -43.872  73.861 0.0000000000
48886  -7.850  -42.942  72.790 0.0000000000
48925  -8.573  -43.934  71.646 0.0000000000
48904  -8.380  -43.525  72.122 0.0000000000
48887  -8.321  -42.503  72.352 0.0000000000
50002  -8.714  -42.135  71.878 0.0000000000
50022  -9.313  -42.177  71.163 0.0000000000
48944  -9.964  -42.439  69.816 0.0000000000
48955  -9.915  -43.268  69.315 0.0000000000
46776  -9.717  -44.740  67.165 0.0000000000
39438  -6.451  -49.011  73.647 0.0000000000
40532  -7.446  -48.051  76.071 0.0000000000
41658  -10.920  -45.659  78.461 0.0000000000
42866  -12.689  -45.214  78.857 0.0000000000
42870  -9.185  -45.473  78.127 0.0000000000
42874  -12.202  -45.792  78.517 0.0000000000
42884  -12.190  -46.306  78.099 0.0000000000
42895  -12.870  -45.119  77.256 0.0000000000
42932  -6.780  -47.069  73.331 0.0000000000
44079  -13.949  -43.504  79.922 0.0000000000
44091  -12.921  -45.034  79.306 0.0000000000
44096  -8.114  -45.296  78.180 0.0000000000
44099  -11.944  -46.059  78.515 0.0000000000
44104  -7.637  -45.629  77.378 0.0000000000
44107  -11.905  -46.284  78.278 0.0000000000
44108  -12.075  -46.198  78.356 0.0000000000
45347  -13.398  -43.781  80.057 0.0000000000
45351  -12.140  -44.360  80.578 0.0000000000
45355  -9.530  -44.408  79.457 0.0000000000
45358  -15.050  -44.110  80.357 0.0000000000
45362  -9.085  -44.413  79.120 0.0000000000
45366  -15.756  -43.486  79.383 0.0000000000
45367  -7.617  -44.741  77.396 0.0000000000
45369  -8.440  -43.986  79.281 0.0000000000
45371  -9.090  -44.112  79.365 0.0000000000
45376  -7.687  -44.509  77.400 0.0000000000
45391  -16.769  -43.842  76.682 0.0000000000
45416  -6.377  -46.109  73.479 0.0000000000
45432  -6.424  -46.162  73.112 0.0000000000
46612  -12.997  -43.512  80.208 0.0000000000
46613  -13.861  -43.353  79.948 0.0000000000
46617  -14.269  -43.527  80.208 0.0000000000
46618  -14.953  -43.584  80.228 0.0000000000
46621  -8.019  -42.727  79.390 0.0000000000
46623  -15.322  -44.037  80.456 0.0000000000
46625  -16.224  -43.393  80.337 0.0000000000
46629  -16.070  -43.930  80.332 0.0000000000
46634  -8.573  -43.740  79.428 0.0000000000
46640  -16.048  -43.607  78.022 0.0000000000
46641  -16.500  -43.085  77.632 0.0000000000
46648  -17.357  -43.916  76.239 0.0000000000
46667  -6.341  -45.785  73.683 0.0000000000
46778  -10.448  -44.153  66.483 0.0000000000
47735  -11.401  -42.458  81.506 0.0000000000
47739  -13.922  -43.020  79.901 0.0000000000
47743  -11.445  -42.267  81.650 0.0000000000
47745  -14.500  -42.968  80.085 0.0000000000
47746  -15.167  -42.876  80.285 0.0000000000
47749  -8.846  -42.624  80.558 0.0000000000
47751  -15.741  -43.072  80.630 0.0000000000
47755  -8.120  -42.821  79.775 0.0000000000
47762  -8.304  -43.412  79.481 0.0000000000
47764  -9.013  -43.367  79.913 0.0000000000
47765  -15.996  -43.034  79.054 0.0000000000
47767  -17.056  -42.328  78.071 0.0000000000
47769  -16.765  -42.607  77.532 0.0000000000
47770  -17.456  -42.314  77.646 0.0000000000
47780  -7.444  -43.921  75.411 0.0000000000
47783  -6.706  -44.934  74.904 0.0000000000
47807  -7.912  -44.525  72.976 0.0000000000
47818  -7.787  -44.779  72.346 0.0000000000
47833  -8.763  -44.078  71.097 0.0000000000
47885  -10.660  -43.592  66.960 0.0000000000
47894  -10.705  -43.544  66.374 0.0000000000
48824  -8.803  -41.501  81.767 0.0000000000
48825  -9.419  -41.375  81.792 0.0000000000
48835  -11.423  -42.004  81.767 0.0000000000
48836  -11.774  -42.080  81.752 0.0000000000
48841  -8.457  -42.068  80.698 0.0000000000
48842  -15.733  -42.792  80.384 0.0000000000
48843  -16.031  -42.800  80.010 0.0000000000
48848  -16.044  -42.947  79.376 0.0000000000
48857  -18.613  -42.445  77.744 0.0000000000
48858  -19.101  -42.379  77.296 0.0000000000
48865  -7.534  -44.228  74.638 0.0000000000
48869  -20.453  -41.005  74.636 0.0000000000
48905  -8.369  -42.916  71.861 0.0000000000
48988  -9.526  -40.669  64.236 0.0000000000
48999  -10.076  -41.448  63.811 0.0000000000
49927  -11.356  -40.849  82.563 0.0000000000
49941  -11.468  -41.797  81.862 0.0000000000
49942  -11.686  -41.690  81.830 0.0000000000
49943  -14.618  -42.293  79.859 0.0000000000
49953  -15.259  -42.797  79.141 0.0000000000
49954  -15.884  -42.864  78.854 0.0000000000
49955  -16.426  -42.528  78.519 0.0000000000
49958  -16.631  -42.412  78.613 0.0000000000
49960  -17.930  -42.187  78.601 0.0000000000
49984  -9.465  -41.042  73.129 0.0000000000
50051  -7.385  -39.179  67.412 0.0000000000
50098  -9.743  -40.990  64.800 0.0000000000
50100  -10.664  -41.376  65.505 0.0000000000
50112  -8.852  -40.386  63.846 0.0000000000
50113  -10.039  -41.357  64.419 0.0000000000
50123  -7.280  -40.364  63.720 0.0000000000
50124  -7.507  -40.576  63.627 0.0000000000
51037  -10.373  -39.851  83.452 0.0000000000
51038  -11.100  -40.163  83.257 0.0000000000
51045  -11.976  -40.867  81.283 0.0000000000
51055  -14.578  -41.942  79.316 0.0000000000
51062  -7.904  -40.315  78.480 0.0000000000
51065  -16.653  -42.104  78.003 0.0000000000
51066  -17.364  -41.924  78.260 0.0000000000
51067  -7.321  -39.591  78.321 0.0000000000
51068  -7.661  -39.978  78.263 0.0000000000
51073  -18.132  -41.685  77.616 0.0000000000
51075  -8.059  -40.546  77.388 0.0000000000
51082  -7.705  -40.277  76.910 0.0000000000
51096  -5.577  -38.476  71.930 0.0000000000
51108  -4.520  -38.537  71.446 0.0000000000
51125  -5.409  -37.964  70.938 0.0000000000
51142  -4.396  -38.381  70.622 0.0000000000
51168  -6.322  -39.313  68.591 0.0000000000
51212  -8.281  -39.316  66.520 0.0000000000
51215  -10.510  -40.838  65.653 0.0000000000
51216  -10.569  -41.134  65.550 0.0000000000
51232  -6.279  -39.091  65.523 0.0000000000
51233  -6.161  -39.377  65.819 0.0000000000
51235  -10.238  -41.155  65.355 0.0000000000
51236  -10.470  -41.309  65.396 0.0000000000
52147  -10.930  -39.670  82.611 0.0000000000
52148  -11.089  -40.040  81.882 0.0000000000
52149  -11.621  -40.226  81.537 0.0000000000
52168  -13.848  -41.202  78.963 0.0000000000
52205  -4.907  -37.500  75.955 0.0000000000
52206  -5.265  -37.602  76.052 0.0000000000
52214  -19.194  -40.135  73.774 0.0000000000
52215  -3.993  -37.995  73.504 0.0000000000
52248  -4.072  -38.696  71.234 0.0000000000
52266  -3.873  -38.590  70.869 0.0000000000
52287  -10.322  -39.452  68.174 0.0000000000
52300  -4.821  -38.285  69.053 0.0000000000
52303  -10.167  -39.282  67.782 0.0000000000
52346  -5.668  -38.856  65.760 0.0000000000
53221  -10.475  -39.291  82.495 0.0000000000
53222  -10.484  -39.586  81.671 0.0000000000
53223  -11.156  -39.744  81.456 0.0000000000
53257  -18.040  -39.746  76.881 0.0000000000
53261  -6.087  -37.952  76.638 0.0000000000
53265  -17.567  -39.995  75.869 0.0000000000
53272  -6.118  -37.983  76.023 0.0000000000
53283  -3.917  -37.662  73.853 0.0000000000
53294  -3.122  -38.320  72.973 0.0000000000
53295  -3.264  -38.222  73.474 0.0000000000
53305  -3.387  -38.154  72.015 0.0000000000
53314  -3.436  -38.166  71.198 0.0000000000
53324  -3.715  -37.893  70.697 0.0000000000
53350  -4.756  -37.469  68.569 0.0000000000
53381  -5.094  -37.838  65.078 0.0000000000
53421  -7.192  -38.561  63.429 0.0000000000
54353  -10.451  -39.273  81.128 0.0000000000
54355  -11.426  -39.417  81.271 0.0000000000
54357  -9.225  -38.142  81.484 0.0000000000
54390  -25.996  -35.224  77.475 0.0000000000
54391  -4.478  -36.822  76.720 0.0000000000
54392  -4.589  -37.109  76.819 0.0000000000
54430  -2.719  -36.823  73.666 0.0000000000
54467  -4.081  -37.403  71.498 0.0000000000
54485  -4.534  -36.950  69.962 0.0000000000
54517  -5.303  -36.767  65.762 0.0000000000
54535  -6.275  -37.173  63.865 0.0000000000
55491  -9.237  -37.650  81.321 0.0000000000
55494  -10.709  -38.379  80.868 0.0000000000
55496  -5.879  -36.216  81.033 0.0000000000
55538  -25.895  -34.970  77.787 0.0000000000
55540  -27.693  -34.618  77.675 0.0000000000
55543  -30.490  -34.178  77.654 0.0000000000
55552  -24.626  -35.381  76.965 0.0000000000
55558  -30.734  -34.575  77.327 0.0000000000
55570  -29.212  -34.524  76.394 0.0000000000
55586  -30.607  -34.048  76.007 0.0000000000
55630  -24.212  -35.911  70.146 0.0000000000
55641  -4.497  -36.168  69.735 0.0000000000
55642  -4.302  -35.931  69.148 0.0000000000
55649  -4.402  -36.360  68.969 0.0000000000
55696  -7.610  -35.271  63.180 0.0000000000
56606  -5.951  -35.875  81.397 0.0000000000
56616  -6.231  -35.491  80.964 0.0000000000
56617  -6.491  -35.333  81.121 0.0000000000
56618  -9.994  -36.976  79.837 0.0000000000
56688  -31.450  -33.832  75.597 0.0000000000
56740  -31.492  -32.846  71.892 0.0000000000
56758  -31.991  -33.547  71.260 0.0000000000
56763  -4.485  -35.650  70.189 0.0000000000
56764  -4.357  -35.357  69.770 0.0000000000
56828  -6.327  -35.336  64.526 0.0000000000
56829  -6.794  -35.493  64.261 0.0000000000
56840  -6.581  -34.951  64.234 0.0000000000
56855  -4.041  -34.024  62.240 0.0000000000
56856  -4.512  -33.994  62.288 0.0000000000
56867  -3.856  -33.992  61.949 0.0000000000
57686  -8.442  -36.346  80.203 0.0000000000
57704  -10.059  -36.746  79.391 0.0000000000
57721  -8.257  -36.222  78.880 0.0000000000
57723  -9.661  -36.475  78.856 0.0000000000
57753  -4.358  -33.354  76.378 0.0000000000
57760  -4.122  -33.853  76.095 0.0000000000
57796  -33.564  -33.095  73.031 0.0000000000
57797  -33.749  -32.842  73.198 0.0000000000
57841  -24.367  -33.328  69.720 0.0000000000
57933  -4.222  -32.640  63.455 0.0000000000
57938  -6.867  -34.535  63.143 0.0000000000
57972  -3.849  -33.330  61.471 0.0000000000
57974  -5.961  -33.577  62.070 0.0000000000
57975  -6.694  -33.586  61.825 0.0000000000
57985  -3.183  -33.652  60.740 0.0000000000
58794  -9.118  -34.361  78.025 0.0000000000
58805  -4.267  -33.093  76.102 0.0000000000
58817  -4.165  -33.343  75.935 0.0000000000
58934  -2.560  -33.148  65.752 0.0000000000
58982  -6.475  -33.711  62.249 0.0000000000
58983  -6.751  -33.693  62.142 0.0000000000
58999  -6.565  -33.575  62.034 0.0000000000
59885  -35.549  -31.660  74.289 0.0000000000
59894  -4.572  -32.782  72.752 0.0000000000
59904  -4.485  -32.386  72.053 0.0000000000
59966  -2.446  -32.846  66.096 0.0000000000
60956  -3.580  -31.983  72.348 0.0000000000
61068  -4.052  -30.644  60.788 0.0000000000
61079  -4.066  -30.758  60.321 0.0000000000
61080  -3.995  -30.739  60.534 0.0000000000
62137  -3.072  -31.834  66.391 0.0000000000
62145  -3.819  -31.459  65.969 0.0000000000
62154  -4.070  -31.433  65.456 0.0000000000
62163  -3.715  -31.077  63.665 0.0000000000
62165  -5.172  -29.897  63.108 0.0000000000
62167  -6.110  -29.785  63.045 0.0000000000
62177  -3.986  -30.083  62.883 0.0000000000
62191  -5.976  -29.918  61.951 0.0000000000
62201  -3.901  -31.246  59.963 0.0000000000
62203  -4.744  -30.413  60.874 0.0000000000
63278  -3.836  -31.032  73.373 0.0000000000
63299  -2.886  -30.958  71.947 0.0000000000
63309  -36.457  -28.382  72.105 0.0000000000
63326  -4.512  -30.742  69.496 0.0000000000
63330  -34.164  -28.923  70.347 0.0000000000
63368  -5.330  -30.407  65.387 0.0000000000
63383  -7.261  -29.744  63.988 0.0000000000
63395  -5.997  -29.743  63.674 0.0000000000
63397  -7.382  -29.369  63.347 0.0000000000
63405  -4.933  -29.922  63.154 0.0000000000
63416  -6.056  -29.550  61.769 0.0000000000
63417  -6.344  -29.210  62.042 0.0000000000
63428  -5.052  -29.854  60.798 0.0000000000
63437  -4.363  -30.282  60.134 0.0000000000
64489  -3.579  -30.461  72.790 0.0000000000
64531  -35.739  -27.588  71.706 0.0000000000
64553  -5.274  -30.542  68.349 0.0000000000
64563  -6.170  -30.419  67.369 0.0000000000
64564  -6.635  -30.434  67.160 0.0000000000
64570  -6.147  -30.531  66.568 0.0000000000
64582  -8.060  -29.343  65.182 0.0000000000
64594  -8.602  -28.606  64.067 0.0000000000
64601  -7.924  -28.797  63.372 0.0000000000
64616  -8.217  -27.821  62.767 0.0000000000
64626  -6.206  -29.150  61.860 0.0000000000
64635  -4.725  -29.496  60.744 0.0000000000
65654  -4.436  -28.300  73.947 0.0000000000
65703  -34.795  -27.715  70.349 0.0000000000
65725  -34.661  -27.753  69.955 0.0000000000
65726  -34.703  -27.733  69.634 0.0000000000
65746  -7.053  -29.854  67.693 0.0000000000
65757  -35.004  -28.304  66.743 0.0000000000
65763  -8.108  -29.138  65.938 0.0000000000
65766  -9.581  -27.550  64.362 0.0000000000
65803  -5.182  -27.626  62.544 0.0000000000
66899  -34.745  -27.550  70.116 0.0000000000
66942  -34.824  -27.786  67.401 0.0000000000
66978  -9.265  -26.152  63.394 0.0000000000
66988  -5.160  -26.628  63.650 0.0000000000
66992  -8.610  -26.034  63.059 0.0000000000
66999  -6.820  -27.110  62.989 0.0000000000
67001  -7.812  -26.960  62.736 0.0000000000
68104  -10.533  -25.108  68.051 0.0000000000
68175  -6.387  -25.708  64.244 0.0000000000
68190  -7.263  -25.956  63.562 0.0000000000
69336  -36.497  -25.763  72.981 0.0000000000
69459  -7.648  -24.469  64.148 0.0000000000
69460  -8.419  -24.392  64.123 0.0000000000
72079  -32.845  -22.433  68.001 0.0000000000
77180  -36.656  -17.580  68.282 0.0000000000
78323  -36.934  -17.504  68.507 0.0000000000
78324  -37.104  -17.505  68.679 0.0000000000
78337  -36.840  -17.469  68.327 0.0000000000
78387  -36.222  -17.124  64.269 0.0000000000
78433  -36.747  -16.095  61.632 0.0000000000
78491  -42.738  -15.555  57.705 0.0000000000
79625  -39.023  -14.732  66.250 0.0000000000
79762  -43.280  -14.658  58.073 0.0000000000
79763  -43.637  -14.412  57.819 0.0000000000
79776  -42.987  -15.255  57.598 0.0000000000
80848  -43.495  -13.359  60.666 0.0000000000
80881  -43.022  -14.365  58.968 0.0000000000
80905  -44.148  -14.069  57.383 0.0000000000
82031  -41.413  -13.282  62.940 0.0000000000
82032  -41.965  -13.146  62.707 0.0000000000
82053  -44.121  -12.647  61.074 0.0000000000
82080  -44.625  -12.158  59.409 0.0000000000
83234  -44.048  -12.530  63.206 0.0000000000
83263  -48.459  -11.484  61.583 0.0000000000
83298  -46.177  -11.566  58.465 0.0000000000
83309  -46.402  -11.335  58.348 0.0000000000
83346  -44.002  -12.433  55.709 0.0000000000
84504  -47.346  -11.713  60.225 0.0000000000
84573  -44.067  -11.503  55.698 0.0000000000
87023  -49.691  -9.231  59.897 0.0000000000
87039  -49.889  -9.041  59.543 0.0000000000
88201  -50.081  -8.691  59.215 0.0000000000
88236  -48.349  -9.139  56.814 0.0000000000
90569  -49.735  -7.148  58.297 0.0000000000
91777  -53.415  -4.541  50.034 0.0000000000
92907  -55.514  -3.249  49.269 0.0000000000
