#!ascii label  , from subject 4081 vox2ras=TkReg
913
80018  22.386  -21.407  4.874 0.1428571492
78835  21.739  -21.710  5.292 0.1428571492
82419  22.420  -19.582  4.117 0.1428571492
78833  23.844  -21.875  4.764 0.1428571492
81199  22.854  -20.499  4.420 0.2857142985
80016  24.254  -21.220  4.759 0.1428571492
83606  23.065  -18.761  3.714 0.5714285970
82417  24.291  -19.696  4.438 0.1428571492
82435  25.312  -19.177  4.206 0.2857142985
83604  24.726  -19.074  4.149 0.2857142985
83622  26.268  -18.737  3.723 0.1428571492
83623  25.287  -18.691  3.830 0.2857142985
87282  26.541  -15.638  2.010 0.2857142985
86045  26.162  -16.457  2.413 0.1428571492
84814  25.794  -17.229  3.041 0.2857142985
88541  27.986  -14.413  1.566 0.2857142985
87305  27.477  -15.501  1.707 0.2857142985
89570  28.240  -13.406  1.531 0.2857142985
89571  27.212  -13.518  1.581 0.2857142985
91790  28.923  -11.439  0.996 0.2857142985
94229  31.151  -9.253  -0.772 0.8571428657
93039  30.245  -10.511  0.462 0.4285714328
90615  28.915  -12.547  1.214 0.2857142985
95367  33.151  -8.139  -2.966 0.7142857313
95342  32.983  -8.409  -2.284 0.7142857313
95319  32.278  -8.462  -1.635 0.7142857313
94230  29.923  -8.925  -0.605 0.7142857313
96399  35.331  -7.124  -3.442 0.8571428657
96449  34.206  -7.967  -4.428 0.5714285970
96429  33.591  -7.376  -4.040 0.8571428657
96376  32.244  -7.861  -2.017 0.7142857313
95320  31.324  -8.402  -1.330 0.7142857313
98854  38.031  -6.194  -5.563 0.4285714328
97610  36.253  -6.153  -4.047 0.7142857313
97611  35.120  -6.580  -4.010 0.8571428657
102311  38.423  -2.846  -6.413 0.2857142985
102318  38.224  -2.812  -7.072 0.5714285970
100050  37.616  -5.717  -5.404 0.8571428657
98866  38.177  -5.422  -6.214 0.7142857313
98842  36.753  -5.643  -4.428 0.8571428657
103367  37.149  -0.978  -5.840 0.1428571492
102302  37.934  -2.116  -5.724 0.1428571492
103366  37.720  -1.522  -6.230 0.4285714328
101252  37.976  -3.346  -7.064 0.5714285970
101228  37.451  -4.364  -5.972 0.8571428657
106456  34.780  1.847  -5.506 0.1428571492
105437  35.954  -0.054  -5.452 0.1428571492
105442  36.270  0.009  -6.170 0.1428571492
104409  37.112  -0.553  -6.447 0.4285714328
101253  37.485  -3.155  -7.053 0.8571428657
109317  33.672  4.202  -4.687 0.1428571492
107440  34.774  2.445  -4.727 0.1428571492
108413  34.244  3.343  -5.308 0.1428571492
106458  34.978  1.346  -6.416 0.1428571492
107449  35.140  1.905  -7.310 0.4285714328
104415  37.010  -0.643  -7.434 0.5714285970
104423  37.333  -1.404  -8.265 0.7142857313
102320  36.838  -2.491  -7.518 0.8571428657
109326  33.622  3.791  -5.453 0.1428571492
110284  33.781  5.529  -5.567 0.1428571492
108414  34.079  3.789  -5.950 0.1428571492
107458  35.133  2.474  -7.507 0.5714285970
105452  36.539  0.182  -8.100 0.8571428657
102323  37.324  -2.288  -8.171 0.8571428657
104431  37.009  -1.166  -8.591 0.8571428657
111239  33.789  6.627  -4.830 0.1428571492
111251  33.680  6.524  -6.119 0.2857142985
109327  33.495  4.419  -5.926 0.1428571492
110294  33.575  5.417  -6.688 0.8571428657
107457  35.785  2.236  -7.887 0.8571428657
105453  36.305  0.778  -7.449 0.7142857313
108435  35.304  2.714  -8.066 0.8571428657
113264  32.462  8.819  -5.991 0.1428571492
114181  32.652  9.159  -5.731 0.1428571492
112238  33.523  7.414  -6.761 0.4285714328
111270  33.301  6.231  -7.937 0.8571428657
110295  33.163  5.064  -7.194 0.8571428657
108429  33.976  3.621  -7.688 0.8571428657
107466  34.644  2.261  -8.607 0.8571428657
110309  32.350  5.108  -7.720 0.8571428657
109342  33.331  3.938  -7.485 0.8571428657
108438  33.107  3.684  -7.681 0.8571428657
151218  32.780  9.649  -6.781 0.1428571492
151208  32.483  10.284  -6.810 0.2857142985
114187  33.062  8.762  -7.010 0.5714285970
113280  32.997  8.503  -7.809 0.8571428657
113293  33.030  7.898  -8.082 0.8571428657
112250  33.338  7.117  -7.866 0.8571428657
110316  33.189  5.957  -9.109 0.8571428657
112270  32.992  6.828  -9.233 0.8571428657
109352  32.361  5.036  -8.167 0.8571428657
151227  31.911  10.523  -7.270 0.2857142985
115200  31.905  9.856  -7.978 0.7142857313
114200  32.830  9.233  -7.509 0.5714285970
114213  32.311  9.566  -8.420 0.8571428657
112260  32.456  7.434  -8.797 0.8571428657
111280  31.137  6.918  -8.194 0.8571428657
110318  32.550  5.908  -9.383 0.8571428657
115209  31.846  10.193  -8.549 0.8571428657
113307  31.453  10.152  -9.433 0.8571428657
112261  31.554  7.909  -8.777 0.8571428657
112262  30.692  8.024  -8.112 0.7142857313
114224  31.220  10.491  -8.815 0.8571428657
113297  30.377  10.402  -9.123 0.8571428657
113306  31.844  9.715  -9.406 0.8571428657
151221  30.044  10.964  -9.605 0.8571428657
113282  30.023  8.747  -8.283 0.7142857313
151247  29.867  12.534  -9.043 0.7142857313
151223  29.856  11.951  -10.162 0.8571428657
151212  29.735  12.276  -9.343 0.8571428657
120848  28.764  14.201  -9.189 0.7142857313
113296  30.981  9.769  -8.903 0.8571428657
151213  29.260  11.434  -8.898 0.8571428657
120820  31.909  16.511  -6.886 0.1428571492
151250  29.644  14.539  -8.968 0.7142857313
120847  29.249  15.513  -9.094 0.7142857313
151205  28.591  12.483  -8.079 0.8571428657
121730  32.400  17.843  -7.025 0.1428571492
121758  29.404  16.310  -8.959 0.5714285970
121757  29.965  17.191  -8.759 0.5714285970
122619  28.554  18.088  -9.419 0.5714285970
121756  30.560  17.890  -8.494 0.1428571492
122565  32.585  18.707  -7.075 0.1428571492
123375  28.780  19.150  -9.147 0.5714285970
123335  33.112  19.417  -6.296 0.1428571492
122586  30.660  19.326  -7.928 0.1428571492
124085  33.619  19.807  -6.149 0.1428571492
123373  29.515  19.298  -9.840 0.5714285970
123336  32.319  18.648  -6.146 0.1428571492
124084  34.608  19.513  -5.829 0.1428571492
123325  32.912  19.022  -5.368 0.1428571492
78814  22.661  -22.619  5.349 0.1428571492
81198  23.796  -20.447  4.595 0.2857142985
82416  25.284  -19.741  4.479 0.2857142985
84813  26.857  -17.275  2.680 0.2857142985
90641  28.593  -12.057  1.090 0.2857142985
90642  27.744  -11.937  0.997 0.2857142985
94208  30.612  -9.810  -0.169 0.4285714328
93040  29.137  -10.196  0.410 0.5714285970
96426  36.735  -7.379  -3.630 0.2857142985
95321  30.222  -8.288  -1.227 0.7142857313
98865  38.824  -6.148  -5.961 0.1428571492
100052  36.330  -4.865  -4.387 0.8571428657
102319  37.669  -2.569  -7.483 0.7142857313
109318  33.501  4.892  -5.135 0.1428571492
108421  33.951  3.662  -6.789 0.8571428657
108428  34.785  3.040  -7.450 0.8571428657
107471  35.714  1.526  -9.250 0.8571428657
108437  33.957  3.340  -8.375 0.8571428657
151242  31.346  10.679  -8.184 0.8571428657
117053  30.443  12.022  -9.044 0.8571428657
120840  29.597  15.720  -8.549 0.7142857313
121745  30.335  16.777  -8.068 0.2857142985
122605  30.442  18.639  -8.840 0.1428571492
124092  34.344  20.418  -6.474 0.1428571492
78815  21.474  -22.610  5.579 0.1428571492
83605  23.892  -19.000  3.986 0.4285714328
83646  24.906  -18.160  3.488 0.2857142985
83625  23.666  -18.550  3.654 0.4285714328
84781  23.093  -18.340  3.532 0.2857142985
83645  25.551  -18.033  3.438 0.1428571492
86044  27.276  -16.348  2.188 0.2857142985
87306  26.575  -14.957  1.746 0.2857142985
88542  26.923  -14.433  1.544 0.2857142985
94209  29.557  -9.546  -0.012 0.7142857313
106451  34.968  1.712  -4.829 0.1428571492
110275  33.967  5.333  -4.620 0.1428571492
112226  33.424  7.705  -5.608 0.1428571492
113252  33.063  8.530  -5.618 0.1428571492
111261  33.548  6.388  -7.182 0.8571428657
105458  36.361  0.284  -8.977 0.8571428657
103394  36.258  -0.756  -8.421 1.0000000000
115176  32.561  10.039  -6.048 0.1428571492
151209  31.858  11.551  -5.999 0.1428571492
151225  31.538  11.646  -7.224 0.2857142985
151239  30.814  11.483  -8.011 0.5714285970
151241  30.693  12.333  -8.540 0.5714285970
151248  30.566  14.575  -7.953 0.5714285970
120839  29.999  16.156  -8.006 0.4285714328
119895  31.187  15.749  -7.161 0.2857142985
120831  30.573  16.268  -7.583 0.2857142985
120830  31.258  16.686  -7.366 0.1428571492
121744  30.762  17.417  -7.899 0.1428571492
122585  31.282  18.296  -8.086 0.1428571492
122567  30.540  18.496  -6.733 0.2857142985
123337  31.416  18.351  -5.969 0.1428571492
123348  32.746  19.631  -7.540 0.1428571492
123324  33.916  19.442  -5.259 0.1428571492
124074  34.779  19.319  -5.252 0.1428571492
151240  31.018  12.122  -7.748 0.4285714328
151226  31.502  12.952  -7.321 0.4285714328
151236  31.316  14.207  -6.553 0.4285714328
151237  30.735  15.065  -6.683 0.4285714328
80017  23.363  -21.239  4.727 0.1428571492
81200  21.924  -20.468  4.530 0.1428571492
79998  21.156  -21.635  5.257 0.1428571492
82418  23.365  -19.654  4.224 0.5714285970
81197  24.746  -20.507  4.596 0.1428571492
83624  24.310  -18.411  3.568 0.1428571492
87281  27.105  -15.813  1.985 0.2857142985
96401  32.543  -7.515  -2.559 0.7142857313
97609  37.250  -6.302  -4.419 0.8571428657
98843  35.454  -5.574  -4.523 0.8571428657
101239  38.316  -3.575  -6.625 0.5714285970
103376  37.987  -1.635  -7.289 0.5714285970
107450  34.671  2.330  -6.780 0.2857142985
105443  35.547  0.507  -5.799 0.1428571492
105446  35.833  0.620  -6.753 0.1428571492
107456  36.127  1.741  -8.521 0.8571428657
109333  33.376  4.389  -7.093 0.8571428657
113294  32.608  8.505  -8.484 0.8571428657
112259  33.011  7.241  -8.763 0.8571428657
111279  32.128  6.675  -8.715 0.8571428657
113305  32.286  9.330  -9.057 0.8571428657
151232  30.824  11.342  -8.651 0.8571428657
151231  30.879  11.346  -8.995 0.8571428657
121731  31.835  17.371  -7.375 0.1428571492
122617  29.616  18.398  -9.350 0.5714285970
121768  28.558  16.417  -9.069 0.5714285970
123350  30.028  19.676  -7.982 0.4285714328
122566  31.638  18.317  -7.045 0.1428571492
124093  33.395  20.289  -6.710 0.1428571492
123334  33.740  19.669  -5.870 0.1428571492
84795  23.451  -18.159  3.241 0.4285714328
88543  26.357  -14.433  1.851 0.5714285970
89551  25.458  -13.879  2.186 0.5714285970
89535  24.431  -14.199  1.892 0.5714285970
89554  23.364  -13.900  2.217 0.2857142985
90619  25.452  -12.668  1.451 0.5714285970
90620  24.544  -12.711  1.219 0.5714285970
88519  22.973  -14.714  2.334 0.4285714328
89573  25.094  -13.319  1.860 0.5714285970
89575  23.582  -13.203  1.802 0.4285714328
90644  25.789  -11.947  0.943 0.5714285970
90645  24.874  -12.176  0.623 0.5714285970
90646  23.902  -12.114  0.656 0.4285714328
91792  27.108  -11.483  0.287 0.5714285970
91818  26.551  -10.726  -0.119 0.5714285970
91817  27.451  -10.850  -0.062 0.7142857313
91835  26.339  -10.307  -0.635 0.4285714328
93041  28.199  -10.345  -0.057 0.4285714328
90621  23.744  -12.612  1.279 0.4285714328
90622  23.074  -12.481  1.490 0.2857142985
89576  22.841  -13.061  2.037 0.2857142985
91794  25.209  -11.412  0.510 0.4285714328
94231  28.843  -8.772  -0.593 0.7142857313
95324  27.450  -8.518  -1.561 0.4285714328
96379  29.452  -7.330  -1.437 0.7142857313
97536  28.848  -6.426  -1.927 0.5714285970
97566  30.082  -6.140  -2.310 0.7142857313
98775  28.661  -6.072  -2.382 0.2857142985
95322  29.136  -8.119  -1.128 0.7142857313
97591  32.195  -6.122  -2.953 0.7142857313
100033  32.263  -4.804  -3.614 0.7142857313
100054  32.893  -4.718  -4.563 0.7142857313
100055  32.002  -4.015  -3.983 0.7142857313
100034  31.181  -4.448  -3.300 0.4285714328
101219  32.490  -3.868  -4.731 0.4285714328
96430  33.072  -7.527  -3.344 0.5714285970
96403  31.098  -7.089  -1.730 0.5714285970
97589  33.699  -6.444  -4.223 0.5714285970
98821  33.344  -5.715  -4.246 0.5714285970
98857  33.890  -5.265  -5.647 0.7142857313
100080  34.090  -4.237  -5.900 0.7142857313
102305  34.632  -2.322  -5.926 0.7142857313
100082  32.727  -3.645  -6.155 0.7142857313
101244  32.539  -2.880  -6.162 0.5714285970
103361  33.467  -1.547  -6.257 0.5714285970
100067  37.416  -4.520  -5.319 0.7142857313
100053  35.213  -4.590  -4.627 0.5714285970
98856  34.406  -5.076  -4.979 0.5714285970
101230  35.717  -3.187  -5.087 0.7142857313
100068  34.309  -4.275  -5.032 0.7142857313
103368  35.270  -2.049  -6.335 0.8571428657
101234  31.855  -3.119  -5.407 0.4285714328
103378  34.872  -0.745  -7.059 0.7142857313
103379  34.142  -0.452  -6.748 0.7142857313
104426  34.920  -0.031  -7.975 0.7142857313
104410  33.011  -0.774  -6.357 0.5714285970
104417  33.454  -0.085  -6.948 0.7142857313
101217  36.021  -3.968  -4.573 0.5714285970
101231  34.465  -3.312  -5.583 0.7142857313
103388  35.933  -0.966  -7.882 0.8571428657
104425  35.476  -0.506  -8.156 0.8571428657
105455  33.584  0.831  -7.603 0.7142857313
105447  33.205  0.952  -6.858 0.5714285970
106470  31.252  2.059  -7.401 0.2857142985
103387  36.502  -1.785  -8.044 0.7142857313
105460  34.635  0.683  -8.683 0.7142857313
109344  31.146  4.279  -7.870 0.7142857313
105463  35.576  0.392  -9.399 0.7142857313
106473  34.267  1.626  -8.470 0.8571428657
107459  33.269  2.352  -7.385 0.8571428657
109353  31.755  4.811  -8.396 0.8571428657
107467  33.678  2.567  -8.126 0.8571428657
107469  32.156  3.092  -7.434 0.5714285970
108431  31.644  3.673  -7.733 0.8571428657
109345  30.439  4.340  -7.677 0.7142857313
108439  32.320  3.877  -7.796 0.8571428657
109354  30.808  5.014  -8.365 0.8571428657
110310  31.989  5.782  -9.038 0.8571428657
110311  31.471  5.849  -8.344 0.8571428657
110312  30.571  5.994  -8.023 0.7142857313
113267  29.212  9.170  -8.022 0.7142857313
113254  29.680  9.106  -6.868 0.7142857313
114189  29.165  10.685  -7.594 0.7142857313
151202  29.308  11.755  -7.094 0.7142857313
151201  29.670  10.271  -6.194 0.7142857313
151200  29.900  11.893  -5.835 0.7142857313
151217  29.960  13.399  -5.730 0.7142857313
151207  30.384  12.536  -4.995 0.5714285970
151249  28.344  13.717  -8.201 0.7142857313
151246  29.127  13.486  -7.185 0.7142857313
151245  28.973  15.226  -7.273 0.4285714328
118014  30.400  13.391  -4.662 0.5714285970
117035  30.677  12.532  -4.042 0.5714285970
151243  29.773  14.716  -6.380 0.5714285970
151224  30.267  14.457  -5.175 0.5714285970
118007  30.406  13.390  -3.686 0.4285714328
117992  30.318  13.499  -2.728 0.5714285970
117029  30.559  12.618  -3.017 0.4285714328
118967  30.332  14.275  -3.433 0.5714285970
118979  30.346  14.081  -4.249 0.5714285970
120832  28.899  16.188  -7.058 0.5714285970
117977  29.419  13.711  -1.077 0.4285714328
116096  28.324  11.763  -1.148 0.4285714328
118953  30.387  14.529  -2.376 0.5714285970
117993  30.252  13.592  -1.760 0.5714285970
119841  29.129  15.434  -1.122 0.4285714328
94228  32.129  -9.294  -1.265 0.2857142985
119846  29.773  15.336  -1.826 0.2857142985
118947  29.197  14.737  -1.039 0.4285714328
118948  28.856  14.861  -0.536 0.2857142985
88517  24.779  -14.861  2.232 0.5714285970
87285  23.432  -15.661  2.200 0.5714285970
90618  26.480  -12.622  1.557 0.2857142985
89572  26.143  -13.655  1.952 0.4285714328
88504  24.114  -14.441  1.827 0.5714285970
90617  27.493  -12.590  1.454 0.2857142985
90643  26.791  -11.821  1.045 0.5714285970
93018  25.433  -10.917  0.323 0.4285714328
91819  26.046  -10.539  0.090 0.5714285970
90648  22.708  -12.125  1.157 0.2857142985
94233  27.191  -9.392  -1.132 0.5714285970
94250  33.464  -9.284  -2.601 0.2857142985
96382  26.615  -7.473  -2.031 0.2857142985
98824  30.300  -5.270  -2.663 0.7142857313
106472  34.785  1.402  -9.096 0.8571428657
107460  32.368  2.467  -7.210 0.7142857313
112251  30.350  8.344  -7.328 0.7142857313
112241  29.637  7.943  -7.087 0.7142857313
116129  30.791  11.657  -3.311 0.5714285970
117019  29.711  12.998  -1.640 0.2857142985
119899  28.390  14.810  -8.065 0.5714285970
120841  28.414  15.846  -8.554 0.5714285970
120833  28.362  16.499  -7.635 0.5714285970
119881  30.544  15.047  -5.017 0.5714285970
119882  30.052  15.580  -5.045 0.2857142985
93044  25.459  -10.460  -0.197 0.4285714328
97612  34.274  -6.990  -4.174 0.7142857313
96377  31.548  -7.744  -1.703 0.5714285970
101241  36.770  -3.345  -6.284 0.7142857313
102313  35.994  -2.223  -6.790 0.7142857313
102303  36.269  -3.138  -5.847 0.7142857313
94210  28.574  -9.579  -0.291 0.5714285970
111281  29.984  7.061  -8.135 0.7142857313
97563  32.549  -6.872  -2.979 0.5714285970
89552  24.780  -14.076  2.045 0.4285714328
89553  24.092  -14.028  1.883 0.5714285970
89574  24.304  -13.294  1.717 0.4285714328
88518  23.921  -14.756  1.876 0.5714285970
91793  26.048  -11.212  0.295 0.5714285970
91795  24.254  -11.295  0.591 0.4285714328
94212  27.409  -9.658  -0.712 0.5714285970
93063  26.653  -10.069  -1.069 0.4285714328
94232  28.016  -9.040  -0.985 0.5714285970
95323  28.211  -8.240  -1.573 0.7142857313
96404  28.091  -7.778  -1.872 0.5714285970
96405  27.730  -7.489  -1.941 0.4285714328
95345  27.073  -8.046  -2.008 0.4285714328
94234  26.156  -9.277  -1.127 0.4285714328
96378  30.550  -7.432  -1.518 0.7142857313
97565  31.059  -6.485  -2.098 0.7142857313
97537  27.804  -6.626  -1.775 0.2857142985
97592  31.321  -5.874  -2.414 0.7142857313
97590  33.077  -6.507  -3.564 0.7142857313
98822  32.617  -5.568  -3.479 0.7142857313
100070  32.779  -4.248  -5.605 0.7142857313
98820  33.701  -6.072  -4.478 0.5714285970
101243  33.445  -3.172  -6.265 0.7142857313
102314  33.515  -2.393  -6.267 0.7142857313
102304  35.546  -2.683  -5.948 0.5714285970
103369  34.656  -1.573  -6.340 0.7142857313
103380  32.419  -1.349  -6.887 0.2857142985
106468  32.251  2.051  -6.878 0.5714285970
106463  31.089  1.596  -6.807 0.2857142985
107468  32.836  2.967  -7.655 0.8571428657
151235  30.150  15.125  -5.669 0.7142857313
119853  30.526  15.169  -3.210 0.5714285970
118954  29.932  14.408  -1.526 0.4285714328
91820  23.672  -10.775  0.461 0.1428571492
93045  24.448  -10.285  -0.260 0.4285714328
93016  29.672  -10.902  0.936 0.1428571492
89569  29.060  -13.133  1.311 0.1428571492
88540  29.295  -14.238  1.634 0.1428571492
91815  30.906  -11.088  0.381 0.1428571492
91789  29.943  -11.575  1.213 0.1428571492
90640  29.616  -12.409  1.250 0.1428571492
93062  31.357  -10.251  -0.585 0.1428571492
94270  33.766  -9.668  -3.086 0.2857142985
95364  35.515  -8.471  -3.524 0.1428571492
112263  30.320  7.613  -7.641 0.5714285970
123309  35.309  19.421  -4.235 0.1428571492
110296  29.412  5.814  -6.946 0.4285714328
123297  34.712  19.335  -3.245 0.1428571492
112227  29.743  7.858  -6.215 0.4285714328
113248  29.848  8.732  -5.633 0.4285714328
121706  31.458  17.193  -3.967 0.2857142985
121717  29.809  17.471  -5.464 0.2857142985
120822  29.309  16.589  -6.531 0.2857142985
122552  29.224  17.867  -5.516 0.2857142985
112195  29.660  7.313  -1.605 0.1428571492
114173  30.077  9.535  -5.338 0.5714285970
120792  30.417  16.835  -4.032 0.2857142985
114139  29.890  9.211  -2.085 0.4285714328
115172  30.518  10.563  -3.573 0.5714285970
120793  30.052  16.619  -4.599 0.2857142985
114117  30.564  10.018  -1.843 0.4285714328
115129  30.156  10.564  -1.470 0.2857142985
119854  30.005  15.758  -2.856 0.1428571492
119867  30.228  15.821  -3.885 0.1428571492
115110  28.229  10.778  -0.762 0.1428571492
116094  29.754  11.653  -1.690 0.4285714328
120784  30.065  16.604  -3.282 0.1428571492
120783  30.399  16.775  -3.575 0.1428571492
116072  28.700  11.221  -0.936 0.2857142985
120770  28.840  15.690  -0.833 0.2857142985
120763  27.596  16.396  0.606 0.1428571492
120776  29.561  16.168  -2.208 0.1428571492
121699  30.346  16.948  -2.676 0.1428571492
120769  29.096  15.967  -1.272 0.1428571492
120768  29.236  16.270  -1.148 0.1428571492
151396  29.464  16.328  -1.512 0.1428571492
121678  29.563  16.386  -0.806 0.1428571492
83607  22.035  -18.531  3.705 0.4285714328
86033  21.454  -16.656  3.756 0.2857142985
90639  30.646  -12.104  0.867 0.1428571492
93061  31.834  -10.322  -1.356 0.1428571492
111262  29.431  6.863  -6.516 0.2857142985
121767  29.094  16.727  -9.315 0.4285714328
122588  28.616  18.394  -6.952 0.2857142985
122551  29.682  18.002  -5.103 0.2857142985
86034  21.170  -16.748  4.059 0.2857142985
83644  26.498  -18.100  3.083 0.1428571492
86068  27.836  -16.199  1.851 0.1428571492
86067  28.432  -16.117  1.767 0.1428571492
95384  34.812  -8.303  -4.102 0.1428571492
94251  32.977  -9.301  -1.742 0.1428571492
115131  28.130  10.135  -1.166 0.1428571492
111271  29.412  6.896  -7.427 0.4285714328
113220  29.847  8.602  -1.961 0.2857142985
151203  30.365  11.578  -4.435 0.5714285970
121759  28.215  17.205  -8.529 0.4285714328
122538  30.683  17.799  -4.653 0.2857142985
122568  29.514  18.576  -6.149 0.2857142985
122550  30.720  18.329  -5.440 0.2857142985
122537  31.648  18.072  -4.673 0.2857142985
122536  32.675  17.826  -4.550 0.1428571492
122535  33.525  18.003  -4.231 0.1428571492
123311  33.664  18.759  -4.704 0.1428571492
121698  30.747  17.010  -3.349 0.2857142985
123312  32.807  18.524  -4.747 0.1428571492
123327  31.316  18.492  -5.398 0.1428571492
96446  37.342  -7.896  -4.094 0.2857142985
122587  29.622  19.120  -7.529 0.4285714328
121696  33.058  16.487  -3.983 0.2857142985
122549  31.330  18.512  -5.113 0.1428571492
84782  22.793  -18.252  3.497 0.4285714328
95366  33.695  -8.629  -3.591 0.4285714328
121746  27.902  17.736  -7.565 0.2857142985
112215  30.394  7.884  -4.876 0.4285714328
114172  30.419  10.318  -4.896 0.5714285970
121747  27.679  17.512  -7.028 0.2857142985
119845  30.243  15.258  -2.543 0.4285714328
119842  28.777  15.295  -0.501 0.2857142985
112253  29.984  7.591  -7.367 0.5714285970
115156  30.566  10.833  -2.352 0.5714285970
120806  29.844  16.575  -5.704 0.2857142985
91788  30.529  -11.291  0.724 0.1428571492
89592  29.956  -13.502  1.434 0.1428571492
91833  31.588  -11.240  -0.916 0.1428571492
111241  30.144  7.350  -5.152 0.2857142985
121707  30.644  17.230  -4.330 0.2857142985
121708  30.140  17.318  -4.724 0.2857142985
121733  29.519  17.314  -6.138 0.2857142985
122569  28.622  18.058  -5.904 0.2857142985
113219  30.485  8.405  -2.657 0.2857142985
114160  30.493  9.567  -3.813 0.4285714328
113208  29.415  8.939  -1.612 0.2857142985
83627  21.362  -18.018  3.576 0.2857142985
91832  31.978  -11.089  -1.550 0.1428571492
110285  30.301  6.218  -5.196 0.2857142985
123313  32.219  18.402  -4.712 0.2857142985
122534  34.069  18.558  -4.275 0.1428571492
102315  32.931  -2.275  -6.671 0.4285714328
106462  32.084  1.604  -6.448 0.2857142985
121690  32.330  17.777  -2.223 0.1428571492
120791  31.792  16.645  -3.520 0.1428571492
121677  30.719  17.155  -1.321 0.1428571492
151394  31.559  16.963  -2.515 0.1428571492
120781  32.997  16.353  -3.173 0.1428571492
151401  30.767  17.281  -1.958 0.1428571492
121686  31.402  17.496  -1.643 0.1428571492
151402  31.504  17.206  -2.211 0.1428571492
151393  31.709  17.611  -1.900 0.1428571492
151398  32.162  19.780  -2.329 0.1428571492
151405  30.764  17.116  -2.392 0.1428571492
151397  31.675  19.317  -1.751 0.1428571492
105448  32.611  0.551  -6.336 0.2857142985
121676  31.883  17.772  -1.230 0.1428571492
151406  31.222  20.255  -2.400 0.1428571492
122505  33.131  18.632  -2.757 0.1428571492
91816  28.198  -10.962  0.511 0.2857142985
121697  31.422  16.676  -3.302 0.1428571492
120774  33.230  16.830  -2.470 0.1428571492
121689  33.336  17.409  -2.857 0.1428571492
91791  28.012  -11.523  0.542 0.4285714328
86047  23.953  -16.514  2.542 0.4285714328
86046  25.047  -16.543  2.515 0.2857142985
87284  24.433  -15.698  2.137 0.2857142985
87283  25.465  -15.639  2.259 0.2857142985
84815  24.494  -17.639  2.998 0.2857142985
116119  30.721  11.903  -2.300 0.4285714328
88516  25.819  -14.624  2.235 0.2857142985
113236  30.826  8.606  -3.486 0.2857142985
84817  22.655  -16.845  2.805 0.2857142985
84796  22.446  -17.623  3.210 0.2857142985
84816  23.314  -17.243  2.761 0.2857142985
86049  22.639  -16.341  2.871 0.2857142985
86048  23.060  -16.390  2.567 0.2857142985
93064  25.795  -10.261  -1.155 0.2857142985
95325  26.560  -8.348  -1.518 0.2857142985
98803  29.184  -5.789  -2.641 0.1428571492
98825  29.211  -4.856  -3.339 0.1428571492
100056  30.857  -3.845  -4.042 0.2857142985
101245  31.907  -2.797  -5.950 0.1428571492
105450  30.906  0.886  -5.834 0.1428571492
107453  30.212  2.412  -6.863 0.1428571492
108422  30.247  3.324  -7.341 0.1428571492
109335  29.886  4.128  -7.168 0.1428571492
109336  29.737  4.604  -6.430 0.1428571492
111225  30.247  6.679  -3.589 0.1428571492
112214  30.867  8.141  -4.425 0.1428571492
111213  29.899  6.685  -2.096 0.1428571492
112206  30.263  7.052  -3.147 0.1428571492
116995  29.727  12.451  -1.655 0.1428571492
117978  28.656  13.156  -0.544 0.1428571492
116998  27.379  12.193  -0.379 0.1428571492
117964  28.830  14.038  -0.435 0.1428571492
117965  27.998  13.876  -0.400 0.1428571492
117963  29.214  14.287  -0.671 0.1428571492
83608  21.272  -18.535  4.021 0.2857142985
109355  30.177  5.237  -7.955 0.2857142985
109328  29.790  4.534  -5.265 0.1428571492
112194  30.390  7.443  -2.510 0.1428571492
93019  24.866  -10.750  0.350 0.2857142985
93065  24.811  -10.095  -0.990 0.2857142985
94235  25.224  -9.280  -1.061 0.2857142985
100036  29.078  -4.376  -4.168 0.1428571492
102316  31.944  -2.069  -6.317 0.1428571492
103381  31.572  -0.880  -6.484 0.1428571492
103391  31.878  -0.496  -6.864 0.1428571492
105451  30.083  0.688  -5.890 0.1428571492
106464  30.227  1.555  -6.280 0.1428571492
107454  29.724  2.454  -6.135 0.1428571492
107446  29.515  2.448  -5.254 0.1428571492
110286  29.802  5.775  -5.832 0.1428571492
111227  29.539  6.257  -2.325 0.1428571492
117979  27.711  13.006  -0.386 0.1428571492
116996  29.148  12.542  -1.294 0.1428571492
93066  24.414  -9.820  -0.620 0.2857142985
101220  31.682  -3.392  -4.598 0.1428571492
107462  30.751  2.448  -7.508 0.1428571492
116974  27.716  11.718  -0.698 0.1428571492
93020  24.183  -10.586  0.366 0.1428571492
111253  29.847  6.918  -5.465 0.1428571492
86032  22.152  -16.476  3.260 0.2857142985
95326  25.542  -8.377  -1.310 0.1428571492
108423  29.766  3.388  -6.666 0.1428571492
106457  29.652  1.503  -5.725 0.1428571492
83609  20.837  -18.153  4.287 0.1428571492
84765  20.734  -17.486  5.596 0.1428571492
84798  21.094  -17.404  3.980 0.1428571492
87286  22.596  -15.594  2.829 0.1428571492
97626  37.955  -6.988  -4.888 0.1428571492
95380  38.217  -7.989  -4.866 0.1428571492
151220  31.788  13.352  -6.361 0.1428571492
82399  21.377  -19.205  4.823 0.1428571492
87272  21.069  -16.234  3.926 0.1428571492
87270  22.105  -15.664  3.285 0.1428571492
87271  21.479  -15.616  3.569 0.1428571492
89555  22.486  -13.805  2.323 0.1428571492
151210  31.936  12.388  -6.254 0.1428571492
82420  21.506  -19.448  4.500 0.1428571492
150757  38.657  -7.188  -5.147 0.1428571492
90647  23.106  -12.076  0.872 0.1428571492
84797  21.733  -17.375  3.608 0.1428571492
83588  21.302  -18.778  4.675 0.1428571492
84783  20.678  -17.416  4.683 0.1428571492
88505  22.068  -14.973  3.342 0.1428571492
78834  22.182  -22.034  5.324 0.1428571492
79997  22.575  -22.016  5.112 0.1428571492
83626  21.849  -17.893  3.527 0.1428571492
83628  20.944  -18.091  3.792 0.1428571492
88503  24.383  -14.449  1.921 0.5714285970
89536  24.267  -14.256  1.833 0.5714285970
91787  30.961  -11.460  0.342 0.1428571492
91814  31.204  -11.427  -0.088 0.1428571492
91834  26.797  -10.355  -0.423 0.4285714328
93015  30.193  -10.898  0.803 0.1428571492
93017  28.771  -10.714  0.703 0.5714285970
93038  31.082  -10.710  -0.083 0.1428571492
93042  27.285  -9.991  -0.484 0.5714285970
93043  26.052  -10.324  -0.392 0.5714285970
94211  27.764  -9.631  -0.563 0.5714285970
95341  33.356  -8.616  -2.894 0.7142857313
95343  27.932  -7.943  -2.049 0.4285714328
95344  27.619  -8.028  -2.037 0.4285714328
95363  36.797  -8.392  -3.761 0.2857142985
95381  37.823  -8.458  -4.504 0.1428571492
95382  37.367  -8.371  -4.137 0.2857142985
95383  35.177  -8.114  -4.044 0.1428571492
95385  34.311  -8.495  -4.057 0.1428571492
95397  38.490  -7.908  -5.207 0.1428571492
96380  28.351  -7.370  -1.649 0.5714285970
96381  27.839  -7.112  -1.802 0.4285714328
96400  35.172  -6.911  -3.358 0.8571428657
96402  31.901  -7.114  -1.760 0.5714285970
96406  27.245  -7.486  -2.141 0.2857142985
96425  37.425  -7.131  -3.950 0.2857142985
96427  35.661  -7.560  -3.528 0.8571428657
96428  34.989  -7.099  -3.487 0.8571428657
96444  38.109  -7.704  -4.800 0.1428571492
96445  37.820  -7.578  -4.557 0.1428571492
96447  35.351  -7.956  -3.891 0.8571428657
96448  34.943  -7.591  -4.083 0.8571428657
96463  38.055  -7.467  -4.789 0.1428571492
97534  30.491  -6.745  -1.861 0.7142857313
97535  29.789  -6.661  -1.797 0.7142857313
97561  35.565  -7.047  -3.462 0.8571428657
97562  35.403  -6.912  -3.429 0.8571428657
97564  32.007  -6.590  -2.334 0.5714285970
97567  29.439  -6.321  -2.255 0.7142857313
97568  27.599  -7.061  -1.856 0.2857142985
97569  27.396  -7.084  -1.997 0.2857142985
97585  37.362  -6.661  -4.079 0.2857142985
97586  36.916  -6.573  -3.718 0.2857142985
97587  35.949  -6.803  -3.595 0.7142857313
97588  35.309  -6.808  -3.587 0.8571428657
97593  30.662  -5.919  -2.300 0.7142857313
97608  37.557  -6.881  -4.453 0.1428571492
97627  37.565  -6.659  -4.727 0.8571428657
98802  29.814  -5.719  -2.503 0.7142857313
98804  28.481  -5.017  -3.186 0.1428571492
98823  31.661  -5.293  -2.964 0.7142857313
98840  37.645  -5.973  -5.447 0.8571428657
98841  37.369  -5.967  -5.130 0.8571428657
98844  34.155  -5.962  -4.718 0.5714285970
98845  33.545  -5.320  -4.981 0.5714285970
98853  38.501  -6.257  -5.728 0.4285714328
98855  37.581  -6.460  -5.011 0.8571428657
98858  33.337  -4.877  -5.425 0.7142857313
98867  34.284  -4.835  -5.765 0.7142857313
98868  33.899  -4.782  -6.181 0.7142857313
100032  32.810  -5.183  -3.959 0.7142857313
100035  30.011  -4.400  -3.625 0.2857142985
100051  37.432  -5.165  -4.817 0.7142857313
100057  29.808  -3.616  -4.071 0.1428571492
100066  37.647  -5.193  -5.793 0.8571428657
100069  33.405  -4.794  -5.987 0.7142857313
100071  32.329  -3.629  -5.716 0.4285714328
100078  38.623  -4.702  -6.402 0.5714285970
100079  37.850  -4.538  -6.521 0.7142857313
100081  33.447  -4.161  -6.203 0.7142857313
100083  32.203  -3.277  -5.961 0.4285714328
100088  38.103  -3.988  -6.691 0.5714285970
100089  37.783  -3.756  -6.810 0.5714285970
101216  36.874  -4.404  -4.809 0.7142857313
101218  35.061  -3.776  -4.741 0.7142857313
101229  36.814  -3.752  -5.487 0.7142857313
101232  34.032  -2.651  -6.153 0.7142857313
101233  32.294  -3.598  -5.216 0.4285714328
101240  37.355  -3.719  -6.471 0.7142857313
101242  33.902  -3.760  -6.102 0.7142857313
101254  37.018  -3.114  -6.820 0.8571428657
102293  33.742  -1.647  -6.168 0.5714285970
102294  33.585  -1.720  -6.208 0.5714285970
102301  38.308  -2.687  -5.699 0.1428571492
102306  33.865  -1.889  -6.061 0.7142857313
102307  33.408  -1.887  -6.337 0.5714285970
102308  31.379  -2.302  -5.493 0.1428571492
102312  36.458  -2.799  -6.526 0.7142857313
102321  36.252  -1.764  -7.434 0.7142857313
102324  36.857  -2.090  -8.395 0.8571428657
103358  37.533  -1.872  -5.553 0.1428571492
103360  33.641  -1.512  -6.214 0.5714285970
103365  38.363  -2.172  -6.153 0.2857142985
103370  33.773  -1.117  -6.309 0.5714285970
103371  33.089  -1.458  -6.529 0.5714285970
103372  31.233  -1.590  -5.901 0.1428571492
103375  38.211  -2.197  -6.805 0.5714285970
103377  35.496  -1.559  -6.968 0.8571428657
103385  38.083  -2.256  -7.438 0.7142857313
103386  37.782  -1.912  -8.058 0.7142857313
103389  35.348  -0.527  -7.756 0.8571428657
103390  32.081  -0.722  -7.098 0.1428571492
103392  37.206  -1.730  -8.455 0.8571428657
103393  36.641  -1.316  -8.396 0.7142857313
104404  36.545  -0.592  -5.559 0.1428571492
104408  37.562  -1.066  -7.055 0.5714285970
104411  32.734  -1.047  -6.631 0.2857142985
104414  37.464  -1.268  -7.764 0.7142857313
104416  34.352  -0.145  -7.167 0.7142857313
104418  32.576  -0.531  -6.688 0.5714285970
104424  36.999  -0.824  -8.184 0.7142857313
104427  34.181  0.320  -7.453 0.7142857313
104428  32.188  -0.260  -6.720 0.1428571492
104429  31.909  -0.196  -6.474 0.1428571492
104432  36.419  -0.514  -8.535 0.8571428657
104433  35.671  -0.369  -8.836 0.8571428657
104434  35.060  0.074  -8.723 0.8571428657
104435  36.153  -0.180  -9.186 0.8571428657
104436  35.869  -0.072  -9.447 0.7142857313
105444  29.717  0.626  -5.308 0.1428571492
105445  36.507  0.056  -7.070 0.1428571492
105449  31.884  1.054  -5.662 0.2857142985
105454  34.299  0.621  -7.971 0.7142857313
105459  35.164  0.255  -9.086 0.7142857313
105461  33.981  1.047  -8.232 0.7142857313
105462  36.084  0.350  -9.493 0.8571428657
105464  35.062  0.752  -9.245 0.7142857313
106452  29.581  1.435  -4.874 0.1428571492
106455  35.017  1.098  -5.236 0.1428571492
106459  34.669  2.005  -6.127 0.2857142985
106460  33.407  1.672  -7.045 0.8571428657
106461  32.777  1.674  -6.642 0.5714285970
106465  36.300  1.307  -8.017 0.7142857313
106466  35.689  1.345  -7.378 0.4285714328
106467  33.791  1.707  -7.767 0.8571428657
106469  31.752  1.972  -7.180 0.2857142985
106471  36.306  1.020  -8.705 0.8571428657
106474  36.182  0.911  -9.252 0.8571428657
106475  35.863  0.953  -9.505 0.7142857313
106476  35.380  1.152  -9.362 0.7142857313
107439  35.073  1.888  -4.477 0.1428571492
107445  34.672  2.559  -5.801 0.1428571492
107451  32.955  2.233  -6.900 0.5714285970
107452  32.551  2.223  -6.891 0.5714285970
107461  31.536  2.636  -7.561 0.2857142985
107464  36.084  1.521  -9.038 0.8571428657
107465  35.504  2.141  -8.641 0.8571428657
107470  36.019  1.279  -9.356 0.8571428657
107472  35.221  1.797  -9.150 0.8571428657
108420  34.504  3.186  -6.360 0.1428571492
108427  35.288  2.687  -7.788 0.8571428657
108430  33.451  3.723  -7.682 0.8571428657
108432  30.928  3.404  -7.707 0.7142857313
108436  34.774  2.950  -8.242 0.8571428657
109334  32.965  4.745  -7.288 0.8571428657
109343  32.836  4.417  -7.526 0.8571428657
109346  29.941  5.041  -7.303 0.2857142985
109351  33.099  5.428  -8.958 0.8571428657
109358  33.117  5.722  -9.355 0.8571428657
109359  32.794  5.563  -9.201 0.8571428657
109360  32.312  5.369  -8.975 0.8571428657
110262  30.264  6.382  -4.001 0.1428571492
110274  34.202  4.795  -4.204 0.1428571492
110301  33.268  5.612  -7.507 0.8571428657
110302  32.720  5.151  -7.427 0.8571428657
110303  29.689  5.955  -7.825 0.4285714328
110308  32.887  5.652  -8.242 0.8571428657
110317  33.030  6.037  -9.539 0.8571428657
111226  30.153  6.460  -2.755 0.1428571492
111240  30.200  6.965  -4.533 0.1428571492
111252  30.340  6.643  -4.975 0.1428571492
111277  33.225  6.444  -8.615 0.8571428657
111278  32.525  6.887  -8.868 0.8571428657
111287  33.082  6.513  -9.187 0.8571428657
111288  32.729  6.590  -9.159 0.8571428657
111289  32.385  6.222  -9.173 0.8571428657
112193  30.956  7.964  -2.938 0.1428571492
112204  31.107  8.038  -4.090 0.1428571492
112205  30.676  7.633  -3.739 0.1428571492
112216  29.919  7.735  -5.473 0.2857142985
112239  30.157  8.382  -7.214 0.7142857313
112240  29.915  8.330  -7.249 0.7142857313
112252  30.479  8.141  -7.345 0.7142857313
112271  32.851  7.022  -9.068 0.8571428657
113207  29.628  9.089  -1.855 0.2857142985
113235  31.098  8.175  -3.799 0.1428571492
113246  31.031  8.462  -4.128 0.2857142985
113247  30.367  8.876  -4.533 0.2857142985
113253  32.728  8.719  -5.789 0.1428571492
113263  32.994  8.397  -6.313 0.1428571492
113265  30.133  8.432  -7.379 0.7142857313
113266  29.873  8.511  -7.656 0.7142857313
113279  33.209  8.124  -7.348 0.8571428657
113281  30.195  8.362  -7.601 0.7142857313
113283  30.041  10.214  -8.723 0.8571428657
113295  32.008  8.745  -9.223 0.8571428657
114118  29.924  9.431  -1.529 0.2857142985
114138  30.317  9.472  -2.590 0.4285714328
114170  33.073  8.944  -5.505 0.1428571492
114171  33.107  9.327  -5.433 0.1428571492
114180  32.861  8.837  -5.612 0.1428571492
114188  32.670  9.164  -6.474 0.1428571492
114199  33.043  8.662  -7.437 0.5714285970
114201  32.668  10.022  -7.082 0.2857142985
114214  32.333  9.824  -7.682 0.5714285970
114222  32.215  9.915  -9.155 0.8571428657
114223  31.811  10.200  -9.259 0.8571428657
115109  28.598  11.027  -0.811 0.2857142985
115130  29.109  10.639  -0.911 0.1428571492
116073  28.265  11.457  -0.896 0.2857142985
116074  27.617  11.174  -0.753 0.1428571492
116095  28.720  11.633  -1.249 0.4285714328
116997  28.177  12.202  -0.949 0.1428571492
117018  30.240  12.658  -2.053 0.4285714328
117043  31.982  13.409  -5.971 0.1428571492
117052  30.262  12.262  -9.072 0.8571428657
118937  28.933  14.558  -0.532 0.1428571492
118938  28.344  14.688  -0.172 0.2857142985
118987  30.415  15.079  -5.318 0.5714285970
119866  30.614  14.946  -4.308 0.5714285970
119891  29.693  15.697  -6.016 0.7142857313
119896  29.383  15.692  -6.737 0.5714285970
120760  29.251  16.326  -0.909 0.1428571492
120761  29.013  16.263  -0.744 0.1428571492
120773  33.426  16.975  -2.750 0.1428571492
120775  32.451  16.546  -2.403 0.1428571492
120780  33.398  16.856  -2.981 0.1428571492
120782  31.967  16.153  -3.069 0.1428571492
120790  32.300  16.588  -3.728 0.2857142985
120823  28.512  16.888  -6.890 0.2857142985
120824  27.956  17.080  -7.079 0.2857142985
120834  27.895  17.253  -7.326 0.4285714328
121718  29.111  17.698  -5.830 0.2857142985
121732  32.050  16.889  -7.205 0.1428571492
121734  28.775  17.478  -6.412 0.2857142985
121735  28.115  17.477  -6.735 0.2857142985
121766  29.443  17.699  -9.311 0.5714285970
122539  30.243  17.626  -4.679 0.2857142985
122570  28.287  17.793  -6.426 0.2857142985
122589  27.842  17.958  -6.610 0.2857142985
122604  30.836  18.113  -8.367 0.1428571492
122606  29.357  19.306  -8.235 0.5714285970
122607  28.906  18.520  -8.291 0.5714285970
122618  29.082  18.391  -9.536 0.5714285970
122624  29.043  18.964  -9.743 0.5714285970
122625  28.935  18.693  -9.644 0.5714285970
123326  31.843  18.915  -5.141 0.1428571492
123349  30.053  19.814  -8.332 0.4285714328
123360  29.711  19.735  -8.875 0.5714285970
123361  29.725  19.712  -8.452 0.4285714328
123362  29.412  19.456  -8.816 0.5714285970
123374  29.237  18.935  -9.615 0.5714285970
123381  29.051  19.484  -10.457 0.5714285970
123382  29.061  19.431  -9.982 0.5714285970
123383  29.043  19.274  -9.741 0.5714285970
123387  28.914  19.743  -10.253 0.5714285970
123388  28.975  19.645  -10.029 0.5714285970
124075  34.486  19.419  -5.320 0.1428571492
124103  29.648  20.235  -9.415 0.5714285970
124104  29.749  20.189  -9.044 0.5714285970
124105  29.728  19.972  -8.802 0.5714285970
124114  29.302  20.554  -10.040 0.5714285970
124115  29.376  20.318  -9.738 0.5714285970
124116  29.465  20.088  -9.497 0.5714285970
124120  29.112  19.967  -10.976 0.5714285970
124121  28.985  19.814  -10.574 0.5714285970
124122  28.948  20.079  -9.979 0.5714285970
124126  28.698  20.209  -11.230 0.5714285970
124127  28.784  20.082  -10.677 0.5714285970
124128  28.728  20.134  -10.230 0.5714285970
124875  29.179  21.262  -10.472 0.5714285970
124876  29.107  20.798  -10.171 0.5714285970
124877  29.254  20.524  -9.891 0.5714285970
124882  29.202  20.879  -11.093 0.5714285970
124883  28.724  21.042  -10.577 0.5714285970
124884  28.807  20.727  -10.091 0.5714285970
124889  28.879  20.436  -11.546 0.5714285970
124890  28.551  20.625  -11.096 0.5714285970
124891  28.786  20.431  -10.474 0.5714285970
150753  38.844  -6.660  -5.349 0.1428571492
150754  38.270  -7.566  -4.944 0.1428571492
150755  38.593  -6.449  -5.530 0.1428571492
151204  31.942  12.276  -6.727 0.1428571492
151206  29.701  11.593  -9.658 0.8571428657
151211  31.882  12.784  -6.502 0.1428571492
151214  29.808  11.607  -10.022 0.8571428657
151215  29.877  11.417  -9.882 0.8571428657
151216  30.023  11.902  -9.982 0.8571428657
151219  31.646  11.191  -6.789 0.2857142985
151222  30.072  11.657  -9.899 0.8571428657
151229  30.167  11.948  -9.840 0.8571428657
151230  29.635  12.102  -9.795 0.8571428657
151233  31.013  11.015  -8.416 0.8571428657
151234  30.302  12.090  -9.250 0.8571428657
151238  31.209  11.011  -7.691 0.8571428657
151244  31.038  11.032  -8.092 0.8571428657
151392  31.247  17.352  -2.045 0.1428571492
151395  31.709  17.313  -2.108 0.1428571492
151404  30.372  17.023  -2.284 0.2857142985
