#!ascii label  , from subject 4038 vox2ras=TkReg
1188
110371  -57.802  17.085  13.333 0.0000000000
120267  -47.767  31.918  11.555 0.0000000000
113862  -47.818  22.638  13.475 0.0000000000
115279  -52.915  25.509  11.633 0.0000000000
121033  -51.928  32.422  4.894 0.0000000000
118981  -50.531  29.538  9.619 0.0000000000
117549  -54.519  27.547  6.522 0.0000000000
113211  -51.120  22.450  6.782 0.0000000000
104763  -54.357  9.869  15.298 0.0000000000
107442  -56.261  13.630  17.849 0.0000000000
121631  -44.874  33.846  10.609 0.0000000000
120359  -45.809  30.941  4.508 0.0000000000
118382  -50.179  28.372  0.179 0.0000000000
111623  -53.796  20.089  16.447 0.0000000000
119580  -46.853  30.080  15.248 0.0000000000
116712  -52.576  26.748  15.139 0.0000000000
113133  -55.149  21.650  14.921 0.0000000000
111674  -50.850  19.974  11.522 0.0000000000
111082  -45.593  19.092  8.903 0.0000000000
109637  -56.415  17.642  11.730 0.0000000000
119724  -53.206  30.743  2.578 0.0000000000
119700  -53.604  30.783  5.349 0.0000000000
118308  -53.427  29.376  4.597 0.0000000000
117565  -52.180  27.625  5.895 0.0000000000
106853  -54.688  12.503  15.807 0.0000000000
106801  -53.381  12.839  18.136 0.0000000000
122274  -43.252  35.432  10.495 0.0000000000
120402  -48.597  30.718  1.570 0.0000000000
110333  -52.516  17.935  15.535 0.0000000000
112347  -51.039  20.919  14.822 0.0000000000
122231  -45.465  34.076  14.148 0.0000000000
121575  -47.930  33.649  14.385 0.0000000000
117521  -53.113  27.162  10.550 0.0000000000
118247  -51.419  28.269  12.564 0.0000000000
116759  -53.528  26.570  14.126 0.0000000000
115242  -54.322  24.498  15.485 0.0000000000
114540  -52.834  23.659  13.648 0.0000000000
112360  -52.659  20.227  13.337 0.0000000000
114543  -51.277  23.092  11.864 0.0000000000
112413  -48.474  21.083  7.902 0.0000000000
120312  -50.353  31.531  7.547 0.0000000000
121622  -50.779  33.011  11.440 0.0000000000
121005  -52.274  32.312  8.242 0.0000000000
118276  -52.939  28.717  7.542 0.0000000000
116778  -54.789  26.526  8.295 0.0000000000
114568  -52.884  24.205  8.447 0.0000000000
114619  -54.805  23.954  5.540 0.0000000000
115337  -51.178  24.364  6.719 0.0000000000
106199  -55.410  11.757  14.479 0.0000000000
107456  -56.225  13.727  14.661 0.0000000000
108854  -58.723  15.303  16.225 0.0000000000
121617  -41.525  33.623  11.377 0.0000000000
122861  -43.364  35.116  12.300 0.0000000000
119624  -44.581  31.403  11.170 0.0000000000
119674  -46.639  30.195  7.781 0.0000000000
120362  -48.698  30.909  4.288 0.0000000000
120405  -51.546  31.219  1.744 0.0000000000
118385  -53.368  28.268  -0.301 0.0000000000
116183  -51.913  24.985  -1.076 0.0000000000
109560  -52.749  15.507  17.481 0.0000000000
110299  -54.761  16.897  17.384 0.0000000000
111626  -56.838  18.823  16.704 0.0000000000
116755  -47.378  26.664  13.841 0.0000000000
118959  -48.535  29.589  12.768 0.0000000000
117456  -49.863  28.081  15.389 0.0000000000
115271  -50.250  24.784  14.084 0.0000000000
113836  -52.719  22.824  15.967 0.0000000000
113104  -55.034  21.129  16.647 0.0000000000
111025  -56.284  19.094  14.499 0.0000000000
110356  -54.480  17.908  13.618 0.0000000000
109632  -52.245  17.091  12.319 0.0000000000
109661  -49.534  16.557  10.582 0.0000000000
112389  -50.809  21.548  9.605 0.0000000000
111066  -49.273  19.106  9.956 0.0000000000
109691  -46.381  16.504  8.686 0.0000000000
109639  -57.643  16.693  13.461 0.0000000000
109651  -58.748  16.963  11.386 0.0000000000
110370  -57.448  17.303  12.702 0.0000000000
119034  -53.168  29.889  1.977 0.0000000000
119020  -52.983  30.414  3.200 0.0000000000
118323  -52.205  29.506  3.241 0.0000000000
118306  -51.611  28.932  4.557 0.0000000000
113127  -49.470  21.545  14.220 0.0000000000
120947  -46.162  33.232  13.367 0.0000000000
116767  -53.481  26.575  10.458 0.0000000000
117514  -53.342  27.677  12.302 0.0000000000
116020  -52.918  25.870  12.261 0.0000000000
116015  -53.142  25.631  13.585 0.0000000000
115273  -52.011  25.010  13.372 0.0000000000
113871  -52.472  23.347  13.226 0.0000000000
114548  -51.678  24.336  11.259 0.0000000000
120331  -51.008  32.245  6.866 0.0000000000
121009  -51.361  32.570  8.362 0.0000000000
121018  -51.847  32.615  6.960 0.0000000000
118991  -54.111  29.796  5.808 0.0000000000
118989  -53.558  29.771  6.668 0.0000000000
118278  -54.231  28.226  6.730 0.0000000000
117531  -54.272  27.146  8.601 0.0000000000
116794  -55.013  26.725  7.509 0.0000000000
115325  -54.929  24.802  7.044 0.0000000000
117588  -55.458  26.372  5.789 0.0000000000
116817  -52.223  25.997  6.951 0.0000000000
106845  -55.755  13.261  17.138 0.0000000000
106854  -55.674  13.019  15.936 0.0000000000
107448  -56.779  13.401  16.819 0.0000000000
107453  -57.745  13.985  15.421 0.0000000000
108135  -57.639  14.710  16.908 0.0000000000
122266  -44.684  35.032  10.813 0.0000000000
122265  -43.729  35.208  11.331 0.0000000000
122258  -44.289  34.523  11.243 0.0000000000
120976  -44.063  32.864  11.902 0.0000000000
120988  -44.359  32.768  10.971 0.0000000000
120344  -44.921  30.699  5.686 0.0000000000
119673  -45.649  30.417  8.060 0.0000000000
119697  -46.693  30.832  5.936 0.0000000000
120328  -48.365  31.163  6.063 0.0000000000
120361  -47.542  30.819  4.626 0.0000000000
119745  -49.944  30.373  0.671 0.0000000000
120419  -50.615  30.748  1.220 0.0000000000
119746  -51.337  30.217  0.384 0.0000000000
119762  -53.106  29.860  -0.119 0.0000000000
118384  -52.570  28.206  -0.440 0.0000000000
117679  -53.148  26.391  -0.844 0.0000000000
117657  -51.970  27.060  -0.706 0.0000000000
108848  -48.595  14.980  15.540 0.0000000000
108130  -48.219  14.276  16.808 0.0000000000
108826  -49.787  14.794  16.352 0.0000000000
108115  -51.503  15.021  17.213 0.0000000000
108851  -50.869  15.687  16.143 0.0000000000
111008  -53.156  18.542  15.823 0.0000000000
109594  -53.761  16.914  16.761 0.0000000000
110992  -54.705  18.737  17.066 0.0000000000
110317  -56.351  17.170  17.077 0.0000000000
110982  -55.850  19.318  18.036 0.0000000000
118195  -46.080  28.468  15.486 0.0000000000
116729  -46.257  26.778  14.756 0.0000000000
118210  -47.212  27.857  14.621 0.0000000000
120275  -50.835  32.040  10.678 0.0000000000
120255  -50.057  31.848  11.888 0.0000000000
119642  -49.747  30.218  11.154 0.0000000000
118215  -52.283  28.360  14.529 0.0000000000
118214  -50.946  28.341  14.805 0.0000000000
117479  -51.198  27.922  14.980 0.0000000000
116733  -50.240  26.936  14.040 0.0000000000
115996  -51.665  25.562  14.571 0.0000000000
114528  -51.956  23.600  15.074 0.0000000000
115240  -53.132  24.599  15.706 0.0000000000
113837  -54.624  22.732  15.588 0.0000000000
113827  -54.494  22.484  16.240 0.0000000000
113114  -55.308  21.199  15.900 0.0000000000
112331  -56.231  20.369  16.358 0.0000000000
112350  -55.558  20.576  15.137 0.0000000000
111024  -55.635  19.030  14.521 0.0000000000
111657  -54.362  19.930  14.401 0.0000000000
111671  -51.377  19.666  12.286 0.0000000000
111037  -52.379  18.609  13.209 0.0000000000
110376  -51.338  17.666  11.943 0.0000000000
109644  -50.812  16.907  11.355 0.0000000000
110374  -49.769  17.657  11.175 0.0000000000
113927  -52.286  23.147  7.478 0.0000000000
113183  -51.449  22.349  8.822 0.0000000000
113182  -51.049  22.055  8.520 0.0000000000
111712  -46.901  19.734  8.422 0.0000000000
111714  -48.814  19.917  8.758 0.0000000000
111696  -47.349  19.443  9.507 0.0000000000
110403  -47.318  17.656  9.869 0.0000000000
110401  -45.850  17.714  9.011 0.0000000000
110431  -45.618  16.801  7.427 0.0000000000
108179  -56.319  14.720  11.928 0.0000000000
109667  -55.208  17.075  10.800 0.0000000000
121042  -52.719  32.182  3.546 0.0000000000
120352  -53.120  32.275  5.217 0.0000000000
120365  -53.531  31.537  3.964 0.0000000000
119007  -53.792  29.760  4.731 0.0000000000
118293  -54.183  28.853  5.106 0.0000000000
117567  -54.340  27.536  5.823 0.0000000000
118291  -52.473  28.464  5.257 0.0000000000
105504  -54.720  10.702  15.153 0.0000000000
106852  -53.807  12.282  15.625 0.0000000000
107431  -54.916  13.668  18.227 0.0000000000
122277  -45.484  35.162  9.607 0.0000000000
120372  -47.291  30.816  2.810 0.0000000000
118381  -49.011  28.567  0.268 0.0000000000
117655  -49.179  27.410  0.168 0.0000000000
109611  -51.023  16.955  15.175 0.0000000000
111638  -51.645  20.000  15.093 0.0000000000
112329  -52.383  20.811  15.646 0.0000000000
120230  -46.852  31.841  14.576 0.0000000000
118269  -51.286  28.248  9.270 0.0000000000
118262  -49.641  28.515  10.840 0.0000000000
118259  -52.182  28.013  11.199 0.0000000000
118235  -53.118  27.992  13.104 0.0000000000
118203  -53.705  27.754  15.036 0.0000000000
116699  -53.925  26.015  16.195 0.0000000000
116737  -54.239  26.368  15.126 0.0000000000
115261  -54.131  24.182  14.891 0.0000000000
113855  -53.411  22.153  14.201 0.0000000000
113131  -53.289  21.086  13.967 0.0000000000
113865  -52.437  21.935  13.643 0.0000000000
113147  -51.903  21.391  12.627 0.0000000000
113146  -51.069  21.223  11.978 0.0000000000
112429  -49.441  22.014  7.606 0.0000000000
114534  -46.239  23.361  13.519 0.0000000000
120285  -49.247  31.678  9.304 0.0000000000
120981  -49.237  32.966  11.298 0.0000000000
121644  -50.416  33.139  9.840 0.0000000000
120998  -51.474  32.607  10.190 0.0000000000
119669  -51.872  30.970  8.567 0.0000000000
120315  -53.198  31.537  6.630 0.0000000000
118987  -52.479  30.315  7.703 0.0000000000
118272  -51.776  28.755  8.484 0.0000000000
117529  -52.697  27.529  8.946 0.0000000000
117522  -53.906  27.110  10.203 0.0000000000
116024  -53.718  25.932  10.021 0.0000000000
115285  -53.192  25.124  9.813 0.0000000000
115296  -53.586  24.737  8.727 0.0000000000
113929  -53.496  23.639  7.059 0.0000000000
113223  -52.789  23.203  6.636 0.0000000000
116096  -53.975  25.542  5.529 0.0000000000
115347  -52.793  24.186  6.306 0.0000000000
106194  -55.273  11.837  15.305 0.0000000000
106856  -55.560  12.512  14.508 0.0000000000
107463  -55.636  13.670  14.015 0.0000000000
108167  -56.207  14.712  14.079 0.0000000000
108169  -57.486  15.297  14.288 0.0000000000
110362  -57.739  16.668  14.200 0.0000000000
121600  -41.594  33.478  12.204 0.0000000000
122256  -42.607  34.846  12.149 0.0000000000
122833  -42.918  35.011  13.248 0.0000000000
122247  -43.685  33.953  13.408 0.0000000000
120961  -45.293  32.834  12.932 0.0000000000
120266  -46.491  31.215  11.513 0.0000000000
121001  -44.237  32.647  8.735 0.0000000000
119664  -44.614  30.953  9.203 0.0000000000
119655  -46.108  30.631  9.615 0.0000000000
119641  -47.600  30.775  10.185 0.0000000000
119668  -48.553  30.622  8.423 0.0000000000
120329  -49.294  31.060  6.230 0.0000000000
120364  -51.025  31.598  4.838 0.0000000000
120374  -48.921  30.946  3.191 0.0000000000
120389  -51.196  31.161  2.987 0.0000000000
121049  -52.013  32.134  3.153 0.0000000000
120391  -53.031  31.880  1.978 0.0000000000
119047  -53.565  29.600  0.929 0.0000000000
116905  -52.773  26.391  0.250 0.0000000000
115418  -52.773  24.767  -0.700 0.0000000000
116913  -49.720  26.076  -0.486 0.0000000000
108081  -52.693  14.454  18.785 0.0000000000
109555  -53.980  14.899  18.104 0.0000000000
109592  -51.896  16.263  15.894 0.0000000000
109571  -53.749  16.279  17.278 0.0000000000
108830  -55.537  15.097  17.511 0.0000000000
109574  -56.697  16.164  17.318 0.0000000000
110318  -57.260  17.183  16.333 0.0000000000
110349  -57.602  17.413  14.619 0.0000000000
115267  -47.201  24.695  13.447 0.0000000000
121592  -49.110  33.135  13.078 0.0000000000
120239  -48.698  32.011  13.198 0.0000000000
118945  -47.468  30.050  13.772 0.0000000000
118245  -49.124  28.798  12.933 0.0000000000
118231  -48.984  29.023  13.960 0.0000000000
118922  -48.413  28.978  15.075 0.0000000000
117476  -48.561  27.348  14.202 0.0000000000
116010  -48.740  25.653  13.464 0.0000000000
113864  -49.517  23.358  13.664 0.0000000000
113852  -50.828  22.658  14.459 0.0000000000
113835  -52.155  22.321  15.482 0.0000000000
113101  -53.249  21.583  16.306 0.0000000000
114504  -54.012  23.637  16.226 0.0000000000
113826  -53.894  22.569  16.507 0.0000000000
112307  -54.924  21.042  17.620 0.0000000000
111616  -56.552  20.186  17.771 0.0000000000
111661  -57.264  19.243  15.042 0.0000000000
111034  -57.236  18.361  13.942 0.0000000000
110358  -56.383  17.960  13.268 0.0000000000
110367  -54.875  17.573  12.750 0.0000000000
109634  -54.337  16.960  12.157 0.0000000000
111667  -53.695  19.524  14.010 0.0000000000
110365  -52.846  17.591  13.281 0.0000000000
108882  -52.786  15.701  11.055 0.0000000000
108899  -52.016  15.484  10.545 0.0000000000
108913  -50.180  15.251  9.477 0.0000000000
114555  -51.837  23.591  9.966 0.0000000000
113160  -50.917  21.751  10.343 0.0000000000
111685  -50.553  20.444  10.896 0.0000000000
112399  -49.953  21.382  8.875 0.0000000000
111699  -49.886  20.557  10.179 0.0000000000
111051  -49.794  19.013  10.853 0.0000000000
110388  -48.899  17.557  10.361 0.0000000000
108910  -47.633  16.243  9.295 0.0000000000
109638  -57.668  16.744  12.323 0.0000000000
110379  -57.907  17.301  11.356 0.0000000000
118346  -52.553  28.613  1.417 0.0000000000
119033  -52.857  29.538  2.174 0.0000000000
118335  -52.436  29.173  2.272 0.0000000000
113141  -49.178  21.180  13.899 0.0000000000
113850  -49.098  22.059  14.148 0.0000000000
120251  -47.061  31.956  12.271 0.0000000000
120948  -47.002  33.086  13.363 0.0000000000
120964  -48.249  32.957  12.350 0.0000000000
116022  -53.150  26.007  11.118 0.0000000000
116765  -53.354  26.747  11.575 0.0000000000
116014  -52.395  25.528  12.867 0.0000000000
115278  -52.106  25.233  12.078 0.0000000000
115281  -52.030  25.283  11.281 0.0000000000
121024  -51.408  32.086  5.581 0.0000000000
120332  -51.510  32.327  6.512 0.0000000000
121025  -51.743  32.273  5.886 0.0000000000
118283  -54.393  28.626  5.982 0.0000000000
118282  -54.186  29.068  6.542 0.0000000000
117538  -54.487  27.463  7.502 0.0000000000
116818  -55.731  26.347  6.533 0.0000000000
117568  -55.366  26.995  5.670 0.0000000000
104764  -54.949  9.727  15.116 0.0000000000
106833  -55.635  13.436  17.679 0.0000000000
107443  -57.294  13.918  17.346 0.0000000000
108134  -56.696  14.569  17.468 0.0000000000
121632  -45.066  34.528  10.408 0.0000000000
121619  -44.114  33.717  11.402 0.0000000000
119696  -45.952  30.540  6.229 0.0000000000
120345  -46.164  30.941  5.402 0.0000000000
120346  -47.062  31.014  5.337 0.0000000000
120360  -46.663  30.977  4.679 0.0000000000
119067  -50.259  29.972  0.191 0.0000000000
119086  -50.983  29.337  0.122 0.0000000000
119087  -52.113  29.096  -0.030 0.0000000000
118383  -51.430  28.245  -0.259 0.0000000000
109609  -48.602  15.970  14.949 0.0000000000
109589  -49.086  15.536  15.477 0.0000000000
108849  -49.476  15.147  15.717 0.0000000000
108850  -49.996  15.671  16.322 0.0000000000
108827  -50.521  15.075  16.351 0.0000000000
110991  -53.995  19.105  16.293 0.0000000000
110993  -55.348  18.519  17.765 0.0000000000
110981  -55.098  19.431  17.943 0.0000000000
118920  -46.653  29.317  15.560 0.0000000000
118196  -47.001  28.336  15.015 0.0000000000
119658  -50.620  30.551  9.991 0.0000000000
119643  -50.310  30.816  10.680 0.0000000000
118977  -49.657  29.412  10.463 0.0000000000
117458  -52.923  27.353  15.273 0.0000000000
117480  -52.141  27.889  14.846 0.0000000000
116735  -52.204  27.508  14.817 0.0000000000
116734  -51.632  26.911  14.558 0.0000000000
116711  -52.281  26.664  14.810 0.0000000000
115239  -52.359  25.124  15.166 0.0000000000
115975  -52.908  25.792  15.525 0.0000000000
113857  -54.982  22.160  14.921 0.0000000000
113838  -55.071  22.130  15.315 0.0000000000
112349  -54.714  20.654  14.734 0.0000000000
111658  -55.140  19.624  14.696 0.0000000000
111041  -50.694  18.832  11.586 0.0000000000
110375  -50.380  17.722  11.452 0.0000000000
113195  -51.777  22.863  7.270 0.0000000000
113926  -51.649  23.069  7.811 0.0000000000
113210  -50.708  22.156  7.231 0.0000000000
111695  -46.418  19.158  9.032 0.0000000000
111064  -46.826  18.571  9.779 0.0000000000
111063  -45.984  18.410  9.083 0.0000000000
111062  -45.580  18.042  8.852 0.0000000000
111081  -45.051  18.544  8.871 0.0000000000
108875  -56.762  15.254  12.180 0.0000000000
110377  -55.864  18.026  10.861 0.0000000000
109649  -55.677  17.432  11.298 0.0000000000
120378  -53.244  31.357  3.122 0.0000000000
119005  -52.839  29.888  3.813 0.0000000000
119006  -53.715  30.033  4.187 0.0000000000
118309  -53.854  29.502  4.732 0.0000000000
118292  -53.501  28.425  4.988 0.0000000000
118307  -52.536  29.204  4.364 0.0000000000
106851  -53.335  12.092  15.685 0.0000000000
106832  -54.882  13.246  17.626 0.0000000000
106802  -53.786  12.977  18.659 0.0000000000
122276  -44.795  35.676  10.321 0.0000000000
119084  -48.552  29.591  0.235 0.0000000000
118361  -48.516  28.353  0.282 0.0000000000
118380  -48.033  28.432  0.060 0.0000000000
112346  -50.182  20.786  14.530 0.0000000000
111637  -50.852  19.543  14.791 0.0000000000
111639  -52.485  19.902  15.662 0.0000000000
112328  -51.657  21.010  15.299 0.0000000000
122212  -44.293  33.833  13.971 0.0000000000
120936  -47.493  32.945  14.668 0.0000000000
117524  -51.890  27.823  10.091 0.0000000000
118264  -51.567  27.967  10.468 0.0000000000
117520  -52.331  27.741  10.700 0.0000000000
117504  -53.495  27.420  13.634 0.0000000000
118249  -53.114  27.979  12.555 0.0000000000
118216  -53.408  28.165  14.309 0.0000000000
117481  -54.019  27.198  14.825 0.0000000000
117460  -54.209  26.851  15.450 0.0000000000
116736  -54.010  26.538  14.676 0.0000000000
115274  -52.952  24.476  13.885 0.0000000000
115260  -53.669  24.836  14.454 0.0000000000
114530  -53.670  23.532  14.254 0.0000000000
114531  -54.126  23.431  14.853 0.0000000000
113866  -52.930  22.882  13.556 0.0000000000
113870  -52.010  22.648  12.849 0.0000000000
113869  -51.082  22.009  12.099 0.0000000000
120996  -49.942  32.696  9.796 0.0000000000
121002  -50.402  32.605  9.280 0.0000000000
121010  -51.915  32.549  7.970 0.0000000000
121004  -51.736  32.777  9.100 0.0000000000
120287  -51.838  31.921  9.442 0.0000000000
120300  -52.397  31.949  8.728 0.0000000000
120334  -53.201  31.491  5.846 0.0000000000
121020  -53.069  31.989  6.332 0.0000000000
118988  -52.857  29.748  7.354 0.0000000000
118984  -52.099  29.712  7.942 0.0000000000
118985  -52.578  29.119  7.690 0.0000000000
118270  -52.111  28.057  8.870 0.0000000000
118273  -52.588  28.390  8.188 0.0000000000
117527  -54.101  27.099  9.498 0.0000000000
116770  -54.463  26.541  9.278 0.0000000000
116768  -54.272  26.607  10.022 0.0000000000
116025  -54.469  26.184  9.751 0.0000000000
116031  -53.836  25.370  9.468 0.0000000000
116032  -54.487  25.711  9.118 0.0000000000
114611  -55.248  24.306  6.042 0.0000000000
114595  -54.244  24.193  6.909 0.0000000000
113944  -53.819  23.863  6.538 0.0000000000
113943  -53.190  23.311  6.810 0.0000000000
117566  -53.206  27.601  5.790 0.0000000000
116838  -53.713  26.537  5.754 0.0000000000
116837  -52.660  26.611  6.405 0.0000000000
116079  -51.701  25.322  7.011 0.0000000000
115338  -52.323  24.524  6.454 0.0000000000
106857  -55.959  12.747  15.025 0.0000000000
106861  -55.707  13.048  14.467 0.0000000000
108159  -56.895  14.342  14.721 0.0000000000
108156  -58.608  14.627  15.301 0.0000000000
108161  -58.172  14.686  14.664 0.0000000000
108162  -58.351  15.177  14.765 0.0000000000
108870  -57.366  15.608  14.396 0.0000000000
109615  -57.598  15.686  15.010 0.0000000000
121616  -40.939  32.981  10.812 0.0000000000
120973  -40.361  32.200  11.645 0.0000000000
120974  -41.086  33.003  11.673 0.0000000000
120958  -41.101  32.754  12.408 0.0000000000
122873  -42.808  35.503  9.503 0.0000000000
122866  -43.296  35.259  11.915 0.0000000000
122264  -42.839  35.204  11.373 0.0000000000
122860  -43.035  35.399  12.335 0.0000000000
122245  -42.402  34.290  12.714 0.0000000000
122849  -43.335  35.220  12.956 0.0000000000
122229  -43.509  34.383  13.252 0.0000000000
122246  -43.527  34.537  12.753 0.0000000000
120960  -44.181  32.961  12.704 0.0000000000
120249  -44.598  32.211  12.369 0.0000000000
120977  -45.671  32.054  12.575 0.0000000000
119626  -45.471  30.924  11.252 0.0000000000
120284  -44.253  31.748  9.515 0.0000000000
120296  -44.301  31.562  8.559 0.0000000000
119665  -45.399  30.513  8.960 0.0000000000
119666  -46.357  30.286  8.774 0.0000000000
119656  -47.069  30.492  9.507 0.0000000000
119667  -47.469  30.133  8.625 0.0000000000
119657  -48.190  30.644  9.506 0.0000000000
119675  -47.730  30.303  7.536 0.0000000000
120348  -49.062  31.086  5.381 0.0000000000
119686  -48.724  30.879  6.642 0.0000000000
119698  -50.362  30.946  5.598 0.0000000000
120363  -50.213  30.774  4.735 0.0000000000
120386  -47.895  30.575  2.176 0.0000000000
120373  -48.093  30.940  2.899 0.0000000000
120387  -48.830  30.793  2.346 0.0000000000
120404  -50.552  30.984  2.034 0.0000000000
120390  -52.246  31.590  2.356 0.0000000000
120406  -52.553  31.454  1.348 0.0000000000
119089  -53.389  29.381  -0.196 0.0000000000
119763  -53.401  29.807  0.099 0.0000000000
119068  -53.587  29.351  0.162 0.0000000000
118363  -53.411  28.507  0.424 0.0000000000
117642  -53.460  27.241  -0.021 0.0000000000
116931  -52.872  25.975  -0.889 0.0000000000
116173  -53.113  25.094  -0.866 0.0000000000
115435  -52.790  24.561  -1.108 0.0000000000
114690  -52.152  23.636  -0.925 0.0000000000
114712  -52.213  23.925  -1.893 0.0000000000
108079  -51.213  14.166  17.627 0.0000000000
108797  -51.869  15.181  17.298 0.0000000000
108098  -52.339  14.873  18.395 0.0000000000
108799  -52.825  15.334  18.500 0.0000000000
108100  -53.570  15.134  19.165 0.0000000000
108812  -53.271  15.519  18.150 0.0000000000
109612  -51.675  17.041  15.420 0.0000000000
110312  -52.115  17.234  15.539 0.0000000000
110298  -54.168  17.119  17.029 0.0000000000
109572  -54.733  16.031  17.657 0.0000000000
109563  -54.830  15.265  17.693 0.0000000000
109573  -55.687  15.836  17.511 0.0000000000
110301  -56.093  16.487  17.473 0.0000000000
110994  -56.248  18.577  17.391 0.0000000000
110995  -56.752  18.099  16.387 0.0000000000
110335  -57.493  16.858  15.387 0.0000000000
111011  -57.305  17.824  15.501 0.0000000000
116754  -46.636  26.486  14.163 0.0000000000
121621  -49.866  33.143  11.417 0.0000000000
121606  -48.844  33.231  12.466 0.0000000000
121607  -49.664  32.988  12.457 0.0000000000
119612  -49.016  30.626  12.288 0.0000000000
120240  -49.327  32.348  12.839 0.0000000000
119611  -48.301  30.651  12.889 0.0000000000
119601  -47.880  30.758  13.694 0.0000000000
118946  -48.087  29.501  13.701 0.0000000000
118257  -50.410  28.292  11.643 0.0000000000
118256  -49.441  28.795  11.647 0.0000000000
118246  -50.237  28.476  12.746 0.0000000000
118200  -50.251  28.475  15.264 0.0000000000
118213  -49.867  29.007  14.842 0.0000000000
118212  -49.158  28.960  14.732 0.0000000000
118933  -48.819  29.034  14.865 0.0000000000
118199  -49.364  28.653  15.069 0.0000000000
117454  -48.296  27.938  14.667 0.0000000000
117455  -49.036  27.981  14.991 0.0000000000
116758  -50.103  26.025  13.684 0.0000000000
116757  -49.367  26.321  13.687 0.0000000000
116011  -49.588  25.460  13.629 0.0000000000
115269  -49.155  24.759  13.514 0.0000000000
115270  -49.936  24.651  13.766 0.0000000000
114526  -50.262  23.736  14.018 0.0000000000
114529  -52.328  23.607  15.456 0.0000000000
113853  -51.600  22.849  15.070 0.0000000000
113113  -52.704  21.797  15.927 0.0000000000
113825  -53.252  22.361  16.354 0.0000000000
115964  -54.066  25.505  16.134 0.0000000000
115229  -53.806  24.703  16.086 0.0000000000
115230  -54.221  24.643  16.011 0.0000000000
113103  -54.590  21.423  16.693 0.0000000000
113093  -55.234  21.065  17.436 0.0000000000
111608  -55.904  20.595  18.330 0.0000000000
113095  -56.462  21.169  17.753 0.0000000000
112351  -56.267  20.133  15.416 0.0000000000
111642  -56.913  19.781  15.686 0.0000000000
111026  -56.963  18.870  14.479 0.0000000000
110359  -57.161  18.040  13.206 0.0000000000
111033  -56.720  18.476  13.902 0.0000000000
111031  -54.961  18.488  14.384 0.0000000000
110357  -55.429  17.907  13.477 0.0000000000
110366  -53.897  17.478  12.978 0.0000000000
113143  -52.960  20.663  13.635 0.0000000000
112361  -53.198  20.247  13.830 0.0000000000
110364  -52.000  17.879  12.754 0.0000000000
109633  -53.258  16.831  12.361 0.0000000000
109646  -52.555  16.281  11.602 0.0000000000
108881  -52.352  15.948  11.031 0.0000000000
109664  -51.994  16.173  11.082 0.0000000000
109662  -50.372  16.357  10.742 0.0000000000
108897  -49.820  15.863  10.171 0.0000000000
108912  -49.201  15.632  9.493 0.0000000000
115284  -52.686  24.377  9.407 0.0000000000
114567  -52.498  23.625  8.952 0.0000000000
112401  -51.132  21.757  9.065 0.0000000000
113173  -51.235  21.966  9.409 0.0000000000
112378  -50.730  21.548  10.012 0.0000000000
112377  -50.593  21.228  10.479 0.0000000000
111700  -50.328  20.778  10.434 0.0000000000
112414  -49.312  21.440  8.106 0.0000000000
112398  -49.123  20.798  8.632 0.0000000000
111697  -48.408  19.627  9.625 0.0000000000
111698  -49.174  20.137  9.786 0.0000000000
111067  -49.791  19.806  10.423 0.0000000000
111050  -49.235  18.195  10.502 0.0000000000
111049  -48.649  17.933  10.307 0.0000000000
109677  -46.756  16.957  9.436 0.0000000000
109678  -47.676  16.773  9.630 0.0000000000
109692  -47.148  16.402  9.212 0.0000000000
108925  -47.477  15.823  8.787 0.0000000000
108877  -57.206  16.112  13.503 0.0000000000
110380  -59.065  17.298  11.002 0.0000000000
119019  -52.694  29.829  2.741 0.0000000000
118322  -51.664  29.096  3.570 0.0000000000
113128  -50.412  21.691  14.583 0.0000000000
121588  -45.829  33.840  13.647 0.0000000000
121589  -46.770  33.774  13.722 0.0000000000
122234  -48.007  34.008  14.150 0.0000000000
117517  -52.929  27.338  11.405 0.0000000000
116763  -53.543  26.633  12.887 0.0000000000
114539  -52.382  24.151  13.470 0.0000000000
114544  -51.816  23.952  12.813 0.0000000000
120313  -50.983  32.163  7.940 0.0000000000
121017  -51.455  32.469  7.626 0.0000000000
121011  -52.618  32.359  7.451 0.0000000000
119687  -53.332  30.664  6.178 0.0000000000
118277  -53.697  28.600  7.251 0.0000000000
118274  -53.298  28.105  7.853 0.0000000000
117537  -53.936  27.834  8.023 0.0000000000
116045  -54.867  25.694  7.932 0.0000000000
116046  -55.447  26.019  7.542 0.0000000000
116081  -55.689  25.478  6.574 0.0000000000
114627  -55.161  24.773  5.386 0.0000000000
105505  -55.194  10.648  14.792 0.0000000000
106844  -54.890  12.940  16.696 0.0000000000
107452  -56.760  13.794  15.536 0.0000000000
108154  -57.344  14.124  15.070 0.0000000000
107449  -57.671  14.199  16.335 0.0000000000
108150  -58.106  14.633  16.580 0.0000000000
108136  -58.259  14.973  16.718 0.0000000000
121630  -41.511  33.730  10.408 0.0000000000
122275  -44.122  35.901  10.785 0.0000000000
122257  -43.550  34.574  11.807 0.0000000000
121618  -43.519  33.716  12.146 0.0000000000
120271  -44.167  31.839  10.494 0.0000000000
120325  -43.743  31.292  6.356 0.0000000000
119682  -45.023  30.664  7.450 0.0000000000
119695  -45.229  30.592  6.670 0.0000000000
119683  -45.872  30.393  7.138 0.0000000000
119684  -46.904  30.503  6.720 0.0000000000
119685  -47.949  30.808  6.701 0.0000000000
120327  -47.452  31.087  6.038 0.0000000000
120347  -48.003  31.058  5.301 0.0000000000
120418  -49.298  30.720  1.145 0.0000000000
120420  -51.937  31.099  0.722 0.0000000000
120421  -52.908  31.031  0.582 0.0000000000
119761  -52.409  29.788  0.030 0.0000000000
119088  -52.969  29.197  -0.405 0.0000000000
117659  -53.313  26.830  -0.553 0.0000000000
117658  -52.999  27.248  -0.818 0.0000000000
116915  -51.826  26.367  -0.817 0.0000000000
109608  -47.371  16.143  14.979 0.0000000000
108861  -47.826  15.341  15.239 0.0000000000
108824  -48.357  14.580  16.123 0.0000000000
108114  -50.978  14.752  17.198 0.0000000000
108808  -50.816  14.881  16.826 0.0000000000
108809  -51.627  15.194  16.974 0.0000000000
108829  -52.054  15.397  16.878 0.0000000000
110334  -53.188  17.855  15.686 0.0000000000
110314  -53.813  17.742  16.398 0.0000000000
110315  -54.787  17.764  17.144 0.0000000000
110316  -55.502  17.599  17.473 0.0000000000
117452  -46.224  27.701  14.951 0.0000000000
117474  -46.855  27.534  14.631 0.0000000000
116730  -46.957  26.971  14.380 0.0000000000
120983  -51.224  32.827  11.371 0.0000000000
121608  -50.260  32.870  11.888 0.0000000000
120269  -50.399  31.908  11.247 0.0000000000
119613  -49.739  31.092  12.080 0.0000000000
118960  -49.124  29.570  12.118 0.0000000000
118233  -51.258  28.484  13.740 0.0000000000
118201  -50.704  28.225  15.234 0.0000000000
117457  -50.533  28.147  15.323 0.0000000000
117477  -49.567  27.527  14.673 0.0000000000
117478  -50.510  27.688  14.964 0.0000000000
115995  -50.854  25.944  14.007 0.0000000000
114527  -51.256  23.626  14.502 0.0000000000
115258  -51.814  24.441  14.693 0.0000000000
115259  -52.417  24.140  15.294 0.0000000000
114514  -52.675  23.649  15.791 0.0000000000
114515  -54.314  23.508  15.281 0.0000000000
114505  -54.395  23.627  15.880 0.0000000000
113828  -54.870  21.966  15.940 0.0000000000
113105  -55.945  21.044  16.950 0.0000000000
112330  -55.812  20.592  15.834 0.0000000000
111659  -55.988  19.717  14.785 0.0000000000
111009  -55.883  19.300  14.561 0.0000000000
111640  -55.671  19.428  14.634 0.0000000000
111668  -54.416  19.241  14.304 0.0000000000
112365  -52.118  20.399  12.678 0.0000000000
111672  -52.174  19.511  12.906 0.0000000000
111036  -51.607  18.686  12.494 0.0000000000
109645  -51.645  16.616  11.638 0.0000000000
109643  -49.949  17.028  11.191 0.0000000000
113913  -52.695  23.552  7.656 0.0000000000
113912  -51.967  23.230  8.300 0.0000000000
112400  -50.776  21.468  9.029 0.0000000000
112397  -48.181  20.511  8.387 0.0000000000
111713  -47.840  19.963  8.868 0.0000000000
111065  -48.149  18.546  10.103 0.0000000000
110402  -46.404  17.718  9.445 0.0000000000
109676  -45.924  17.073  9.193 0.0000000000
110417  -46.200  16.901  7.822 0.0000000000
110416  -45.432  17.443  8.377 0.0000000000
110430  -44.574  17.080  7.182 0.0000000000
108173  -55.327  14.377  12.511 0.0000000000
121034  -52.629  32.357  4.477 0.0000000000
121026  -52.613  32.412  5.336 0.0000000000
121035  -53.218  32.176  4.198 0.0000000000
120353  -53.583  31.827  4.981 0.0000000000
119712  -53.845  30.862  4.477 0.0000000000
119720  -53.501  30.814  3.602 0.0000000000
118996  -53.710  30.083  4.936 0.0000000000
118997  -54.070  29.542  5.089 0.0000000000
118992  -54.350  29.222  5.462 0.0000000000
105503  -53.971  10.677  15.138 0.0000000000
106193  -54.312  11.660  15.240 0.0000000000
106842  -53.101  12.434  16.089 0.0000000000
106843  -53.993  12.808  16.317 0.0000000000
107432  -55.360  13.909  18.175 0.0000000000
122875  -44.378  36.240  10.206 0.0000000000
122267  -45.042  34.950  10.179 0.0000000000
121643  -45.374  34.275  9.918 0.0000000000
119717  -46.714  30.653  3.467 0.0000000000
120417  -48.280  30.985  0.971 0.0000000000
119744  -48.842  30.433  0.750 0.0000000000
119085  -49.735  29.363  0.227 0.0000000000
111006  -51.135  18.890  15.202 0.0000000000
111007  -52.142  18.936  15.679 0.0000000000
110990  -53.102  19.513  15.939 0.0000000000
111622  -53.074  20.388  16.004 0.0000000000
119588  -46.395  30.766  14.835 0.0000000000
119589  -47.216  30.624  14.558 0.0000000000
118268  -50.562  28.463  9.867 0.0000000000
118980  -49.981  28.977  9.811 0.0000000000
118263  -50.540  28.174  10.698 0.0000000000
118258  -51.467  28.104  11.460 0.0000000000
117513  -53.096  28.066  12.005 0.0000000000
118248  -52.616  28.063  12.261 0.0000000000
118234  -52.445  28.400  13.450 0.0000000000
118202  -53.124  27.969  15.120 0.0000000000
117459  -53.774  27.147  15.469 0.0000000000
116713  -53.483  26.464  15.677 0.0000000000
117445  -53.991  26.596  16.053 0.0000000000
116714  -54.246  26.437  15.702 0.0000000000
115977  -54.261  25.621  15.690 0.0000000000
115997  -53.908  25.875  14.505 0.0000000000
115998  -54.449  25.258  14.934 0.0000000000
113856  -54.539  22.581  14.823 0.0000000000
113132  -54.219  21.472  14.498 0.0000000000
113854  -52.905  21.444  13.891 0.0000000000
113142  -52.710  21.041  13.385 0.0000000000
112364  -51.236  20.554  12.189 0.0000000000
112430  -50.182  21.794  7.208 0.0000000000
112443  -49.600  22.112  6.883 0.0000000000
112428  -48.681  21.794  7.699 0.0000000000
112412  -47.492  20.712  7.586 0.0000000000
111723  -47.002  20.082  7.648 0.0000000000
111722  -46.250  19.890  7.594 0.0000000000
111711  -45.904  19.447  8.286 0.0000000000
120274  -48.417  31.537  10.526 0.0000000000
120980  -48.590  32.754  11.688 0.0000000000
120989  -48.974  32.414  10.986 0.0000000000
120990  -49.646  32.778  10.722 0.0000000000
121634  -50.869  33.401  10.704 0.0000000000
121003  -50.948  33.232  8.821 0.0000000000
121645  -50.905  33.258  9.787 0.0000000000
121635  -51.493  33.204  10.876 0.0000000000
120276  -51.409  31.979  10.206 0.0000000000
119659  -51.232  30.886  9.523 0.0000000000
121019  -52.628  32.365  6.387 0.0000000000
121012  -53.246  32.223  6.920 0.0000000000
120314  -53.108  31.702  7.353 0.0000000000
119679  -53.140  30.768  6.980 0.0000000000
119678  -52.691  30.970  7.635 0.0000000000
119670  -52.439  31.341  8.205 0.0000000000
118982  -51.304  29.689  8.746 0.0000000000
117525  -52.441  27.724  9.743 0.0000000000
117530  -53.462  27.495  8.652 0.0000000000
117526  -53.391  27.413  9.663 0.0000000000
115282  -52.977  25.127  11.029 0.0000000000
115311  -54.358  24.710  7.805 0.0000000000
115310  -53.744  24.323  8.028 0.0000000000
114582  -53.156  24.153  7.891 0.0000000000
113928  -52.996  23.028  7.249 0.0000000000
113213  -52.659  22.816  6.818 0.0000000000
113212  -51.924  22.743  6.749 0.0000000000
116839  -54.757  26.352  5.641 0.0000000000
116097  -54.607  25.388  5.385 0.0000000000
115349  -54.298  24.747  5.166 0.0000000000
116095  -53.188  25.639  5.940 0.0000000000
115348  -53.351  24.684  5.881 0.0000000000
114617  -53.098  23.975  6.265 0.0000000000
106195  -55.633  12.443  15.322 0.0000000000
106200  -55.687  12.158  15.095 0.0000000000
106860  -55.294  12.530  13.887 0.0000000000
107462  -54.973  13.534  13.196 0.0000000000
108166  -55.383  14.463  13.440 0.0000000000
108174  -56.213  15.152  12.871 0.0000000000
108175  -56.703  15.607  13.557 0.0000000000
108160  -57.610  14.499  14.706 0.0000000000
108168  -56.891  15.265  14.434 0.0000000000
108176  -57.073  15.742  13.973 0.0000000000
109640  -57.687  16.661  13.841 0.0000000000
110361  -57.984  17.103  14.043 0.0000000000
122263  -42.160  34.361  11.212 0.0000000000
122255  -41.855  34.222  12.023 0.0000000000
121586  -42.269  33.459  13.280 0.0000000000
122211  -43.696  33.854  13.537 0.0000000000
122230  -44.517  33.804  13.858 0.0000000000
121602  -43.681  33.548  12.851 0.0000000000
121603  -44.508  33.461  13.346 0.0000000000
121604  -45.267  33.488  13.427 0.0000000000
120978  -46.204  31.658  12.391 0.0000000000
121642  -45.025  33.417  9.473 0.0000000000
120994  -44.610  32.645  9.974 0.0000000000
119653  -44.377  31.001  10.114 0.0000000000
119672  -44.813  30.807  8.313 0.0000000000
119654  -45.160  30.615  9.854 0.0000000000
119638  -44.907  30.636  10.719 0.0000000000
119639  -45.949  30.784  10.545 0.0000000000
120272  -46.646  30.935  10.774 0.0000000000
120273  -47.311  31.148  10.824 0.0000000000
120297  -49.489  31.142  8.098 0.0000000000
119676  -48.679  30.650  7.373 0.0000000000
120311  -49.497  30.971  7.067 0.0000000000
120330  -50.277  31.332  6.565 0.0000000000
120350  -51.088  31.628  5.806 0.0000000000
121040  -51.392  32.051  4.466 0.0000000000
119718  -47.534  30.700  3.436 0.0000000000
119719  -48.228  30.718  3.528 0.0000000000
120403  -49.609  30.868  1.767 0.0000000000
120388  -49.849  30.882  2.617 0.0000000000
120375  -49.988  30.861  3.618 0.0000000000
120376  -50.811  31.579  4.042 0.0000000000
121048  -51.489  31.854  3.754 0.0000000000
121041  -52.072  32.067  4.075 0.0000000000
121050  -52.632  31.964  2.770 0.0000000000
120377  -53.006  31.816  2.824 0.0000000000
120392  -53.258  31.286  2.169 0.0000000000
120422  -53.281  30.696  0.634 0.0000000000
120407  -53.303  31.135  1.186 0.0000000000
119732  -53.511  30.516  1.537 0.0000000000
118347  -53.155  29.059  1.195 0.0000000000
116162  -52.776  25.278  0.052 0.0000000000
117656  -50.596  27.203  -0.333 0.0000000000
116914  -51.061  25.993  -0.817 0.0000000000
106788  -52.333  13.579  17.627 0.0000000000
108097  -51.675  14.676  17.569 0.0000000000
108080  -52.291  14.419  17.714 0.0000000000
107410  -53.363  13.914  18.936 0.0000000000
107411  -54.085  13.983  19.621 0.0000000000
108101  -54.742  14.386  18.574 0.0000000000
108814  -54.797  14.465  17.969 0.0000000000
109591  -50.468  16.291  15.763 0.0000000000
109570  -52.604  15.840  17.032 0.0000000000
109593  -53.264  16.572  16.340 0.0000000000
109561  -53.182  15.651  17.628 0.0000000000
109562  -53.893  15.256  17.712 0.0000000000
108813  -54.957  14.772  17.791 0.0000000000
108116  -55.517  14.771  17.667 0.0000000000
108831  -56.302  15.290  17.237 0.0000000000
108832  -57.437  15.448  17.152 0.0000000000
108852  -57.858  15.920  16.821 0.0000000000
109595  -57.069  16.585  16.806 0.0000000000
109597  -57.566  16.175  16.042 0.0000000000
110336  -57.536  16.447  15.149 0.0000000000
110360  -57.535  17.654  13.768 0.0000000000
115266  -45.955  24.494  13.623 0.0000000000
114535  -46.983  23.578  13.441 0.0000000000
114536  -47.987  23.710  13.370 0.0000000000
121591  -48.637  33.449  13.605 0.0000000000
120965  -49.575  32.558  12.617 0.0000000000
120949  -48.927  32.974  13.408 0.0000000000
120937  -48.336  32.926  13.957 0.0000000000
120231  -47.652  31.782  14.020 0.0000000000
119590  -47.620  30.887  14.181 0.0000000000
118931  -47.538  29.805  14.298 0.0000000000
118969  -48.891  29.011  11.059 0.0000000000
118232  -50.059  28.715  13.919 0.0000000000
118244  -48.614  29.214  13.427 0.0000000000
118932  -48.221  29.342  14.731 0.0000000000
118921  -47.632  29.457  15.198 0.0000000000
118197  -47.887  28.345  14.784 0.0000000000
117453  -47.947  27.930  14.594 0.0000000000
117502  -48.031  27.192  13.802 0.0000000000
116732  -49.149  27.018  13.976 0.0000000000
116756  -48.429  26.718  13.665 0.0000000000
116009  -47.702  25.776  13.299 0.0000000000
115268  -48.269  24.763  13.260 0.0000000000
114537  -48.883  23.900  13.500 0.0000000000
113863  -48.872  22.759  13.543 0.0000000000
113851  -49.764  22.521  14.126 0.0000000000
113129  -51.447  21.821  14.948 0.0000000000
112314  -52.973  21.099  16.111 0.0000000000
112315  -53.564  20.931  16.389 0.0000000000
115976  -53.648  25.424  15.889 0.0000000000
115228  -53.523  24.415  16.052 0.0000000000
114503  -53.335  23.636  16.301 0.0000000000
113102  -53.804  21.626  16.579 0.0000000000
112316  -54.544  20.720  16.803 0.0000000000
111624  -54.545  19.768  17.146 0.0000000000
110974  -55.606  20.036  18.127 0.0000000000
110975  -56.163  19.982  18.156 0.0000000000
111625  -56.568  19.623  16.868 0.0000000000
111643  -57.300  18.921  15.866 0.0000000000
111027  -57.312  18.354  14.698 0.0000000000
110369  -56.800  17.551  12.238 0.0000000000
111032  -55.936  18.376  14.111 0.0000000000
110368  -55.876  17.382  12.701 0.0000000000
109636  -56.034  17.217  11.901 0.0000000000
109635  -55.310  17.060  12.176 0.0000000000
109648  -54.995  16.699  11.416 0.0000000000
112348  -53.873  20.493  14.330 0.0000000000
111030  -54.063  18.618  13.950 0.0000000000
111666  -52.875  19.460  13.501 0.0000000000
111029  -53.244  18.619  13.623 0.0000000000
110355  -53.665  17.919  13.698 0.0000000000
109647  -53.740  16.191  11.269 0.0000000000
109663  -51.276  16.187  10.935 0.0000000000
108898  -50.827  15.628  10.249 0.0000000000
114556  -52.314  24.747  10.346 0.0000000000
114547  -51.156  23.159  10.720 0.0000000000
113898  -51.812  22.716  9.289 0.0000000000
113882  -51.233  22.382  10.219 0.0000000000
113873  -50.974  22.286  11.066 0.0000000000
113149  -50.857  21.507  11.211 0.0000000000
112367  -50.790  20.794  11.382 0.0000000000
113193  -50.548  22.199  7.928 0.0000000000
112386  -49.352  20.233  9.001 0.0000000000
112387  -49.657  20.719  9.409 0.0000000000
112388  -50.346  21.102  9.737 0.0000000000
111068  -50.228  20.257  10.608 0.0000000000
111052  -50.379  19.704  10.959 0.0000000000
111039  -49.552  17.878  10.908 0.0000000000
109660  -48.855  16.863  10.264 0.0000000000
110404  -48.258  17.426  10.136 0.0000000000
109679  -48.319  16.689  9.930 0.0000000000
108895  -48.582  16.396  10.001 0.0000000000
106183  -53.097  12.003  15.740 0.0000000000
106192  -53.321  11.596  15.352 0.0000000000
106789  -53.129  13.374  18.189 0.0000000000
106790  -53.639  13.458  18.884 0.0000000000
106791  -53.726  13.609  19.338 0.0000000000
106803  -54.069  13.464  19.086 0.0000000000
106817  -54.471  13.208  18.546 0.0000000000
107409  -53.025  14.005  17.704 0.0000000000
107421  -54.572  13.885  18.883 0.0000000000
107422  -54.865  14.017  18.342 0.0000000000
107441  -55.427  13.578  17.906 0.0000000000
107450  -58.257  14.299  15.729 0.0000000000
107454  -58.223  14.255  15.152 0.0000000000
107457  -57.958  14.041  14.947 0.0000000000
107458  -58.072  14.322  14.802 0.0000000000
107461  -54.729  14.013  12.989 0.0000000000
107465  -54.944  13.859  12.656 0.0000000000
108082  -53.671  14.707  19.310 0.0000000000
108083  -54.503  14.548  19.277 0.0000000000
108096  -50.561  14.257  17.565 0.0000000000
108099  -52.953  15.112  19.098 0.0000000000
108102  -54.898  14.164  18.040 0.0000000000
108117  -55.628  14.439  18.008 0.0000000000
108133  -55.931  14.805  17.498 0.0000000000
108151  -58.655  14.729  16.212 0.0000000000
108152  -59.127  15.162  15.957 0.0000000000
108155  -57.654  14.032  14.984 0.0000000000
108157  -58.878  15.107  15.339 0.0000000000
108165  -54.950  14.313  13.143 0.0000000000
108170  -57.858  15.072  14.440 0.0000000000
108172  -54.930  14.194  12.793 0.0000000000
108790  -53.998  15.237  19.174 0.0000000000
108791  -54.290  15.009  19.271 0.0000000000
108798  -52.278  15.167  17.897 0.0000000000
108800  -53.628  15.254  18.654 0.0000000000
108801  -54.469  14.931  18.530 0.0000000000
108802  -54.623  14.460  18.184 0.0000000000
108810  -52.360  15.311  17.337 0.0000000000
108811  -52.742  15.548  17.897 0.0000000000
108825  -48.973  14.549  16.162 0.0000000000
108828  -51.469  15.298  16.430 0.0000000000
108833  -57.952  15.196  16.880 0.0000000000
108853  -58.163  15.571  16.384 0.0000000000
108862  -57.962  15.790  15.699 0.0000000000
108863  -58.350  15.583  15.555 0.0000000000
108866  -58.094  15.230  14.850 0.0000000000
108869  -57.320  15.772  13.955 0.0000000000
108873  -55.395  16.830  12.002 0.0000000000
108874  -55.606  16.965  11.933 0.0000000000
108878  -57.432  16.304  13.922 0.0000000000
108883  -55.434  16.974  11.750 0.0000000000
108884  -55.677  17.147  11.734 0.0000000000
108896  -48.904  16.028  10.255 0.0000000000
109556  -54.238  14.846  17.764 0.0000000000
109569  -52.081  15.577  16.486 0.0000000000
109575  -57.557  16.203  17.104 0.0000000000
109596  -57.540  16.278  16.251 0.0000000000
109613  -57.559  16.276  15.517 0.0000000000
109614  -57.590  15.981  15.205 0.0000000000
109624  -57.500  16.186  14.707 0.0000000000
109625  -57.403  16.068  14.458 0.0000000000
109629  -57.565  16.466  14.072 0.0000000000
109650  -56.128  17.689  11.582 0.0000000000
109690  -45.822  16.938  8.846 0.0000000000
110300  -55.535  16.678  17.581 0.0000000000
110313  -52.887  17.200  15.710 0.0000000000
110350  -57.706  16.670  14.668 0.0000000000
110351  -57.532  16.483  14.456 0.0000000000
110372  -57.854  16.849  13.805 0.0000000000
110389  -49.388  17.382  10.705 0.0000000000
110394  -58.566  17.331  10.390 0.0000000000
110976  -56.510  20.029  18.060 0.0000000000
110983  -56.422  19.595  17.831 0.0000000000
111010  -56.077  19.431  14.620 0.0000000000
111040  -49.811  18.244  11.217 0.0000000000
111607  -55.506  20.431  18.226 0.0000000000
111609  -56.458  20.408  18.161 0.0000000000
111614  -55.060  20.434  17.969 0.0000000000
111615  -55.477  20.667  18.245 0.0000000000
111641  -55.865  19.538  14.654 0.0000000000
111656  -50.792  20.201  14.636 0.0000000000
111660  -56.789  19.641  14.848 0.0000000000
112301  -56.013  21.168  18.299 0.0000000000
112302  -56.402  20.891  18.249 0.0000000000
112308  -55.461  21.094  18.189 0.0000000000
112309  -56.776  20.760  17.979 0.0000000000
112317  -56.401  20.565  17.356 0.0000000000
112359  -48.829  20.873  13.803 0.0000000000
112396  -47.521  20.170  8.141 0.0000000000
112431  -50.645  21.865  6.660 0.0000000000
112445  -50.969  21.623  6.120 0.0000000000
113086  -56.340  21.234  18.113 0.0000000000
113087  -56.617  21.077  18.106 0.0000000000
113094  -55.863  21.363  17.738 0.0000000000
113112  -52.076  21.537  15.459 0.0000000000
113115  -55.765  20.774  16.329 0.0000000000
113126  -49.060  21.752  14.114 0.0000000000
113130  -52.978  21.143  13.743 0.0000000000
113140  -48.662  21.711  13.897 0.0000000000
113161  -50.960  21.708  9.801 0.0000000000
113172  -51.165  21.935  9.858 0.0000000000
113194  -51.171  22.523  7.715 0.0000000000
113196  -52.419  22.777  7.122 0.0000000000
113222  -52.146  22.934  6.466 0.0000000000
113883  -51.572  22.725  9.855 0.0000000000
113897  -51.393  22.283  9.692 0.0000000000
113911  -51.450  22.649  8.269 0.0000000000
113914  -53.201  23.665  7.428 0.0000000000
113954  -54.196  23.902  6.039 0.0000000000
114513  -52.208  23.137  15.548 0.0000000000
114538  -49.577  24.064  13.601 0.0000000000
114545  -52.386  23.729  13.334 0.0000000000
114549  -52.043  25.206  10.863 0.0000000000
114554  -51.448  22.932  10.175 0.0000000000
114581  -52.603  23.807  8.204 0.0000000000
114583  -53.647  24.133  7.493 0.0000000000
114596  -54.998  24.306  6.546 0.0000000000
114610  -54.626  23.958  6.220 0.0000000000
114618  -54.013  24.111  5.696 0.0000000000
114620  -55.249  24.527  5.617 0.0000000000
114625  -54.584  24.229  5.136 0.0000000000
114626  -55.024  24.370  5.067 0.0000000000
114691  -52.661  23.990  -1.145 0.0000000000
114702  -52.280  23.787  -1.464 0.0000000000
114703  -52.710  24.183  -1.402 0.0000000000
114713  -52.596  24.032  -1.725 0.0000000000
114714  -52.767  24.273  -1.632 0.0000000000
115241  -53.614  24.768  15.917 0.0000000000
115256  -50.283  24.471  14.070 0.0000000000
115257  -50.742  24.741  14.356 0.0000000000
115272  -51.937  25.385  12.734 0.0000000000
115277  -52.035  25.335  12.331 0.0000000000
115295  -52.893  24.250  8.847 0.0000000000
115297  -54.355  25.229  8.424 0.0000000000
115326  -55.456  24.853  6.542 0.0000000000
115339  -52.974  25.052  6.276 0.0000000000
115340  -55.790  24.891  6.009 0.0000000000
115341  -55.759  25.018  6.489 0.0000000000
115350  -54.576  24.998  5.111 0.0000000000
115351  -55.568  24.981  5.658 0.0000000000
115352  -55.939  25.336  5.953 0.0000000000
115361  -54.692  24.513  5.062 0.0000000000
115362  -54.833  24.923  5.149 0.0000000000
115363  -55.238  25.205  5.520 0.0000000000
115364  -55.559  25.444  5.791 0.0000000000
115424  -52.609  24.237  -0.874 0.0000000000
115425  -52.865  24.596  -0.991 0.0000000000
115433  -51.771  24.257  -1.560 0.0000000000
115434  -52.404  24.433  -1.272 0.0000000000
115445  -52.373  24.128  -1.698 0.0000000000
115446  -52.609  24.177  -1.488 0.0000000000
115447  -52.789  24.267  -1.343 0.0000000000
115963  -53.888  25.448  16.129 0.0000000000
115974  -52.267  26.161  14.986 0.0000000000
116012  -50.225  25.276  13.927 0.0000000000
116013  -52.250  25.481  12.711 0.0000000000
116018  -52.093  25.416  12.545 0.0000000000
116019  -52.330  25.439  12.459 0.0000000000
116062  -54.874  25.251  7.436 0.0000000000
116063  -55.454  25.603  7.121 0.0000000000
116080  -52.591  25.501  6.564 0.0000000000
116082  -55.669  25.656  6.349 0.0000000000
116098  -55.584  25.687  6.071 0.0000000000
116116  -54.985  25.550  5.535 0.0000000000
116117  -55.275  25.680  5.741 0.0000000000
116118  -55.407  25.749  5.954 0.0000000000
116163  -53.078  25.265  -0.683 0.0000000000
116184  -52.601  25.163  -1.004 0.0000000000
116185  -53.073  25.389  -0.874 0.0000000000
116700  -54.100  26.198  16.021 0.0000000000
116731  -48.702  27.061  13.881 0.0000000000
116779  -55.198  26.293  7.709 0.0000000000
116795  -55.453  26.502  7.115 0.0000000000
116819  -55.690  26.208  6.201 0.0000000000
116840  -55.367  26.583  5.642 0.0000000000
116841  -55.532  26.039  6.080 0.0000000000
116857  -54.899  25.891  5.599 0.0000000000
116858  -55.194  26.186  5.725 0.0000000000
116859  -55.306  25.978  5.959 0.0000000000
116906  -53.131  26.122  -0.374 0.0000000000
116916  -53.070  25.798  -0.656 0.0000000000
116929  -51.529  25.486  -1.074 0.0000000000
116930  -52.052  25.913  -0.928 0.0000000000
116932  -53.096  25.942  -0.792 0.0000000000
117446  -54.195  26.752  15.856 0.0000000000
117475  -47.650  27.536  14.431 0.0000000000
117482  -54.208  26.875  15.145 0.0000000000
117503  -48.332  27.118  13.808 0.0000000000
117516  -52.764  27.797  11.665 0.0000000000
117519  -51.949  27.885  10.400 0.0000000000
117539  -54.970  27.020  6.953 0.0000000000
117550  -55.247  27.091  6.331 0.0000000000
117551  -55.775  26.834  6.041 0.0000000000
117569  -55.629  26.607  5.807 0.0000000000
117587  -55.532  26.728  5.574 0.0000000000
117638  -48.412  27.956  0.274 0.0000000000
117639  -48.767  28.078  0.370 0.0000000000
117677  -52.160  26.477  -0.871 0.0000000000
117678  -52.625  26.532  -0.905 0.0000000000
118198  -48.670  28.448  15.010 0.0000000000
118211  -47.425  28.021  14.660 0.0000000000
118230  -48.543  29.257  13.708 0.0000000000
118255  -49.219  28.757  11.276 0.0000000000
118261  -49.228  28.687  11.039 0.0000000000
118265  -52.081  28.010  10.753 0.0000000000
118267  -49.956  28.621  10.239 0.0000000000
118336  -52.950  29.222  1.836 0.0000000000
118360  -48.281  28.302  0.232 0.0000000000
118923  -48.898  28.802  14.968 0.0000000000
118947  -48.679  29.116  14.489 0.0000000000
118970  -49.287  29.536  11.341 0.0000000000
118976  -49.217  28.835  10.749 0.0000000000
118978  -50.215  30.092  10.120 0.0000000000
119065  -48.785  30.083  0.524 0.0000000000
119066  -49.359  30.012  0.424 0.0000000000
119600  -47.476  30.417  14.097 0.0000000000
119625  -44.833  31.198  11.245 0.0000000000
119627  -49.519  30.325  11.775 0.0000000000
119628  -50.027  31.017  11.530 0.0000000000
119637  -44.534  31.280  10.850 0.0000000000
119640  -46.766  30.934  10.186 0.0000000000
119644  -50.906  31.292  10.208 0.0000000000
119677  -52.338  30.696  8.016 0.0000000000
119699  -50.606  31.052  5.610 0.0000000000
119706  -46.074  30.768  4.211 0.0000000000
119707  -46.386  30.738  4.163 0.0000000000
119708  -47.095  30.686  4.069 0.0000000000
119709  -47.831  30.573  3.997 0.0000000000
119710  -50.426  30.876  5.367 0.0000000000
119711  -50.847  31.048  5.213 0.0000000000
119747  -52.545  30.395  0.295 0.0000000000
119748  -53.180  30.327  0.312 0.0000000000
119749  -53.506  30.226  0.610 0.0000000000
119760  -51.753  29.660  0.165 0.0000000000
120250  -45.169  32.071  12.537 0.0000000000
120252  -47.596  32.296  12.150 0.0000000000
120253  -48.859  31.312  12.671 0.0000000000
120254  -49.499  31.812  12.528 0.0000000000
120264  -44.436  31.807  11.417 0.0000000000
120265  -45.285  31.461  12.033 0.0000000000
120268  -48.455  32.154  11.208 0.0000000000
120286  -49.984  32.227  9.289 0.0000000000
120298  -50.350  32.047  8.654 0.0000000000
120299  -50.966  32.487  8.494 0.0000000000
120301  -52.638  31.834  7.967 0.0000000000
120333  -52.998  32.091  5.678 0.0000000000
120349  -50.117  30.978  5.726 0.0000000000
120351  -51.371  32.150  6.305 0.0000000000
120946  -45.624  33.365  13.368 0.0000000000
120950  -49.285  32.768  12.965 0.0000000000
120959  -43.773  33.165  12.664 0.0000000000
120962  -46.439  32.419  12.917 0.0000000000
120963  -47.570  32.771  12.680 0.0000000000
120966  -49.989  32.504  12.181 0.0000000000
120975  -43.701  33.171  12.373 0.0000000000
120979  -47.992  32.529  12.114 0.0000000000
120982  -50.558  32.567  11.556 0.0000000000
120991  -51.048  32.495  11.242 0.0000000000
120992  -51.537  32.657  10.984 0.0000000000
120995  -49.303  32.181  10.293 0.0000000000
120997  -50.531  33.029  9.522 0.0000000000
121027  -53.086  32.341  4.840 0.0000000000
121032  -51.377  32.129  5.228 0.0000000000
121043  -53.210  31.911  3.516 0.0000000000
121585  -41.613  33.197  12.819 0.0000000000
121587  -45.116  33.769  13.721 0.0000000000
121601  -41.911  33.710  12.739 0.0000000000
121605  -48.156  33.210  12.745 0.0000000000
121620  -49.142  33.170  11.687 0.0000000000
121623  -51.409  33.021  11.278 0.0000000000
121633  -50.289  33.203  10.367 0.0000000000
121646  -51.251  33.007  10.080 0.0000000000
121651  -51.278  33.209  9.353 0.0000000000
121652  -51.297  33.137  9.586 0.0000000000
122217  -48.123  33.901  14.316 0.0000000000
122228  -42.968  34.506  13.431 0.0000000000
122232  -46.355  34.175  14.253 0.0000000000
122244  -41.926  33.951  12.441 0.0000000000
122834  -43.108  35.078  13.338 0.0000000000
122848  -42.828  35.178  13.022 0.0000000000
122867  -43.409  35.096  11.832 0.0000000000
