#!ascii label  , from subject 4038 vox2ras=TkReg
1890
66361  -40.921  -24.787  46.330 0.0000000000
81122  -57.595  -12.560  27.940 0.0000000000
74013  -45.900  -17.634  34.949 0.0000000000
60549  -8.660  -31.008  48.657 0.0000000000
59163  -28.714  -31.061  47.851 0.0000000000
71319  -9.514  -20.995  47.834 0.0000000000
68745  -7.921  -23.019  55.938 0.0000000000
76408  -52.717  -17.189  32.179 0.0000000000
71436  -6.617  -21.785  39.355 0.0000000000
56500  -9.533  -33.163  57.989 0.0000000000
66465  -42.738  -24.745  40.122 0.0000000000
59244  -38.243  -31.157  44.896 0.0000000000
59170  -35.886  -30.375  46.841 0.0000000000
82323  -59.175  -12.314  24.611 0.0000000000
74084  -49.200  -19.072  33.311 0.0000000000
59223  -22.572  -30.688  45.088 0.0000000000
75088  -11.196  -18.432  44.554 0.0000000000
63998  -12.547  -27.125  48.845 0.0000000000
65183  -10.059  -26.814  43.684 0.0000000000
57847  -10.741  -32.404  45.150 0.0000000000
60481  -16.225  -30.526  55.872 0.0000000000
62809  -13.178  -28.727  58.138 0.0000000000
77510  -42.809  -16.147  38.197 0.0000000000
62883  -35.358  -27.765  46.044 0.0000000000
57891  -30.213  -30.724  43.441 0.0000000000
70054  -8.440  -22.572  51.626 0.0000000000
63965  -11.147  -27.096  53.241 0.0000000000
81049  -54.851  -14.152  30.277 0.0000000000
59120  -18.488  -30.011  53.010 0.0000000000
57800  -19.877  -30.712  49.422 0.0000000000
71375  -8.410  -20.828  42.965 0.0000000000
64065  -6.755  -27.514  41.397 0.0000000000
68730  -11.431  -24.047  57.377 0.0000000000
63940  -9.793  -28.565  57.184 0.0000000000
60499  -9.235  -31.757  53.625 0.0000000000
68869  -42.218  -22.478  44.865 0.0000000000
62920  -41.401  -26.910  43.457 0.0000000000
65220  -41.937  -24.797  42.677 0.0000000000
61712  -40.718  -28.674  45.376 0.0000000000
60579  -40.413  -29.417  43.253 0.0000000000
61697  -38.458  -27.573  46.398 0.0000000000
79966  -58.058  -13.074  26.052 0.0000000000
79961  -53.894  -14.446  26.210 0.0000000000
79980  -55.462  -14.496  24.700 0.0000000000
81147  -57.765  -13.991  24.358 0.0000000000
74038  -47.251  -18.349  34.335 0.0000000000
74033  -42.562  -17.492  34.498 0.0000000000
75295  -45.116  -17.583  33.510 0.0000000000
72847  -46.732  -18.283  31.968 0.0000000000
62855  -10.394  -28.821  48.864 0.0000000000
61708  -11.020  -30.196  46.863 0.0000000000
59197  -9.893  -31.989  47.193 0.0000000000
55346  -9.110  -35.113  45.190 0.0000000000
56564  -8.561  -33.903  47.396 0.0000000000
56517  -17.333  -33.120  55.860 0.0000000000
56506  -16.182  -32.249  56.288 0.0000000000
77478  -43.206  -16.878  40.647 0.0000000000
71434  -42.269  -21.494  42.032 0.0000000000
70256  -40.937  -22.800  39.900 0.0000000000
72707  -41.496  -20.439  41.328 0.0000000000
75167  -40.261  -18.074  39.401 0.0000000000
65133  -33.842  -26.522  48.696 0.0000000000
55384  -33.626  -33.058  43.556 0.0000000000
56569  -33.027  -32.232  45.373 0.0000000000
82343  -59.692  -13.065  21.350 0.0000000000
82359  -61.396  -11.620  20.455 0.0000000000
70020  -7.615  -22.446  53.150 0.0000000000
66288  -9.678  -24.674  52.443 0.0000000000
65063  -8.603  -25.346  54.015 0.0000000000
78759  -53.626  -15.684  30.894 0.0000000000
74135  -49.617  -19.175  30.516 0.0000000000
75332  -50.763  -17.793  29.743 0.0000000000
77650  -52.078  -16.185  28.551 0.0000000000
63954  -19.032  -26.935  53.422 0.0000000000
62834  -20.136  -28.112  52.035 0.0000000000
76137  -7.731  -18.377  47.828 0.0000000000
75058  -7.869  -18.844  46.342 0.0000000000
70162  -9.856  -21.280  45.651 0.0000000000
59246  -7.739  -30.888  43.047 0.0000000000
64048  -7.560  -27.451  42.826 0.0000000000
59308  -8.374  -30.459  41.338 0.0000000000
68732  -12.967  -24.357  56.698 0.0000000000
59095  -11.687  -31.315  58.916 0.0000000000
62806  -11.455  -28.755  57.449 0.0000000000
60479  -10.259  -31.156  56.798 0.0000000000
60492  -9.895  -30.434  55.432 0.0000000000
57759  -9.453  -33.204  55.338 0.0000000000
68922  -42.438  -22.460  42.701 0.0000000000
63993  -35.472  -27.583  49.234 0.0000000000
62865  -36.342  -27.462  47.968 0.0000000000
57843  -36.865  -32.024  46.739 0.0000000000
83476  -60.689  -11.847  23.807 0.0000000000
81156  -59.286  -13.305  23.338 0.0000000000
75281  -51.587  -18.553  33.501 0.0000000000
74116  -48.061  -19.293  31.164 0.0000000000
59240  -26.645  -30.571  44.724 0.0000000000
59208  -24.771  -31.017  45.950 0.0000000000
76238  -7.711  -17.580  42.206 0.0000000000
67600  -11.014  -23.564  48.446 0.0000000000
68886  -11.619  -23.691  45.157 0.0000000000
64017  -12.551  -27.394  45.875 0.0000000000
61722  -9.774  -29.456  44.171 0.0000000000
56635  -9.915  -33.359  41.586 0.0000000000
65044  -15.890  -26.710  55.515 0.0000000000
65039  -14.126  -26.937  56.341 0.0000000000
61628  -14.530  -29.628  57.201 0.0000000000
57741  -13.391  -32.053  58.312 0.0000000000
76331  -44.018  -16.509  36.296 0.0000000000
75216  -41.325  -17.580  36.199 0.0000000000
61689  -31.471  -29.764  46.416 0.0000000000
61692  -35.361  -29.185  47.061 0.0000000000
59192  -32.248  -31.141  46.049 0.0000000000
57838  -29.544  -30.447  46.500 0.0000000000
75009  -7.380  -18.946  49.095 0.0000000000
74993  -7.591  -18.770  51.438 0.0000000000
70093  -9.439  -22.133  49.715 0.0000000000
66312  -10.094  -24.401  50.737 0.0000000000
63978  -11.611  -27.013  50.914 0.0000000000
61670  -10.130  -29.826  50.122 0.0000000000
79928  -55.608  -13.908  28.684 0.0000000000
78816  -52.767  -15.083  27.729 0.0000000000
65055  -17.773  -26.726  54.991 0.0000000000
60490  -17.945  -30.079  54.800 0.0000000000
56528  -16.657  -31.792  53.519 0.0000000000
59158  -23.805  -29.111  46.781 0.0000000000
60515  -22.462  -28.536  48.394 0.0000000000
60507  -21.216  -28.908  50.710 0.0000000000
57792  -19.312  -31.140  51.353 0.0000000000
57781  -17.173  -30.821  51.735 0.0000000000
76153  -10.597  -17.985  46.582 0.0000000000
75084  -7.896  -18.577  44.530 0.0000000000
71402  -6.713  -21.657  41.385 0.0000000000
67673  -10.099  -23.934  42.212 0.0000000000
67682  -8.138  -24.433  41.729 0.0000000000
66461  -7.013  -25.350  40.674 0.0000000000
68727  -9.040  -23.367  57.491 0.0000000000
66250  -12.328  -26.095  56.602 0.0000000000
66247  -10.583  -25.468  57.498 0.0000000000
65047  -9.084  -26.140  56.186 0.0000000000
63950  -9.431  -27.697  55.218 0.0000000000
61654  -10.016  -30.391  52.739 0.0000000000
59137  -8.320  -31.855  51.350 0.0000000000
53852  -8.132  -35.404  55.577 0.0000000000
56520  -9.431  -34.279  53.845 0.0000000000
56548  -7.694  -33.854  49.151 0.0000000000
67627  -41.182  -23.464  45.648 0.0000000000
68856  -41.249  -23.715  46.858 0.0000000000
64032  -40.414  -26.198  44.356 0.0000000000
65180  -41.124  -24.407  44.415 0.0000000000
65167  -39.916  -25.875  44.957 0.0000000000
62905  -40.750  -27.673  44.641 0.0000000000
67597  -41.242  -25.337  47.384 0.0000000000
133434  -39.458  -25.563  45.506 0.0000000000
81136  -57.414  -12.833  26.671 0.0000000000
79952  -55.731  -13.157  27.016 0.0000000000
81139  -55.183  -13.927  25.824 0.0000000000
79964  -56.616  -13.663  26.381 0.0000000000
79973  -57.346  -13.753  25.625 0.0000000000
74037  -46.467  -18.292  34.525 0.0000000000
74015  -47.584  -18.174  35.106 0.0000000000
75222  -46.907  -17.499  35.535 0.0000000000
74034  -43.769  -17.347  34.507 0.0000000000
74035  -44.986  -17.598  34.477 0.0000000000
74061  -45.738  -18.412  34.061 0.0000000000
61685  -9.212  -30.125  48.591 0.0000000000
61698  -10.100  -30.838  48.421 0.0000000000
59175  -9.409  -31.816  47.968 0.0000000000
57816  -9.485  -32.318  47.477 0.0000000000
57815  -9.026  -32.795  47.963 0.0000000000
55273  -16.153  -33.440  54.127 0.0000000000
53862  -15.751  -33.925  55.257 0.0000000000
75149  -43.320  -19.772  42.422 0.0000000000
72708  -41.975  -20.723  41.660 0.0000000000
75147  -42.407  -18.904  41.540 0.0000000000
75159  -41.571  -18.765  41.182 0.0000000000
82333  -60.922  -12.034  22.048 0.0000000000
82344  -60.617  -12.406  21.244 0.0000000000
83487  -61.678  -10.981  21.131 0.0000000000
68755  -7.706  -23.187  54.856 0.0000000000
67525  -7.638  -24.164  53.542 0.0000000000
67523  -7.577  -24.142  54.580 0.0000000000
77613  -53.050  -16.480  31.751 0.0000000000
78719  -54.479  -15.032  32.786 0.0000000000
75307  -51.277  -18.545  31.583 0.0000000000
75316  -50.275  -18.497  30.085 0.0000000000
76406  -51.580  -17.825  30.918 0.0000000000
76431  -51.705  -17.130  29.941 0.0000000000
65066  -20.510  -26.961  51.760 0.0000000000
65067  -21.386  -27.049  51.578 0.0000000000
61680  -29.662  -29.208  47.607 0.0000000000
60535  -28.117  -30.609  48.259 0.0000000000
73960  -7.030  -19.610  40.099 0.0000000000
73862  -8.370  -19.425  47.824 0.0000000000
72618  -8.591  -20.272  47.160 0.0000000000
70146  -9.715  -21.586  46.904 0.0000000000
57926  -9.012  -31.853  41.637 0.0000000000
59267  -7.003  -31.051  41.817 0.0000000000
57968  -8.962  -31.269  40.486 0.0000000000
68748  -14.217  -23.858  55.906 0.0000000000
68741  -14.840  -24.258  56.243 0.0000000000
57747  -10.730  -32.575  58.389 0.0000000000
59103  -10.303  -31.403  58.135 0.0000000000
59102  -9.626  -31.709  57.842 0.0000000000
59110  -9.300  -31.970  56.434 0.0000000000
57751  -8.655  -32.452  57.053 0.0000000000
67656  -42.534  -22.878  43.867 0.0000000000
66437  -41.845  -23.428  42.966 0.0000000000
68908  -42.767  -22.472  43.365 0.0000000000
70212  -43.592  -22.018  42.705 0.0000000000
59231  -39.099  -30.857  46.312 0.0000000000
60553  -38.522  -29.680  47.440 0.0000000000
57860  -37.645  -31.662  45.420 0.0000000000
56627  -35.847  -33.046  43.974 0.0000000000
83470  -60.231  -12.401  24.353 0.0000000000
81148  -58.811  -13.478  24.546 0.0000000000
81155  -58.089  -13.724  23.565 0.0000000000
81143  -59.883  -13.343  25.064 0.0000000000
81150  -60.541  -12.886  23.976 0.0000000000
74086  -51.103  -19.236  34.311 0.0000000000
75262  -51.649  -18.302  34.359 0.0000000000
74042  -50.980  -18.208  35.150 0.0000000000
72849  -47.852  -18.722  32.802 0.0000000000
72848  -47.468  -18.561  32.256 0.0000000000
74099  -49.197  -19.233  32.389 0.0000000000
74100  -50.074  -19.204  32.828 0.0000000000
77405  -10.999  -18.032  43.598 0.0000000000
76220  -9.972  -17.732  43.098 0.0000000000
75086  -9.548  -18.201  44.027 0.0000000000
66346  -12.237  -24.354  48.694 0.0000000000
67617  -12.504  -24.309  47.268 0.0000000000
65139  -12.621  -26.354  47.468 0.0000000000
60561  -11.052  -31.068  45.930 0.0000000000
61714  -10.790  -29.778  45.479 0.0000000000
60569  -10.982  -30.944  44.737 0.0000000000
59248  -9.717  -31.169  43.188 0.0000000000
57881  -10.630  -32.280  43.476 0.0000000000
56599  -10.001  -34.494  43.617 0.0000000000
62820  -15.748  -28.554  55.609 0.0000000000
62816  -15.080  -28.217  56.682 0.0000000000
61629  -15.077  -29.672  56.689 0.0000000000
55254  -14.709  -32.929  56.215 0.0000000000
57743  -14.623  -31.867  57.572 0.0000000000
55246  -13.423  -32.607  57.087 0.0000000000
56496  -12.870  -32.628  57.853 0.0000000000
77512  -43.924  -16.234  37.068 0.0000000000
77494  -42.108  -17.031  38.833 0.0000000000
75178  -40.316  -18.203  38.507 0.0000000000
76309  -41.704  -16.735  37.331 0.0000000000
76330  -43.124  -16.564  36.285 0.0000000000
62893  -33.844  -28.319  44.999 0.0000000000
62892  -32.276  -28.849  45.037 0.0000000000
61690  -32.992  -29.572  45.884 0.0000000000
61681  -36.090  -28.521  48.701 0.0000000000
62875  -35.661  -28.594  47.980 0.0000000000
60542  -35.449  -29.851  47.074 0.0000000000
57858  -31.329  -32.446  45.199 0.0000000000
57822  -32.968  -31.564  45.564 0.0000000000
57840  -31.516  -31.948  45.659 0.0000000000
57820  -30.878  -31.079  46.379 0.0000000000
57856  -29.832  -30.554  45.348 0.0000000000
57889  -28.237  -30.453  44.297 0.0000000000
72560  -8.738  -21.396  52.872 0.0000000000
72570  -9.089  -21.126  51.906 0.0000000000
72580  -7.964  -21.190  50.352 0.0000000000
70076  -9.248  -22.380  50.725 0.0000000000
67563  -9.385  -23.371  50.306 0.0000000000
67549  -8.583  -23.802  50.739 0.0000000000
65075  -9.932  -25.631  52.759 0.0000000000
65086  -11.268  -25.564  51.699 0.0000000000
63976  -11.440  -26.993  51.831 0.0000000000
62851  -11.692  -28.521  50.378 0.0000000000
61667  -11.507  -29.009  51.375 0.0000000000
81077  -55.347  -13.906  29.118 0.0000000000
81052  -56.185  -13.060  29.471 0.0000000000
81028  -55.299  -12.979  30.552 0.0000000000
78794  -52.864  -15.481  29.434 0.0000000000
78815  -52.210  -15.508  28.238 0.0000000000
78805  -53.481  -14.875  28.702 0.0000000000
79939  -54.100  -14.505  28.512 0.0000000000
66273  -18.786  -25.724  54.338 0.0000000000
133397  -18.460  -29.077  53.298 0.0000000000
133406  -17.781  -28.304  53.587 0.0000000000
57766  -17.790  -30.264  53.916 0.0000000000
57765  -17.244  -31.067  54.354 0.0000000000
57769  -17.514  -30.958  53.172 0.0000000000
59207  -24.107  -30.099  45.610 0.0000000000
59183  -24.474  -29.991  46.255 0.0000000000
59182  -23.405  -29.207  46.083 0.0000000000
59155  -20.095  -30.019  48.587 0.0000000000
59156  -21.424  -29.558  47.615 0.0000000000
59146  -21.056  -29.533  48.590 0.0000000000
133412  -21.497  -28.652  49.335 0.0000000000
59140  -20.812  -29.414  49.642 0.0000000000
59135  -20.024  -29.767  50.736 0.0000000000
59144  -19.848  -31.139  50.204 0.0000000000
57797  -17.149  -30.608  50.180 0.0000000000
76140  -10.460  -18.182  47.834 0.0000000000
72649  -8.124  -19.898  44.552 0.0000000000
75071  -7.929  -18.714  45.407 0.0000000000
72666  -8.031  -20.317  43.346 0.0000000000
73924  -7.383  -19.462  43.497 0.0000000000
71386  -7.768  -21.388  42.337 0.0000000000
66411  -11.775  -25.104  43.433 0.0000000000
68898  -11.521  -23.021  43.845 0.0000000000
66409  -10.005  -25.265  43.145 0.0000000000
64057  -6.761  -27.362  42.061 0.0000000000
66406  -7.574  -26.126  42.485 0.0000000000
66438  -6.897  -25.554  41.813 0.0000000000
67693  -6.908  -24.678  41.303 0.0000000000
66452  -7.301  -26.307  41.143 0.0000000000
65238  -8.452  -26.762  41.204 0.0000000000
69976  -10.649  -22.998  58.200 0.0000000000
63931  -13.509  -27.819  57.662 0.0000000000
66251  -13.099  -26.108  56.591 0.0000000000
63930  -12.909  -27.982  57.413 0.0000000000
62814  -10.947  -28.768  57.404 0.0000000000
63927  -11.289  -27.828  57.040 0.0000000000
65037  -10.316  -26.320  57.066 0.0000000000
65042  -10.020  -25.525  56.645 0.0000000000
65043  -9.663  -26.654  56.550 0.0000000000
63949  -8.799  -26.989  55.710 0.0000000000
63945  -9.331  -27.527  56.120 0.0000000000
59122  -9.043  -31.477  54.183 0.0000000000
60501  -10.364  -30.512  54.021 0.0000000000
60504  -9.758  -31.033  52.801 0.0000000000
60510  -9.720  -30.893  52.273 0.0000000000
59131  -8.654  -32.040  52.310 0.0000000000
52543  -9.578  -36.745  54.364 0.0000000000
55265  -8.436  -34.629  55.053 0.0000000000
70161  -42.848  -21.917  44.696 0.0000000000
62922  -41.797  -27.488  42.485 0.0000000000
64063  -41.649  -26.133  42.451 0.0000000000
64056  -41.368  -25.251  43.442 0.0000000000
66405  -41.721  -23.801  43.913 0.0000000000
60563  -39.784  -30.366  45.700 0.0000000000
60565  -41.242  -29.489  44.557 0.0000000000
61724  -41.600  -28.333  43.898 0.0000000000
61705  -39.405  -28.300  45.894 0.0000000000
82318  -58.720  -12.674  24.857 0.0000000000
79979  -54.581  -14.620  24.429 0.0000000000
79989  -55.140  -14.371  23.694 0.0000000000
81153  -55.770  -14.138  23.413 0.0000000000
79991  -56.611  -14.312  24.393 0.0000000000
79974  -58.098  -13.254  25.401 0.0000000000
74064  -48.085  -18.917  33.788 0.0000000000
74040  -49.395  -18.515  34.365 0.0000000000
74017  -49.163  -18.212  34.644 0.0000000000
76344  -49.001  -17.308  34.437 0.0000000000
74032  -41.518  -17.885  34.672 0.0000000000
74058  -42.501  -17.827  33.973 0.0000000000
72798  -43.179  -18.142  33.612 0.0000000000
72820  -43.658  -18.365  32.941 0.0000000000
72845  -44.655  -18.336  31.894 0.0000000000
72822  -46.019  -18.148  32.738 0.0000000000
72802  -47.108  -18.860  33.629 0.0000000000
62867  -11.616  -28.368  48.606 0.0000000000
62878  -11.110  -28.628  47.391 0.0000000000
62877  -10.748  -29.419  47.581 0.0000000000
60560  -10.754  -31.253  46.964 0.0000000000
59198  -10.682  -31.976  46.351 0.0000000000
56584  -10.040  -34.242  44.869 0.0000000000
57830  -9.493  -32.879  46.665 0.0000000000
55335  -8.777  -34.688  45.910 0.0000000000
57753  -17.576  -32.127  56.695 0.0000000000
59105  -16.006  -32.166  56.165 0.0000000000
56510  -17.236  -32.955  57.196 0.0000000000
76294  -42.918  -16.870  39.419 0.0000000000
68948  -41.739  -23.283  40.555 0.0000000000
68956  -41.705  -23.702  39.953 0.0000000000
70243  -41.368  -22.503  40.686 0.0000000000
71445  -41.091  -22.152  40.512 0.0000000000
72733  -41.421  -20.854  40.173 0.0000000000
73975  -40.507  -19.398  40.146 0.0000000000
76284  -41.563  -17.954  39.875 0.0000000000
64013  -34.924  -27.191  47.114 0.0000000000
56581  -35.334  -32.570  46.000 0.0000000000
57824  -35.117  -31.341  45.977 0.0000000000
56591  -33.194  -33.246  45.062 0.0000000000
56604  -31.596  -33.020  43.830 0.0000000000
82356  -59.074  -12.535  20.241 0.0000000000
82370  -59.505  -12.275  19.338 0.0000000000
83496  -60.536  -11.946  18.730 0.0000000000
83506  -61.602  -11.438  18.469 0.0000000000
70036  -7.807  -22.566  52.276 0.0000000000
67538  -7.969  -24.128  51.429 0.0000000000
67530  -7.716  -24.205  52.508 0.0000000000
65073  -8.441  -25.778  53.131 0.0000000000
65065  -9.769  -26.236  53.130 0.0000000000
78779  -53.955  -15.051  30.256 0.0000000000
79860  -54.798  -14.562  31.819 0.0000000000
75330  -49.270  -18.587  29.066 0.0000000000
75349  -50.023  -17.592  28.449 0.0000000000
76448  -50.430  -16.776  28.262 0.0000000000
76449  -50.901  -16.888  28.820 0.0000000000
77639  -52.843  -16.002  29.775 0.0000000000
66274  -18.823  -25.892  53.800 0.0000000000
66278  -19.653  -26.032  52.606 0.0000000000
63962  -19.987  -27.568  52.255 0.0000000000
133402  -19.354  -29.520  52.489 0.0000000000
59179  -19.702  -29.831  47.221 0.0000000000
57807  -19.190  -30.229  49.489 0.0000000000
76139  -9.288  -18.248  48.211 0.0000000000
75024  -9.501  -18.104  47.474 0.0000000000
75038  -8.133  -18.038  47.062 0.0000000000
72633  -8.282  -20.228  45.467 0.0000000000
71362  -8.839  -20.940  43.960 0.0000000000
61721  -8.946  -29.129  43.349 0.0000000000
65181  -8.771  -27.107  42.739 0.0000000000
61726  -7.232  -29.256  43.214 0.0000000000
61725  -6.729  -29.064  42.672 0.0000000000
61741  -7.194  -29.389  41.119 0.0000000000
71212  -13.077  -23.124  55.614 0.0000000000
71202  -12.859  -23.427  56.277 0.0000000000
68731  -11.867  -24.111  56.703 0.0000000000
60467  -12.192  -30.438  58.774 0.0000000000
62807  -11.925  -28.803  57.678 0.0000000000
61622  -11.360  -29.521  58.194 0.0000000000
61630  -10.920  -29.621  57.729 0.0000000000
61634  -10.292  -29.528  56.762 0.0000000000
61637  -10.106  -29.564  56.256 0.0000000000
60485  -9.849  -30.713  56.273 0.0000000000
60491  -9.361  -31.274  55.479 0.0000000000
59118  -9.185  -32.608  54.583 0.0000000000
65243  -43.374  -25.471  40.333 0.0000000000
65227  -42.383  -25.176  41.951 0.0000000000
66449  -42.076  -24.540  41.726 0.0000000000
67691  -41.770  -24.180  41.540 0.0000000000
70211  -42.662  -22.104  42.538 0.0000000000
72710  -43.510  -20.656  42.601 0.0000000000
61694  -36.486  -29.088  48.075 0.0000000000
133429  -37.317  -26.838  47.036 0.0000000000
60545  -37.312  -29.361  47.532 0.0000000000
57826  -36.456  -31.493  46.923 0.0000000000
56594  -35.990  -33.064  46.018 0.0000000000
81174  -57.455  -13.295  21.772 0.0000000000
82331  -59.806  -13.009  22.607 0.0000000000
82329  -60.994  -12.459  23.222 0.0000000000
75297  -52.113  -18.179  32.689 0.0000000000
77578  -53.242  -16.569  33.486 0.0000000000
75264  -52.245  -17.028  33.723 0.0000000000
72871  -46.461  -18.736  31.085 0.0000000000
74117  -48.996  -19.311  31.400 0.0000000000
74118  -50.144  -19.258  31.695 0.0000000000
59211  -27.622  -31.039  46.661 0.0000000000
59186  -26.800  -31.079  47.084 0.0000000000
59226  -25.734  -30.751  45.347 0.0000000000
59225  -24.805  -30.362  45.128 0.0000000000
76256  -8.289  -17.555  41.179 0.0000000000
73946  -6.478  -19.420  41.200 0.0000000000
67598  -9.920  -23.111  47.620 0.0000000000
68859  -10.509  -22.751  46.777 0.0000000000
67615  -10.964  -23.259  46.942 0.0000000000
67646  -12.513  -24.784  45.535 0.0000000000
64038  -11.947  -27.033  44.584 0.0000000000
61710  -11.479  -28.656  46.030 0.0000000000
62898  -10.703  -28.682  44.898 0.0000000000
62910  -10.433  -28.419  43.927 0.0000000000
60567  -9.048  -29.829  43.686 0.0000000000
67510  -14.792  -25.345  56.314 0.0000000000
65040  -14.657  -26.828  55.890 0.0000000000
63933  -14.673  -27.799  57.450 0.0000000000
61626  -13.924  -29.522  58.456 0.0000000000
59101  -15.138  -31.147  57.559 0.0000000000
60470  -14.100  -30.456  58.295 0.0000000000
60464  -13.491  -30.455  58.423 0.0000000000
57740  -12.739  -32.072  58.288 0.0000000000
56494  -11.769  -32.611  58.424 0.0000000000
55249  -10.701  -34.159  58.357 0.0000000000
75220  -45.319  -17.104  35.565 0.0000000000
75199  -46.299  -17.057  36.132 0.0000000000
76311  -45.669  -16.592  36.875 0.0000000000
67721  -41.660  -24.450  38.893 0.0000000000
75215  -40.277  -17.962  36.125 0.0000000000
75218  -43.532  -16.661  35.615 0.0000000000
62871  -30.803  -29.350  46.342 0.0000000000
60537  -29.748  -30.185  47.274 0.0000000000
63992  -34.812  -27.530  49.131 0.0000000000
64005  -34.827  -27.677  48.105 0.0000000000
61691  -34.919  -29.208  45.755 0.0000000000
57810  -34.728  -30.800  45.698 0.0000000000
59168  -34.238  -30.374  45.697 0.0000000000
60540  -33.738  -29.975  45.833 0.0000000000
60539  -32.226  -30.166  46.304 0.0000000000
59165  -30.538  -30.837  47.117 0.0000000000
59213  -29.017  -31.329  46.895 0.0000000000
59241  -27.530  -30.581  44.869 0.0000000000
83518  -62.123  -10.999  17.882 0.0000000000
85785  -63.210  -10.135  16.544 0.0000000000
85788  -62.951  -9.749  15.824 0.0000000000
76123  -7.738  -18.229  48.518 0.0000000000
72606  -8.996  -20.123  48.454 0.0000000000
75002  -7.622  -18.852  50.295 0.0000000000
72594  -8.272  -20.722  49.294 0.0000000000
70111  -9.413  -22.003  48.707 0.0000000000
67577  -9.774  -23.212  49.321 0.0000000000
66334  -10.880  -23.761  49.610 0.0000000000
65123  -11.555  -25.192  50.080 0.0000000000
66300  -9.806  -24.466  51.637 0.0000000000
65108  -11.480  -25.342  50.594 0.0000000000
63987  -12.328  -26.915  49.677 0.0000000000
62857  -12.006  -28.298  49.778 0.0000000000
62850  -10.550  -29.030  49.758 0.0000000000
60520  -9.005  -30.358  49.439 0.0000000000
79942  -56.464  -13.484  27.842 0.0000000000
77661  -50.495  -16.109  27.678 0.0000000000
78824  -51.263  -15.664  26.843 0.0000000000
78830  -51.892  -15.298  25.875 0.0000000000
79949  -53.535  -14.579  27.437 0.0000000000
79950  -54.499  -14.179  27.296 0.0000000000
65050  -16.881  -26.805  55.797 0.0000000000
62821  -16.039  -28.504  54.952 0.0000000000
63952  -18.176  -27.007  54.177 0.0000000000
61641  -17.054  -28.813  54.605 0.0000000000
60488  -17.268  -30.553  55.435 0.0000000000
56522  -16.982  -32.200  54.475 0.0000000000
59160  -26.079  -30.420  47.231 0.0000000000
60532  -25.297  -29.634  47.419 0.0000000000
60523  -24.350  -28.803  47.588 0.0000000000
59157  -22.594  -29.342  47.097 0.0000000000
59148  -22.791  -28.948  47.438 0.0000000000
60516  -24.698  -28.199  48.071 0.0000000000
133410  -22.674  -28.288  48.989 0.0000000000
133409  -22.509  -27.701  49.779 0.0000000000
63974  -22.265  -27.398  50.901 0.0000000000
61653  -20.991  -28.748  51.382 0.0000000000
60505  -20.181  -29.565  52.041 0.0000000000
59128  -19.298  -30.785  52.253 0.0000000000
57798  -18.233  -30.387  50.293 0.0000000000
57790  -18.164  -30.473  51.142 0.0000000000
57774  -17.576  -30.992  52.620 0.0000000000
56534  -16.871  -31.254  52.617 0.0000000000
76170  -11.225  -18.023  45.985 0.0000000000
75040  -9.849  -17.982  46.803 0.0000000000
76168  -9.829  -17.682  45.305 0.0000000000
76186  -9.676  -18.138  44.562 0.0000000000
75104  -8.119  -18.019  43.588 0.0000000000
73936  -6.646  -19.643  42.363 0.0000000000
71420  -6.306  -21.690  40.686 0.0000000000
68872  -10.647  -22.001  45.433 0.0000000000
70178  -10.233  -21.410  44.135 0.0000000000
68896  -9.459  -21.992  42.042 0.0000000000
65199  -8.859  -26.199  42.843 0.0000000000
67671  -8.469  -24.513  42.280 0.0000000000
70198  -8.089  -22.522  41.653 0.0000000000
70213  -7.111  -22.717  41.626 0.0000000000
68935  -6.808  -23.705  40.976 0.0000000000
68949  -6.576  -23.693  40.185 0.0000000000
66469  -7.790  -25.102  40.842 0.0000000000
67509  -14.089  -25.218  56.611 0.0000000000
67502  -12.797  -25.198  56.588 0.0000000000
67500  -11.740  -24.973  57.333 0.0000000000
63928  -11.893  -28.035  56.818 0.0000000000
66248  -11.226  -25.830  57.189 0.0000000000
67499  -11.173  -25.211  58.339 0.0000000000
67505  -9.677  -25.189  58.525 0.0000000000
66260  -9.156  -25.155  56.886 0.0000000000
67519  -7.919  -24.463  56.282 0.0000000000
65053  -7.849  -25.747  55.253 0.0000000000
63963  -9.341  -26.736  54.238 0.0000000000
63964  -10.387  -26.873  53.792 0.0000000000
61643  -10.482  -29.038  55.143 0.0000000000
61651  -10.860  -29.913  53.724 0.0000000000
62842  -11.157  -28.685  52.826 0.0000000000
61664  -9.895  -30.629  51.733 0.0000000000
61668  -9.388  -30.860  50.998 0.0000000000
60519  -8.525  -31.057  49.888 0.0000000000
53839  -10.053  -34.956  58.138 0.0000000000
52532  -9.019  -36.613  57.136 0.0000000000
55256  -8.784  -34.223  57.313 0.0000000000
56512  -8.007  -33.502  55.913 0.0000000000
57758  -9.249  -33.421  54.812 0.0000000000
57763  -8.735  -33.072  54.160 0.0000000000
56524  -8.608  -33.670  52.808 0.0000000000
57772  -8.287  -32.737  52.663 0.0000000000
57778  -8.066  -32.546  51.840 0.0000000000
57794  -7.836  -32.567  50.446 0.0000000000
57801  -8.363  -32.872  48.900 0.0000000000
56555  -8.261  -33.917  48.171 0.0000000000
55321  -7.609  -35.112  47.279 0.0000000000
66376  -40.867  -24.289  45.351 0.0000000000
68857  -41.184  -23.282  46.149 0.0000000000
67613  -41.163  -24.111  46.380 0.0000000000
65155  -40.325  -24.748  45.614 0.0000000000
65168  -40.302  -25.486  44.951 0.0000000000
65154  -39.959  -25.286  45.541 0.0000000000
67612  -41.603  -24.776  47.243 0.0000000000
81121  -57.178  -12.797  26.913 0.0000000000
82311  -57.620  -12.382  27.141 0.0000000000
79953  -56.492  -12.883  26.869 0.0000000000
74014  -46.673  -17.908  35.004 0.0000000000
74012  -45.071  -17.460  35.024 0.0000000000
74036  -45.766  -18.061  34.526 0.0000000000
60530  -8.752  -30.431  48.776 0.0000000000
60550  -8.917  -30.785  47.934 0.0000000000
59174  -8.883  -31.622  48.403 0.0000000000
53866  -15.937  -34.124  54.401 0.0000000000
75148  -43.073  -19.180  41.851 0.0000000000
67518  -7.739  -24.091  55.627 0.0000000000
77612  -52.577  -16.953  31.463 0.0000000000
77596  -54.188  -15.998  32.377 0.0000000000
77595  -53.358  -16.539  32.803 0.0000000000
76407  -52.253  -17.546  31.672 0.0000000000
66305  -21.783  -26.383  51.041 0.0000000000
66294  -21.573  -26.591  51.305 0.0000000000
65078  -22.031  -26.927  51.412 0.0000000000
60536  -28.663  -30.381  47.280 0.0000000000
60527  -28.409  -29.837  48.011 0.0000000000
72724  -6.889  -20.631  39.345 0.0000000000
71446  -7.382  -21.715  39.316 0.0000000000
57946  -8.894  -31.399  41.433 0.0000000000
56501  -10.348  -33.247  58.334 0.0000000000
57746  -9.987  -32.328  58.223 0.0000000000
57745  -9.024  -32.272  57.885 0.0000000000
56508  -8.929  -33.251  57.499 0.0000000000
70187  -43.320  -21.974  43.882 0.0000000000
71373  -43.621  -21.163  43.838 0.0000000000
59230  -38.359  -31.264  45.894 0.0000000000
57875  -37.617  -31.563  44.815 0.0000000000
82324  -59.755  -12.263  24.366 0.0000000000
81142  -58.864  -13.027  24.923 0.0000000000
82319  -59.745  -12.665  25.228 0.0000000000
82320  -60.590  -12.822  25.101 0.0000000000
74085  -50.142  -19.201  33.780 0.0000000000
74067  -51.127  -18.771  35.054 0.0000000000
74066  -50.259  -19.065  34.558 0.0000000000
74083  -48.402  -18.956  32.965 0.0000000000
75090  -12.214  -18.463  44.435 0.0000000000
75107  -11.301  -18.573  44.046 0.0000000000
76202  -10.079  -18.239  43.822 0.0000000000
76203  -10.811  -18.467  44.055 0.0000000000
65138  -12.431  -26.000  48.397 0.0000000000
66347  -12.787  -25.182  47.962 0.0000000000
59217  -10.937  -31.606  45.252 0.0000000000
60562  -11.091  -30.911  45.262 0.0000000000
57862  -10.823  -31.988  44.455 0.0000000000
57882  -10.752  -31.682  43.967 0.0000000000
56600  -10.407  -33.566  43.965 0.0000000000
62817  -15.430  -28.530  56.359 0.0000000000
61632  -15.851  -29.528  56.342 0.0000000000
56504  -14.407  -32.610  56.824 0.0000000000
77511  -43.474  -16.301  37.745 0.0000000000
77497  -44.623  -16.539  38.107 0.0000000000
77496  -43.426  -16.438  38.821 0.0000000000
65250  -42.613  -25.268  39.680 0.0000000000
76308  -41.624  -16.996  38.250 0.0000000000
77539  -42.816  -16.610  36.908 0.0000000000
64022  -34.772  -27.374  46.265 0.0000000000
62894  -34.716  -27.795  45.617 0.0000000000
62882  -34.478  -28.506  45.604 0.0000000000
60543  -36.160  -29.761  47.533 0.0000000000
61693  -35.940  -28.958  48.016 0.0000000000
57872  -30.783  -31.579  43.821 0.0000000000
57857  -30.779  -31.776  44.904 0.0000000000
57839  -30.666  -30.872  45.992 0.0000000000
57871  -30.184  -30.523  44.244 0.0000000000
57890  -29.176  -30.359  43.859 0.0000000000
71261  -8.874  -21.989  52.277 0.0000000000
72565  -9.033  -21.112  52.487 0.0000000000
70078  -9.328  -22.213  51.711 0.0000000000
71274  -9.204  -21.484  50.877 0.0000000000
68804  -9.054  -23.024  50.333 0.0000000000
68786  -8.198  -23.215  50.874 0.0000000000
63972  -10.444  -26.420  52.975 0.0000000000
65076  -10.640  -25.834  52.502 0.0000000000
63973  -11.168  -26.629  52.640 0.0000000000
62844  -11.429  -28.685  51.520 0.0000000000
62843  -11.095  -28.044  52.216 0.0000000000
79909  -54.854  -14.329  29.942 0.0000000000
81050  -55.271  -14.016  29.887 0.0000000000
81027  -55.011  -13.410  30.594 0.0000000000
78795  -53.543  -14.980  29.350 0.0000000000
79926  -54.270  -14.447  29.651 0.0000000000
79927  -54.943  -14.128  29.166 0.0000000000
59117  -18.290  -29.599  53.503 0.0000000000
57770  -18.105  -30.490  53.228 0.0000000000
59206  -22.938  -29.594  45.324 0.0000000000
59145  -20.242  -30.593  49.588 0.0000000000
72667  -8.292  -20.546  43.484 0.0000000000
73911  -7.818  -19.634  44.381 0.0000000000
71374  -8.064  -20.888  42.915 0.0000000000
65202  -11.290  -25.911  43.599 0.0000000000
66410  -10.877  -25.163  43.201 0.0000000000
65201  -10.412  -25.939  43.569 0.0000000000
65211  -6.756  -26.471  42.339 0.0000000000
65221  -6.750  -26.537  41.677 0.0000000000
65231  -7.034  -26.763  41.265 0.0000000000
65232  -7.668  -26.857  41.442 0.0000000000
64077  -7.120  -27.627  40.814 0.0000000000
69977  -11.407  -23.201  57.424 0.0000000000
68729  -10.998  -24.151  58.310 0.0000000000
63935  -10.047  -28.435  57.320 0.0000000000
63934  -10.513  -27.791  57.336 0.0000000000
63939  -9.661  -27.849  57.100 0.0000000000
62823  -9.754  -28.642  56.227 0.0000000000
60500  -9.545  -31.022  53.801 0.0000000000
60503  -9.342  -31.612  52.879 0.0000000000
59125  -9.038  -32.356  53.039 0.0000000000
51407  -9.208  -37.683  53.995 0.0000000000
51403  -9.765  -37.420  54.632 0.0000000000
64055  -41.383  -26.083  43.044 0.0000000000
67628  -41.640  -23.206  45.046 0.0000000000
67643  -41.945  -23.140  44.426 0.0000000000
68881  -42.479  -22.735  44.319 0.0000000000
60559  -40.232  -29.694  45.941 0.0000000000
60564  -40.699  -29.852  45.189 0.0000000000
61717  -40.703  -29.254  45.470 0.0000000000
62916  -41.039  -26.864  44.228 0.0000000000
61719  -41.584  -28.383  44.468 0.0000000000
62915  -41.373  -27.724  43.982 0.0000000000
62919  -42.005  -27.764  43.313 0.0000000000
62885  -39.696  -27.325  45.507 0.0000000000
133430  -39.217  -26.353  45.700 0.0000000000
61706  -40.070  -28.301  45.443 0.0000000000
81141  -58.184  -12.770  25.477 0.0000000000
82317  -58.275  -12.241  25.844 0.0000000000
78831  -52.941  -15.154  25.475 0.0000000000
79971  -55.755  -14.356  25.503 0.0000000000
79970  -54.892  -14.311  25.470 0.0000000000
79988  -54.291  -14.495  23.610 0.0000000000
79990  -56.045  -14.366  24.146 0.0000000000
79981  -56.266  -14.349  24.865 0.0000000000
74039  -48.351  -18.657  34.546 0.0000000000
75223  -47.844  -17.524  35.373 0.0000000000
76333  -48.447  -17.277  35.041 0.0000000000
76343  -48.483  -16.906  34.902 0.0000000000
75257  -44.746  -17.678  33.965 0.0000000000
74059  -44.033  -17.784  33.789 0.0000000000
72821  -45.017  -17.653  32.837 0.0000000000
72799  -45.543  -17.932  33.299 0.0000000000
75258  -46.762  -18.711  34.105 0.0000000000
72801  -46.608  -18.593  33.574 0.0000000000
74063  -47.145  -18.743  33.956 0.0000000000
72803  -47.499  -18.952  33.672 0.0000000000
62866  -10.699  -29.173  48.102 0.0000000000
60556  -10.100  -31.504  47.736 0.0000000000
61707  -10.990  -31.049  47.604 0.0000000000
60557  -10.469  -31.605  46.855 0.0000000000
57831  -10.296  -32.706  45.932 0.0000000000
57829  -8.833  -33.301  47.093 0.0000000000
56574  -9.024  -34.057  46.679 0.0000000000
55334  -8.223  -34.710  46.407 0.0000000000
56511  -17.796  -32.540  56.530 0.0000000000
56514  -17.588  -33.040  56.504 0.0000000000
76286  -42.710  -17.111  40.125 0.0000000000
70244  -41.622  -22.246  41.580 0.0000000000
71433  -41.393  -21.569  41.328 0.0000000000
71432  -41.078  -21.090  40.824 0.0000000000
71444  -40.941  -21.645  39.889 0.0000000000
72720  -40.990  -20.364  40.737 0.0000000000
72719  -40.624  -19.910  40.393 0.0000000000
73966  -40.850  -19.282  40.762 0.0000000000
76276  -42.801  -17.535  40.933 0.0000000000
76285  -41.996  -17.955  40.264 0.0000000000
65152  -34.098  -26.686  47.194 0.0000000000
64004  -34.149  -27.180  47.995 0.0000000000
56592  -34.204  -33.459  45.168 0.0000000000
56580  -34.523  -32.719  45.468 0.0000000000
55367  -33.419  -33.129  44.388 0.0000000000
82358  -60.938  -12.098  20.281 0.0000000000
82357  -60.132  -12.641  20.232 0.0000000000
82371  -60.436  -12.098  19.399 0.0000000000
83497  -61.091  -11.837  19.089 0.0000000000
83491  -61.331  -11.678  19.832 0.0000000000
68773  -7.716  -23.331  51.808 0.0000000000
68766  -7.611  -23.310  52.830 0.0000000000
66275  -7.966  -24.866  54.273 0.0000000000
66279  -7.743  -25.186  53.242 0.0000000000
65074  -9.177  -25.781  52.703 0.0000000000
65064  -9.239  -26.059  53.671 0.0000000000
78760  -54.315  -15.069  31.093 0.0000000000
79884  -54.528  -14.347  31.392 0.0000000000
78739  -54.700  -15.034  31.951 0.0000000000
74154  -48.819  -19.215  29.508 0.0000000000
74155  -49.627  -18.761  29.665 0.0000000000
75331  -50.012  -18.147  29.154 0.0000000000
76429  -50.540  -17.340  28.999 0.0000000000
77628  -53.067  -16.346  30.445 0.0000000000
77638  -52.100  -16.460  29.650 0.0000000000
78778  -53.226  -15.475  30.119 0.0000000000
67533  -20.150  -25.676  52.373 0.0000000000
63969  -20.676  -27.551  51.596 0.0000000000
62833  -19.100  -28.593  52.638 0.0000000000
62838  -19.906  -28.620  52.054 0.0000000000
59178  -18.546  -29.748  47.322 0.0000000000
76138  -8.351  -17.998  47.928 0.0000000000
75022  -8.502  -17.863  47.535 0.0000000000
75037  -7.745  -18.822  47.313 0.0000000000
71331  -9.329  -20.705  46.330 0.0000000000
73881  -7.783  -19.622  46.687 0.0000000000
71345  -9.134  -20.605  44.927 0.0000000000
72634  -8.680  -20.399  44.739 0.0000000000
60566  -8.409  -29.474  43.361 0.0000000000
61720  -8.039  -28.965  42.816 0.0000000000
60574  -7.754  -30.134  43.573 0.0000000000
59289  -7.788  -30.459  41.831 0.0000000000
60585  -6.806  -30.283  42.565 0.0000000000
60595  -6.984  -30.236  41.536 0.0000000000
61730  -6.648  -29.339  41.737 0.0000000000
60601  -7.872  -30.023  40.994 0.0000000000
68739  -13.663  -24.051  56.174 0.0000000000
69990  -13.622  -23.816  56.122 0.0000000000
69984  -12.909  -23.671  56.523 0.0000000000
69979  -12.341  -24.011  56.648 0.0000000000
60466  -11.359  -30.341  58.917 0.0000000000
60474  -10.473  -30.615  57.468 0.0000000000
61631  -10.615  -29.740  57.139 0.0000000000
60475  -10.473  -30.468  57.007 0.0000000000
60486  -10.195  -29.906  56.490 0.0000000000
60484  -9.690  -31.640  55.951 0.0000000000
59115  -9.510  -32.362  55.409 0.0000000000
59119  -9.113  -31.768  54.707 0.0000000000
59114  -9.458  -32.937  54.937 0.0000000000
64091  -42.402  -26.207  40.156 0.0000000000
64092  -43.432  -26.239  41.020 0.0000000000
64064  -41.724  -25.408  42.863 0.0000000000
64072  -42.074  -25.618  42.154 0.0000000000
67680  -42.102  -23.015  42.875 0.0000000000
66450  -41.616  -23.667  42.414 0.0000000000
67692  -41.665  -23.315  42.249 0.0000000000
68934  -41.844  -22.812  42.391 0.0000000000
68933  -41.710  -22.836  42.004 0.0000000000
68921  -42.247  -22.392  42.449 0.0000000000
71400  -43.728  -21.386  42.692 0.0000000000
60578  -39.337  -30.077  43.714 0.0000000000
63995  -36.342  -26.875  48.778 0.0000000000
61682  -36.270  -28.450  48.360 0.0000000000
61683  -36.408  -28.337  47.736 0.0000000000
63997  -38.255  -25.847  46.725 0.0000000000
133431  -37.843  -26.926  46.589 0.0000000000
57828  -37.790  -31.228  47.141 0.0000000000
59173  -37.579  -29.825  47.433 0.0000000000
57827  -37.257  -31.396  47.219 0.0000000000
59194  -36.851  -30.975  47.748 0.0000000000
57842  -36.403  -31.949  46.808 0.0000000000
56582  -36.049  -32.241  46.577 0.0000000000
56595  -36.461  -32.371  46.230 0.0000000000
56626  -35.296  -33.297  43.443 0.0000000000
84622  -60.298  -10.974  23.712 0.0000000000
81154  -56.944  -14.201  23.791 0.0000000000
81163  -56.113  -13.628  22.824 0.0000000000
81164  -57.237  -13.648  22.726 0.0000000000
81165  -58.271  -13.534  22.515 0.0000000000
81166  -59.130  -13.396  22.158 0.0000000000
82325  -60.666  -12.627  24.243 0.0000000000
81158  -60.565  -12.768  23.479 0.0000000000
75296  -51.374  -18.556  32.618 0.0000000000
75282  -52.370  -17.868  33.550 0.0000000000
75241  -51.632  -17.814  35.042 0.0000000000
76347  -51.986  -17.198  34.686 0.0000000000
75239  -49.733  -18.156  34.103 0.0000000000
75261  -50.442  -18.009  34.033 0.0000000000
72846  -45.787  -18.122  31.820 0.0000000000
74097  -47.824  -18.825  31.566 0.0000000000
72894  -47.550  -19.396  30.772 0.0000000000
74101  -50.874  -19.052  33.272 0.0000000000
74119  -50.818  -19.070  32.396 0.0000000000
59227  -26.676  -31.025  45.499 0.0000000000
59239  -25.675  -30.663  44.481 0.0000000000
59238  -24.628  -30.998  44.328 0.0000000000
76241  -10.408  -17.642  42.320 0.0000000000
76239  -8.860  -17.408  42.153 0.0000000000
75150  -7.092  -18.731  40.696 0.0000000000
75138  -6.938  -18.637  41.502 0.0000000000
67599  -10.277  -23.322  47.644 0.0000000000
67614  -10.757  -23.090  47.119 0.0000000000
67616  -11.836  -23.540  47.471 0.0000000000
66364  -12.964  -25.616  46.771 0.0000000000
67632  -12.678  -24.899  46.460 0.0000000000
66379  -13.330  -26.110  45.457 0.0000000000
65186  -12.596  -26.363  44.415 0.0000000000
64026  -12.387  -27.301  45.070 0.0000000000
61700  -10.815  -29.590  47.147 0.0000000000
64015  -11.452  -27.865  47.110 0.0000000000
61709  -11.198  -29.234  46.448 0.0000000000
61715  -11.203  -28.892  45.613 0.0000000000
62897  -10.198  -29.000  44.430 0.0000000000
55360  -9.276  -35.128  44.062 0.0000000000
66258  -15.441  -25.933  55.725 0.0000000000
65041  -15.189  -26.803  55.604 0.0000000000
62812  -14.922  -28.584  57.450 0.0000000000
63937  -14.647  -27.728  56.379 0.0000000000
62811  -14.530  -28.436  58.268 0.0000000000
61627  -14.641  -29.561  58.094 0.0000000000
59104  -15.603  -31.403  57.002 0.0000000000
57749  -15.352  -31.889  57.119 0.0000000000
57742  -14.091  -32.072  58.160 0.0000000000
59099  -14.148  -31.214  57.882 0.0000000000
59098  -13.807  -31.251  58.500 0.0000000000
60469  -13.769  -30.500  58.610 0.0000000000
59097  -13.241  -31.184  57.965 0.0000000000
55243  -12.087  -33.612  57.892 0.0000000000
56495  -12.265  -32.942  58.235 0.0000000000
56503  -11.907  -33.522  58.208 0.0000000000
56502  -11.353  -33.188  58.311 0.0000000000
75197  -44.862  -16.608  36.213 0.0000000000
75198  -45.583  -16.772  36.315 0.0000000000
75180  -45.139  -16.536  36.855 0.0000000000
68947  -41.457  -23.020  40.144 0.0000000000
67709  -41.543  -24.186  39.457 0.0000000000
70270  -40.865  -23.438  39.327 0.0000000000
75195  -41.349  -17.499  37.395 0.0000000000
75194  -40.231  -18.217  37.368 0.0000000000
75219  -44.488  -16.893  35.571 0.0000000000
62872  -31.960  -29.459  46.051 0.0000000000
61688  -30.338  -29.604  47.199 0.0000000000
60552  -30.379  -29.923  47.232 0.0000000000
62862  -35.227  -28.219  48.542 0.0000000000
62874  -35.840  -28.162  47.007 0.0000000000
56570  -33.862  -32.086  45.305 0.0000000000
57823  -34.209  -31.357  45.405 0.0000000000
57809  -33.509  -30.934  45.665 0.0000000000
59167  -32.835  -30.567  45.882 0.0000000000
59166  -31.543  -30.746  46.421 0.0000000000
57819  -29.925  -31.281  46.746 0.0000000000
59190  -30.252  -31.251  47.068 0.0000000000
59189  -29.317  -31.162  47.305 0.0000000000
57837  -28.625  -30.904  46.572 0.0000000000
57854  -28.116  -30.601  46.466 0.0000000000
59229  -28.232  -30.311  45.361 0.0000000000
57911  -28.481  -30.284  43.749 0.0000000000
59257  -27.626  -30.249  44.168 0.0000000000
83507  -62.244  -11.005  18.775 0.0000000000
83517  -61.495  -11.495  17.555 0.0000000000
85786  -63.249  -9.097  16.757 0.0000000000
76112  -7.774  -18.077  49.534 0.0000000000
73849  -7.909  -19.727  48.671 0.0000000000
73830  -8.071  -19.624  52.103 0.0000000000
73833  -7.512  -20.172  51.055 0.0000000000
71288  -9.156  -21.319  50.008 0.0000000000
71303  -8.874  -21.372  48.885 0.0000000000
68832  -9.658  -22.654  48.512 0.0000000000
68818  -9.462  -22.780  49.493 0.0000000000
67578  -10.078  -23.481  50.219 0.0000000000
66324  -10.818  -23.777  50.236 0.0000000000
66335  -11.394  -24.285  49.532 0.0000000000
66325  -11.004  -24.667  50.466 0.0000000000
66299  -9.049  -23.704  51.929 0.0000000000
63977  -12.131  -26.000  51.135 0.0000000000
65095  -11.424  -25.548  51.127 0.0000000000
65096  -12.205  -25.958  50.777 0.0000000000
65109  -12.267  -26.005  50.262 0.0000000000
65097  -12.005  -26.736  50.519 0.0000000000
63988  -12.484  -27.717  49.984 0.0000000000
63979  -12.092  -27.566  50.455 0.0000000000
62847  -10.926  -29.208  50.529 0.0000000000
60521  -9.651  -30.180  49.565 0.0000000000
79929  -56.142  -13.637  28.468 0.0000000000
81080  -57.755  -13.102  29.345 0.0000000000
81079  -56.615  -13.008  28.879 0.0000000000
75200  -47.012  -17.056  36.116 0.0000000000
77648  -50.723  -16.168  28.212 0.0000000000
76463  -50.069  -16.680  27.322 0.0000000000
77662  -50.870  -15.627  28.062 0.0000000000
77671  -51.285  -15.638  27.623 0.0000000000
78825  -51.787  -15.562  27.148 0.0000000000
78829  -51.060  -15.790  26.249 0.0000000000
78826  -52.819  -15.024  26.637 0.0000000000
79940  -55.170  -14.274  28.131 0.0000000000
79941  -55.925  -13.952  27.899 0.0000000000
66267  -17.783  -26.070  55.738 0.0000000000
65051  -17.554  -26.538  55.464 0.0000000000
63943  -16.359  -27.713  54.820 0.0000000000
63948  -17.035  -27.276  54.979 0.0000000000
65058  -18.863  -26.350  53.548 0.0000000000
65057  -18.541  -26.335  54.048 0.0000000000
63953  -18.586  -26.892  53.731 0.0000000000
61646  -17.416  -28.967  54.414 0.0000000000
60495  -17.641  -29.721  54.750 0.0000000000
61645  -17.163  -29.401  54.845 0.0000000000
60489  -17.855  -30.572  55.247 0.0000000000
59112  -18.314  -31.172  55.734 0.0000000000
57757  -18.746  -30.941  55.776 0.0000000000
56523  -16.822  -31.350  53.782 0.0000000000
57764  -17.261  -31.967  54.924 0.0000000000
55275  -16.539  -32.376  54.201 0.0000000000
55279  -16.134  -32.707  53.778 0.0000000000
56527  -16.128  -32.106  53.565 0.0000000000
59185  -25.812  -31.134  46.929 0.0000000000
59184  -25.036  -30.928  46.599 0.0000000000
59159  -24.924  -30.189  46.995 0.0000000000
60531  -24.371  -29.299  47.193 0.0000000000
60524  -25.703  -29.082  47.813 0.0000000000
59181  -22.099  -29.420  46.424 0.0000000000
59180  -20.816  -29.584  46.880 0.0000000000
59147  -22.178  -29.490  47.982 0.0000000000
59141  -21.221  -28.805  49.736 0.0000000000
60511  -21.889  -28.365  49.625 0.0000000000
60508  -22.178  -28.115  50.113 0.0000000000
61661  -22.270  -27.839  50.081 0.0000000000
61660  -21.745  -28.622  50.915 0.0000000000
62840  -21.752  -27.961  51.154 0.0000000000
59134  -19.694  -30.814  51.513 0.0000000000
60506  -20.313  -29.421  51.445 0.0000000000
59129  -20.076  -30.111  51.630 0.0000000000
59124  -19.835  -30.281  52.212 0.0000000000
57784  -19.279  -31.303  51.687 0.0000000000
57806  -18.088  -29.724  49.492 0.0000000000
57789  -17.233  -30.786  51.033 0.0000000000
57782  -17.805  -30.724  51.984 0.0000000000
56539  -17.032  -30.892  52.183 0.0000000000
76154  -11.449  -17.796  46.996 0.0000000000
76155  -12.556  -17.628  47.163 0.0000000000
76171  -12.109  -17.718  46.126 0.0000000000
75039  -8.972  -17.757  46.815 0.0000000000
75059  -8.656  -18.552  46.141 0.0000000000
75072  -8.599  -18.199  45.137 0.0000000000
75073  -9.258  -17.748  45.062 0.0000000000
76185  -9.067  -18.076  44.425 0.0000000000
75085  -8.404  -18.321  44.160 0.0000000000
75103  -7.563  -18.532  43.627 0.0000000000
72680  -6.916  -20.676  42.576 0.0000000000
72695  -6.507  -20.699  41.301 0.0000000000
71401  -6.491  -21.326  41.070 0.0000000000
68873  -10.855  -23.041  45.989 0.0000000000
68884  -11.189  -22.344  44.787 0.0000000000
67674  -10.767  -23.752  42.485 0.0000000000
70190  -11.044  -21.997  43.252 0.0000000000
71388  -10.586  -21.907  42.755 0.0000000000
70189  -10.219  -21.580  42.787 0.0000000000
68911  -9.843  -22.830  41.978 0.0000000000
64033  -8.313  -27.669  42.784 0.0000000000
65198  -8.090  -26.684  42.397 0.0000000000
66439  -7.555  -25.300  41.867 0.0000000000
68910  -8.694  -22.967  41.899 0.0000000000
68924  -8.198  -23.730  41.732 0.0000000000
68923  -7.948  -23.661  41.249 0.0000000000
67704  -6.801  -24.643  40.678 0.0000000000
67714  -6.881  -24.450  40.054 0.0000000000
67705  -7.295  -24.972  40.564 0.0000000000
66257  -14.766  -26.022  56.036 0.0000000000
66256  -14.125  -26.025  56.402 0.0000000000
65033  -12.632  -27.099  56.840 0.0000000000
67501  -11.914  -25.266  56.309 0.0000000000
66249  -11.700  -26.022  56.753 0.0000000000
65030  -10.899  -26.640  56.793 0.0000000000
65031  -11.566  -26.918  56.710 0.0000000000
67498  -10.355  -25.572  58.842 0.0000000000
66254  -10.047  -25.757  57.979 0.0000000000
67514  -8.451  -24.288  56.908 0.0000000000
66266  -8.131  -25.304  56.175 0.0000000000
66271  -7.887  -25.655  55.561 0.0000000000
65054  -8.303  -26.169  55.386 0.0000000000
63955  -8.731  -27.077  54.788 0.0000000000
63956  -9.921  -27.475  54.575 0.0000000000
61642  -10.263  -29.448  55.448 0.0000000000
61650  -10.026  -30.581  53.363 0.0000000000
62835  -10.855  -28.409  53.740 0.0000000000
61655  -11.000  -29.873  52.627 0.0000000000
60509  -8.960  -31.091  51.992 0.0000000000
61663  -9.260  -31.024  51.395 0.0000000000
60512  -8.820  -31.280  50.861 0.0000000000
60513  -9.177  -30.765  50.290 0.0000000000
53847  -9.581  -35.553  57.453 0.0000000000
53853  -8.498  -36.002  56.425 0.0000000000
52540  -8.759  -37.108  56.344 0.0000000000
53846  -8.813  -35.328  57.196 0.0000000000
55262  -8.425  -34.628  56.372 0.0000000000
55270  -9.426  -34.916  54.493 0.0000000000
56516  -8.239  -33.742  55.092 0.0000000000
56519  -9.181  -33.870  54.524 0.0000000000
56525  -9.069  -33.502  53.208 0.0000000000
56531  -8.449  -33.150  52.988 0.0000000000
57771  -7.580  -33.133  52.145 0.0000000000
57779  -8.411  -32.410  52.348 0.0000000000
57785  -7.509  -32.904  50.589 0.0000000000
57793  -8.200  -32.981  50.073 0.0000000000
59149  -8.231  -32.388  49.683 0.0000000000
68868  -41.623  -22.831  45.469 0.0000000000
65195  -40.856  -25.035  43.830 0.0000000000
65179  -40.648  -24.898  44.335 0.0000000000
66377  -41.340  -23.691  45.213 0.0000000000
62896  -39.841  -27.280  44.949 0.0000000000
62904  -40.888  -28.373  45.093 0.0000000000
64023  -39.974  -26.527  44.582 0.0000000000
62906  -40.594  -26.975  44.366 0.0000000000
66344  -40.714  -25.380  47.004 0.0000000000
65137  -40.721  -25.230  46.414 0.0000000000
67611  -41.157  -24.410  47.650 0.0000000000
81137  -57.770  -12.727  26.536 0.0000000000
79951  -55.317  -13.780  27.175 0.0000000000
79962  -54.985  -13.727  26.235 0.0000000000
81135  -55.563  -13.935  26.083 0.0000000000
79963  -55.767  -13.963  26.255 0.0000000000
79972  -56.533  -14.179  25.616 0.0000000000
79965  -57.383  -13.143  26.338 0.0000000000
75238  -46.815  -18.390  34.337 0.0000000000
75201  -47.489  -17.047  35.637 0.0000000000
74060  -45.121  -17.734  33.937 0.0000000000
61686  -10.152  -29.881  48.593 0.0000000000
56521  -16.838  -32.719  55.279 0.0000000000
55269  -16.291  -33.066  55.501 0.0000000000
53867  -16.125  -33.752  54.910 0.0000000000
73968  -42.831  -20.783  42.341 0.0000000000
72721  -42.386  -21.006  42.018 0.0000000000
73957  -42.767  -20.303  42.266 0.0000000000
73956  -42.130  -19.750  41.590 0.0000000000
73967  -41.341  -19.742  41.242 0.0000000000
76275  -42.457  -18.295  41.237 0.0000000000
55398  -32.984  -33.261  43.160 0.0000000000
82345  -61.226  -11.849  21.158 0.0000000000
84635  -61.033  -10.600  20.959 0.0000000000
68761  -7.446  -23.261  53.833 0.0000000000
77614  -54.072  -15.708  31.622 0.0000000000
75306  -50.461  -18.728  30.903 0.0000000000
75317  -50.992  -18.198  30.564 0.0000000000
76418  -51.418  -17.559  30.169 0.0000000000
76419  -51.997  -17.294  30.507 0.0000000000
77627  -52.467  -16.806  30.939 0.0000000000
66292  -20.579  -26.120  51.554 0.0000000000
66282  -20.958  -26.647  51.520 0.0000000000
62870  -29.907  -28.913  47.532 0.0000000000
75160  -7.421  -18.754  39.801 0.0000000000
73970  -7.704  -19.571  39.259 0.0000000000
59269  -8.138  -31.050  42.406 0.0000000000
60586  -7.287  -30.671  42.964 0.0000000000
57925  -8.365  -31.460  42.067 0.0000000000
57945  -8.543  -30.825  41.958 0.0000000000
57967  -8.854  -30.803  41.181 0.0000000000
68740  -14.134  -24.251  56.127 0.0000000000
57738  -11.281  -32.194  58.742 0.0000000000
59094  -10.759  -31.263  58.997 0.0000000000
57737  -10.556  -31.964  58.613 0.0000000000
60473  -10.118  -31.541  57.353 0.0000000000
59107  -9.717  -31.574  56.759 0.0000000000
59106  -9.235  -31.596  57.228 0.0000000000
57755  -9.305  -33.204  56.197 0.0000000000
67669  -42.118  -23.252  43.531 0.0000000000
67670  -42.334  -22.994  43.485 0.0000000000
70197  -43.566  -22.101  43.271 0.0000000000
60580  -41.017  -29.238  43.358 0.0000000000
60548  -39.402  -28.573  46.978 0.0000000000
60547  -38.784  -28.910  47.292 0.0000000000
59215  -38.880  -30.492  47.133 0.0000000000
59214  -38.320  -31.096  46.848 0.0000000000
57859  -37.065  -32.176  45.861 0.0000000000
56610  -36.549  -32.650  45.554 0.0000000000
57873  -36.319  -32.752  44.285 0.0000000000
83475  -60.026  -11.711  23.947 0.0000000000
81149  -59.940  -13.220  24.266 0.0000000000
76346  -51.344  -17.536  34.411 0.0000000000
74098  -48.366  -18.778  32.052 0.0000000000
59255  -25.615  -30.566  43.530 0.0000000000
77421  -10.699  -17.628  42.926 0.0000000000
76219  -9.305  -17.818  43.267 0.0000000000
76218  -8.362  -17.661  43.065 0.0000000000
67601  -11.659  -23.626  48.483 0.0000000000
66363  -12.719  -24.355  47.951 0.0000000000
66348  -12.849  -25.545  47.381 0.0000000000
65157  -12.808  -26.561  46.563 0.0000000000
61713  -11.170  -30.789  46.560 0.0000000000
60568  -10.356  -30.413  44.353 0.0000000000
60576  -9.886  -30.675  43.686 0.0000000000
59232  -10.201  -30.917  43.834 0.0000000000
59249  -10.421  -31.390  43.709 0.0000000000
56619  -10.319  -33.696  42.737 0.0000000000
56618  -9.913  -34.514  42.987 0.0000000000
63941  -15.642  -27.584  55.466 0.0000000000
63938  -15.093  -27.666  55.795 0.0000000000
62813  -15.132  -28.957  57.007 0.0000000000
56505  -15.172  -32.529  56.884 0.0000000000
57748  -14.963  -32.149  57.231 0.0000000000
56499  -14.633  -32.315  57.189 0.0000000000
56498  -13.973  -32.352  57.240 0.0000000000
56497  -13.432  -32.426  57.624 0.0000000000
55245  -12.974  -32.885  57.188 0.0000000000
55244  -12.439  -33.287  57.529 0.0000000000
77528  -43.563  -16.460  36.628 0.0000000000
76310  -44.603  -16.405  36.984 0.0000000000
76295  -44.954  -16.520  37.369 0.0000000000
70255  -40.683  -22.507  39.457 0.0000000000
75179  -40.920  -17.662  38.852 0.0000000000
75196  -41.781  -16.737  36.816 0.0000000000
75217  -42.230  -16.685  36.001 0.0000000000
76329  -42.417  -16.625  36.836 0.0000000000
76342  -43.057  -16.575  36.526 0.0000000000
62881  -32.696  -29.020  45.706 0.0000000000
62863  -35.756  -28.318  48.865 0.0000000000
56577  -31.768  -32.766  45.297 0.0000000000
57841  -32.356  -31.991  45.618 0.0000000000
57821  -31.797  -31.478  45.954 0.0000000000
59191  -31.088  -31.060  46.343 0.0000000000
57870  -28.780  -30.192  44.765 0.0000000000
82387  -59.005  -12.346  18.330 0.0000000000
72569  -8.642  -20.983  51.260 0.0000000000
67564  -9.663  -23.769  50.586 0.0000000000
67539  -10.127  -24.816  52.161 0.0000000000
66290  -10.683  -25.475  52.183 0.0000000000
65087  -11.323  -25.846  52.263 0.0000000000
63975  -11.981  -25.988  51.644 0.0000000000
62848  -11.496  -28.531  51.243 0.0000000000
61665  -10.587  -29.557  51.301 0.0000000000
81078  -55.781  -13.511  29.014 0.0000000000
81051  -55.771  -13.294  29.806 0.0000000000
81029  -55.686  -12.869  30.110 0.0000000000
78803  -52.437  -15.765  29.012 0.0000000000
77663  -51.554  -15.723  28.096 0.0000000000
78804  -52.902  -15.142  28.699 0.0000000000
79938  -53.370  -14.849  28.217 0.0000000000
66272  -18.630  -26.001  54.944 0.0000000000
133401  -18.440  -28.348  53.145 0.0000000000
63968  -18.016  -27.930  53.224 0.0000000000
133405  -18.279  -28.857  53.436 0.0000000000
60496  -17.993  -29.088  53.806 0.0000000000
59116  -17.891  -30.049  54.581 0.0000000000
57761  -18.146  -30.833  55.061 0.0000000000
56529  -17.030  -31.329  53.301 0.0000000000
59136  -20.932  -29.113  50.265 0.0000000000
59130  -20.415  -29.396  50.959 0.0000000000
59139  -19.911  -30.719  50.632 0.0000000000
59138  -19.539  -31.064  50.536 0.0000000000
57788  -16.596  -32.057  50.984 0.0000000000
57780  -16.490  -31.327  51.616 0.0000000000
73900  -7.590  -19.494  45.402 0.0000000000
73899  -7.791  -19.709  44.848 0.0000000000
73912  -7.532  -19.098  44.592 0.0000000000
73925  -7.575  -18.915  44.063 0.0000000000
67660  -11.929  -24.261  44.035 0.0000000000
68899  -11.674  -23.660  44.680 0.0000000000
67659  -11.395  -24.146  42.992 0.0000000000
67658  -10.482  -24.566  42.665 0.0000000000
64047  -6.985  -27.340  42.659 0.0000000000
65197  -7.216  -26.560  42.749 0.0000000000
66425  -7.135  -25.771  42.460 0.0000000000
67681  -7.544  -24.762  41.536 0.0000000000
66451  -6.956  -25.690  41.175 0.0000000000
66462  -7.684  -25.871  40.850 0.0000000000
65035  -13.747  -27.408  56.820 0.0000000000
65038  -13.735  -26.793  56.436 0.0000000000
65034  -13.269  -27.185  56.702 0.0000000000
65036  -10.259  -25.465  57.348 0.0000000000
63944  -9.021  -26.876  56.149 0.0000000000
60497  -9.274  -30.961  54.736 0.0000000000
60498  -10.023  -30.394  54.681 0.0000000000
52539  -9.030  -36.553  55.422 0.0000000000
53857  -9.243  -35.657  55.014 0.0000000000
56535  -7.324  -34.064  51.736 0.0000000000
62931  -41.451  -26.669  42.231 0.0000000000
62923  -41.921  -26.852  42.815 0.0000000000
65210  -41.600  -24.560  43.331 0.0000000000
65196  -41.211  -24.566  43.928 0.0000000000
66423  -41.728  -23.733  43.242 0.0000000000
67655  -42.238  -23.159  43.867 0.0000000000
68882  -42.723  -22.263  44.532 0.0000000000
59245  -39.191  -31.067  45.334 0.0000000000
60570  -39.887  -30.536  44.750 0.0000000000
60571  -40.557  -29.939  44.196 0.0000000000
61718  -41.564  -28.910  45.258 0.0000000000
61723  -41.905  -29.027  44.197 0.0000000000
60572  -41.169  -29.413  43.827 0.0000000000
61735  -41.806  -28.302  42.839 0.0000000000
65135  -38.619  -26.575  46.219 0.0000000000
133432  -39.211  -25.164  45.689 0.0000000000
133439  -38.831  -25.992  46.121 0.0000000000
60555  -39.744  -29.239  46.476 0.0000000000
60558  -39.661  -30.152  46.618 0.0000000000
83473  -58.780  -11.963  24.611 0.0000000000
82322  -58.538  -12.234  24.820 0.0000000000
79969  -53.870  -14.824  25.011 0.0000000000
79978  -53.742  -14.799  24.067 0.0000000000
81152  -55.313  -14.181  23.297 0.0000000000
81146  -57.306  -14.177  24.314 0.0000000000
79982  -57.093  -14.047  24.744 0.0000000000
79983  -58.050  -13.885  25.084 0.0000000000
79984  -58.453  -13.513  25.059 0.0000000000
74065  -49.264  -18.865  34.030 0.0000000000
74016  -48.563  -18.239  34.969 0.0000000000
75224  -48.869  -17.796  34.905 0.0000000000
72844  -43.489  -18.510  31.890 0.0000000000
72800  -45.989  -18.342  33.464 0.0000000000
72823  -46.666  -18.597  32.873 0.0000000000
72825  -47.695  -18.910  33.335 0.0000000000
75076  -11.949  -18.350  44.894 0.0000000000
64007  -11.938  -27.342  47.732 0.0000000000
61699  -10.648  -30.120  47.754 0.0000000000
59216  -11.022  -31.369  45.757 0.0000000000
59199  -10.734  -32.257  45.721 0.0000000000
56585  -10.486  -33.542  44.649 0.0000000000
57845  -9.960  -33.465  45.772 0.0000000000
56575  -9.376  -34.085  45.841 0.0000000000
60482  -16.962  -31.206  55.605 0.0000000000
60477  -16.229  -31.594  55.668 0.0000000000
59108  -17.079  -31.915  56.383 0.0000000000
57752  -16.867  -32.161  57.161 0.0000000000
56507  -16.602  -32.596  57.165 0.0000000000
55264  -16.752  -33.359  56.445 0.0000000000
55260  -16.603  -33.307  56.986 0.0000000000
55259  -15.872  -32.855  56.168 0.0000000000
55258  -14.935  -33.317  55.946 0.0000000000
77486  -43.344  -16.560  39.887 0.0000000000
67703  -41.901  -24.250  40.870 0.0000000000
67710  -41.822  -24.256  39.797 0.0000000000
71443  -40.586  -21.103  39.434 0.0000000000
72732  -40.556  -20.386  39.772 0.0000000000
73974  -40.098  -19.023  39.500 0.0000000000
75158  -41.206  -18.687  40.637 0.0000000000
75168  -41.069  -18.400  39.944 0.0000000000
76292  -41.585  -17.501  39.420 0.0000000000
65166  -34.463  -26.711  46.666 0.0000000000
57825  -35.791  -31.364  46.515 0.0000000000
57811  -35.544  -30.832  46.279 0.0000000000
56571  -34.830  -31.967  45.643 0.0000000000
56579  -33.541  -32.854  45.440 0.0000000000
55383  -32.877  -32.864  43.829 0.0000000000
56605  -32.294  -33.179  44.273 0.0000000000
56590  -32.307  -33.126  44.976 0.0000000000
56589  -31.492  -32.853  44.702 0.0000000000
56588  -31.390  -32.213  44.082 0.0000000000
82369  -58.497  -12.323  19.239 0.0000000000
82388  -60.003  -12.114  18.477 0.0000000000
82389  -60.397  -12.087  18.218 0.0000000000
83505  -60.841  -11.872  18.180 0.0000000000
83498  -61.753  -11.384  19.325 0.0000000000
83493  -62.176  -10.894  20.415 0.0000000000
71242  -8.251  -21.877  52.714 0.0000000000
71260  -8.153  -22.199  52.106 0.0000000000
66287  -8.475  -24.799  52.487 0.0000000000
79908  -54.456  -14.398  30.479 0.0000000000
81026  -54.657  -13.882  30.638 0.0000000000
79885  -54.608  -13.700  31.283 0.0000000000
78740  -54.806  -14.748  32.366 0.0000000000
76447  -49.696  -17.351  27.724 0.0000000000
77649  -51.279  -16.374  28.692 0.0000000000
76430  -51.284  -17.024  29.418 0.0000000000
77637  -51.572  -16.603  29.253 0.0000000000
78793  -52.560  -15.944  29.444 0.0000000000
67529  -19.472  -25.408  52.895 0.0000000000
66277  -18.990  -25.921  53.249 0.0000000000
65061  -19.365  -26.526  53.094 0.0000000000
65062  -19.885  -26.781  52.425 0.0000000000
63961  -19.312  -27.480  52.990 0.0000000000
133400  -19.145  -29.445  52.536 0.0000000000
59222  -21.300  -30.974  45.212 0.0000000000
59204  -20.340  -29.767  45.764 0.0000000000
57808  -19.633  -30.709  49.368 0.0000000000
59154  -19.022  -29.606  48.511 0.0000000000
59153  -17.820  -29.651  48.387 0.0000000000
75023  -8.869  -18.019  47.593 0.0000000000
72632  -7.881  -19.816  45.086 0.0000000000
72650  -8.475  -20.442  44.147 0.0000000000
64035  -9.899  -27.764  43.430 0.0000000000
65182  -9.402  -26.986  43.096 0.0000000000
64034  -9.207  -27.960  42.663 0.0000000000
62907  -7.886  -28.116  43.150 0.0000000000
62918  -7.212  -28.304  43.038 0.0000000000
60573  -6.916  -29.753  43.206 0.0000000000
62917  -6.961  -28.096  42.426 0.0000000000
62921  -6.741  -28.321  41.871 0.0000000000
62927  -6.611  -28.478  41.018 0.0000000000
62936  -7.475  -28.648  41.125 0.0000000000
71207  -12.950  -23.252  55.991 0.0000000000
71206  -12.125  -23.220  55.854 0.0000000000
69983  -11.906  -23.401  56.661 0.0000000000
69978  -11.896  -23.742  56.786 0.0000000000
61624  -12.691  -29.634  58.615 0.0000000000
62808  -12.535  -28.881  57.903 0.0000000000
61623  -11.896  -29.376  58.766 0.0000000000
60465  -10.762  -30.417  58.315 0.0000000000
62815  -10.467  -28.880  57.199 0.0000000000
62819  -9.988  -28.978  57.100 0.0000000000
62818  -9.723  -28.888  56.867 0.0000000000
61638  -10.172  -29.615  56.520 0.0000000000
59111  -9.832  -31.472  56.418 0.0000000000
59121  -9.000  -32.239  53.964 0.0000000000
64071  -41.986  -26.273  41.865 0.0000000000
64081  -42.939  -26.039  41.808 0.0000000000
66436  -41.689  -24.271  42.427 0.0000000000
65233  -43.367  -25.335  41.448 0.0000000000
66457  -42.968  -24.604  40.998 0.0000000000
70227  -42.448  -21.889  42.219 0.0000000000
71399  -43.329  -21.544  42.540 0.0000000000
71419  -42.935  -21.381  42.407 0.0000000000
73958  -43.424  -20.422  42.547 0.0000000000
63994  -35.997  -27.335  49.111 0.0000000000
133435  -36.824  -27.023  47.499 0.0000000000
60546  -38.011  -29.108  47.646 0.0000000000
61696  -37.380  -28.475  46.896 0.0000000000
61684  -36.586  -27.794  46.934 0.0000000000
61695  -36.913  -28.788  47.626 0.0000000000
59171  -36.459  -30.507  47.308 0.0000000000
57812  -36.211  -30.894  46.683 0.0000000000
56573  -35.919  -31.771  46.676 0.0000000000
56593  -35.207  -33.082  45.378 0.0000000000
56607  -34.356  -33.383  44.628 0.0000000000
56609  -36.115  -33.220  44.956 0.0000000000
55369  -34.806  -33.315  43.668 0.0000000000
81173  -56.445  -13.264  21.887 0.0000000000
81176  -58.951  -13.276  21.485 0.0000000000
82332  -60.378  -12.522  22.314 0.0000000000
82327  -59.905  -13.003  23.208 0.0000000000
82328  -60.332  -12.753  23.126 0.0000000000
83478  -61.001  -11.581  22.561 0.0000000000
76393  -52.488  -17.506  32.722 0.0000000000
76394  -52.937  -17.070  32.550 0.0000000000
76377  -52.476  -17.514  33.177 0.0000000000
76378  -52.653  -17.163  33.284 0.0000000000
75263  -52.174  -17.405  34.308 0.0000000000
74041  -50.490  -18.485  34.591 0.0000000000
75240  -50.813  -17.917  34.602 0.0000000000
75308  -51.788  -18.232  32.132 0.0000000000
59187  -27.664  -31.158  47.332 0.0000000000
59210  -26.722  -31.187  46.359 0.0000000000
59209  -25.766  -31.210  46.135 0.0000000000
59224  -23.744  -30.307  44.850 0.0000000000
76240  -9.778  -17.608  42.283 0.0000000000
72723  -6.442  -21.144  39.834 0.0000000000
68845  -9.952  -22.560  47.432 0.0000000000
68860  -10.852  -23.041  46.719 0.0000000000
67630  -11.225  -23.775  46.042 0.0000000000
67631  -12.087  -24.172  46.264 0.0000000000
67645  -11.823  -24.084  45.194 0.0000000000
66412  -12.390  -25.259  44.090 0.0000000000
65203  -11.995  -25.868  43.828 0.0000000000
65184  -10.826  -26.653  44.045 0.0000000000
64016  -11.990  -27.387  46.740 0.0000000000
62888  -11.787  -27.995  45.857 0.0000000000
61716  -11.437  -28.453  45.671 0.0000000000
62900  -11.861  -27.704  45.308 0.0000000000
64025  -11.788  -27.542  44.882 0.0000000000
62911  -11.072  -28.210  44.257 0.0000000000
64036  -10.586  -27.573  43.968 0.0000000000
62909  -9.587  -28.623  43.552 0.0000000000
59247  -8.552  -30.803  43.035 0.0000000000
60575  -9.274  -30.352  43.382 0.0000000000
57905  -8.483  -31.670  42.038 0.0000000000
63936  -14.349  -27.472  56.653 0.0000000000
63932  -14.191  -27.529  57.628 0.0000000000
62810  -13.797  -28.348  58.569 0.0000000000
61625  -13.357  -29.352  58.521 0.0000000000
60476  -15.694  -30.761  56.501 0.0000000000
60472  -14.947  -30.538  57.064 0.0000000000
57744  -14.979  -31.560  57.562 0.0000000000
60471  -14.525  -30.555  57.656 0.0000000000
61621  -13.536  -29.986  58.456 0.0000000000
61620  -13.148  -30.010  58.495 0.0000000000
60463  -13.095  -30.519  58.343 0.0000000000
59096  -12.452  -31.326  58.504 0.0000000000
57739  -12.028  -32.070  58.414 0.0000000000
75221  -46.085  -17.344  35.572 0.0000000000
76312  -45.972  -16.738  36.618 0.0000000000
76296  -45.350  -16.509  37.339 0.0000000000
67722  -41.962  -24.484  39.271 0.0000000000
68967  -40.793  -24.052  38.725 0.0000000000
75233  -40.848  -18.164  35.362 0.0000000000
75234  -41.437  -17.666  35.301 0.0000000000
75235  -42.356  -17.188  35.130 0.0000000000
75236  -43.135  -16.638  34.975 0.0000000000
74011  -44.160  -16.943  34.954 0.0000000000
62880  -31.093  -29.016  45.673 0.0000000000
64011  -30.355  -28.770  46.625 0.0000000000
61687  -29.605  -29.588  47.403 0.0000000000
65134  -34.367  -27.164  48.725 0.0000000000
62873  -35.313  -28.520  45.816 0.0000000000
59169  -35.387  -30.312  46.036 0.0000000000
60541  -35.223  -29.819  45.837 0.0000000000
61704  -34.762  -28.853  45.732 0.0000000000
60538  -30.760  -30.179  46.895 0.0000000000
59164  -29.632  -30.955  47.684 0.0000000000
59188  -28.462  -31.194  47.437 0.0000000000
57836  -28.163  -31.052  46.635 0.0000000000
59228  -27.652  -30.626  45.783 0.0000000000
57869  -28.078  -30.462  44.684 0.0000000000
83516  -60.856  -11.875  17.198 0.0000000000
84661  -62.705  -10.493  17.270 0.0000000000
83532  -61.922  -11.317  16.342 0.0000000000
85789  -63.331  -8.745  15.759 0.0000000000
75021  -7.599  -18.942  48.133 0.0000000000
73837  -7.663  -19.943  49.771 0.0000000000
70130  -9.958  -21.888  47.955 0.0000000000
67587  -9.880  -23.166  48.256 0.0000000000
67588  -10.354  -23.582  49.114 0.0000000000
67589  -10.848  -23.815  49.199 0.0000000000
66336  -11.880  -24.723  49.297 0.0000000000
65124  -12.148  -25.552  49.424 0.0000000000
66311  -9.318  -23.962  50.945 0.0000000000
66301  -10.482  -25.187  51.589 0.0000000000
66313  -10.754  -25.121  50.826 0.0000000000
63999  -12.373  -27.944  49.339 0.0000000000
62868  -11.824  -28.349  49.288 0.0000000000
62856  -11.354  -28.664  49.453 0.0000000000
61676  -9.664  -29.756  49.228 0.0000000000
61675  -8.809  -29.815  48.945 0.0000000000
60529  -8.704  -30.864  49.157 0.0000000000
81105  -57.038  -13.108  27.856 0.0000000000
82293  -58.317  -12.803  28.455 0.0000000000
81106  -57.778  -13.193  28.518 0.0000000000
77669  -50.392  -16.160  26.884 0.0000000000
77670  -50.948  -15.739  27.144 0.0000000000
77675  -50.706  -15.962  26.583 0.0000000000
78828  -50.715  -15.959  25.967 0.0000000000
78834  -50.657  -15.921  25.643 0.0000000000
65049  -16.326  -26.868  55.481 0.0000000000
63946  -16.262  -27.138  55.320 0.0000000000
63942  -15.908  -27.706  54.973 0.0000000000
61635  -16.297  -29.390  55.681 0.0000000000
66276  -18.893  -25.496  53.770 0.0000000000
65056  -18.320  -26.492  54.675 0.0000000000
63951  -17.600  -27.328  54.585 0.0000000000
63958  -17.629  -27.705  54.052 0.0000000000
62828  -17.315  -28.217  54.398 0.0000000000
62825  -16.915  -28.222  54.620 0.0000000000
61639  -16.641  -29.584  55.334 0.0000000000
60487  -16.695  -30.249  55.529 0.0000000000
60483  -17.822  -30.988  55.697 0.0000000000
57756  -18.212  -31.670  56.049 0.0000000000
56515  -18.125  -32.689  55.909 0.0000000000
57760  -17.428  -31.850  55.448 0.0000000000
55274  -16.309  -33.057  54.628 0.0000000000
55278  -15.860  -33.512  53.709 0.0000000000
59161  -27.039  -30.744  47.635 0.0000000000
60534  -27.303  -30.385  48.219 0.0000000000
60533  -26.451  -29.907  47.696 0.0000000000
60525  -26.748  -29.577  48.389 0.0000000000
61672  -25.823  -28.234  48.835 0.0000000000
59205  -21.615  -29.710  45.555 0.0000000000
60522  -23.522  -28.786  47.381 0.0000000000
133414  -24.911  -27.743  48.250 0.0000000000
133413  -22.515  -27.745  49.919 0.0000000000
65068  -21.925  -27.208  51.375 0.0000000000
63970  -21.475  -27.569  51.369 0.0000000000
62839  -20.777  -28.257  51.486 0.0000000000
61659  -20.791  -29.166  51.387 0.0000000000
61658  -20.263  -29.276  51.698 0.0000000000
61652  -19.954  -29.165  51.883 0.0000000000
59123  -19.316  -30.015  52.407 0.0000000000
57776  -18.380  -30.555  52.552 0.0000000000
57799  -19.244  -31.083  50.048 0.0000000000
57791  -18.935  -31.023  51.072 0.0000000000
57775  -18.143  -30.940  52.323 0.0000000000
57768  -17.379  -31.230  52.972 0.0000000000
56538  -16.369  -31.249  52.275 0.0000000000
56537  -15.541  -32.189  52.057 0.0000000000
56533  -15.715  -31.905  53.218 0.0000000000
76189  -11.741  -18.180  45.383 0.0000000000
76188  -11.013  -18.280  45.035 0.0000000000
75060  -9.349  -18.040  45.929 0.0000000000
75061  -10.002  -17.477  46.139 0.0000000000
76169  -10.508  -17.845  45.636 0.0000000000
76187  -10.281  -18.201  44.753 0.0000000000
76201  -9.417  -18.386  43.931 0.0000000000
76200  -8.818  -18.101  43.750 0.0000000000
76217  -7.442  -17.715  43.154 0.0000000000
75102  -6.640  -18.881  43.170 0.0000000000
76216  -6.735  -18.158  43.126 0.0000000000
75124  -6.735  -18.683  42.295 0.0000000000
72711  -6.312  -21.148  40.473 0.0000000000
71435  -6.028  -21.760  39.903 0.0000000000
68858  -10.427  -21.879  46.376 0.0000000000
68871  -10.363  -21.632  45.611 0.0000000000
70163  -10.097  -21.537  45.038 0.0000000000
68897  -11.421  -22.142  43.971 0.0000000000
68883  -10.723  -21.802  44.616 0.0000000000
70177  -9.581  -21.114  44.382 0.0000000000
70188  -9.298  -21.208  42.655 0.0000000000
65200  -9.563  -26.027  43.431 0.0000000000
66408  -9.184  -25.186  43.188 0.0000000000
67657  -9.741  -24.731  42.641 0.0000000000
65213  -8.453  -26.040  42.318 0.0000000000
66427  -8.555  -25.269  42.747 0.0000000000
67672  -9.165  -24.233  42.451 0.0000000000
68895  -9.129  -21.875  41.880 0.0000000000
70199  -8.419  -21.466  42.063 0.0000000000
70229  -6.564  -22.610  40.648 0.0000000000
70246  -6.382  -22.741  39.692 0.0000000000
68957  -7.010  -23.761  39.531 0.0000000000
67715  -7.639  -24.370  40.662 0.0000000000
66470  -8.441  -25.371  41.027 0.0000000000
66463  -8.508  -26.199  40.840 0.0000000000
66464  -8.968  -26.119  40.813 0.0000000000
68737  -7.929  -23.275  56.462 0.0000000000
68734  -14.814  -24.773  56.385 0.0000000000
68733  -14.055  -24.652  56.464 0.0000000000
67508  -13.515  -24.902  56.713 0.0000000000
66252  -13.672  -25.751  56.528 0.0000000000
67503  -13.460  -25.362  56.640 0.0000000000
68726  -12.320  -24.792  56.401 0.0000000000
68724  -11.151  -24.267  56.736 0.0000000000
67507  -10.992  -24.414  57.284 0.0000000000
63929  -12.346  -28.043  57.168 0.0000000000
65032  -12.027  -26.991  57.104 0.0000000000
67506  -11.325  -24.590  57.863 0.0000000000
68723  -10.585  -24.825  59.109 0.0000000000
68728  -9.916  -24.120  58.496 0.0000000000
66253  -9.481  -25.534  57.685 0.0000000000
67504  -8.962  -24.714  57.914 0.0000000000
67513  -7.910  -23.745  56.419 0.0000000000
66270  -7.570  -25.139  55.284 0.0000000000
65059  -7.900  -25.766  54.663 0.0000000000
65060  -8.660  -26.196  54.441 0.0000000000
62836  -10.851  -27.805  53.155 0.0000000000
62826  -10.040  -28.481  55.457 0.0000000000
62827  -10.471  -28.758  55.005 0.0000000000
61647  -10.605  -29.519  54.667 0.0000000000
62830  -10.603  -28.885  54.725 0.0000000000
62829  -10.507  -28.520  54.689 0.0000000000
61656  -11.394  -29.294  52.068 0.0000000000
61669  -9.703  -30.292  50.760 0.0000000000
60514  -9.645  -30.471  49.967 0.0000000000
55248  -9.786  -34.039  58.228 0.0000000000
55257  -9.268  -34.703  57.831 0.0000000000
55247  -9.119  -33.875  57.930 0.0000000000
56513  -8.557  -33.517  56.761 0.0000000000
57754  -8.977  -33.674  55.505 0.0000000000
55261  -7.920  -34.378  55.607 0.0000000000
57767  -8.661  -32.804  53.363 0.0000000000
55271  -9.446  -35.134  53.544 0.0000000000
56526  -9.360  -34.349  53.288 0.0000000000
59126  -8.670  -32.360  52.661 0.0000000000
57777  -7.127  -33.005  51.326 0.0000000000
57786  -7.755  -32.449  50.952 0.0000000000
59143  -7.973  -31.965  50.226 0.0000000000
59150  -8.592  -31.723  49.209 0.0000000000
57802  -8.785  -32.226  48.652 0.0000000000
57814  -8.474  -33.210  48.241 0.0000000000
55333  -7.528  -35.072  46.496 0.0000000000
53858  -9.187  -35.382  53.240 0.0000000000
53863  -16.160  -33.529  55.124 0.0000000000
55255  -15.474  -32.505  56.128 0.0000000000
55266  -9.275  -35.304  53.399 0.0000000000
55267  -9.089  -35.112  53.281 0.0000000000
55272  -9.176  -35.252  53.211 0.0000000000
55276  -8.780  -34.028  52.633 0.0000000000
55280  -16.393  -32.501  54.037 0.0000000000
55353  -33.689  -33.436  44.862 0.0000000000
55354  -33.969  -33.563  44.637 0.0000000000
55366  -32.853  -33.041  44.294 0.0000000000
55368  -34.277  -33.049  44.108 0.0000000000
55379  -9.809  -34.567  42.519 0.0000000000
56509  -16.441  -33.009  57.136 0.0000000000
56518  -17.320  -32.448  55.428 0.0000000000
56572  -35.428  -31.897  46.385 0.0000000000
56578  -32.507  -32.712  45.468 0.0000000000
56583  -36.395  -32.127  46.609 0.0000000000
56606  -32.808  -33.187  44.626 0.0000000000
56608  -35.025  -33.247  44.431 0.0000000000
56625  -35.021  -33.673  42.969 0.0000000000
57762  -17.864  -30.154  54.343 0.0000000000
57773  -8.475  -32.480  52.566 0.0000000000
57813  -36.418  -30.983  47.029 0.0000000000
57832  -10.552  -32.625  45.552 0.0000000000
57844  -37.583  -31.531  46.472 0.0000000000
57846  -10.487  -33.178  45.262 0.0000000000
57855  -28.656  -30.029  45.961 0.0000000000
57861  -10.796  -32.877  44.489 0.0000000000
57903  -7.385  -31.160  41.998 0.0000000000
57904  -7.840  -31.190  42.102 0.0000000000
57924  -7.787  -31.027  42.220 0.0000000000
59092  -13.465  -30.734  58.146 0.0000000000
59093  -13.688  -30.862  58.352 0.0000000000
59100  -14.680  -31.261  57.718 0.0000000000
59109  -17.760  -31.541  56.079 0.0000000000
59113  -18.269  -30.698  55.310 0.0000000000
59127  -18.907  -31.310  52.201 0.0000000000
59132  -8.574  -32.258  52.454 0.0000000000
59133  -19.313  -31.394  52.023 0.0000000000
59142  -8.102  -32.423  49.963 0.0000000000
59162  -27.852  -31.189  48.033 0.0000000000
59172  -37.137  -30.157  47.439 0.0000000000
59193  -36.488  -31.022  47.307 0.0000000000
59195  -37.916  -30.493  47.549 0.0000000000
59196  -38.628  -30.100  47.367 0.0000000000
59212  -28.258  -31.188  46.930 0.0000000000
59233  -10.740  -31.220  44.291 0.0000000000
59242  -28.009  -30.464  45.047 0.0000000000
59243  -37.695  -31.341  44.355 0.0000000000
59268  -7.396  -30.939  42.392 0.0000000000
60462  -12.676  -30.284  58.556 0.0000000000
60468  -12.716  -30.752  58.394 0.0000000000
60478  -9.908  -31.626  56.993 0.0000000000
60480  -10.343  -30.256  56.717 0.0000000000
60493  -16.946  -30.012  55.332 0.0000000000
60494  -17.327  -29.974  55.204 0.0000000000
60502  -20.242  -29.989  52.112 0.0000000000
60528  -28.946  -29.589  47.231 0.0000000000
60544  -36.740  -29.632  47.560 0.0000000000
60551  -30.166  -30.032  47.300 0.0000000000
60554  -39.231  -29.623  47.284 0.0000000000
61619  -12.868  -30.112  58.521 0.0000000000
61633  -10.084  -29.230  56.722 0.0000000000
61636  -16.355  -29.085  55.130 0.0000000000
61640  -16.696  -29.133  54.831 0.0000000000
61644  -16.938  -29.626  55.154 0.0000000000
61648  -10.543  -29.072  54.885 0.0000000000
61649  -19.500  -28.989  52.237 0.0000000000
61657  -11.423  -28.911  51.719 0.0000000000
61662  -22.519  -27.996  50.032 0.0000000000
61666  -11.326  -29.200  51.391 0.0000000000
61701  -29.989  -29.842  47.338 0.0000000000
61702  -30.218  -29.783  47.283 0.0000000000
61703  -34.000  -29.043  45.803 0.0000000000
61711  -40.001  -29.050  45.526 0.0000000000
61727  -40.937  -29.049  42.993 0.0000000000
61729  -41.694  -28.458  43.539 0.0000000000
62822  -16.505  -28.087  54.662 0.0000000000
62824  -16.425  -28.648  54.754 0.0000000000
62831  -17.582  -28.116  53.923 0.0000000000
62832  -17.560  -28.347  54.020 0.0000000000
62837  -17.633  -28.104  53.708 0.0000000000
62841  -22.229  -27.741  50.690 0.0000000000
62845  -21.530  -28.397  51.200 0.0000000000
62846  -22.025  -28.172  50.881 0.0000000000
62849  -11.544  -28.850  51.135 0.0000000000
62852  -12.212  -28.155  50.228 0.0000000000
62876  -39.469  -26.810  45.533 0.0000000000
62884  -39.291  -27.368  45.924 0.0000000000
62886  -39.589  -26.935  45.300 0.0000000000
62887  -11.374  -28.288  46.559 0.0000000000
62889  -12.136  -27.613  45.539 0.0000000000
62895  -40.384  -27.983  45.161 0.0000000000
62899  -11.450  -28.186  45.072 0.0000000000
62908  -8.606  -28.422  43.061 0.0000000000
63947  -16.693  -27.166  55.262 0.0000000000
63957  -17.579  -27.945  54.063 0.0000000000
63959  -18.098  -27.422  53.665 0.0000000000
63960  -18.619  -27.490  53.371 0.0000000000
63966  -17.600  -27.898  53.847 0.0000000000
63967  -17.705  -27.870  53.622 0.0000000000
63971  -22.071  -27.495  51.157 0.0000000000
64003  -30.194  -28.832  47.014 0.0000000000
64006  -38.396  -26.744  46.323 0.0000000000
64008  -12.175  -26.964  47.253 0.0000000000
64012  -34.036  -27.093  47.443 0.0000000000
64014  -39.558  -26.403  45.075 0.0000000000
64024  -40.169  -26.061  44.629 0.0000000000
64031  -40.281  -26.948  44.343 0.0000000000
64037  -11.343  -27.416  44.389 0.0000000000
64045  -40.902  -25.804  43.708 0.0000000000
64046  -41.071  -25.131  43.681 0.0000000000
65045  -16.783  -26.407  55.896 0.0000000000
65046  -17.348  -26.333  55.851 0.0000000000
65048  -9.243  -26.778  56.278 0.0000000000
65052  -18.208  -26.333  55.154 0.0000000000
65077  -10.897  -25.704  52.329 0.0000000000
65088  -11.100  -25.802  52.278 0.0000000000
65110  -12.224  -27.011  50.204 0.0000000000
65136  -40.381  -24.762  46.206 0.0000000000
65140  -12.885  -26.042  47.084 0.0000000000
65153  -38.512  -26.979  46.289 0.0000000000
65156  -12.313  -26.778  47.008 0.0000000000
65169  -13.219  -26.649  45.372 0.0000000000
65170  -13.360  -26.220  45.199 0.0000000000
65185  -11.665  -26.536  44.150 0.0000000000
65187  -13.256  -26.122  44.843 0.0000000000
65212  -8.148  -26.194  42.204 0.0000000000
66255  -13.568  -26.345  56.488 0.0000000000
66265  -7.674  -24.799  55.930 0.0000000000
66280  -20.449  -26.128  51.793 0.0000000000
66281  -20.372  -26.280  51.905 0.0000000000
66289  -10.300  -25.138  52.312 0.0000000000
66291  -10.915  -25.616  52.191 0.0000000000
66293  -20.896  -26.277  51.356 0.0000000000
66295  -22.102  -26.658  51.059 0.0000000000
66302  -11.012  -25.514  51.994 0.0000000000
66303  -11.133  -25.691  52.198 0.0000000000
66345  -11.504  -23.893  48.876 0.0000000000
66359  -33.765  -26.351  47.390 0.0000000000
66360  -41.082  -25.323  46.777 0.0000000000
66362  -12.516  -23.806  47.902 0.0000000000
66378  -13.153  -25.666  45.801 0.0000000000
66391  -41.072  -24.365  44.715 0.0000000000
66392  -41.405  -23.898  44.645 0.0000000000
66393  -12.888  -25.458  44.872 0.0000000000
66394  -13.297  -25.856  45.212 0.0000000000
66407  -7.958  -26.201  42.240 0.0000000000
66424  -42.037  -23.335  43.309 0.0000000000
66426  -8.063  -25.639  42.097 0.0000000000
67532  -20.399  -25.913  51.910 0.0000000000
67540  -10.310  -24.971  51.987 0.0000000000
67541  -20.477  -25.949  51.674 0.0000000000
67550  -9.992  -24.637  52.050 0.0000000000
67551  -10.160  -24.810  51.876 0.0000000000
67567  -21.813  -26.293  50.678 0.0000000000
67602  -12.790  -24.731  47.621 0.0000000000
67603  -12.856  -25.091  47.578 0.0000000000
67618  -12.842  -24.991  47.190 0.0000000000
67629  -11.012  -23.424  46.230 0.0000000000
67644  -11.536  -23.740  45.445 0.0000000000
67661  -12.339  -24.734  44.711 0.0000000000
68722  -9.984  -24.986  59.120 0.0000000000
68725  -11.837  -24.569  56.481 0.0000000000
68746  -7.950  -23.029  56.494 0.0000000000
68747  -13.872  -23.963  55.915 0.0000000000
68846  -9.977  -23.072  47.253 0.0000000000
68870  -42.587  -21.988  44.825 0.0000000000
68874  -11.086  -23.397  45.936 0.0000000000
68885  -11.505  -23.282  45.300 0.0000000000
68893  -42.575  -22.853  44.059 0.0000000000
68894  -42.874  -22.586  44.037 0.0000000000
68909  -8.159  -23.110  41.790 0.0000000000
68912  -10.602  -22.989  42.252 0.0000000000
68913  -11.240  -23.027  42.737 0.0000000000
68955  -41.366  -23.693  39.641 0.0000000000
69985  -13.163  -23.450  56.177 0.0000000000
69991  -13.786  -23.528  55.849 0.0000000000
70055  -8.949  -22.439  51.814 0.0000000000
70056  -9.143  -22.373  51.974 0.0000000000
70077  -9.294  -22.221  51.386 0.0000000000
70094  -9.401  -22.024  51.740 0.0000000000
70095  -9.475  -22.085  51.514 0.0000000000
70179  -10.999  -21.578  43.971 0.0000000000
70191  -11.247  -22.537  43.062 0.0000000000
70200  -10.417  -22.173  42.517 0.0000000000
70201  -10.863  -22.304  42.751 0.0000000000
70202  -11.129  -22.589  42.809 0.0000000000
70228  -6.310  -22.150  40.610 0.0000000000
70245  -6.136  -22.230  40.282 0.0000000000
71201  -12.360  -23.386  56.264 0.0000000000
71243  -8.752  -21.646  52.651 0.0000000000
71262  -9.034  -22.280  52.166 0.0000000000
71275  -9.367  -21.682  51.623 0.0000000000
71276  -9.341  -22.080  52.001 0.0000000000
71289  -9.637  -21.868  51.613 0.0000000000
71290  -9.510  -22.019  51.712 0.0000000000
71346  -8.854  -20.548  44.657 0.0000000000
71363  -8.817  -20.673  44.420 0.0000000000
71376  -10.566  -21.724  42.897 0.0000000000
71377  -10.768  -21.881  42.929 0.0000000000
71387  -8.163  -21.291  42.520 0.0000000000
71389  -10.795  -22.031  42.750 0.0000000000
71417  -41.088  -20.780  41.190 0.0000000000
71418  -41.372  -20.982  41.343 0.0000000000
71421  -6.423  -22.046  40.845 0.0000000000
72651  -8.685  -20.473  44.486 0.0000000000
72692  -43.618  -21.195  42.600 0.0000000000
72694  -6.369  -21.215  40.892 0.0000000000
72709  -43.418  -21.001  42.526 0.0000000000
72712  -6.553  -20.437  40.350 0.0000000000
72722  -42.840  -21.060  42.356 0.0000000000
72824  -47.212  -18.902  33.095 0.0000000000
73969  -43.142  -20.740  42.454 0.0000000000
74062  -46.494  -18.616  34.088 0.0000000000
74082  -45.203  -17.645  33.330 0.0000000000
74115  -47.717  -19.040  31.215 0.0000000000
75074  -11.190  -18.370  44.841 0.0000000000
75075  -11.436  -18.358  44.883 0.0000000000
75087  -9.708  -18.265  43.882 0.0000000000
75089  -11.625  -18.470  44.455 0.0000000000
75105  -9.521  -18.185  43.754 0.0000000000
75106  -9.698  -18.086  43.602 0.0000000000
75125  -7.161  -18.191  41.995 0.0000000000
75139  -7.571  -18.215  41.372 0.0000000000
75169  -41.490  -18.452  40.497 0.0000000000
75181  -45.428  -16.560  36.858 0.0000000000
75237  -46.662  -18.578  34.292 0.0000000000
75242  -52.247  -17.508  34.887 0.0000000000
75256  -44.687  -17.669  33.755 0.0000000000
75259  -46.912  -18.515  34.132 0.0000000000
75279  -44.879  -17.618  33.407 0.0000000000
75280  -44.991  -17.628  33.716 0.0000000000
75283  -52.223  -17.308  33.646 0.0000000000
76151  -7.739  -18.352  47.370 0.0000000000
76152  -7.842  -18.012  47.559 0.0000000000
76190  -12.727  -18.240  45.204 0.0000000000
76221  -11.376  -18.091  43.607 0.0000000000
76237  -7.006  -17.923  42.572 0.0000000000
76328  -42.138  -16.523  37.606 0.0000000000
76341  -42.793  -16.585  36.607 0.0000000000
76345  -50.769  -17.704  34.549 0.0000000000
76474  -49.870  -16.565  26.497 0.0000000000
77404  -10.727  -17.983  43.543 0.0000000000
77526  -42.767  -16.463  37.408 0.0000000000
77527  -43.216  -16.538  36.913 0.0000000000
77540  -42.993  -16.586  36.766 0.0000000000
77674  -50.385  -16.099  26.050 0.0000000000
79861  -54.879  -14.238  32.065 0.0000000000
79975  -58.607  -13.323  25.005 0.0000000000
81081  -58.408  -12.973  29.134 0.0000000000
81107  -58.434  -13.101  28.781 0.0000000000
81123  -58.220  -13.081  28.366 0.0000000000
81134  -55.375  -13.858  26.012 0.0000000000
81140  -55.442  -14.058  25.842 0.0000000000
81144  -60.493  -13.123  24.660 0.0000000000
81157  -60.131  -12.998  23.589 0.0000000000
81175  -58.355  -13.280  21.627 0.0000000000
82268  -58.459  -12.662  28.869 0.0000000000
83471  -60.549  -12.447  24.402 0.0000000000
83492  -61.848  -11.358  20.109 0.0000000000
83504  -60.444  -12.015  18.448 0.0000000000
133191  -9.280  -34.827  53.109 0.0000000000
133398  -18.439  -28.847  53.276 0.0000000000
133399  -19.529  -29.593  52.383 0.0000000000
133403  -19.537  -29.208  52.280 0.0000000000
133404  -18.156  -29.014  53.539 0.0000000000
133407  -19.505  -29.395  52.357 0.0000000000
133408  -18.054  -28.433  53.404 0.0000000000
133428  -37.526  -27.514  46.753 0.0000000000
133437  -39.398  -26.549  45.436 0.0000000000
133438  -39.441  -24.740  45.974 0.0000000000
133440  -39.766  -24.774  45.854 0.0000000000
133441  -38.952  -25.736  45.803 0.0000000000
133588  -44.877  -17.873  32.981 0.0000000000
