#!ascii label  , from subject 3852 vox2ras=TkReg
1665
54853  -40.587  -39.849  62.147 0.0000000000
37423  -32.315  -54.959  61.820 0.0000000000
57349  -52.320  -37.110  46.704 0.0000000000
58470  -38.829  -36.899  49.987 0.0000000000
54973  -46.674  -38.636  55.523 0.0000000000
42361  -39.904  -49.454  60.347 0.0000000000
42461  -29.672  -50.392  53.351 0.0000000000
49627  -35.993  -44.354  50.942 0.0000000000
34057  -23.338  -56.832  63.359 0.0000000000
63517  -52.881  -32.133  51.668 0.0000000000
41233  -23.775  -51.729  52.252 0.0000000000
56061  -40.320  -38.850  55.997 0.0000000000
57250  -43.185  -36.985  53.605 0.0000000000
57116  -42.382  -36.895  60.450 0.0000000000
49456  -41.551  -44.551  61.863 0.0000000000
44878  -39.206  -47.764  55.280 0.0000000000
51820  -40.848  -42.704  55.507 0.0000000000
53979  -37.009  -40.893  50.726 0.0000000000
67005  -51.750  -29.098  49.511 0.0000000000
35133  -28.396  -56.317  64.158 0.0000000000
38673  -24.374  -53.783  59.542 0.0000000000
38677  -28.358  -53.665  58.754 0.0000000000
56151  -50.077  -38.828  51.121 0.0000000000
38661  -36.898  -52.751  60.468 0.0000000000
37534  -31.970  -54.186  56.789 0.0000000000
42437  -35.546  -50.786  56.802 0.0000000000
46058  -33.529  -47.026  52.419 0.0000000000
32965  -19.088  -58.040  64.334 0.0000000000
53868  -49.109  -40.321  58.767 0.0000000000
52901  -53.331  -40.873  53.691 0.0000000000
60936  -53.212  -34.379  55.427 0.0000000000
57297  -54.917  -37.405  50.640 0.0000000000
61058  -54.667  -34.934  47.682 0.0000000000
36296  -20.042  -55.669  59.006 0.0000000000
38776  -27.447  -53.062  52.574 0.0000000000
54889  -39.908  -39.826  59.175 0.0000000000
57146  -41.154  -37.340  57.813 0.0000000000
57081  -40.061  -37.774  61.638 0.0000000000
52748  -41.625  -42.544  62.179 0.0000000000
49526  -41.526  -44.387  58.445 0.0000000000
52780  -40.004  -41.889  59.435 0.0000000000
53920  -40.397  -41.328  55.509 0.0000000000
61091  -53.025  -34.874  45.437 0.0000000000
59768  -54.866  -35.857  46.247 0.0000000000
35148  -30.673  -56.139  62.844 0.0000000000
37420  -28.999  -54.524  61.383 0.0000000000
37443  -30.563  -54.879  60.471 0.0000000000
58491  -39.918  -36.104  48.610 0.0000000000
56111  -45.217  -37.606  54.877 0.0000000000
58437  -44.128  -36.683  51.889 0.0000000000
57264  -46.153  -37.976  52.180 0.0000000000
57291  -47.791  -37.230  50.543 0.0000000000
55004  -48.007  -39.327  52.937 0.0000000000
39921  -38.481  -52.194  59.807 0.0000000000
38718  -37.106  -52.906  58.945 0.0000000000
41186  -38.588  -51.391  58.465 0.0000000000
47213  -37.600  -46.120  52.912 0.0000000000
46046  -36.498  -47.417  53.514 0.0000000000
48406  -34.487  -45.467  51.185 0.0000000000
56160  -37.599  -38.678  50.404 0.0000000000
52849  -50.852  -40.892  56.467 0.0000000000
57266  -51.683  -37.705  52.930 0.0000000000
58463  -50.627  -36.333  50.958 0.0000000000
59689  -54.814  -36.044  49.023 0.0000000000
61037  -50.733  -34.350  48.820 0.0000000000
64721  -50.207  -31.043  46.643 0.0000000000
34054  -21.118  -57.595  63.081 0.0000000000
34103  -20.029  -56.996  60.987 0.0000000000
35172  -21.889  -55.998  61.048 0.0000000000
39990  -23.977  -52.073  56.233 0.0000000000
38734  -22.393  -52.882  56.124 0.0000000000
38754  -22.283  -52.970  53.862 0.0000000000
40006  -30.650  -52.093  55.588 0.0000000000
38757  -29.190  -53.528  54.576 0.0000000000
41248  -28.658  -52.042  52.445 0.0000000000
57246  -39.723  -38.499  53.416 0.0000000000
57272  -40.443  -37.114  51.856 0.0000000000
58404  -41.235  -36.754  54.946 0.0000000000
57180  -43.264  -37.125  56.574 0.0000000000
57163  -45.045  -37.751  58.265 0.0000000000
44769  -40.830  -47.674  60.794 0.0000000000
43644  -39.814  -49.377  57.730 0.0000000000
47104  -40.595  -46.816  57.844 0.0000000000
48378  -39.905  -45.520  55.126 0.0000000000
49618  -38.705  -43.921  52.512 0.0000000000
51864  -36.238  -42.593  50.330 0.0000000000
52906  -38.957  -41.799  52.353 0.0000000000
55002  -39.100  -40.008  52.965 0.0000000000
65829  -52.520  -30.375  50.330 0.0000000000
141484  -54.332  -26.735  51.326 0.0000000000
35131  -26.136  -56.303  63.890 0.0000000000
36248  -23.917  -55.344  61.458 0.0000000000
37417  -25.958  -54.572  61.233 0.0000000000
38675  -26.541  -53.418  59.359 0.0000000000
39992  -26.000  -52.058  56.373 0.0000000000
58473  -42.036  -36.223  49.869 0.0000000000
58481  -49.314  -37.119  48.622 0.0000000000
57307  -51.447  -37.853  48.949 0.0000000000
37425  -34.481  -54.382  61.132 0.0000000000
36285  -33.111  -54.796  59.368 0.0000000000
37494  -34.307  -54.252  58.782 0.0000000000
39972  -33.391  -52.929  57.776 0.0000000000
42446  -32.468  -50.289  55.688 0.0000000000
43677  -37.886  -49.394  55.578 0.0000000000
43688  -34.015  -48.908  54.567 0.0000000000
44882  -31.346  -48.705  53.588 0.0000000000
55895  -39.547  -38.150  65.791 0.0000000000
38615  -33.190  -53.056  63.298 0.0000000000
39897  -37.892  -51.966  62.193 0.0000000000
42322  -39.960  -50.209  62.994 0.0000000000
58263  -41.603  -36.290  63.705 0.0000000000
57084  -44.067  -37.100  62.649 0.0000000000
55993  -46.128  -38.478  60.464 0.0000000000
54857  -47.661  -38.713  62.225 0.0000000000
53886  -47.973  -40.633  57.863 0.0000000000
53939  -49.569  -40.969  54.551 0.0000000000
53962  -51.483  -40.750  52.649 0.0000000000
55041  -53.318  -39.512  49.387 0.0000000000
57213  -52.887  -37.345  55.135 0.0000000000
55020  -54.775  -39.468  51.652 0.0000000000
56175  -55.000  -38.843  49.084 0.0000000000
56178  -57.012  -37.626  48.157 0.0000000000
62421  -50.367  -32.947  47.723 0.0000000000
34085  -17.795  -57.217  60.768 0.0000000000
36335  -19.313  -55.494  55.587 0.0000000000
37486  -22.188  -54.442  58.938 0.0000000000
37530  -20.958  -54.067  56.045 0.0000000000
37510  -30.335  -54.559  57.700 0.0000000000
38747  -28.101  -53.254  55.658 0.0000000000
40030  -25.969  -52.071  52.133 0.0000000000
40089  -25.944  -52.880  48.751 0.0000000000
54865  -40.264  -40.253  61.264 0.0000000000
55977  -40.290  -38.746  61.085 0.0000000000
55962  -40.043  -38.729  62.270 0.0000000000
52747  -40.927  -41.860  62.382 0.0000000000
52768  -40.863  -42.398  60.694 0.0000000000
53830  -40.174  -41.000  60.656 0.0000000000
53844  -39.653  -40.841  59.824 0.0000000000
59765  -51.804  -36.285  46.399 0.0000000000
59801  -52.520  -35.805  46.074 0.0000000000
59802  -53.607  -35.747  45.907 0.0000000000
58566  -53.416  -36.242  46.242 0.0000000000
36237  -31.343  -55.540  62.392 0.0000000000
36254  -30.657  -55.420  61.563 0.0000000000
35175  -31.741  -55.778  60.867 0.0000000000
58505  -38.103  -36.637  48.082 0.0000000000
58490  -38.963  -36.506  48.834 0.0000000000
56092  -46.200  -38.244  55.658 0.0000000000
56137  -45.540  -38.228  53.202 0.0000000000
56128  -46.220  -38.619  53.723 0.0000000000
56139  -47.165  -38.518  52.656 0.0000000000
54985  -47.288  -39.395  54.877 0.0000000000
41144  -39.059  -50.777  60.087 0.0000000000
41153  -38.855  -51.670  59.165 0.0000000000
42396  -39.612  -50.151  59.006 0.0000000000
48409  -37.043  -45.046  52.161 0.0000000000
48393  -36.120  -45.693  52.126 0.0000000000
49626  -34.879  -44.700  50.891 0.0000000000
49635  -33.582  -44.806  50.150 0.0000000000
57287  -38.042  -38.158  50.539 0.0000000000
57314  -36.754  -38.007  49.041 0.0000000000
57315  -37.318  -37.085  48.672 0.0000000000
61004  -51.292  -34.454  52.455 0.0000000000
62345  -50.792  -34.245  51.433 0.0000000000
59685  -50.643  -35.470  50.168 0.0000000000
62371  -51.389  -33.142  50.632 0.0000000000
34055  -21.844  -57.300  63.201 0.0000000000
35156  -21.187  -56.725  62.148 0.0000000000
35144  -22.094  -56.819  62.681 0.0000000000
41207  -23.684  -51.505  54.543 0.0000000000
40000  -22.810  -51.873  54.580 0.0000000000
40018  -22.818  -52.247  52.921 0.0000000000
37576  -22.636  -54.033  51.591 0.0000000000
40062  -22.794  -52.954  50.895 0.0000000000
41218  -30.624  -51.331  54.965 0.0000000000
40023  -30.062  -52.187  54.087 0.0000000000
41228  -29.646  -51.198  53.485 0.0000000000
56109  -39.936  -38.744  54.437 0.0000000000
57228  -40.307  -38.133  54.213 0.0000000000
56090  -40.747  -38.221  55.614 0.0000000000
57129  -41.253  -37.438  58.980 0.0000000000
58358  -41.908  -37.332  57.477 0.0000000000
57148  -43.309  -37.114  58.438 0.0000000000
57162  -44.373  -37.498  57.663 0.0000000000
57131  -43.433  -37.190  59.579 0.0000000000
47061  -41.787  -46.443  61.424 0.0000000000
45981  -40.686  -47.408  59.944 0.0000000000
47088  -41.200  -46.274  59.545 0.0000000000
50676  -41.211  -43.637  57.230 0.0000000000
48358  -41.066  -44.937  56.423 0.0000000000
50699  -40.551  -43.699  55.312 0.0000000000
49594  -39.329  -44.279  53.894 0.0000000000
50739  -39.690  -43.379  53.531 0.0000000000
51849  -38.867  -42.745  52.447 0.0000000000
51842  -40.043  -42.606  53.573 0.0000000000
54952  -39.819  -40.288  56.120 0.0000000000
53935  -39.841  -40.967  54.305 0.0000000000
54982  -39.328  -40.072  54.944 0.0000000000
56124  -39.529  -39.176  53.715 0.0000000000
35132  -27.297  -56.276  64.069 0.0000000000
36231  -25.856  -55.133  62.661 0.0000000000
36232  -26.987  -55.101  62.836 0.0000000000
37466  -28.590  -53.897  59.599 0.0000000000
37465  -27.402  -53.741  59.934 0.0000000000
38676  -27.561  -53.470  59.085 0.0000000000
39969  -26.257  -52.219  57.158 0.0000000000
39970  -27.195  -52.547  57.062 0.0000000000
57260  -42.303  -36.863  52.653 0.0000000000
58443  -41.593  -36.806  51.213 0.0000000000
58435  -42.746  -36.616  52.128 0.0000000000
58459  -44.617  -36.328  50.586 0.0000000000
58475  -43.840  -35.934  49.987 0.0000000000
59680  -45.058  -35.541  49.019 0.0000000000
56162  -48.870  -38.004  51.093 0.0000000000
57304  -48.753  -37.198  49.642 0.0000000000
57305  -49.694  -37.561  49.350 0.0000000000
57316  -50.047  -37.463  48.565 0.0000000000
56172  -50.676  -38.173  49.836 0.0000000000
38659  -35.493  -53.807  61.051 0.0000000000
37472  -34.139  -54.705  59.510 0.0000000000
37474  -36.370  -53.653  59.490 0.0000000000
41183  -35.469  -51.736  57.762 0.0000000000
39974  -34.475  -52.626  58.212 0.0000000000
41203  -34.673  -51.540  57.008 0.0000000000
41201  -32.957  -51.604  57.216 0.0000000000
42435  -33.700  -50.850  56.523 0.0000000000
44849  -39.712  -48.163  56.804 0.0000000000
43662  -39.312  -48.977  56.715 0.0000000000
44863  -38.268  -48.643  55.071 0.0000000000
46059  -34.680  -47.251  52.959 0.0000000000
44874  -35.698  -48.113  54.321 0.0000000000
44884  -33.395  -48.055  53.665 0.0000000000
44871  -32.862  -48.634  54.229 0.0000000000
52929  -37.070  -41.449  50.666 0.0000000000
41119  -38.922  -51.299  62.112 0.0000000000
45906  -41.593  -46.838  63.503 0.0000000000
57032  -40.158  -37.099  65.296 0.0000000000
58246  -43.619  -36.473  64.047 0.0000000000
57054  -44.527  -37.004  63.875 0.0000000000
55978  -45.410  -37.893  61.184 0.0000000000
55964  -45.909  -38.110  62.262 0.0000000000
55996  -48.176  -38.925  60.501 0.0000000000
54879  -47.645  -39.308  60.343 0.0000000000
53867  -48.572  -40.485  58.618 0.0000000000
53906  -48.562  -40.767  56.504 0.0000000000
52824  -48.960  -41.060  57.278 0.0000000000
52869  -51.984  -41.077  55.533 0.0000000000
52884  -51.746  -41.387  54.564 0.0000000000
52919  -52.843  -41.303  52.439 0.0000000000
53981  -52.535  -40.034  50.905 0.0000000000
52920  -53.575  -41.113  52.234 0.0000000000
58407  -53.012  -35.816  55.178 0.0000000000
57282  -53.582  -38.080  51.247 0.0000000000
56144  -53.262  -39.157  52.407 0.0000000000
56154  -54.764  -38.714  51.501 0.0000000000
55021  -55.364  -39.454  50.979 0.0000000000
56166  -55.622  -38.666  50.372 0.0000000000
56188  -55.744  -37.715  48.388 0.0000000000
57309  -55.741  -37.678  49.669 0.0000000000
59714  -54.635  -35.442  48.516 0.0000000000
59716  -56.185  -36.123  48.727 0.0000000000
61043  -56.380  -35.608  48.148 0.0000000000
65850  -52.375  -29.616  49.920 0.0000000000
64673  -50.815  -31.304  49.193 0.0000000000
65869  -50.900  -30.535  48.572 0.0000000000
35199  -19.902  -56.374  59.547 0.0000000000
35186  -19.393  -56.828  59.823 0.0000000000
36295  -19.368  -55.938  58.566 0.0000000000
35225  -18.721  -55.999  57.529 0.0000000000
37506  -19.626  -55.290  57.373 0.0000000000
37436  -23.741  -54.559  60.149 0.0000000000
36265  -23.152  -55.101  60.325 0.0000000000
37487  -22.954  -54.021  58.878 0.0000000000
38733  -21.597  -53.505  56.345 0.0000000000
35251  -22.242  -55.847  53.608 0.0000000000
36318  -32.339  -54.690  58.018 0.0000000000
36317  -31.738  -54.795  58.056 0.0000000000
37533  -31.114  -54.129  56.729 0.0000000000
38765  -28.575  -53.370  53.551 0.0000000000
38748  -28.907  -53.862  55.349 0.0000000000
38763  -26.986  -53.097  52.984 0.0000000000
40021  -26.551  -52.560  53.472 0.0000000000
40031  -26.426  -52.720  52.572 0.0000000000
40088  -24.962  -52.847  48.745 0.0000000000
56022  -40.106  -38.794  57.824 0.0000000000
57145  -40.582  -37.982  57.459 0.0000000000
57128  -40.274  -37.957  58.582 0.0000000000
57114  -40.332  -37.742  59.930 0.0000000000
57100  -40.973  -37.055  60.992 0.0000000000
50611  -41.499  -43.838  61.619 0.0000000000
49481  -41.530  -44.495  60.215 0.0000000000
51748  -41.404  -43.370  60.664 0.0000000000
50657  -40.765  -43.408  58.801 0.0000000000
51788  -40.707  -42.426  57.381 0.0000000000
52865  -40.664  -41.927  55.153 0.0000000000
52822  -40.446  -41.470  57.049 0.0000000000
54904  -39.736  -40.388  57.707 0.0000000000
59769  -55.791  -36.048  46.237 0.0000000000
36218  -29.551  -56.002  63.360 0.0000000000
36252  -28.530  -54.925  62.123 0.0000000000
36253  -29.581  -55.204  61.952 0.0000000000
37442  -29.449  -54.295  60.538 0.0000000000
37467  -29.883  -54.252  59.589 0.0000000000
57232  -44.140  -37.274  54.629 0.0000000000
58436  -43.453  -36.551  52.029 0.0000000000
57262  -44.298  -37.217  52.551 0.0000000000
57276  -45.355  -37.355  51.764 0.0000000000
57277  -46.250  -37.372  51.580 0.0000000000
58461  -46.446  -36.556  50.104 0.0000000000
57265  -46.878  -37.943  51.926 0.0000000000
56148  -47.573  -38.206  51.961 0.0000000000
56141  -48.934  -38.767  52.122 0.0000000000
38662  -37.693  -52.718  60.115 0.0000000000
37475  -37.357  -53.160  59.461 0.0000000000
38698  -37.809  -53.068  59.002 0.0000000000
39977  -38.025  -51.922  58.506 0.0000000000
42416  -37.227  -50.891  57.577 0.0000000000
46034  -38.112  -47.001  54.233 0.0000000000
44876  -37.825  -48.041  54.280 0.0000000000
46061  -36.730  -46.867  52.910 0.0000000000
47210  -35.280  -46.548  52.529 0.0000000000
47229  -33.848  -46.196  51.627 0.0000000000
47227  -32.170  -46.375  51.444 0.0000000000
47239  -33.319  -45.866  51.053 0.0000000000
55026  -37.424  -39.438  50.777 0.0000000000
56183  -36.344  -38.839  49.184 0.0000000000
56026  -49.347  -38.838  58.880 0.0000000000
53888  -49.488  -40.211  58.202 0.0000000000
56039  -49.459  -38.648  57.815 0.0000000000
54956  -51.159  -39.359  56.892 0.0000000000
54975  -52.500  -39.278  55.688 0.0000000000
60979  -53.253  -33.903  54.291 0.0000000000
58423  -52.353  -36.287  54.528 0.0000000000
59659  -51.780  -35.587  53.558 0.0000000000
58439  -51.011  -36.473  52.305 0.0000000000
57295  -53.119  -37.420  50.784 0.0000000000
58485  -54.945  -36.880  49.607 0.0000000000
58483  -52.814  -36.467  49.412 0.0000000000
59712  -52.526  -35.724  48.707 0.0000000000
61039  -52.883  -35.116  48.162 0.0000000000
68254  -50.809  -28.305  48.827 0.0000000000
67021  -50.733  -29.598  48.088 0.0000000000
67033  -49.978  -29.366  47.550 0.0000000000
34034  -19.885  -57.657  63.851 0.0000000000
34052  -19.340  -57.462  62.849 0.0000000000
34072  -20.638  -57.184  62.376 0.0000000000
35170  -20.536  -56.700  61.350 0.0000000000
36280  -21.186  -55.984  59.767 0.0000000000
39946  -24.180  -52.731  58.148 0.0000000000
38689  -23.514  -53.397  58.490 0.0000000000
39966  -23.247  -52.491  56.765 0.0000000000
38746  -22.315  -52.790  55.061 0.0000000000
37559  -22.335  -54.177  53.207 0.0000000000
36362  -22.689  -55.705  52.702 0.0000000000
36372  -22.713  -54.754  51.880 0.0000000000
38750  -31.678  -53.122  56.502 0.0000000000
37547  -30.943  -53.955  55.927 0.0000000000
37557  -30.384  -53.432  55.339 0.0000000000
38766  -29.210  -53.099  53.619 0.0000000000
38777  -28.290  -53.134  52.684 0.0000000000
57271  -39.411  -37.410  51.978 0.0000000000
57289  -39.613  -37.155  51.119 0.0000000000
57258  -40.207  -37.265  52.859 0.0000000000
57248  -41.004  -37.243  53.579 0.0000000000
57231  -42.725  -36.985  54.471 0.0000000000
57159  -41.444  -37.822  56.929 0.0000000000
57179  -42.296  -37.413  56.250 0.0000000000
57210  -43.261  -37.079  55.634 0.0000000000
57211  -44.238  -37.062  55.749 0.0000000000
56064  -45.229  -38.051  56.412 0.0000000000
56065  -46.147  -38.356  56.709 0.0000000000
43585  -40.956  -48.673  60.112 0.0000000000
42405  -40.161  -49.477  58.726 0.0000000000
43631  -40.840  -48.931  59.250 0.0000000000
44851  -40.217  -48.537  57.802 0.0000000000
46017  -39.982  -47.490  56.846 0.0000000000
48292  -41.501  -45.146  58.609 0.0000000000
47155  -40.346  -46.456  56.660 0.0000000000
46028  -40.089  -46.953  54.964 0.0000000000
48376  -38.574  -45.490  53.888 0.0000000000
49605  -38.359  -44.817  52.821 0.0000000000
49629  -37.537  -43.846  51.839 0.0000000000
50766  -36.252  -43.420  50.549 0.0000000000
50760  -37.843  -43.344  51.895 0.0000000000
51858  -38.325  -42.513  51.816 0.0000000000
52918  -38.232  -41.435  51.673 0.0000000000
52880  -40.345  -41.623  54.213 0.0000000000
53959  -39.364  -40.993  52.602 0.0000000000
53958  -38.625  -40.666  52.144 0.0000000000
55001  -38.655  -39.772  52.217 0.0000000000
57256  -39.050  -38.690  52.425 0.0000000000
64651  -52.884  -31.359  51.122 0.0000000000
66984  -54.302  -29.248  50.880 0.0000000000
68218  -53.977  -28.267  50.813 0.0000000000
68217  -53.073  -27.920  50.379 0.0000000000
69522  -52.576  -27.007  49.789 0.0000000000
141482  -51.801  -26.058  50.016 0.0000000000
35130  -24.599  -56.426  63.547 0.0000000000
35146  -23.875  -56.047  62.211 0.0000000000
36230  -24.754  -55.480  62.516 0.0000000000
36249  -25.129  -54.857  61.494 0.0000000000
37438  -25.317  -54.378  60.670 0.0000000000
37418  -26.809  -54.425  61.408 0.0000000000
37464  -26.392  -53.762  60.126 0.0000000000
38674  -25.465  -53.517  59.612 0.0000000000
39947  -25.035  -52.528  58.151 0.0000000000
39991  -25.110  -51.868  56.541 0.0000000000
41215  -24.494  -51.417  54.159 0.0000000000
58455  -40.719  -36.609  50.553 0.0000000000
58472  -40.962  -36.015  49.565 0.0000000000
58445  -43.493  -36.564  51.290 0.0000000000
57329  -50.969  -37.407  47.631 0.0000000000
57330  -51.855  -37.534  47.486 0.0000000000
37424  -33.139  -54.737  61.413 0.0000000000
36257  -32.747  -55.264  60.831 0.0000000000
37447  -33.846  -54.842  60.441 0.0000000000
37493  -33.458  -54.507  58.621 0.0000000000
37514  -33.503  -54.084  58.001 0.0000000000
38695  -35.646  -53.469  58.722 0.0000000000
37537  -33.732  -53.756  58.198 0.0000000000
38737  -32.291  -53.612  56.831 0.0000000000
39995  -32.298  -52.679  57.005 0.0000000000
41211  -31.319  -51.405  55.933 0.0000000000
42454  -31.195  -50.250  54.981 0.0000000000
42419  -39.797  -50.057  58.142 0.0000000000
42440  -38.267  -50.295  57.126 0.0000000000
43659  -36.271  -49.900  56.408 0.0000000000
44862  -37.351  -48.740  54.899 0.0000000000
44861  -36.261  -48.659  55.030 0.0000000000
43675  -35.490  -49.510  55.796 0.0000000000
43673  -33.031  -49.684  55.265 0.0000000000
43686  -32.263  -49.415  54.840 0.0000000000
51871  -35.603  -42.574  49.762 0.0000000000
53796  -40.660  -40.422  63.698 0.0000000000
54835  -40.001  -39.282  64.148 0.0000000000
32949  -21.171  -57.944  64.971 0.0000000000
34020  -24.308  -56.983  64.795 0.0000000000
35115  -24.963  -56.806  64.616 0.0000000000
35117  -26.919  -56.553  64.704 0.0000000000
35120  -30.007  -56.412  64.509 0.0000000000
35122  -31.044  -55.962  63.724 0.0000000000
36221  -31.847  -54.860  62.656 0.0000000000
37404  -32.927  -54.385  62.029 0.0000000000
38641  -34.019  -53.807  61.681 0.0000000000
38642  -35.053  -53.466  61.544 0.0000000000
39905  -36.311  -52.524  61.522 0.0000000000
39896  -37.016  -52.097  62.341 0.0000000000
39906  -37.044  -52.139  61.126 0.0000000000
39908  -38.484  -51.589  61.371 0.0000000000
41120  -39.288  -50.905  61.669 0.0000000000
43559  -40.072  -49.685  61.509 0.0000000000
43560  -40.478  -48.923  61.173 0.0000000000
45930  -41.204  -47.619  61.606 0.0000000000
47047  -42.053  -46.347  62.358 0.0000000000
52740  -40.878  -41.618  63.402 0.0000000000
55947  -39.602  -37.934  63.789 0.0000000000
58262  -40.682  -36.745  63.582 0.0000000000
58298  -42.079  -36.707  62.070 0.0000000000
58225  -42.638  -36.088  65.105 0.0000000000
58264  -42.631  -36.300  63.772 0.0000000000
57101  -42.826  -36.876  61.406 0.0000000000
57118  -44.579  -37.634  60.929 0.0000000000
56009  -45.287  -37.934  59.831 0.0000000000
56024  -46.765  -38.799  58.720 0.0000000000
54855  -46.450  -38.666  61.710 0.0000000000
54890  -47.169  -39.289  59.212 0.0000000000
54954  -47.499  -39.587  56.818 0.0000000000
53921  -47.846  -40.148  55.715 0.0000000000
53950  -48.648  -39.840  53.831 0.0000000000
53960  -49.682  -39.798  52.984 0.0000000000
52848  -49.948  -41.254  56.412 0.0000000000
53952  -50.438  -40.966  53.658 0.0000000000
55028  -50.607  -39.289  51.109 0.0000000000
55029  -51.377  -39.474  50.718 0.0000000000
56174  -52.207  -38.871  48.983 0.0000000000
56185  -52.633  -38.490  48.489 0.0000000000
56069  -52.229  -38.329  56.127 0.0000000000
54987  -53.292  -39.398  54.601 0.0000000000
57234  -52.335  -37.821  54.482 0.0000000000
56132  -53.339  -38.985  54.007 0.0000000000
53955  -54.274  -40.268  53.010 0.0000000000
53973  -54.729  -40.081  51.362 0.0000000000
55042  -54.377  -39.249  49.195 0.0000000000
56199  -53.637  -38.112  47.789 0.0000000000
57333  -54.734  -37.548  47.685 0.0000000000
58518  -55.695  -37.068  46.795 0.0000000000
57351  -56.906  -37.373  46.750 0.0000000000
58487  -56.289  -36.911  49.193 0.0000000000
57323  -57.305  -37.325  48.002 0.0000000000
57352  -57.489  -37.103  46.740 0.0000000000
62394  -51.266  -32.667  49.956 0.0000000000
61054  -50.580  -33.629  47.927 0.0000000000
61056  -52.446  -34.438  47.672 0.0000000000
63611  -50.781  -32.014  47.154 0.0000000000
62433  -52.701  -33.070  46.676 0.0000000000
62425  -54.135  -33.836  47.519 0.0000000000
34086  -18.734  -57.194  61.048 0.0000000000
36247  -23.059  -55.672  61.134 0.0000000000
36281  -22.101  -55.135  59.568 0.0000000000
36297  -21.177  -55.284  59.002 0.0000000000
38688  -22.320  -53.648  58.319 0.0000000000
37508  -21.083  -54.189  57.801 0.0000000000
37507  -20.321  -54.647  57.592 0.0000000000
37542  -19.952  -54.918  55.804 0.0000000000
37445  -31.886  -54.601  59.963 0.0000000000
37489  -30.343  -54.488  58.600 0.0000000000
37509  -29.471  -54.163  57.857 0.0000000000
37546  -30.297  -54.194  55.909 0.0000000000
38736  -28.841  -53.870  56.273 0.0000000000
38735  -28.267  -53.270  56.644 0.0000000000
40005  -27.390  -52.614  55.767 0.0000000000
41227  -26.140  -51.731  53.932 0.0000000000
42466  -24.957  -51.007  53.045 0.0000000000
41269  -27.597  -51.815  51.567 0.0000000000
38807  -27.162  -52.573  51.566 0.0000000000
40066  -26.599  -52.552  50.782 0.0000000000
40065  -25.695  -52.135  50.262 0.0000000000
41282  -24.752  -51.766  49.976 0.0000000000
40064  -23.929  -52.215  50.180 0.0000000000
53806  -40.598  -40.803  62.601 0.0000000000
53817  -40.561  -41.059  61.583 0.0000000000
54866  -40.593  -40.393  61.786 0.0000000000
58539  -52.072  -36.985  46.316 0.0000000000
59766  -52.309  -36.495  46.323 0.0000000000
58540  -52.951  -36.633  46.628 0.0000000000
58565  -53.112  -36.180  46.123 0.0000000000
36238  -31.805  -55.069  62.257 0.0000000000
35162  -31.534  -55.771  61.255 0.0000000000
36256  -32.069  -55.461  61.455 0.0000000000
58489  -38.048  -36.770  49.295 0.0000000000
56112  -46.084  -38.333  54.571 0.0000000000
54984  -46.680  -38.758  55.120 0.0000000000
54993  -46.632  -38.967  54.416 0.0000000000
54974  -47.091  -38.918  55.838 0.0000000000
42383  -39.451  -49.983  60.183 0.0000000000
41145  -39.328  -50.237  59.715 0.0000000000
42384  -39.609  -49.584  59.728 0.0000000000
48408  -36.447  -45.092  51.802 0.0000000000
57302  -38.328  -37.321  50.118 0.0000000000
57301  -37.715  -37.696  49.835 0.0000000000
58469  -38.156  -37.085  49.863 0.0000000000
63503  -53.066  -32.575  52.295 0.0000000000
62346  -51.412  -33.631  51.829 0.0000000000
62347  -52.453  -32.928  51.890 0.0000000000
62370  -50.662  -33.944  50.824 0.0000000000
63516  -52.075  -32.689  51.292 0.0000000000
34056  -22.779  -57.004  63.335 0.0000000000
41214  -23.731  -51.493  53.872 0.0000000000
41213  -23.132  -51.724  53.818 0.0000000000
40019  -23.317  -51.884  52.588 0.0000000000
40028  -22.855  -52.695  52.089 0.0000000000
40044  -23.251  -52.374  51.455 0.0000000000
42462  -30.240  -50.481  53.790 0.0000000000
56089  -40.080  -38.707  55.262 0.0000000000
57130  -42.273  -37.097  59.273 0.0000000000
48239  -41.753  -45.408  61.457 0.0000000000
48260  -41.490  -46.180  60.806 0.0000000000
48259  -41.532  -45.394  60.408 0.0000000000
50700  -41.011  -43.308  55.838 0.0000000000
49572  -40.900  -44.238  55.994 0.0000000000
50721  -39.784  -43.756  54.142 0.0000000000
50722  -40.306  -43.201  54.450 0.0000000000
50740  -40.197  -42.903  53.863 0.0000000000
51832  -40.606  -42.447  54.718 0.0000000000
54953  -39.813  -39.666  56.339 0.0000000000
54971  -39.572  -40.162  55.761 0.0000000000
54972  -39.653  -39.409  55.579 0.0000000000
54983  -39.527  -39.220  54.937 0.0000000000
36216  -27.682  -55.768  63.519 0.0000000000
36215  -26.578  -55.732  63.410 0.0000000000
38693  -27.803  -53.015  58.273 0.0000000000
39949  -26.964  -52.480  57.854 0.0000000000
39950  -27.633  -52.714  57.550 0.0000000000
57274  -42.132  -36.842  51.815 0.0000000000
58460  -45.547  -36.447  50.358 0.0000000000
58476  -44.798  -35.997  49.805 0.0000000000
56163  -49.614  -38.126  50.755 0.0000000000
57293  -49.385  -37.625  50.090 0.0000000000
56171  -50.041  -37.948  50.167 0.0000000000
56164  -50.518  -38.693  50.551 0.0000000000
38660  -36.065  -53.292  60.792 0.0000000000
37449  -36.241  -53.762  60.102 0.0000000000
42414  -35.581  -51.271  57.245 0.0000000000
41204  -35.185  -51.514  57.184 0.0000000000
42436  -34.603  -50.969  56.453 0.0000000000
44865  -39.201  -48.030  56.092 0.0000000000
43679  -38.983  -48.607  56.031 0.0000000000
44864  -38.884  -48.375  55.458 0.0000000000
44885  -34.450  -47.816  53.642 0.0000000000
46044  -33.817  -47.497  53.215 0.0000000000
46043  -32.995  -47.725  53.041 0.0000000000
46057  -32.353  -47.446  52.566 0.0000000000
53978  -36.496  -40.748  50.417 0.0000000000
55949  -45.497  -37.240  62.728 0.0000000000
56012  -49.051  -38.917  59.493 0.0000000000
55997  -48.591  -38.528  60.367 0.0000000000
54893  -48.719  -39.494  59.545 0.0000000000
54892  -48.179  -39.748  59.567 0.0000000000
53847  -48.586  -40.121  59.133 0.0000000000
52801  -49.023  -40.813  58.111 0.0000000000
52802  -49.284  -40.536  58.142 0.0000000000
52885  -52.540  -40.984  54.487 0.0000000000
52900  -52.482  -41.362  53.703 0.0000000000
52910  -53.165  -41.370  52.978 0.0000000000
52911  -54.003  -40.865  52.837 0.0000000000
62259  -53.371  -33.363  55.325 0.0000000000
60911  -53.528  -34.284  55.975 0.0000000000
59618  -53.040  -35.056  55.630 0.0000000000
57283  -54.490  -38.093  51.151 0.0000000000
57284  -55.090  -38.056  51.127 0.0000000000
57298  -55.368  -37.963  50.565 0.0000000000
57308  -55.285  -37.437  49.990 0.0000000000
61041  -55.338  -35.090  48.344 0.0000000000
61042  -56.048  -35.161  48.413 0.0000000000
61059  -55.616  -34.734  47.729 0.0000000000
65848  -51.004  -30.715  49.148 0.0000000000
65870  -51.285  -29.725  48.833 0.0000000000
34033  -18.731  -57.873  63.492 0.0000000000
36313  -19.278  -55.604  57.962 0.0000000000
36314  -19.924  -55.235  58.089 0.0000000000
37462  -23.829  -54.180  59.771 0.0000000000
38672  -23.556  -53.981  59.234 0.0000000000
36344  -22.080  -55.265  54.026 0.0000000000
37513  -32.721  -54.418  57.728 0.0000000000
37512  -31.864  -54.597  57.388 0.0000000000
38764  -27.738  -53.336  53.315 0.0000000000
38775  -26.869  -52.932  52.232 0.0000000000
54905  -39.748  -39.733  58.185 0.0000000000
56008  -39.992  -38.991  58.676 0.0000000000
55976  -40.172  -38.040  61.297 0.0000000000
57099  -40.385  -37.546  61.222 0.0000000000
58296  -40.326  -37.156  61.891 0.0000000000
51732  -41.835  -43.206  61.946 0.0000000000
51740  -41.646  -43.258  61.236 0.0000000000
52758  -41.651  -42.744  61.529 0.0000000000
51746  -40.488  -42.653  59.988 0.0000000000
51755  -40.742  -43.259  59.589 0.0000000000
51754  -40.571  -42.929  59.223 0.0000000000
51770  -40.887  -43.138  57.576 0.0000000000
52799  -40.361  -41.727  58.063 0.0000000000
53865  -39.720  -40.820  58.479 0.0000000000
61090  -51.963  -34.780  45.487 0.0000000000
59767  -54.244  -35.865  46.070 0.0000000000
36219  -29.861  -56.087  63.164 0.0000000000
36234  -29.147  -55.346  62.882 0.0000000000
36235  -30.072  -55.788  62.650 0.0000000000
36268  -30.851  -55.474  60.932 0.0000000000
37421  -30.063  -54.766  61.243 0.0000000000
56110  -44.692  -37.560  54.546 0.0000000000
57251  -44.214  -37.598  53.540 0.0000000000
56126  -44.660  -37.763  54.271 0.0000000000
57263  -45.287  -37.795  52.507 0.0000000000
55003  -47.379  -39.186  53.286 0.0000000000
56140  -48.182  -38.744  52.348 0.0000000000
39920  -38.149  -52.195  60.195 0.0000000000
37452  -38.104  -53.066  59.763 0.0000000000
38680  -38.321  -52.802  59.454 0.0000000000
41165  -38.805  -51.852  58.903 0.0000000000
39978  -38.603  -52.208  58.788 0.0000000000
41185  -37.666  -51.477  58.232 0.0000000000
42417  -38.237  -50.775  57.605 0.0000000000
47200  -37.826  -46.315  53.354 0.0000000000
46047  -37.382  -46.958  53.509 0.0000000000
46062  -37.231  -46.609  52.887 0.0000000000
47231  -35.605  -45.990  52.194 0.0000000000
47211  -36.220  -46.351  52.502 0.0000000000
47230  -34.905  -46.097  51.838 0.0000000000
47209  -34.458  -46.590  52.317 0.0000000000
48405  -33.820  -45.651  50.941 0.0000000000
56159  -37.212  -39.203  50.359 0.0000000000
56169  -36.877  -38.815  49.895 0.0000000000
58331  -49.289  -36.853  59.513 0.0000000000
57165  -50.676  -37.361  56.959 0.0000000000
56040  -50.424  -38.460  57.153 0.0000000000
56067  -50.810  -38.044  56.780 0.0000000000
54957  -51.820  -39.290  56.257 0.0000000000
56068  -51.275  -38.458  56.669 0.0000000000
63491  -53.955  -32.538  53.329 0.0000000000
63492  -54.514  -32.136  53.550 0.0000000000
62308  -54.296  -32.785  53.946 0.0000000000
62307  -53.360  -33.403  53.603 0.0000000000
60978  -52.813  -34.519  53.991 0.0000000000
60977  -52.200  -34.844  53.544 0.0000000000
59666  -50.510  -35.523  51.634 0.0000000000
59662  -50.679  -35.621  52.287 0.0000000000
58451  -50.904  -36.670  51.448 0.0000000000
57294  -52.265  -37.241  50.967 0.0000000000
58464  -51.434  -36.652  50.670 0.0000000000
58465  -52.517  -36.859  50.308 0.0000000000
58482  -51.943  -36.461  49.852 0.0000000000
59710  -50.714  -35.187  49.558 0.0000000000
59687  -51.956  -36.015  49.329 0.0000000000
59711  -51.419  -35.375  49.049 0.0000000000
59713  -53.633  -35.679  48.383 0.0000000000
61038  -51.827  -34.894  48.307 0.0000000000
68241  -50.772  -27.808  48.841 0.0000000000
34035  -20.850  -57.492  63.756 0.0000000000
34053  -20.302  -57.378  63.015 0.0000000000
35171  -21.221  -56.340  61.074 0.0000000000
35188  -21.083  -56.271  60.366 0.0000000000
36263  -21.531  -56.075  60.507 0.0000000000
39967  -24.329  -52.344  57.287 0.0000000000
38711  -23.496  -52.685  57.676 0.0000000000
38753  -22.145  -53.590  54.630 0.0000000000
37568  -22.561  -54.123  52.354 0.0000000000
37590  -22.768  -54.011  50.835 0.0000000000
36387  -22.922  -55.181  50.995 0.0000000000
38749  -30.839  -53.089  56.019 0.0000000000
38759  -30.390  -52.830  55.167 0.0000000000
40022  -29.689  -52.304  53.654 0.0000000000
40033  -29.000  -52.731  52.778 0.0000000000
38778  -28.846  -53.244  53.046 0.0000000000
40048  -28.593  -52.509  52.515 0.0000000000
57257  -39.498  -38.071  52.780 0.0000000000
57247  -40.248  -37.875  53.599 0.0000000000
57208  -40.895  -37.264  55.215 0.0000000000
57229  -40.743  -37.359  54.369 0.0000000000
58420  -41.208  -36.877  54.540 0.0000000000
57230  -41.627  -36.955  54.282 0.0000000000
57209  -41.844  -36.906  55.252 0.0000000000
57158  -40.826  -38.147  56.997 0.0000000000
57160  -42.322  -37.420  57.127 0.0000000000
58405  -43.848  -36.857  55.981 0.0000000000
58377  -43.839  -37.074  56.526 0.0000000000
56035  -44.710  -37.982  56.916 0.0000000000
56036  -45.359  -38.102  57.415 0.0000000000
44768  -40.635  -48.242  60.377 0.0000000000
43611  -41.201  -48.851  59.897 0.0000000000
44791  -40.802  -48.369  60.441 0.0000000000
45980  -40.877  -47.219  59.389 0.0000000000
44815  -40.643  -47.907  58.872 0.0000000000
44814  -40.478  -47.784  58.260 0.0000000000
44850  -40.128  -48.186  57.327 0.0000000000
46001  -40.318  -47.309  57.359 0.0000000000
49506  -41.460  -44.518  59.322 0.0000000000
48275  -41.495  -45.109  59.156 0.0000000000
48312  -41.484  -45.160  57.816 0.0000000000
48357  -40.556  -45.416  55.926 0.0000000000
48332  -40.814  -45.539  56.602 0.0000000000
47179  -39.991  -46.424  55.608 0.0000000000
47192  -39.936  -46.435  55.018 0.0000000000
47191  -39.404  -46.165  54.866 0.0000000000
48377  -39.172  -45.231  54.396 0.0000000000
49606  -38.935  -44.360  52.949 0.0000000000
49617  -38.020  -44.359  52.361 0.0000000000
52917  -37.720  -41.922  51.135 0.0000000000
52846  -40.583  -41.762  55.995 0.0000000000
53936  -40.400  -41.408  54.806 0.0000000000
54992  -39.319  -40.145  53.954 0.0000000000
53949  -39.622  -40.933  53.324 0.0000000000
55015  -37.957  -39.804  51.506 0.0000000000
57270  -38.726  -38.140  51.962 0.0000000000
69497  -54.392  -27.711  51.146 0.0000000000
69496  -53.888  -27.042  50.923 0.0000000000
69523  -53.553  -26.454  50.547 0.0000000000
72960  -52.895  -25.581  50.376 0.0000000000
36214  -25.541  -55.702  63.313 0.0000000000
36250  -26.370  -55.002  61.849 0.0000000000
36267  -24.797  -54.640  60.736 0.0000000000
36251  -27.438  -55.024  61.994 0.0000000000
37419  -27.859  -54.435  61.432 0.0000000000
38691  -25.738  -52.920  58.831 0.0000000000
41179  -25.744  -52.057  57.125 0.0000000000
41198  -25.610  -51.944  56.673 0.0000000000
41209  -25.045  -51.602  55.181 0.0000000000
40003  -25.671  -51.872  55.412 0.0000000000
57290  -40.264  -36.856  51.078 0.0000000000
58442  -40.889  -36.829  51.332 0.0000000000
58456  -41.767  -36.546  50.491 0.0000000000
59676  -41.644  -35.845  49.472 0.0000000000
59679  -44.073  -35.597  49.204 0.0000000000
58462  -47.358  -36.693  49.955 0.0000000000
58480  -48.681  -36.971  48.904 0.0000000000
58496  -49.566  -36.985  48.065 0.0000000000
57306  -50.735  -37.806  49.134 0.0000000000
57328  -50.286  -37.313  48.001 0.0000000000
57317  -50.867  -37.595  48.431 0.0000000000
57347  -51.325  -37.352  47.007 0.0000000000
57318  -51.816  -37.659  48.364 0.0000000000
37446  -33.195  -55.035  60.699 0.0000000000
37517  -37.217  -53.078  59.055 0.0000000000
37496  -36.636  -53.390  59.078 0.0000000000
38696  -36.563  -53.208  58.886 0.0000000000
39973  -33.703  -52.842  58.028 0.0000000000
38740  -33.977  -53.290  58.304 0.0000000000
38715  -33.510  -53.543  57.804 0.0000000000
38738  -33.071  -53.522  57.507 0.0000000000
39996  -33.020  -52.591  57.518 0.0000000000
42434  -32.722  -50.792  56.470 0.0000000000
42433  -31.978  -50.862  56.150 0.0000000000
42445  -31.645  -50.612  55.604 0.0000000000
42455  -31.998  -50.068  55.292 0.0000000000
42420  -40.080  -49.472  58.432 0.0000000000
43661  -38.396  -49.753  56.648 0.0000000000
42439  -37.758  -50.391  56.956 0.0000000000
43660  -37.358  -49.931  56.279 0.0000000000
44887  -37.027  -47.551  53.737 0.0000000000
44875  -36.798  -48.070  54.095 0.0000000000
44873  -34.654  -48.440  54.401 0.0000000000
44860  -35.244  -48.673  55.053 0.0000000000
43674  -34.193  -49.262  55.264 0.0000000000
44883  -32.418  -48.312  53.484 0.0000000000
44870  -32.012  -48.800  54.166 0.0000000000
43685  -31.355  -49.420  54.298 0.0000000000
50767  -36.693  -42.949  50.673 0.0000000000
51863  -35.881  -42.969  50.176 0.0000000000
32948  -20.355  -57.941  65.020 0.0000000000
35097  -25.000  -57.099  65.280 0.0000000000
38626  -32.853  -53.932  62.504 0.0000000000
38640  -33.311  -54.023  61.946 0.0000000000
38627  -33.779  -53.413  62.485 0.0000000000
38643  -35.706  -53.119  61.295 0.0000000000
39904  -35.686  -52.705  61.850 0.0000000000
39881  -37.546  -51.782  62.982 0.0000000000
39880  -36.983  -52.052  63.439 0.0000000000
39907  -37.782  -51.733  60.940 0.0000000000
39898  -38.396  -51.773  61.878 0.0000000000
42336  -39.442  -50.699  62.337 0.0000000000
42337  -39.713  -50.247  61.805 0.0000000000
43546  -40.693  -48.778  62.556 0.0000000000
44742  -40.996  -48.137  62.219 0.0000000000
44753  -40.750  -48.201  61.554 0.0000000000
45918  -41.382  -47.874  62.797 0.0000000000
47046  -41.931  -46.714  62.519 0.0000000000
47031  -42.016  -45.951  62.861 0.0000000000
48200  -41.983  -45.504  62.928 0.0000000000
54820  -39.713  -38.960  64.758 0.0000000000
55932  -39.771  -38.746  64.045 0.0000000000
57051  -39.775  -37.683  64.837 0.0000000000
58243  -40.914  -36.421  64.704 0.0000000000
57052  -40.204  -37.152  64.336 0.0000000000
58280  -41.325  -36.629  62.752 0.0000000000
57068  -44.010  -36.740  63.607 0.0000000000
58265  -43.360  -36.454  63.831 0.0000000000
58282  -43.307  -36.591  63.192 0.0000000000
57083  -43.081  -36.878  62.335 0.0000000000
57102  -43.803  -37.272  61.661 0.0000000000
57117  -43.608  -37.253  60.649 0.0000000000
55992  -45.345  -37.959  60.309 0.0000000000
56010  -45.865  -38.147  59.536 0.0000000000
55967  -48.350  -38.251  62.379 0.0000000000
55965  -46.474  -38.363  62.438 0.0000000000
54856  -46.990  -38.912  61.993 0.0000000000
54891  -47.733  -39.746  59.278 0.0000000000
54907  -47.589  -39.752  58.461 0.0000000000
56025  -47.256  -39.271  58.449 0.0000000000
54927  -47.671  -40.000  57.621 0.0000000000
53905  -48.029  -40.347  57.009 0.0000000000
53922  -48.868  -40.904  55.419 0.0000000000
53951  -49.367  -40.113  53.592 0.0000000000
52826  -50.235  -40.515  57.080 0.0000000000
52825  -49.650  -40.701  57.397 0.0000000000
52868  -50.915  -41.409  55.514 0.0000000000
52908  -51.765  -41.303  53.003 0.0000000000
52898  -50.967  -41.283  53.731 0.0000000000
55007  -50.697  -39.779  52.418 0.0000000000
55018  -51.151  -39.620  51.759 0.0000000000
53970  -51.906  -40.038  51.460 0.0000000000
55031  -52.975  -39.754  50.179 0.0000000000
55030  -52.122  -39.693  50.305 0.0000000000
55051  -52.768  -39.139  48.980 0.0000000000
57186  -52.781  -36.304  55.563 0.0000000000
57185  -52.620  -37.053  55.781 0.0000000000
56094  -52.687  -38.399  55.283 0.0000000000
56095  -53.166  -38.860  54.853 0.0000000000
58431  -51.680  -36.626  53.572 0.0000000000
58422  -51.978  -37.194  54.394 0.0000000000
57253  -51.772  -37.746  53.970 0.0000000000
55019  -54.335  -39.375  51.918 0.0000000000
55008  -53.176  -39.363  53.040 0.0000000000
55009  -53.892  -39.482  52.670 0.0000000000
54999  -54.056  -39.858  53.112 0.0000000000
55010  -54.387  -39.800  52.505 0.0000000000
53964  -54.467  -40.193  52.299 0.0000000000
55043  -55.122  -39.080  49.433 0.0000000000
55033  -55.121  -39.514  50.182 0.0000000000
55053  -54.018  -38.950  48.576 0.0000000000
56187  -54.624  -38.373  48.396 0.0000000000
56200  -54.190  -37.984  47.769 0.0000000000
57320  -55.141  -37.760  48.134 0.0000000000
56189  -56.654  -37.648  47.999 0.0000000000
56201  -56.157  -37.522  47.827 0.0000000000
56202  -56.787  -37.732  47.367 0.0000000000
57350  -56.273  -37.320  46.844 0.0000000000
56212  -57.048  -37.848  46.971 0.0000000000
58486  -55.686  -36.958  49.508 0.0000000000
59690  -55.523  -36.340  49.141 0.0000000000
58519  -57.154  -36.668  47.861 0.0000000000
58500  -57.291  -36.953  48.183 0.0000000000
58520  -57.512  -36.777  47.486 0.0000000000
57336  -57.556  -37.258  47.226 0.0000000000
64650  -51.766  -31.060  50.383 0.0000000000
63532  -51.840  -32.128  50.670 0.0000000000
63557  -51.276  -31.830  49.889 0.0000000000
63585  -50.487  -32.219  48.520 0.0000000000
62413  -50.277  -33.053  48.508 0.0000000000
61055  -51.363  -34.105  47.779 0.0000000000
62423  -52.113  -33.601  47.243 0.0000000000
65883  -50.025  -30.613  47.379 0.0000000000
64712  -50.448  -31.509  47.346 0.0000000000
64722  -50.673  -31.437  46.578 0.0000000000
63613  -52.220  -32.307  46.338 0.0000000000
62424  -53.105  -33.904  47.108 0.0000000000
34087  -19.539  -57.126  61.361 0.0000000000
34070  -18.956  -57.288  61.947 0.0000000000
34102  -19.470  -57.076  60.550 0.0000000000
35185  -18.533  -56.639  59.629 0.0000000000
35210  -18.155  -55.928  57.983 0.0000000000
36330  -19.035  -55.872  56.693 0.0000000000
35158  -23.062  -56.086  61.768 0.0000000000
37460  -22.470  -54.652  59.522 0.0000000000
36282  -22.662  -54.792  59.816 0.0000000000
36298  -21.728  -54.954  58.923 0.0000000000
38710  -22.498  -53.034  57.374 0.0000000000
38732  -21.034  -53.894  56.705 0.0000000000
38709  -21.540  -53.716  57.440 0.0000000000
38708  -20.817  -54.077  57.217 0.0000000000
37529  -20.411  -54.385  56.462 0.0000000000
35268  -22.999  -56.242  52.843 0.0000000000
36271  -32.986  -54.961  60.165 0.0000000000
36270  -32.069  -55.162  60.453 0.0000000000
36284  -32.221  -54.628  59.583 0.0000000000
36316  -31.037  -54.851  58.115 0.0000000000
36300  -30.910  -54.677  58.508 0.0000000000
36315  -30.646  -54.784  58.193 0.0000000000
37531  -29.628  -53.897  56.982 0.0000000000
37556  -30.103  -53.881  55.152 0.0000000000
37555  -29.616  -54.086  55.343 0.0000000000
38756  -28.121  -53.476  54.431 0.0000000000
39994  -27.671  -52.731  56.414 0.0000000000
40013  -27.348  -52.834  54.945 0.0000000000
40012  -26.513  -52.215  54.551 0.0000000000
40020  -26.058  -51.929  53.016 0.0000000000
41226  -25.304  -51.320  53.538 0.0000000000
41235  -25.397  -51.443  52.644 0.0000000000
40067  -27.260  -52.261  50.878 0.0000000000
40099  -26.498  -53.013  48.317 0.0000000000
40079  -26.330  -52.571  49.611 0.0000000000
38822  -24.712  -53.617  48.368 0.0000000000
40087  -24.562  -53.140  48.979 0.0000000000
41281  -24.234  -52.049  50.069 0.0000000000
38815  -24.202  -53.569  49.191 0.0000000000
54876  -39.962  -39.886  60.285 0.0000000000
55991  -39.908  -38.761  59.614 0.0000000000
55961  -40.037  -38.119  61.639 0.0000000000
52757  -41.115  -42.175  61.470 0.0000000000
53831  -40.643  -41.690  60.957 0.0000000000
52766  -39.947  -41.455  60.299 0.0000000000
53843  -39.819  -41.171  60.328 0.0000000000
58538  -51.312  -36.887  46.603 0.0000000000
58541  -54.130  -36.327  46.485 0.0000000000
35149  -30.975  -55.978  62.658 0.0000000000
36236  -30.848  -55.731  62.292 0.0000000000
36255  -31.270  -55.513  61.719 0.0000000000
35174  -31.252  -55.884  60.936 0.0000000000
36269  -31.326  -55.398  60.607 0.0000000000
58471  -39.853  -36.524  49.656 0.0000000000
56091  -45.415  -37.826  55.711 0.0000000000
56127  -45.217  -38.127  53.886 0.0000000000
56138  -46.148  -38.452  52.870 0.0000000000
56129  -46.790  -38.836  53.296 0.0000000000
54994  -47.072  -39.324  53.929 0.0000000000
54986  -47.740  -39.698  54.367 0.0000000000
39922  -38.685  -51.634  59.755 0.0000000000
39933  -38.669  -52.166  59.320 0.0000000000
39934  -38.813  -51.459  59.530 0.0000000000
41154  -39.167  -50.797  59.301 0.0000000000
41187  -39.248  -50.690  58.375 0.0000000000
48395  -37.459  -45.387  52.465 0.0000000000
47212  -37.064  -46.254  52.556 0.0000000000
48394  -36.760  -45.665  52.284 0.0000000000
48407  -35.501  -45.337  51.590 0.0000000000
48419  -34.050  -45.256  50.662 0.0000000000
49625  -34.403  -45.041  50.723 0.0000000000
49636  -34.124  -44.688  50.249 0.0000000000
56170  -37.358  -38.361  49.922 0.0000000000
62328  -53.356  -32.794  52.904 0.0000000000
62306  -52.501  -34.103  53.325 0.0000000000
62327  -52.569  -33.341  52.673 0.0000000000
61003  -50.821  -34.740  51.928 0.0000000000
61015  -50.658  -34.802  51.111 0.0000000000
59669  -50.811  -36.022  50.470 0.0000000000
61024  -50.461  -34.688  50.135 0.0000000000
62393  -50.677  -33.488  49.703 0.0000000000
34036  -21.632  -57.352  63.977 0.0000000000
34073  -21.263  -57.278  62.681 0.0000000000
35157  -22.101  -56.177  61.901 0.0000000000
40001  -23.680  -51.669  55.348 0.0000000000
41206  -23.293  -51.624  54.216 0.0000000000
40010  -22.719  -52.079  53.720 0.0000000000
38762  -22.452  -53.243  52.712 0.0000000000
38774  -22.639  -53.382  51.896 0.0000000000
38788  -22.669  -53.391  51.193 0.0000000000
37591  -23.236  -54.245  50.123 0.0000000000
40015  -30.232  -52.243  54.619 0.0000000000
41229  -30.144  -51.526  54.136 0.0000000000
41237  -29.188  -51.727  52.893 0.0000000000
56125  -40.026  -38.515  53.870 0.0000000000
57207  -40.239  -37.924  54.927 0.0000000000
57147  -42.071  -36.950  57.968 0.0000000000
57161  -43.282  -37.158  57.380 0.0000000000
57149  -44.355  -37.434  58.810 0.0000000000
45940  -41.146  -47.338  60.956 0.0000000000
45957  -40.787  -47.551  60.635 0.0000000000
47089  -40.932  -46.955  60.324 0.0000000000
47106  -40.899  -46.902  59.849 0.0000000000
45955  -41.211  -46.416  59.003 0.0000000000
49543  -41.465  -44.342  57.572 0.0000000000
49555  -41.233  -44.288  56.776 0.0000000000
49571  -40.394  -44.625  55.385 0.0000000000
49595  -39.919  -44.312  54.668 0.0000000000
50752  -39.109  -43.427  52.702 0.0000000000
50751  -38.472  -43.388  52.334 0.0000000000
51850  -39.518  -42.501  52.982 0.0000000000
53904  -40.175  -40.707  56.309 0.0000000000
53919  -40.059  -40.706  55.339 0.0000000000
53903  -39.924  -40.486  55.889 0.0000000000
56108  -39.457  -39.473  54.391 0.0000000000
37441  -28.250  -54.080  60.637 0.0000000000
38692  -26.756  -52.972  58.590 0.0000000000
39948  -25.994  -52.655  57.952 0.0000000000
39993  -26.876  -52.359  56.391 0.0000000000
57273  -41.447  -36.976  51.916 0.0000000000
58444  -42.560  -36.715  51.322 0.0000000000
58446  -44.493  -36.672  51.369 0.0000000000
58458  -43.661  -36.362  50.639 0.0000000000
57279  -48.171  -37.781  50.949 0.0000000000
57303  -48.165  -36.908  49.997 0.0000000000
57292  -48.675  -37.565  50.430 0.0000000000
37426  -35.154  -54.187  61.104 0.0000000000
37448  -35.226  -54.421  60.501 0.0000000000
37473  -35.343  -54.269  59.525 0.0000000000
39975  -35.838  -52.506  58.337 0.0000000000
39951  -35.881  -53.105  58.595 0.0000000000
41182  -34.515  -51.905  57.773 0.0000000000
41181  -33.944  -52.065  57.659 0.0000000000
41180  -33.472  -52.111  57.544 0.0000000000
41202  -33.928  -51.468  57.109 0.0000000000
42447  -33.440  -50.217  55.819 0.0000000000
43663  -39.867  -48.723  57.434 0.0000000000
43678  -38.694  -49.046  55.826 0.0000000000
46045  -35.724  -47.646  53.499 0.0000000000
46031  -35.669  -47.824  53.839 0.0000000000
44899  -35.137  -47.667  53.268 0.0000000000
44872  -33.804  -48.550  54.161 0.0000000000
51865  -37.066  -42.412  50.691 0.0000000000
38616  -33.999  -53.086  63.136 0.0000000000
39877  -34.292  -52.598  63.670 0.0000000000
41103  -38.219  -51.405  63.161 0.0000000000
41118  -38.446  -51.544  62.469 0.0000000000
41104  -38.743  -51.188  62.891 0.0000000000
45905  -41.429  -47.611  63.343 0.0000000000
57017  -39.934  -37.448  66.347 0.0000000000
58223  -40.712  -36.585  65.887 0.0000000000
58224  -41.690  -36.262  65.514 0.0000000000
57053  -44.016  -36.625  64.126 0.0000000000
57069  -44.776  -36.895  63.237 0.0000000000
57103  -44.703  -37.508  61.847 0.0000000000
57085  -44.920  -37.243  62.492 0.0000000000
55963  -45.399  -37.776  62.030 0.0000000000
55979  -45.948  -38.348  61.440 0.0000000000
55968  -49.255  -38.083  62.186 0.0000000000
55981  -48.137  -38.556  61.349 0.0000000000
54870  -47.893  -38.816  61.802 0.0000000000
54869  -47.552  -38.896  61.372 0.0000000000
55995  -47.951  -39.171  60.433 0.0000000000
53846  -48.203  -40.139  59.020 0.0000000000
53866  -48.060  -40.313  58.594 0.0000000000
53887  -48.417  -40.765  57.327 0.0000000000
52823  -48.455  -40.873  57.689 0.0000000000
52847  -49.273  -41.110  56.089 0.0000000000
52850  -51.690  -40.804  56.150 0.0000000000
52909  -52.252  -41.425  52.929 0.0000000000
53963  -52.333  -41.168  52.405 0.0000000000
53971  -52.783  -40.652  51.824 0.0000000000
53982  -53.480  -40.238  50.844 0.0000000000
59617  -53.083  -35.091  56.073 0.0000000000
58380  -52.889  -35.758  55.552 0.0000000000
57267  -52.271  -38.035  52.206 0.0000000000
56143  -52.503  -38.813  52.926 0.0000000000
56152  -53.021  -38.505  51.952 0.0000000000
56153  -53.918  -38.877  51.719 0.0000000000
56155  -55.406  -38.700  51.169 0.0000000000
56176  -55.587  -38.324  49.282 0.0000000000
56177  -56.466  -37.589  48.539 0.0000000000
57310  -56.562  -37.433  48.925 0.0000000000
59688  -54.231  -35.883  48.822 0.0000000000
59715  -55.471  -35.540  48.834 0.0000000000
59738  -56.658  -36.192  47.883 0.0000000000
65828  -51.924  -30.584  50.137 0.0000000000
64674  -51.295  -31.146  49.801 0.0000000000
65849  -51.574  -30.414  49.564 0.0000000000
63602  -50.518  -32.219  47.800 0.0000000000
64723  -51.659  -31.378  46.057 0.0000000000
34069  -18.001  -57.455  61.680 0.0000000000
35187  -20.375  -56.616  60.274 0.0000000000
35198  -19.241  -56.287  59.083 0.0000000000
35211  -18.871  -55.974  58.320 0.0000000000
37528  -19.707  -55.049  56.579 0.0000000000
36266  -24.216  -54.830  60.703 0.0000000000
37461  -23.025  -54.365  59.655 0.0000000000
38745  -21.864  -53.481  55.348 0.0000000000
37544  -21.259  -54.062  55.382 0.0000000000
37543  -20.516  -54.598  55.364 0.0000000000
36343  -21.462  -55.387  54.299 0.0000000000
35252  -22.699  -56.388  53.606 0.0000000000
36302  -32.449  -54.678  58.707 0.0000000000
37511  -31.081  -54.557  57.460 0.0000000000
38755  -27.147  -53.108  53.923 0.0000000000
38835  -26.224  -53.457  47.826 0.0000000000
38823  -25.516  -53.306  48.278 0.0000000000
56033  -40.397  -38.670  56.864 0.0000000000
57115  -41.253  -37.198  60.238 0.0000000000
58315  -41.475  -36.917  60.915 0.0000000000
49482  -41.545  -44.482  61.056 0.0000000000
50621  -41.336  -43.865  60.074 0.0000000000
50638  -41.027  -43.807  59.222 0.0000000000
51747  -40.996  -43.209  60.229 0.0000000000
50658  -41.157  -43.649  58.162 0.0000000000
51789  -40.974  -43.010  56.856 0.0000000000
51807  -41.108  -42.934  56.130 0.0000000000
51806  -40.818  -42.376  56.475 0.0000000000
52798  -40.020  -41.123  57.662 0.0000000000
53885  -40.224  -40.681  57.149 0.0000000000
54925  -39.986  -40.417  57.341 0.0000000000
54926  -39.969  -39.850  57.222 0.0000000000
61092  -54.040  -34.850  45.325 0.0000000000
36217  -28.737  -55.807  63.558 0.0000000000
36233  -28.087  -55.307  62.847 0.0000000000
37488  -29.169  -54.147  58.713 0.0000000000
57261  -43.390  -36.876  52.774 0.0000000000
57252  -44.886  -37.883  53.123 0.0000000000
57275  -44.678  -37.214  51.969 0.0000000000
58447  -45.429  -36.810  51.125 0.0000000000
58448  -46.341  -36.896  50.882 0.0000000000
58449  -47.091  -36.841  50.640 0.0000000000
57278  -47.309  -37.543  51.283 0.0000000000
56149  -48.354  -38.230  51.615 0.0000000000
56150  -49.396  -38.601  51.528 0.0000000000
37450  -37.121  -53.287  59.970 0.0000000000
37451  -37.882  -53.106  59.848 0.0000000000
38678  -37.832  -53.006  59.229 0.0000000000
37518  -37.593  -52.904  58.913 0.0000000000
38699  -38.590  -52.614  59.066 0.0000000000
38720  -38.330  -52.627  58.872 0.0000000000
39976  -36.950  -52.194  58.452 0.0000000000
41184  -36.609  -51.654  57.990 0.0000000000
42415  -36.192  -51.076  57.408 0.0000000000
46035  -39.232  -47.009  54.856 0.0000000000
44877  -38.677  -47.893  54.763 0.0000000000
46033  -37.635  -47.430  54.016 0.0000000000
46060  -35.746  -47.065  53.095 0.0000000000
46076  -32.676  -46.737  51.990 0.0000000000
47228  -33.004  -46.333  51.415 0.0000000000
47238  -32.647  -45.881  50.899 0.0000000000
48417  -32.268  -45.481  50.309 0.0000000000
48418  -33.323  -45.286  50.389 0.0000000000
55013  -36.839  -40.060  50.874 0.0000000000
55025  -36.889  -39.824  50.454 0.0000000000
55050  -36.011  -39.241  49.121 0.0000000000
56182  -35.950  -38.796  48.640 0.0000000000
57313  -36.280  -38.409  48.758 0.0000000000
57134  -49.142  -37.981  59.845 0.0000000000
54928  -49.510  -39.539  58.096 0.0000000000
53907  -50.614  -40.016  56.946 0.0000000000
57164  -49.737  -37.595  57.637 0.0000000000
54930  -50.764  -39.108  57.240 0.0000000000
54955  -50.688  -39.471  57.140 0.0000000000
53908  -51.525  -40.187  56.391 0.0000000000
53909  -52.260  -39.957  56.032 0.0000000000
53925  -52.708  -40.185  55.303 0.0000000000
60960  -53.146  -33.898  54.883 0.0000000000
59636  -52.820  -34.884  54.905 0.0000000000
60959  -52.933  -34.496  54.656 0.0000000000
59660  -52.331  -35.429  54.047 0.0000000000
60992  -51.565  -34.867  53.065 0.0000000000
59663  -51.216  -35.735  52.925 0.0000000000
57280  -51.718  -37.240  51.726 0.0000000000
57296  -54.033  -37.677  50.541 0.0000000000
58467  -54.318  -37.178  49.972 0.0000000000
58484  -54.003  -36.416  49.337 0.0000000000
59686  -51.261  -35.859  49.881 0.0000000000
58497  -53.380  -36.155  48.836 0.0000000000
58498  -53.865  -36.031  48.823 0.0000000000
59736  -53.649  -35.410  47.941 0.0000000000
61057  -53.537  -34.842  47.709 0.0000000000
68242  -51.460  -28.021  49.285 0.0000000000
67022  -51.003  -28.895  48.827 0.0000000000
65897  -50.335  -30.499  46.286 0.0000000000
34071  -19.821  -57.145  62.218 0.0000000000
34088  -20.170  -56.991  61.695 0.0000000000
35155  -20.596  -56.892  61.904 0.0000000000
36279  -20.388  -56.192  59.643 0.0000000000
39989  -23.032  -52.270  55.712 0.0000000000
36361  -22.620  -55.069  52.724 0.0000000000
37548  -31.507  -53.640  56.440 0.0000000000
40014  -29.973  -52.458  54.176 0.0000000000
38758  -29.887  -53.009  54.511 0.0000000000
38791  -27.644  -52.765  52.231 0.0000000000
57288  -38.680  -37.642  50.787 0.0000000000
58453  -39.215  -37.153  50.583 0.0000000000
57259  -41.256  -37.152  52.728 0.0000000000
57249  -42.033  -37.039  53.549 0.0000000000
56062  -40.944  -38.315  56.334 0.0000000000
57178  -41.441  -37.748  55.931 0.0000000000
58357  -41.842  -37.553  57.236 0.0000000000
57233  -44.670  -37.305  55.263 0.0000000000
57181  -44.271  -37.410  56.624 0.0000000000
57182  -44.793  -37.783  56.408 0.0000000000
43584  -40.031  -49.184  59.868 0.0000000000
43610  -40.738  -49.105  59.345 0.0000000000
43630  -40.580  -49.324  59.032 0.0000000000
43645  -40.216  -48.984  58.279 0.0000000000
43632  -40.595  -48.468  59.961 0.0000000000
43646  -40.390  -48.829  58.777 0.0000000000
46016  -39.611  -47.486  56.359 0.0000000000
48258  -41.570  -45.020  59.647 0.0000000000
47087  -41.323  -45.810  58.958 0.0000000000
47105  -41.279  -46.103  58.020 0.0000000000
47130  -41.055  -45.878  57.295 0.0000000000
47129  -40.685  -46.515  57.416 0.0000000000
47154  -39.859  -47.111  56.513 0.0000000000
47178  -39.788  -46.938  56.140 0.0000000000
47190  -38.660  -46.125  54.446 0.0000000000
47214  -37.995  -45.792  53.185 0.0000000000
48385  -38.778  -44.864  53.678 0.0000000000
48384  -38.416  -45.250  53.228 0.0000000000
48396  -38.008  -45.299  52.802 0.0000000000
49616  -37.416  -44.774  52.237 0.0000000000
49628  -37.028  -44.317  51.765 0.0000000000
50758  -36.623  -43.872  51.104 0.0000000000
49638  -35.706  -43.772  50.375 0.0000000000
50759  -37.126  -43.365  51.223 0.0000000000
51857  -37.680  -42.731  51.314 0.0000000000
53968  -37.418  -40.853  51.239 0.0000000000
52897  -40.460  -41.962  54.044 0.0000000000
52896  -40.104  -41.822  53.603 0.0000000000
52907  -39.577  -41.614  52.927 0.0000000000
53969  -38.023  -40.719  51.692 0.0000000000
55027  -37.883  -39.080  50.919 0.0000000000
56135  -38.955  -39.288  52.514 0.0000000000
56147  -38.635  -39.064  51.931 0.0000000000
56161  -38.202  -38.640  51.147 0.0000000000
63533  -52.409  -32.077  51.205 0.0000000000
64652  -53.966  -30.816  51.402 0.0000000000
65830  -53.604  -30.205  50.968 0.0000000000
66983  -53.186  -29.213  50.529 0.0000000000
67006  -52.461  -28.799  50.124 0.0000000000
68243  -52.297  -28.158  49.745 0.0000000000
141479  -53.875  -26.373  50.996 0.0000000000
69495  -53.387  -27.086  50.241 0.0000000000
141480  -51.215  -25.876  49.687 0.0000000000
71912  -51.674  -24.904  49.737 0.0000000000
34038  -23.712  -57.103  63.874 0.0000000000
35129  -23.700  -56.726  63.396 0.0000000000
37437  -24.464  -54.280  60.239 0.0000000000
38657  -24.566  -53.939  60.018 0.0000000000
37440  -27.143  -53.951  60.785 0.0000000000
37439  -26.204  -54.169  60.746 0.0000000000
37463  -25.658  -53.930  60.277 0.0000000000
38658  -24.946  -53.872  60.148 0.0000000000
38690  -24.694  -53.093  58.848 0.0000000000
39968  -25.405  -52.157  57.370 0.0000000000
40002  -24.636  -51.736  55.643 0.0000000000
41208  -24.473  -51.465  54.948 0.0000000000
41225  -24.447  -51.277  53.383 0.0000000000
43692  -29.384  -49.882  53.127 0.0000000000
58454  -39.756  -36.897  50.471 0.0000000000
58492  -40.662  -35.616  48.431 0.0000000000
58457  -42.731  -36.511  50.565 0.0000000000
58474  -42.914  -36.104  49.964 0.0000000000
59677  -42.215  -35.680  49.421 0.0000000000
58479  -47.855  -36.764  49.086 0.0000000000
58513  -50.151  -36.753  47.514 0.0000000000
58514  -50.802  -37.047  47.050 0.0000000000
57348  -51.906  -37.375  46.746 0.0000000000
36286  -33.597  -54.831  59.439 0.0000000000
36303  -33.096  -54.695  58.850 0.0000000000
37492  -32.831  -54.583  58.378 0.0000000000
37535  -32.873  -54.044  57.331 0.0000000000
37495  -35.305  -53.856  58.912 0.0000000000
38717  -34.733  -53.179  58.415 0.0000000000
37516  -34.643  -53.759  58.610 0.0000000000
37515  -33.939  -53.954  58.419 0.0000000000
37536  -33.593  -53.797  57.658 0.0000000000
40007  -31.389  -52.347  56.356 0.0000000000
41200  -32.055  -51.600  56.597 0.0000000000
41210  -30.883  -51.452  55.481 0.0000000000
41219  -31.106  -51.006  55.398 0.0000000000
42453  -30.511  -50.700  54.470 0.0000000000
42463  -30.813  -50.092  54.219 0.0000000000
42397  -39.897  -49.427  59.102 0.0000000000
41188  -39.603  -50.292  58.428 0.0000000000
42418  -39.071  -50.584  57.814 0.0000000000
43643  -39.211  -49.835  57.414 0.0000000000
43642  -38.643  -50.233  57.345 0.0000000000
42438  -36.742  -50.399  56.968 0.0000000000
43658  -35.574  -50.024  56.449 0.0000000000
43676  -36.822  -49.403  55.605 0.0000000000
42449  -35.102  -50.275  56.335 0.0000000000
42448  -34.435  -50.218  55.979 0.0000000000
43687  -33.348  -48.981  54.801 0.0000000000
43672  -32.461  -49.901  55.227 0.0000000000
43694  -30.705  -49.560  53.741 0.0000000000
43693  -29.999  -49.724  53.374 0.0000000000
53990  -35.992  -40.600  49.985 0.0000000000
53795  -40.554  -40.020  63.333 0.0000000000
54843  -40.372  -39.569  63.248 0.0000000000
54844  -40.385  -39.811  63.903 0.0000000000
54821  -39.997  -39.626  64.995 0.0000000000
55911  -39.758  -39.098  65.433 0.0000000000
32966  -19.797  -57.817  64.573 0.0000000000
34016  -20.654  -57.669  64.401 0.0000000000
34017  -21.268  -57.594  64.379 0.0000000000
32967  -22.057  -57.520  64.405 0.0000000000
34037  -22.547  -57.282  64.175 0.0000000000
34019  -23.553  -57.314  64.866 0.0000000000
35116  -25.813  -56.582  64.586 0.0000000000
35134  -29.347  -56.440  64.023 0.0000000000
35135  -30.041  -56.419  63.664 0.0000000000
35136  -30.623  -56.244  63.431 0.0000000000
35137  -31.170  -56.105  63.048 0.0000000000
37403  -32.351  -54.619  62.284 0.0000000000
38628  -34.573  -53.252  62.219 0.0000000000
39918  -36.615  -52.582  60.900 0.0000000000
38644  -37.104  -52.341  60.683 0.0000000000
38645  -37.343  -52.295  60.594 0.0000000000
41142  -38.466  -51.709  60.324 0.0000000000
41134  -38.800  -51.314  61.058 0.0000000000
41143  -38.731  -51.373  60.277 0.0000000000
41135  -39.294  -50.797  60.954 0.0000000000
42360  -39.896  -50.093  60.854 0.0000000000
43545  -40.181  -49.469  62.245 0.0000000000
43561  -40.555  -48.642  60.744 0.0000000000
44754  -40.721  -48.118  61.121 0.0000000000
44755  -40.857  -47.793  61.206 0.0000000000
45919  -41.621  -47.335  62.466 0.0000000000
45920  -41.855  -46.888  62.261 0.0000000000
45931  -41.542  -47.197  61.617 0.0000000000
48220  -42.082  -45.588  62.199 0.0000000000
49457  -41.792  -44.958  62.240 0.0000000000
49414  -42.079  -44.885  63.392 0.0000000000
49434  -42.031  -44.856  62.854 0.0000000000
49433  -41.906  -44.484  62.470 0.0000000000
50600  -41.897  -43.876  62.399 0.0000000000
51726  -41.948  -43.153  62.766 0.0000000000
52741  -41.457  -42.468  63.106 0.0000000000
55948  -39.890  -38.457  63.428 0.0000000000
57082  -39.891  -37.684  62.219 0.0000000000
57067  -39.952  -37.441  63.425 0.0000000000
58279  -40.436  -36.980  62.576 0.0000000000
58297  -41.019  -36.824  61.678 0.0000000000
58316  -41.929  -36.783  61.293 0.0000000000
58244  -42.061  -36.128  64.550 0.0000000000
58245  -42.939  -36.288  64.320 0.0000000000
58281  -42.348  -36.484  62.946 0.0000000000
57132  -44.614  -37.713  59.850 0.0000000000
57150  -45.228  -37.712  59.086 0.0000000000
56023  -45.871  -38.035  58.439 0.0000000000
56037  -46.480  -38.449  57.662 0.0000000000
56066  -47.017  -38.690  56.856 0.0000000000
55950  -46.042  -37.515  62.875 0.0000000000
54867  -46.514  -38.790  60.878 0.0000000000
54868  -46.966  -39.138  61.111 0.0000000000
54878  -46.939  -39.201  60.165 0.0000000000
56011  -46.591  -38.820  59.736 0.0000000000
56038  -47.274  -39.189  57.813 0.0000000000
53937  -47.836  -39.883  54.856 0.0000000000
53938  -48.470  -40.188  54.501 0.0000000000
55005  -49.004  -39.470  52.699 0.0000000000
55016  -49.514  -39.128  52.137 0.0000000000
55006  -49.933  -39.566  52.531 0.0000000000
52867  -49.911  -41.320  55.299 0.0000000000
52883  -50.742  -41.368  54.408 0.0000000000
53940  -50.206  -41.172  54.302 0.0000000000
53961  -50.296  -40.164  52.992 0.0000000000
55017  -50.224  -39.232  51.800 0.0000000000
56165  -51.221  -38.798  50.135 0.0000000000
56173  -51.544  -38.582  49.419 0.0000000000
53980  -51.958  -39.878  50.800 0.0000000000
55039  -51.709  -39.244  49.978 0.0000000000
56184  -52.004  -38.223  48.935 0.0000000000
57319  -52.425  -37.802  47.965 0.0000000000
56198  -52.986  -38.157  47.923 0.0000000000
53926  -53.177  -39.771  54.897 0.0000000000
53942  -53.269  -40.147  54.375 0.0000000000
58424  -52.951  -35.932  54.888 0.0000000000
57235  -52.634  -37.265  54.777 0.0000000000
56114  -52.733  -38.252  54.669 0.0000000000
56142  -52.162  -38.292  53.618 0.0000000000
56131  -53.002  -38.698  53.896 0.0000000000
56115  -53.255  -38.927  54.319 0.0000000000
54998  -53.417  -39.458  53.720 0.0000000000
53954  -53.721  -40.215  53.485 0.0000000000
52902  -53.882  -40.588  53.238 0.0000000000
53972  -53.941  -40.624  51.477 0.0000000000
55032  -54.016  -39.880  50.027 0.0000000000
53974  -55.139  -39.801  50.841 0.0000000000
53983  -54.452  -40.159  50.747 0.0000000000
55052  -53.443  -39.067  48.775 0.0000000000
56186  -53.554  -38.605  48.273 0.0000000000
58515  -53.310  -37.013  47.316 0.0000000000
57332  -53.749  -37.517  47.540 0.0000000000
58516  -53.937  -36.869  47.253 0.0000000000
58517  -54.950  -36.871  47.101 0.0000000000
57321  -55.524  -37.554  47.893 0.0000000000
58542  -55.279  -36.471  46.631 0.0000000000
58543  -56.213  -36.785  46.493 0.0000000000
57311  -56.986  -37.451  48.464 0.0000000000
58499  -56.883  -36.804  48.561 0.0000000000
57322  -57.126  -37.189  48.503 0.0000000000
56190  -57.193  -37.704  47.644 0.0000000000
56203  -57.353  -37.827  47.128 0.0000000000
63556  -50.721  -32.438  49.306 0.0000000000
64696  -50.578  -31.406  48.135 0.0000000000
63603  -50.857  -32.535  47.352 0.0000000000
63612  -51.314  -32.284  46.756 0.0000000000
62422  -51.202  -33.155  47.382 0.0000000000
34101  -18.637  -57.113  60.243 0.0000000000
35233  -17.750  -55.998  55.882 0.0000000000
36329  -18.358  -55.983  56.259 0.0000000000
35145  -23.189  -56.498  62.781 0.0000000000
36246  -22.464  -55.905  61.261 0.0000000000
36264  -22.176  -55.630  60.516 0.0000000000
37484  -20.502  -55.045  58.477 0.0000000000
38687  -21.638  -54.073  58.225 0.0000000000
37485  -21.205  -54.623  58.472 0.0000000000
36336  -19.918  -55.218  55.111 0.0000000000
36351  -22.627  -55.782  53.073 0.0000000000
37444  -31.406  -54.828  60.134 0.0000000000
36301  -31.622  -54.645  58.841 0.0000000000
37490  -31.152  -54.529  58.999 0.0000000000
37468  -30.840  -54.592  59.557 0.0000000000
38694  -28.707  -53.570  58.060 0.0000000000
37532  -30.367  -54.078  56.816 0.0000000000
37545  -29.573  -54.231  56.047 0.0000000000
38713  -28.861  -53.662  57.192 0.0000000000
38712  -28.206  -53.162  57.447 0.0000000000
39971  -27.794  -52.890  57.017 0.0000000000
40004  -26.662  -52.281  55.556 0.0000000000
40011  -25.936  -51.842  54.789 0.0000000000
41216  -25.394  -51.610  54.569 0.0000000000
42460  -24.957  -51.140  53.343 0.0000000000
41234  -24.523  -51.377  52.589 0.0000000000
41236  -28.698  -51.158  52.418 0.0000000000
41247  -28.093  -51.477  52.103 0.0000000000
40047  -28.078  -52.371  52.310 0.0000000000
38808  -27.334  -52.621  51.947 0.0000000000
38790  -27.201  -52.818  52.026 0.0000000000
40080  -27.108  -52.422  49.819 0.0000000000
38806  -26.977  -52.584  51.200 0.0000000000
38789  -26.862  -52.723  51.586 0.0000000000
40046  -26.431  -52.653  51.746 0.0000000000
40045  -25.836  -52.191  51.253 0.0000000000
40078  -25.294  -52.396  49.406 0.0000000000
41267  -25.049  -51.510  50.860 0.0000000000
41245  -25.181  -51.730  51.837 0.0000000000
41244  -24.376  -51.662  51.619 0.0000000000
41243  -23.734  -51.976  51.535 0.0000000000
40063  -23.350  -52.593  50.564 0.0000000000
38805  -23.186  -53.414  50.277 0.0000000000
34015  -20.190  -57.732  64.464 0.0000000000
35143  -21.578  -57.087  62.678 0.0000000000
35147  -30.198  -56.171  63.063 0.0000000000
35159  -23.475  -55.796  61.641 0.0000000000
35160  -30.906  -55.583  61.307 0.0000000000
35161  -31.142  -55.697  61.322 0.0000000000
35173  -30.940  -55.727  61.121 0.0000000000
36272  -33.556  -54.916  59.753 0.0000000000
36283  -31.839  -54.597  59.288 0.0000000000
36299  -30.636  -54.655  58.407 0.0000000000
36386  -22.710  -54.505  51.325 0.0000000000
37422  -30.564  -55.111  61.100 0.0000000000
37469  -31.612  -54.589  59.471 0.0000000000
37470  -31.936  -54.549  59.692 0.0000000000
37471  -33.504  -54.757  59.156 0.0000000000
37476  -37.978  -53.061  59.553 0.0000000000
37477  -38.216  -52.993  59.577 0.0000000000
37491  -31.483  -54.577  59.098 0.0000000000
37497  -37.519  -53.029  59.041 0.0000000000
37498  -37.855  -53.231  58.888 0.0000000000
37519  -37.800  -53.032  58.746 0.0000000000
37538  -34.094  -53.501  58.409 0.0000000000
38663  -38.141  -52.859  59.792 0.0000000000
38679  -38.106  -53.003  59.312 0.0000000000
38697  -37.983  -53.189  59.029 0.0000000000
38714  -32.904  -53.527  57.174 0.0000000000
38716  -34.326  -52.931  58.326 0.0000000000
38719  -37.780  -52.733  58.837 0.0000000000
38721  -38.730  -52.404  58.967 0.0000000000
38739  -33.707  -53.662  57.721 0.0000000000
38741  -34.252  -53.104  58.386 0.0000000000
38804  -22.876  -53.252  50.699 0.0000000000
38824  -26.064  -53.236  48.316 0.0000000000
38833  -24.897  -53.977  47.890 0.0000000000
39919  -36.849  -52.430  60.783 0.0000000000
39952  -36.537  -52.857  58.702 0.0000000000
39953  -38.815  -52.270  58.938 0.0000000000
39954  -38.828  -52.159  58.991 0.0000000000
39979  -39.186  -52.361  58.982 0.0000000000
39997  -33.847  -53.080  58.132 0.0000000000
39998  -33.834  -52.983  58.216 0.0000000000
40029  -23.320  -52.171  52.157 0.0000000000
40032  -28.529  -52.748  52.549 0.0000000000
40043  -22.798  -52.820  51.335 0.0000000000
40068  -27.466  -52.385  51.799 0.0000000000
40077  -24.190  -52.608  49.588 0.0000000000
41133  -38.308  -51.623  60.722 0.0000000000
41155  -39.541  -50.048  59.342 0.0000000000
41166  -38.975  -51.358  58.842 0.0000000000
41167  -39.404  -50.527  58.736 0.0000000000
41178  -25.530  -51.920  56.951 0.0000000000
41199  -25.829  -52.007  56.866 0.0000000000
41217  -26.043  -51.793  54.480 0.0000000000
41223  -22.976  -51.843  53.375 0.0000000000
41224  -23.524  -51.589  53.081 0.0000000000
41265  -23.582  -52.156  51.047 0.0000000000
41266  -24.108  -51.867  50.692 0.0000000000
42404  -39.797  -49.963  58.643 0.0000000000
42459  -24.742  -51.172  53.274 0.0000000000
42465  -24.652  -51.145  53.051 0.0000000000
43612  -41.132  -48.546  59.956 0.0000000000
43664  -40.059  -48.654  57.644 0.0000000000
44743  -41.061  -47.835  61.771 0.0000000000
44790  -41.060  -48.600  60.051 0.0000000000
44816  -40.617  -47.970  59.716 0.0000000000
44817  -40.476  -48.004  60.164 0.0000000000
44835  -40.354  -48.027  57.756 0.0000000000
44836  -40.402  -48.456  58.347 0.0000000000
44837  -40.609  -48.431  58.784 0.0000000000
44886  -35.232  -47.960  53.764 0.0000000000
44888  -37.359  -47.645  53.908 0.0000000000
44898  -34.794  -47.620  53.261 0.0000000000
45956  -41.141  -46.716  59.086 0.0000000000
45978  -40.418  -47.388  57.925 0.0000000000
45979  -40.885  -46.914  58.563 0.0000000000
46027  -39.636  -47.261  55.558 0.0000000000
46032  -36.066  -47.738  53.868 0.0000000000
46036  -39.779  -46.688  54.912 0.0000000000
46048  -37.872  -46.585  53.678 0.0000000000
46077  -33.267  -46.569  51.851 0.0000000000
47030  -41.871  -46.282  63.039 0.0000000000
47076  -41.469  -45.314  59.317 0.0000000000
47077  -41.429  -45.523  59.561 0.0000000000
47078  -41.309  -46.861  60.783 0.0000000000
47107  -40.835  -46.911  59.989 0.0000000000
47156  -40.865  -45.756  56.913 0.0000000000
47201  -38.231  -46.099  53.655 0.0000000000
48199  -41.889  -45.654  63.165 0.0000000000
48238  -41.607  -44.919  61.226 0.0000000000
48276  -41.176  -46.408  60.202 0.0000000000
48277  -41.200  -46.644  60.492 0.0000000000
48293  -40.917  -46.729  60.045 0.0000000000
48294  -40.997  -46.750  60.276 0.0000000000
48333  -41.256  -45.141  57.033 0.0000000000
49399  -42.155  -44.608  63.941 0.0000000000
50622  -41.461  -43.857  60.825 0.0000000000
50637  -40.749  -43.422  59.200 0.0000000000
50687  -41.134  -43.542  56.455 0.0000000000
51769  -40.625  -42.771  58.357 0.0000000000
51821  -41.068  -42.942  55.797 0.0000000000
51843  -40.425  -42.421  54.061 0.0000000000
52767  -40.305  -41.871  60.395 0.0000000000
52769  -41.433  -42.792  60.934 0.0000000000
52779  -39.693  -41.380  60.037 0.0000000000
52800  -48.459  -40.872  58.069 0.0000000000
52821  -40.221  -40.988  57.318 0.0000000000
52866  -49.354  -41.175  55.491 0.0000000000
52870  -52.515  -40.712  55.004 0.0000000000
52881  -40.566  -41.969  54.473 0.0000000000
52882  -50.103  -41.246  54.633 0.0000000000
52886  -52.983  -40.636  54.284 0.0000000000
52899  -51.584  -41.395  53.539 0.0000000000
52921  -54.239  -40.683  52.048 0.0000000000
53805  -40.551  -40.122  63.011 0.0000000000
53816  -40.382  -40.755  61.132 0.0000000000
53829  -40.005  -41.218  60.501 0.0000000000
53845  -47.983  -40.101  58.943 0.0000000000
53864  -39.745  -40.802  57.781 0.0000000000
53884  -40.007  -40.731  57.468 0.0000000000
53889  -49.913  -40.113  57.515 0.0000000000
53923  -49.392  -41.196  55.174 0.0000000000
53924  -52.106  -40.535  55.945 0.0000000000
53941  -52.808  -40.532  54.688 0.0000000000
53953  -51.132  -41.108  53.401 0.0000000000
53967  -36.921  -40.416  50.796 0.0000000000
53984  -54.929  -39.927  50.788 0.0000000000
54834  -39.755  -38.837  64.324 0.0000000000
54846  -47.431  -38.463  62.559 0.0000000000
54854  -40.767  -40.470  62.006 0.0000000000
54858  -48.089  -38.744  62.042 0.0000000000
54877  -46.573  -38.833  60.430 0.0000000000
54880  -48.181  -39.330  60.077 0.0000000000
54881  -48.433  -39.094  60.112 0.0000000000
54906  -47.237  -39.288  58.736 0.0000000000
54908  -49.380  -39.659  58.943 0.0000000000
54929  -50.119  -39.367  57.379 0.0000000000
54976  -53.040  -39.327  55.134 0.0000000000
54995  -47.990  -39.618  53.736 0.0000000000
54996  -48.630  -39.630  53.377 0.0000000000
54997  -53.022  -39.130  53.422 0.0000000000
55014  -37.000  -40.002  51.154 0.0000000000
55040  -52.346  -39.346  49.537 0.0000000000
55910  -39.605  -38.376  65.280 0.0000000000
55931  -39.623  -38.326  64.324 0.0000000000
55980  -47.837  -38.914  60.763 0.0000000000
55982  -49.020  -38.238  61.642 0.0000000000
55994  -46.593  -38.847  60.188 0.0000000000
56034  -40.898  -38.204  56.758 0.0000000000
56041  -51.017  -38.853  57.144 0.0000000000
56063  -44.751  -37.888  56.631 0.0000000000
56093  -46.653  -38.509  56.263 0.0000000000
56113  -52.529  -38.077  54.476 0.0000000000
56130  -52.412  -38.167  54.226 0.0000000000
56136  -39.325  -38.949  52.968 0.0000000000
56213  -57.256  -37.696  46.921 0.0000000000
57016  -39.556  -37.933  66.041 0.0000000000
57031  -39.693  -37.739  65.612 0.0000000000
57066  -39.733  -37.655  64.146 0.0000000000
57098  -40.141  -37.836  61.432 0.0000000000
57133  -45.268  -37.869  59.585 0.0000000000
57212  -44.874  -37.549  55.862 0.0000000000
57214  -52.965  -36.493  55.306 0.0000000000
57236  -53.023  -36.561  54.933 0.0000000000
57281  -52.661  -37.777  51.462 0.0000000000
57300  -37.183  -38.222  49.654 0.0000000000
57331  -52.760  -37.397  47.414 0.0000000000
57334  -55.869  -37.374  47.317 0.0000000000
57335  -56.626  -37.619  47.030 0.0000000000
58226  -43.474  -36.262  64.588 0.0000000000
58344  -41.611  -37.461  57.423 0.0000000000
58345  -41.674  -37.245  57.674 0.0000000000
58376  -43.679  -36.964  56.221 0.0000000000
58403  -40.893  -36.912  54.775 0.0000000000
58406  -44.054  -36.937  56.282 0.0000000000
58421  -41.534  -36.783  54.716 0.0000000000
58432  -51.962  -35.983  53.986 0.0000000000
58438  -50.378  -36.012  52.030 0.0000000000
58450  -50.469  -36.164  51.560 0.0000000000
58466  -53.482  -37.006  50.060 0.0000000000
59637  -52.978  -34.883  55.038 0.0000000000
59650  -52.734  -35.288  54.701 0.0000000000
59651  -52.960  -35.587  55.020 0.0000000000
59668  -50.556  -35.592  50.860 0.0000000000
59691  -55.974  -36.573  49.188 0.0000000000
59737  -54.063  -35.444  47.897 0.0000000000
59770  -56.407  -36.285  46.125 0.0000000000
60935  -52.959  -34.538  55.082 0.0000000000
60991  -51.106  -35.097  52.520 0.0000000000
61040  -53.370  -35.327  48.011 0.0000000000
62305  -51.971  -34.413  53.286 0.0000000000
62326  -51.746  -33.994  52.913 0.0000000000
62412  -50.197  -32.806  48.280 0.0000000000
62420  -50.211  -32.707  48.068 0.0000000000
62432  -51.892  -32.927  46.811 0.0000000000
63518  -53.328  -32.080  52.128 0.0000000000
63584  -50.314  -32.634  48.390 0.0000000000
63601  -50.342  -32.496  48.186 0.0000000000
64711  -50.036  -31.193  46.957 0.0000000000
65882  -49.780  -31.004  47.058 0.0000000000
65896  -49.924  -30.925  46.794 0.0000000000
65898  -50.927  -30.998  45.985 0.0000000000
69521  -51.096  -26.830  49.289 0.0000000000
70733  -54.269  -27.182  51.230 0.0000000000
74047  -54.268  -25.634  51.400 0.0000000000
