#!ascii label  , from subject 3852 vox2ras=TkReg
1370
36242  -6.264  -54.863  61.782 0.0000000000
50654  -32.045  -41.917  59.475 0.0000000000
58324  -27.160  -36.389  59.517 0.0000000000
49426  -24.008  -43.886  62.797 0.0000000000
70747  -37.032  -26.203  48.438 0.0000000000
68149  -30.976  -27.380  53.176 0.0000000000
49385  -31.807  -44.315  65.638 0.0000000000
49474  -29.051  -43.679  60.550 0.0000000000
74027  -42.091  -23.737  52.856 0.0000000000
80906  -44.473  -17.403  52.225 0.0000000000
85377  -44.852  -13.601  50.086 0.0000000000
64509  -30.023  -31.565  62.810 0.0000000000
65756  -27.561  -30.043  56.681 0.0000000000
68099  -32.818  -28.020  59.389 0.0000000000
72897  -36.899  -24.639  57.228 0.0000000000
45949  -17.641  -46.726  60.192 0.0000000000
32955  -3.450  -57.609  63.105 0.0000000000
55987  -30.379  -40.044  60.539 0.0000000000
59508  -27.840  -35.545  66.419 0.0000000000
50641  -19.783  -43.910  57.886 0.0000000000
51812  -23.871  -42.478  55.936 0.0000000000
85414  -43.366  -13.652  43.764 0.0000000000
86495  -48.343  -11.790  46.782 0.0000000000
69482  -34.470  -27.720  50.268 0.0000000000
69418  -40.265  -27.291  53.383 0.0000000000
41138  -7.948  -51.302  60.252 0.0000000000
30753  -1.258  -60.836  56.587 0.0000000000
77504  -42.387  -20.284  53.899 0.0000000000
66874  -31.809  -29.409  60.938 0.0000000000
45986  -15.397  -47.233  57.407 0.0000000000
34043  -5.024  -56.384  62.588 0.0000000000
53900  -32.852  -40.415  57.148 0.0000000000
53840  -32.438  -40.905  59.789 0.0000000000
50613  -21.656  -43.373  60.363 0.0000000000
51775  -21.998  -41.690  57.381 0.0000000000
50646  -24.324  -42.768  59.237 0.0000000000
49500  -30.552  -43.916  59.838 0.0000000000
51781  -28.182  -42.119  57.803 0.0000000000
51783  -30.562  -41.677  57.903 0.0000000000
48189  -22.002  -44.872  64.424 0.0000000000
48228  -20.118  -44.722  61.088 0.0000000000
79796  -39.122  -18.319  47.938 0.0000000000
84302  -41.870  -14.805  44.782 0.0000000000
85390  -46.495  -13.085  48.415 0.0000000000
66926  -29.610  -29.363  55.107 0.0000000000
69454  -32.922  -27.209  51.728 0.0000000000
70680  -38.559  -26.127  54.710 0.0000000000
43568  -12.061  -48.569  59.977 0.0000000000
43551  -10.287  -49.021  61.291 0.0000000000
42308  -8.322  -48.711  63.146 0.0000000000
42364  -9.417  -50.314  59.785 0.0000000000
31889  -3.224  -60.102  56.155 0.0000000000
49453  -32.198  -43.426  62.359 0.0000000000
52745  -32.000  -42.113  62.287 0.0000000000
51712  -31.217  -42.670  65.450 0.0000000000
45902  -26.120  -45.678  63.964 0.0000000000
49471  -25.744  -43.724  60.995 0.0000000000
48215  -28.537  -45.223  62.820 0.0000000000
47058  -30.567  -44.566  62.047 0.0000000000
72951  -38.884  -24.558  50.362 0.0000000000
76337  -39.207  -21.199  51.925 0.0000000000
78677  -40.820  -18.863  51.373 0.0000000000
82026  -41.938  -16.175  49.893 0.0000000000
84287  -42.744  -14.463  48.529 0.0000000000
84269  -44.172  -14.778  51.725 0.0000000000
62104  -27.370  -33.415  61.864 0.0000000000
62161  -27.219  -33.438  58.409 0.0000000000
65723  -28.941  -30.738  59.396 0.0000000000
65743  -30.689  -29.479  58.281 0.0000000000
69364  -31.508  -27.603  57.118 0.0000000000
71839  -33.522  -25.568  55.267 0.0000000000
70631  -34.800  -26.155  58.783 0.0000000000
45923  -15.923  -47.486  61.408 0.0000000000
45944  -13.728  -47.640  58.773 0.0000000000
86545  -48.719  -12.054  41.299 0.0000000000
32970  -1.408  -58.080  62.239 0.0000000000
54922  -31.400  -39.711  57.663 0.0000000000
57108  -28.991  -38.367  60.833 0.0000000000
55944  -29.701  -40.561  63.007 0.0000000000
58259  -29.536  -38.148  63.295 0.0000000000
58274  -26.792  -36.391  63.091 0.0000000000
62061  -29.252  -33.608  64.569 0.0000000000
50666  -25.925  -42.890  57.864 0.0000000000
47035  -18.934  -46.145  62.581 0.0000000000
48287  -18.626  -45.526  58.664 0.0000000000
85394  -44.112  -12.884  47.042 0.0000000000
86501  -45.677  -12.651  45.037 0.0000000000
87644  -46.965  -11.664  42.927 0.0000000000
86516  -49.690  -12.319  44.563 0.0000000000
37501  -6.052  -54.665  57.457 0.0000000000
35190  -5.117  -56.216  59.186 0.0000000000
69509  -36.082  -26.987  49.203 0.0000000000
71863  -36.140  -25.530  53.902 0.0000000000
69433  -37.933  -26.903  52.463 0.0000000000
70724  -38.422  -26.468  50.085 0.0000000000
70728  -41.814  -26.095  50.828 0.0000000000
38632  -6.604  -52.979  61.474 0.0000000000
33007  -3.695  -58.150  58.724 0.0000000000
32997  -2.131  -58.709  59.057 0.0000000000
34090  -1.585  -58.223  59.902 0.0000000000
35140  -5.455  -55.988  62.148 0.0000000000
51785  -32.398  -42.188  57.927 0.0000000000
51803  -32.854  -41.424  57.374 0.0000000000
52776  -33.386  -41.772  59.274 0.0000000000
49446  -22.606  -43.342  61.564 0.0000000000
50628  -22.414  -43.193  59.786 0.0000000000
49469  -23.685  -43.065  60.842 0.0000000000
50653  -31.297  -42.403  59.566 0.0000000000
50651  -30.225  -42.354  59.171 0.0000000000
51784  -31.468  -42.043  58.057 0.0000000000
52817  -31.305  -41.468  57.223 0.0000000000
48191  -24.254  -45.037  63.729 0.0000000000
46999  -23.381  -45.890  64.892 0.0000000000
49409  -23.055  -44.349  63.510 0.0000000000
49445  -21.466  -43.664  61.543 0.0000000000
83170  -41.270  -15.332  45.109 0.0000000000
58339  -27.655  -37.304  59.051 0.0000000000
58338  -27.147  -36.601  58.365 0.0000000000
68147  -29.726  -28.372  54.006 0.0000000000
66952  -29.441  -29.329  52.120 0.0000000000
69427  -31.754  -27.184  52.992 0.0000000000
44774  -11.612  -48.877  59.584 0.0000000000
43552  -11.752  -48.802  61.055 0.0000000000
43566  -10.670  -49.660  59.971 0.0000000000
42342  -10.013  -49.911  60.296 0.0000000000
42387  -10.030  -50.014  58.695 0.0000000000
49412  -32.913  -44.213  63.741 0.0000000000
50590  -32.734  -43.520  63.692 0.0000000000
50576  -31.481  -43.689  66.021 0.0000000000
46985  -27.410  -46.312  65.599 0.0000000000
47039  -27.337  -45.484  63.151 0.0000000000
47004  -28.206  -45.759  64.782 0.0000000000
48167  -31.647  -45.308  65.294 0.0000000000
47026  -30.701  -45.658  63.907 0.0000000000
48195  -31.945  -44.919  63.711 0.0000000000
48235  -31.691  -44.194  62.158 0.0000000000
74056  -40.334  -24.059  50.919 0.0000000000
75168  -39.029  -23.416  51.281 0.0000000000
75143  -40.031  -22.693  52.305 0.0000000000
79753  -43.734  -18.494  52.602 0.0000000000
78663  -41.979  -19.079  52.463 0.0000000000
80910  -42.896  -17.829  51.769 0.0000000000
80913  -41.436  -17.046  50.572 0.0000000000
82020  -43.009  -16.638  51.077 0.0000000000
83136  -43.137  -15.759  50.487 0.0000000000
82014  -44.517  -16.454  52.220 0.0000000000
63378  -28.632  -32.042  62.029 0.0000000000
63397  -28.327  -31.841  60.990 0.0000000000
64539  -29.885  -31.190  60.898 0.0000000000
68088  -32.653  -28.719  60.142 0.0000000000
65734  -30.927  -29.697  59.048 0.0000000000
68109  -31.798  -28.646  58.364 0.0000000000
68107  -30.942  -28.352  57.508 0.0000000000
69354  -32.232  -27.693  58.296 0.0000000000
69366  -33.161  -26.396  57.200 0.0000000000
70630  -33.804  -26.682  58.978 0.0000000000
45925  -17.381  -46.901  61.735 0.0000000000
45910  -16.778  -46.985  62.534 0.0000000000
45935  -16.427  -47.394  60.620 0.0000000000
45962  -14.178  -47.591  58.117 0.0000000000
86546  -49.739  -12.163  41.784 0.0000000000
87664  -50.715  -11.795  41.262 0.0000000000
32971  -2.099  -57.952  62.281 0.0000000000
54901  -31.993  -40.552  58.874 0.0000000000
54923  -32.295  -40.118  57.658 0.0000000000
56018  -30.980  -39.852  59.253 0.0000000000
54883  -29.596  -39.451  59.141 0.0000000000
55985  -29.699  -39.242  60.581 0.0000000000
53788  -30.418  -41.578  64.101 0.0000000000
54841  -30.216  -41.371  62.540 0.0000000000
54817  -30.014  -40.605  64.916 0.0000000000
57013  -27.739  -37.619  66.712 0.0000000000
57029  -29.090  -38.811  64.785 0.0000000000
58241  -27.584  -37.427  64.885 0.0000000000
58257  -27.972  -37.646  63.788 0.0000000000
59528  -26.865  -35.850  64.661 0.0000000000
60790  -26.864  -34.600  64.695 0.0000000000
60774  -27.453  -34.899  65.642 0.0000000000
51793  -22.678  -42.059  56.552 0.0000000000
48250  -27.724  -44.416  61.325 0.0000000000
49496  -26.450  -43.704  60.010 0.0000000000
49518  -27.140  -43.791  58.980 0.0000000000
51780  -27.143  -42.493  57.251 0.0000000000
47014  -19.212  -46.339  63.385 0.0000000000
49490  -19.734  -44.135  59.491 0.0000000000
48247  -19.575  -44.770  60.357 0.0000000000
48306  -19.030  -45.122  57.961 0.0000000000
48305  -18.417  -45.614  57.591 0.0000000000
84284  -44.360  -14.136  49.574 0.0000000000
84288  -43.781  -14.195  48.154 0.0000000000
85382  -44.163  -13.742  48.769 0.0000000000
86472  -47.529  -12.761  48.279 0.0000000000
85396  -45.624  -12.906  47.439 0.0000000000
86493  -46.627  -12.142  46.211 0.0000000000
86513  -46.575  -12.308  44.140 0.0000000000
86503  -47.633  -12.143  45.411 0.0000000000
86515  -48.703  -12.212  44.528 0.0000000000
86504  -48.760  -11.838  45.600 0.0000000000
63431  -27.531  -32.584  57.493 0.0000000000
62185  -26.950  -33.472  57.212 0.0000000000
69526  -35.017  -27.728  48.341 0.0000000000
69483  -35.612  -27.178  50.260 0.0000000000
71824  -34.992  -25.044  56.355 0.0000000000
70689  -34.489  -25.752  53.889 0.0000000000
72917  -36.226  -24.710  54.614 0.0000000000
68140  -39.632  -27.188  54.198 0.0000000000
68150  -38.370  -26.821  53.861 0.0000000000
69434  -38.910  -26.857  52.741 0.0000000000
69459  -38.394  -26.973  51.607 0.0000000000
68183  -39.563  -27.598  51.216 0.0000000000
70726  -40.198  -26.369  50.544 0.0000000000
69462  -40.684  -26.974  51.640 0.0000000000
41107  -8.244  -50.967  61.488 0.0000000000
41106  -7.471  -51.315  61.766 0.0000000000
39884  -6.730  -51.994  62.192 0.0000000000
39900  -6.826  -51.999  61.264 0.0000000000
38668  -7.016  -52.609  59.619 0.0000000000
38684  -7.374  -52.542  58.782 0.0000000000
35214  -4.746  -57.229  57.507 0.0000000000
34115  -4.624  -57.088  58.685 0.0000000000
33014  -3.850  -58.557  57.578 0.0000000000
30754  -1.970  -60.850  56.365 0.0000000000
31863  -2.398  -59.543  58.005 0.0000000000
31855  -1.853  -59.352  58.428 0.0000000000
32988  -1.592  -58.421  60.304 0.0000000000
30729  -0.749  -60.395  57.964 0.0000000000
46969  -29.316  -46.365  66.245 0.0000000000
75134  -42.723  -22.695  54.223 0.0000000000
76322  -41.698  -21.329  53.921 0.0000000000
77495  -43.539  -20.569  54.416 0.0000000000
64527  -31.227  -30.445  61.602 0.0000000000
47097  -16.868  -46.435  58.268 0.0000000000
45965  -16.538  -46.900  59.036 0.0000000000
34011  -4.560  -56.566  64.244 0.0000000000
32973  -3.800  -57.368  62.661 0.0000000000
52862  -32.848  -40.944  56.520 0.0000000000
53882  -32.936  -40.689  58.256 0.0000000000
55988  -31.017  -40.511  60.522 0.0000000000
60757  -29.105  -34.392  67.021 0.0000000000
50626  -20.308  -43.288  59.203 0.0000000000
51758  -20.536  -42.835  57.432 0.0000000000
50643  -21.088  -42.692  58.825 0.0000000000
51761  -22.957  -42.018  58.648 0.0000000000
51777  -24.069  -42.289  57.437 0.0000000000
49499  -29.769  -43.727  59.927 0.0000000000
49519  -28.161  -43.247  59.378 0.0000000000
49538  -29.368  -42.538  59.203 0.0000000000
51782  -29.479  -41.615  57.674 0.0000000000
52839  -30.270  -41.841  55.811 0.0000000000
47017  -21.590  -45.636  65.199 0.0000000000
48187  -19.823  -45.165  63.294 0.0000000000
48209  -20.670  -44.427  62.617 0.0000000000
49466  -20.467  -44.069  60.647 0.0000000000
78705  -38.699  -18.835  48.446 0.0000000000
85413  -42.938  -14.048  44.155 0.0000000000
85370  -46.433  -12.847  51.613 0.0000000000
86448  -45.422  -13.000  49.642 0.0000000000
65770  -28.147  -30.194  55.893 0.0000000000
68181  -32.566  -27.665  50.988 0.0000000000
69455  -33.831  -27.432  51.279 0.0000000000
72884  -38.539  -24.051  57.744 0.0000000000
71843  -37.685  -25.137  55.393 0.0000000000
71829  -39.949  -24.877  55.849 0.0000000000
44748  -13.514  -48.301  61.608 0.0000000000
44747  -12.490  -48.633  61.866 0.0000000000
44718  -9.915  -48.278  63.236 0.0000000000
43535  -9.611  -48.722  62.531 0.0000000000
42341  -9.349  -50.158  60.843 0.0000000000
41139  -8.650  -50.699  60.062 0.0000000000
39939  -7.655  -51.950  58.189 0.0000000000
41158  -8.440  -51.252  58.090 0.0000000000
50635  -32.290  -42.529  60.353 0.0000000000
51738  -33.410  -42.134  60.937 0.0000000000
50598  -32.575  -43.256  62.590 0.0000000000
51718  -31.978  -42.777  64.089 0.0000000000
48210  -24.811  -44.910  63.253 0.0000000000
49448  -25.077  -43.694  62.058 0.0000000000
48212  -26.004  -44.969  62.313 0.0000000000
47069  -27.499  -45.072  61.761 0.0000000000
47070  -28.270  -44.629  61.732 0.0000000000
47006  -30.058  -46.248  64.618 0.0000000000
47042  -29.878  -45.382  62.765 0.0000000000
47072  -29.949  -44.268  61.524 0.0000000000
48254  -30.872  -44.285  60.841 0.0000000000
49477  -31.927  -43.770  61.237 0.0000000000
47001  -25.520  -45.753  64.624 0.0000000000
71899  -37.699  -25.436  49.452 0.0000000000
72975  -37.383  -24.350  48.560 0.0000000000
72976  -37.765  -24.210  49.351 0.0000000000
75178  -37.667  -22.569  50.196 0.0000000000
77529  -38.241  -20.676  50.667 0.0000000000
76328  -40.887  -20.670  53.358 0.0000000000
77518  -39.574  -20.223  51.627 0.0000000000
78675  -38.855  -19.583  50.625 0.0000000000
79785  -39.991  -17.724  49.602 0.0000000000
80921  -40.457  -16.801  49.348 0.0000000000
83153  -40.604  -15.556  48.269 0.0000000000
83158  -41.340  -15.268  47.212 0.0000000000
83150  -42.351  -15.016  48.980 0.0000000000
83137  -43.821  -15.209  50.182 0.0000000000
84270  -44.635  -14.095  51.328 0.0000000000
84258  -45.633  -15.025  53.766 0.0000000000
85363  -45.987  -13.078  52.630 0.0000000000
60833  -27.102  -34.297  60.245 0.0000000000
60844  -27.420  -34.319  58.984 0.0000000000
62138  -27.322  -33.374  60.027 0.0000000000
63424  -27.786  -32.401  58.649 0.0000000000
64556  -28.514  -30.862  58.365 0.0000000000
65715  -30.165  -30.504  60.241 0.0000000000
65733  -30.125  -29.967  58.737 0.0000000000
65741  -28.583  -30.081  57.412 0.0000000000
65758  -29.825  -29.364  56.800 0.0000000000
68129  -30.557  -28.271  55.811 0.0000000000
68130  -31.088  -27.694  55.212 0.0000000000
69392  -32.152  -26.226  54.110 0.0000000000
70661  -32.318  -26.025  55.925 0.0000000000
71805  -34.251  -25.368  57.124 0.0000000000
71807  -36.065  -24.702  57.818 0.0000000000
70633  -36.877  -25.898  58.840 0.0000000000
72869  -37.689  -24.467  58.520 0.0000000000
44750  -15.217  -47.573  61.191 0.0000000000
45947  -16.122  -47.345  59.714 0.0000000000
44777  -15.059  -47.594  60.255 0.0000000000
44760  -14.046  -48.321  60.596 0.0000000000
43569  -13.219  -48.637  60.128 0.0000000000
57141  -28.089  -38.496  59.023 0.0000000000
58325  -27.811  -37.568  59.884 0.0000000000
53814  -32.408  -41.529  61.245 0.0000000000
55973  -30.904  -40.585  61.381 0.0000000000
55957  -30.283  -39.600  62.005 0.0000000000
57062  -30.443  -38.373  63.119 0.0000000000
57093  -30.072  -38.529  61.950 0.0000000000
58294  -29.412  -38.171  62.236 0.0000000000
58293  -28.332  -37.946  61.895 0.0000000000
59561  -27.186  -36.224  61.084 0.0000000000
60811  -27.146  -34.504  62.254 0.0000000000
62090  -27.756  -33.485  62.982 0.0000000000
63333  -29.878  -32.653  63.509 0.0000000000
60776  -29.478  -33.805  65.964 0.0000000000
63316  -30.756  -32.752  64.679 0.0000000000
49495  -25.297  -43.306  59.983 0.0000000000
49535  -24.911  -42.788  58.387 0.0000000000
50682  -24.968  -42.371  57.358 0.0000000000
50648  -27.151  -43.405  58.254 0.0000000000
51779  -26.190  -42.425  57.300 0.0000000000
45912  -18.587  -47.322  62.725 0.0000000000
47066  -18.370  -46.517  60.655 0.0000000000
48207  -19.152  -45.537  61.931 0.0000000000
47067  -18.994  -45.752  60.307 0.0000000000
47082  -18.283  -46.064  59.533 0.0000000000
47098  -17.760  -46.024  58.270 0.0000000000
84296  -41.902  -14.596  46.761 0.0000000000
85401  -43.097  -13.482  45.641 0.0000000000
85408  -43.688  -13.164  44.901 0.0000000000
85389  -45.683  -13.202  48.283 0.0000000000
85403  -44.683  -12.888  46.388 0.0000000000
85415  -44.495  -13.026  44.082 0.0000000000
85421  -45.068  -13.182  43.336 0.0000000000
86522  -45.648  -12.658  42.713 0.0000000000
86533  -46.633  -12.428  42.137 0.0000000000
86534  -47.705  -12.310  42.173 0.0000000000
86525  -48.682  -12.217  43.488 0.0000000000
37432  -5.869  -53.870  60.745 0.0000000000
36259  -5.517  -55.411  60.560 0.0000000000
37479  -5.608  -55.430  58.409 0.0000000000
60852  -26.672  -34.442  57.623 0.0000000000
69510  -37.172  -26.936  49.269 0.0000000000
69393  -33.016  -26.278  53.766 0.0000000000
69412  -34.188  -26.849  53.014 0.0000000000
69430  -34.607  -26.767  52.120 0.0000000000
69396  -37.329  -26.381  54.878 0.0000000000
69414  -36.455  -26.578  53.106 0.0000000000
69457  -36.337  -27.246  51.327 0.0000000000
69484  -36.778  -27.039  50.317 0.0000000000
69485  -37.878  -26.674  50.412 0.0000000000
70737  -37.820  -26.125  49.571 0.0000000000
70739  -38.944  -25.880  49.954 0.0000000000
71890  -40.626  -25.506  50.482 0.0000000000
72955  -42.268  -24.211  51.463 0.0000000000
37378  -5.760  -53.676  63.162 0.0000000000
38608  -5.967  -53.046  63.181 0.0000000000
38631  -6.487  -53.656  61.779 0.0000000000
38667  -6.565  -53.482  59.870 0.0000000000
37502  -6.779  -54.018  57.334 0.0000000000
35164  -5.195  -56.031  60.657 0.0000000000
34076  -4.409  -57.276  60.905 0.0000000000
32991  -3.981  -58.034  60.686 0.0000000000
33013  -3.371  -59.202  57.855 0.0000000000
32998  -3.080  -58.456  59.441 0.0000000000
31840  -2.525  -58.568  61.434 0.0000000000
31839  -1.753  -58.895  61.592 0.0000000000
32987  -1.030  -58.678  60.976 0.0000000000
30752  -0.885  -60.559  56.576 0.0000000000
31861  -0.573  -59.858  58.025 0.0000000000
37393  -5.858  -54.581  62.522 0.0000000000
36224  -5.862  -55.170  62.329 0.0000000000
50673  -32.679  -42.205  58.523 0.0000000000
51766  -33.176  -42.103  58.909 0.0000000000
51751  -32.673  -42.207  59.734 0.0000000000
49447  -23.824  -43.535  61.804 0.0000000000
50615  -23.169  -42.960  60.615 0.0000000000
50634  -31.640  -42.587  60.126 0.0000000000
50671  -31.243  -41.909  58.986 0.0000000000
50672  -31.867  -41.958  58.761 0.0000000000
49410  -24.038  -44.536  63.418 0.0000000000
49425  -22.852  -43.898  62.592 0.0000000000
83164  -40.935  -15.162  46.109 0.0000000000
68148  -30.270  -28.032  53.537 0.0000000000
66943  -29.657  -28.820  53.208 0.0000000000
66944  -30.079  -28.175  52.881 0.0000000000
68164  -30.547  -27.855  52.754 0.0000000000
68165  -31.436  -27.703  52.099 0.0000000000
43615  -10.934  -49.606  58.440 0.0000000000
43590  -11.244  -49.305  59.273 0.0000000000
43589  -10.557  -49.745  58.994 0.0000000000
49397  -32.361  -44.200  64.546 0.0000000000
46986  -28.286  -46.324  65.804 0.0000000000
48168  -31.861  -44.905  65.412 0.0000000000
48178  -31.677  -45.024  64.646 0.0000000000
48179  -32.297  -44.546  64.177 0.0000000000
48196  -32.665  -44.513  63.318 0.0000000000
45879  -27.309  -47.141  66.181 0.0000000000
74039  -41.271  -23.923  51.886 0.0000000000
74038  -40.504  -23.811  51.643 0.0000000000
74026  -41.375  -23.527  52.681 0.0000000000
79762  -44.108  -18.067  51.904 0.0000000000
79752  -42.921  -18.686  52.565 0.0000000000
79774  -43.723  -17.762  51.703 0.0000000000
80915  -43.092  -17.379  51.608 0.0000000000
82021  -43.491  -16.985  51.550 0.0000000000
82017  -43.972  -16.755  51.726 0.0000000000
63355  -29.515  -32.154  62.987 0.0000000000
64524  -29.167  -31.728  61.939 0.0000000000
64525  -29.728  -31.469  62.110 0.0000000000
68089  -33.265  -28.219  60.001 0.0000000000
66885  -32.198  -29.112  59.681 0.0000000000
68098  -32.429  -28.432  59.213 0.0000000000
69345  -32.531  -27.851  59.132 0.0000000000
69355  -33.000  -26.789  58.150 0.0000000000
69346  -33.145  -27.510  59.199 0.0000000000
45937  -17.761  -46.863  61.058 0.0000000000
45936  -17.170  -47.162  60.827 0.0000000000
45948  -16.893  -47.063  59.916 0.0000000000
86547  -50.624  -12.122  42.075 0.0000000000
86548  -51.150  -12.055  42.320 0.0000000000
34024  -3.925  -57.693  63.824 0.0000000000
34023  -3.269  -57.541  63.793 0.0000000000
34022  -2.571  -57.496  63.767 0.0000000000
32954  -2.738  -57.754  63.015 0.0000000000
56019  -31.313  -40.096  59.278 0.0000000000
56004  -30.596  -40.123  59.827 0.0000000000
56003  -30.222  -39.857  59.713 0.0000000000
55986  -29.981  -39.643  60.597 0.0000000000
54818  -30.154  -41.218  64.401 0.0000000000
54804  -30.630  -40.508  65.806 0.0000000000
58220  -27.494  -36.831  65.941 0.0000000000
57027  -27.724  -38.151  65.605 0.0000000000
58240  -27.396  -36.805  64.437 0.0000000000
59507  -27.159  -35.829  65.628 0.0000000000
60773  -27.014  -35.266  65.226 0.0000000000
49532  -19.435  -44.543  57.430 0.0000000000
49533  -19.706  -44.202  56.918 0.0000000000
49473  -28.130  -43.883  60.706 0.0000000000
49497  -27.612  -43.759  59.998 0.0000000000
50625  -19.808  -43.725  58.666 0.0000000000
49514  -19.423  -44.526  58.492 0.0000000000
48325  -18.941  -45.244  56.953 0.0000000000
85420  -44.287  -13.604  43.020 0.0000000000
86483  -47.389  -12.403  47.479 0.0000000000
86482  -46.546  -12.408  47.088 0.0000000000
86494  -47.494  -11.970  46.477 0.0000000000
86502  -46.659  -12.364  45.228 0.0000000000
64577  -27.592  -31.247  56.889 0.0000000000
63448  -27.699  -32.519  56.406 0.0000000000
68207  -34.165  -28.207  49.822 0.0000000000
69508  -35.059  -27.138  49.188 0.0000000000
71825  -36.118  -24.391  56.638 0.0000000000
71841  -35.759  -24.547  55.349 0.0000000000
71826  -37.220  -24.638  56.232 0.0000000000
68152  -39.846  -27.396  53.660 0.0000000000
68151  -39.098  -27.154  53.607 0.0000000000
69435  -39.740  -26.910  52.959 0.0000000000
69460  -39.237  -27.063  51.887 0.0000000000
69461  -39.973  -27.023  51.919 0.0000000000
68184  -40.152  -27.698  51.265 0.0000000000
69436  -40.484  -27.035  52.749 0.0000000000
41097  -7.982  -50.665  62.060 0.0000000000
41122  -7.886  -51.514  61.066 0.0000000000
39910  -7.224  -51.912  60.381 0.0000000000
39925  -7.557  -51.943  59.438 0.0000000000
34121  -4.533  -57.607  57.072 0.0000000000
30742  -1.499  -60.587  57.072 0.0000000000
31874  -1.424  -60.441  57.549 0.0000000000
31862  -1.303  -60.095  58.155 0.0000000000
30741  -1.011  -60.630  57.485 0.0000000000
64512  -32.375  -30.778  62.577 0.0000000000
47116  -16.454  -46.626  57.358 0.0000000000
35108  -4.591  -55.687  64.056 0.0000000000
34026  -4.582  -56.374  63.311 0.0000000000
34025  -4.234  -57.151  63.484 0.0000000000
34042  -4.392  -56.869  62.438 0.0000000000
52842  -32.636  -41.224  56.859 0.0000000000
52794  -33.412  -41.395  58.792 0.0000000000
52819  -33.159  -40.938  57.836 0.0000000000
53860  -32.988  -40.870  59.291 0.0000000000
54887  -31.941  -40.829  59.831 0.0000000000
54886  -32.166  -40.904  59.909 0.0000000000
50627  -21.280  -43.228  59.681 0.0000000000
50645  -23.320  -42.615  59.166 0.0000000000
51776  -23.537  -41.514  57.845 0.0000000000
50664  -24.210  -42.691  58.233 0.0000000000
49520  -29.214  -42.957  59.410 0.0000000000
49521  -30.155  -43.097  59.503 0.0000000000
50670  -29.941  -41.906  58.683 0.0000000000
51799  -28.723  -41.843  56.656 0.0000000000
51800  -29.640  -41.804  56.522 0.0000000000
52816  -30.419  -41.475  56.911 0.0000000000
52840  -31.236  -41.713  56.145 0.0000000000
48177  -22.643  -45.317  64.872 0.0000000000
48176  -22.130  -45.363  65.037 0.0000000000
48188  -20.690  -44.762  63.478 0.0000000000
49408  -22.046  -44.482  63.259 0.0000000000
50604  -21.669  -43.196  60.988 0.0000000000
49492  -20.982  -43.612  60.308 0.0000000000
49491  -20.419  -43.692  59.963 0.0000000000
65771  -28.982  -29.912  55.516 0.0000000000
65778  -28.218  -30.472  55.001 0.0000000000
65779  -29.104  -29.941  54.545 0.0000000000
68166  -32.307  -27.309  51.775 0.0000000000
68182  -33.479  -27.822  50.804 0.0000000000
72885  -39.699  -23.997  57.859 0.0000000000
73984  -39.231  -23.704  56.472 0.0000000000
69382  -40.715  -26.169  55.065 0.0000000000
43553  -12.790  -48.681  60.926 0.0000000000
44746  -11.483  -48.592  61.920 0.0000000000
44745  -10.844  -48.499  62.060 0.0000000000
41149  -8.864  -50.739  59.045 0.0000000000
49478  -32.284  -43.385  61.412 0.0000000000
50608  -32.852  -42.924  61.474 0.0000000000
48211  -25.423  -45.103  62.892 0.0000000000
45914  -26.219  -45.438  63.095 0.0000000000
48193  -27.996  -45.486  63.405 0.0000000000
47054  -27.301  -45.390  62.428 0.0000000000
48231  -27.800  -45.324  62.553 0.0000000000
47056  -28.741  -44.921  62.205 0.0000000000
46988  -30.118  -46.346  65.564 0.0000000000
47043  -30.736  -45.476  62.917 0.0000000000
47057  -29.599  -44.756  62.158 0.0000000000
47073  -30.459  -44.262  61.321 0.0000000000
48217  -32.353  -44.182  62.653 0.0000000000
49451  -31.648  -43.982  61.527 0.0000000000
48256  -31.840  -43.701  61.581 0.0000000000
49502  -31.785  -43.421  60.523 0.0000000000
46984  -26.548  -46.273  65.604 0.0000000000
47020  -25.303  -45.424  63.820 0.0000000000
72965  -38.347  -24.605  49.941 0.0000000000
75154  -39.173  -22.595  51.924 0.0000000000
75167  -38.280  -22.717  51.067 0.0000000000
75153  -38.642  -22.277  51.480 0.0000000000
76351  -38.102  -21.639  50.466 0.0000000000
77516  -38.447  -20.856  51.176 0.0000000000
77493  -42.058  -20.672  54.418 0.0000000000
77509  -41.470  -20.631  53.646 0.0000000000
78662  -41.278  -19.250  51.970 0.0000000000
77519  -40.526  -19.922  51.838 0.0000000000
77532  -40.317  -19.377  51.420 0.0000000000
78661  -39.474  -19.663  51.230 0.0000000000
78676  -39.868  -19.051  51.024 0.0000000000
79770  -39.390  -18.506  50.119 0.0000000000
79771  -40.439  -17.994  50.625 0.0000000000
82018  -41.765  -16.454  50.203 0.0000000000
80922  -40.922  -16.832  50.000 0.0000000000
82024  -40.827  -16.187  49.344 0.0000000000
82033  -40.481  -16.141  48.744 0.0000000000
83148  -41.004  -15.820  49.062 0.0000000000
83149  -41.619  -15.408  48.810 0.0000000000
83143  -42.507  -15.695  49.647 0.0000000000
84268  -43.659  -15.203  51.389 0.0000000000
84277  -43.598  -15.037  50.905 0.0000000000
84278  -44.377  -14.563  50.483 0.0000000000
85362  -45.222  -13.889  52.816 0.0000000000
60822  -26.991  -34.394  61.208 0.0000000000
62119  -27.282  -33.466  60.834 0.0000000000
64547  -28.855  -31.414  60.251 0.0000000000
63414  -27.904  -32.375  59.980 0.0000000000
64555  -28.360  -31.381  59.041 0.0000000000
65731  -28.664  -30.768  58.833 0.0000000000
64540  -30.703  -30.691  60.920 0.0000000000
64541  -31.071  -30.135  61.034 0.0000000000
65725  -30.524  -30.137  59.576 0.0000000000
65732  -29.120  -30.414  58.445 0.0000000000
65742  -29.691  -29.716  57.680 0.0000000000
68122  -30.590  -27.972  56.986 0.0000000000
68123  -31.179  -27.796  56.173 0.0000000000
69377  -31.849  -27.142  55.893 0.0000000000
70673  -31.966  -26.489  55.472 0.0000000000
69378  -32.110  -26.605  56.136 0.0000000000
70638  -33.869  -26.147  57.826 0.0000000000
70649  -33.480  -25.786  56.843 0.0000000000
70639  -34.644  -25.581  57.911 0.0000000000
71806  -35.132  -24.920  57.426 0.0000000000
71788  -35.425  -25.387  58.297 0.0000000000
70623  -37.498  -26.021  59.440 0.0000000000
71774  -38.036  -25.444  59.360 0.0000000000
71790  -37.004  -25.149  58.635 0.0000000000
72870  -38.134  -24.430  58.593 0.0000000000
45924  -16.656  -47.277  61.545 0.0000000000
44735  -15.372  -47.728  62.533 0.0000000000
47095  -15.562  -46.878  58.131 0.0000000000
45964  -15.790  -47.128  58.856 0.0000000000
45945  -14.314  -47.473  59.133 0.0000000000
44776  -14.568  -47.878  59.949 0.0000000000
44775  -13.723  -48.148  59.481 0.0000000000
32952  -0.991  -57.747  63.165 0.0000000000
54948  -32.133  -39.530  56.616 0.0000000000
54921  -30.400  -39.528  57.754 0.0000000000
55984  -29.276  -38.811  60.366 0.0000000000
56001  -29.009  -39.036  59.432 0.0000000000
57124  -28.636  -38.295  60.088 0.0000000000
58309  -28.187  -37.894  60.906 0.0000000000
51737  -33.011  -42.335  61.353 0.0000000000
52755  -33.031  -41.707  61.132 0.0000000000
52753  -32.244  -41.917  62.099 0.0000000000
54851  -31.339  -40.889  62.092 0.0000000000
55958  -30.463  -40.331  62.300 0.0000000000
57047  -28.845  -38.587  64.305 0.0000000000
57048  -29.381  -38.782  64.014 0.0000000000
57061  -30.012  -38.069  63.389 0.0000000000
57076  -30.397  -38.416  62.473 0.0000000000
57075  -30.354  -37.927  62.480 0.0000000000
57092  -29.877  -38.300  61.778 0.0000000000
58277  -29.636  -37.936  62.942 0.0000000000
58275  -27.296  -37.233  62.585 0.0000000000
58292  -27.545  -37.146  61.445 0.0000000000
59552  -27.000  -36.423  61.770 0.0000000000
59560  -26.822  -35.450  61.541 0.0000000000
59551  -26.786  -35.758  62.566 0.0000000000
62059  -27.506  -33.958  64.750 0.0000000000
62074  -27.435  -33.677  64.159 0.0000000000
62075  -28.376  -33.160  63.930 0.0000000000
62091  -28.676  -33.132  63.092 0.0000000000
62076  -29.460  -33.073  63.550 0.0000000000
62026  -29.360  -33.635  66.908 0.0000000000
60758  -29.217  -33.834  66.481 0.0000000000
62027  -29.890  -33.411  66.446 0.0000000000
51774  -20.928  -42.303  56.990 0.0000000000
51773  -20.605  -42.996  56.850 0.0000000000
51791  -20.884  -42.745  56.390 0.0000000000
49449  -25.972  -43.982  61.905 0.0000000000
49470  -24.677  -43.537  60.946 0.0000000000
49517  -26.010  -43.527  59.055 0.0000000000
49536  -25.616  -43.010  58.423 0.0000000000
50665  -25.067  -42.798  57.866 0.0000000000
50668  -28.272  -42.487  58.587 0.0000000000
50649  -27.747  -42.928  58.725 0.0000000000
51762  -27.439  -42.752  58.050 0.0000000000
47034  -18.284  -46.616  62.177 0.0000000000
47051  -18.809  -46.146  61.479 0.0000000000
48208  -19.805  -44.819  62.350 0.0000000000
48269  -19.087  -45.118  59.366 0.0000000000
47083  -18.768  -45.650  59.628 0.0000000000
84291  -41.838  -14.377  47.810 0.0000000000
84293  -43.794  -13.557  47.510 0.0000000000
85393  -43.345  -13.347  46.711 0.0000000000
85402  -43.954  -13.132  46.005 0.0000000000
86460  -46.059  -13.265  49.233 0.0000000000
85384  -45.883  -13.421  48.848 0.0000000000
86481  -45.954  -12.495  46.743 0.0000000000
85404  -45.337  -12.792  46.658 0.0000000000
85410  -45.191  -12.605  45.925 0.0000000000
85409  -44.649  -12.787  45.282 0.0000000000
86500  -45.114  -12.865  44.504 0.0000000000
86511  -45.103  -12.992  44.115 0.0000000000
86523  -46.442  -11.922  43.052 0.0000000000
87653  -46.702  -11.959  42.641 0.0000000000
86524  -47.475  -11.839  43.149 0.0000000000
86526  -49.798  -12.098  43.737 0.0000000000
87646  -50.199  -12.196  44.082 0.0000000000
37457  -6.184  -54.388  59.700 0.0000000000
37456  -5.997  -55.068  59.630 0.0000000000
37480  -6.079  -55.040  58.723 0.0000000000
60853  -26.813  -34.483  58.387 0.0000000000
62160  -26.989  -33.841  57.901 0.0000000000
69527  -35.775  -27.381  48.356 0.0000000000
68249  -36.205  -27.619  47.804 0.0000000000
69528  -36.533  -27.093  47.964 0.0000000000
70675  -32.964  -25.847  54.539 0.0000000000
71861  -34.976  -25.347  53.917 0.0000000000
70677  -34.351  -26.168  53.679 0.0000000000
69395  -34.551  -26.519  53.398 0.0000000000
69413  -35.295  -26.762  53.173 0.0000000000
70665  -38.099  -25.824  54.985 0.0000000000
70664  -37.494  -25.841  55.042 0.0000000000
69380  -37.703  -26.329  54.979 0.0000000000
69415  -37.497  -26.608  53.385 0.0000000000
69432  -36.928  -26.517  52.248 0.0000000000
69431  -35.795  -26.765  52.184 0.0000000000
69458  -37.402  -26.881  51.389 0.0000000000
70723  -38.040  -26.492  49.996 0.0000000000
70738  -38.615  -25.943  49.835 0.0000000000
70725  -39.173  -26.234  50.254 0.0000000000
70727  -41.331  -26.454  50.697 0.0000000000
71891  -41.488  -25.359  50.832 0.0000000000
72953  -40.927  -24.626  50.649 0.0000000000
71882  -41.540  -25.217  51.112 0.0000000000
38619  -6.637  -52.557  61.816 0.0000000000
39883  -6.446  -52.503  62.768 0.0000000000
38618  -6.457  -53.132  62.353 0.0000000000
38648  -6.460  -53.499  61.062 0.0000000000
38683  -7.058  -53.303  58.504 0.0000000000
36274  -5.537  -55.923  59.435 0.0000000000
35165  -5.788  -55.930  60.161 0.0000000000
35177  -5.461  -56.264  59.860 0.0000000000
34105  -4.159  -57.413  59.093 0.0000000000
34091  -4.210  -57.344  60.045 0.0000000000
32999  -3.732  -57.993  59.768 0.0000000000
31877  -3.890  -58.926  56.846 0.0000000000
31876  -3.284  -59.465  57.264 0.0000000000
33005  -2.335  -59.213  58.517 0.0000000000
33006  -3.079  -59.082  58.472 0.0000000000
32989  -2.447  -58.409  60.195 0.0000000000
31849  -2.774  -58.654  60.873 0.0000000000
31848  -2.021  -58.737  60.962 0.0000000000
32996  -1.631  -58.563  59.039 0.0000000000
34075  -1.190  -58.454  60.543 0.0000000000
32980  -0.836  -58.541  61.497 0.0000000000
30740  -0.701  -60.293  57.630 0.0000000000
51786  -33.098  -41.909  57.986 0.0000000000
53861  -33.442  -41.231  59.435 0.0000000000
50614  -22.473  -42.986  60.718 0.0000000000
50629  -23.471  -43.067  60.022 0.0000000000
49493  -24.001  -42.992  60.300 0.0000000000
49522  -30.818  -43.214  59.780 0.0000000000
50652  -30.735  -42.379  59.286 0.0000000000
51764  -30.654  -41.905  58.742 0.0000000000
52818  -31.806  -41.732  57.366 0.0000000000
47000  -24.555  -45.761  64.786 0.0000000000
47018  -23.846  -45.348  64.245 0.0000000000
48190  -23.347  -44.948  64.250 0.0000000000
50605  -22.002  -43.095  61.291 0.0000000000
79814  -39.688  -17.823  47.294 0.0000000000
84299  -41.764  -14.603  45.703 0.0000000000
57155  -27.908  -38.508  58.154 0.0000000000
66935  -29.515  -28.871  54.313 0.0000000000
65788  -29.112  -29.625  53.727 0.0000000000
69428  -32.501  -27.115  52.477 0.0000000000
44758  -11.357  -49.016  60.031 0.0000000000
43567  -11.258  -49.066  60.246 0.0000000000
42365  -10.084  -50.063  59.467 0.0000000000
42386  -9.526  -50.334  58.875 0.0000000000
41159  -9.211  -50.842  58.147 0.0000000000
42399  -9.708  -50.265  58.031 0.0000000000
49430  -33.048  -43.950  62.961 0.0000000000
50584  -31.862  -43.629  64.842 0.0000000000
47002  -26.394  -45.893  64.484 0.0000000000
47021  -26.754  -45.657  63.731 0.0000000000
47003  -27.304  -45.903  64.704 0.0000000000
47023  -27.965  -45.490  63.905 0.0000000000
48194  -28.299  -45.447  63.323 0.0000000000
47007  -30.757  -45.950  64.848 0.0000000000
47008  -31.346  -45.570  65.124 0.0000000000
47027  -31.309  -45.400  64.214 0.0000000000
47044  -31.431  -45.286  63.282 0.0000000000
47059  -31.371  -44.783  62.523 0.0000000000
48216  -32.030  -44.730  62.907 0.0000000000
74055  -39.513  -23.911  50.917 0.0000000000
74037  -39.716  -23.599  51.496 0.0000000000
74024  -39.884  -23.259  52.089 0.0000000000
75155  -39.873  -21.740  52.403 0.0000000000
78658  -43.357  -19.299  53.104 0.0000000000
78657  -42.585  -19.471  52.853 0.0000000000
79760  -42.573  -18.222  52.052 0.0000000000
79759  -41.774  -18.349  51.720 0.0000000000
79772  -41.279  -17.940  51.143 0.0000000000
80908  -41.881  -17.570  51.289 0.0000000000
80914  -42.391  -17.058  51.152 0.0000000000
82019  -42.381  -16.338  50.400 0.0000000000
83135  -42.654  -15.884  50.208 0.0000000000
82016  -43.472  -16.260  51.270 0.0000000000
83132  -43.925  -15.799  51.663 0.0000000000
83128  -44.521  -15.653  52.191 0.0000000000
63377  -27.909  -32.684  62.371 0.0000000000
63396  -27.730  -32.556  61.254 0.0000000000
64538  -29.116  -31.640  61.343 0.0000000000
66879  -31.737  -29.395  60.202 0.0000000000
65726  -31.174  -29.809  59.827 0.0000000000
66884  -31.603  -29.460  59.324 0.0000000000
66888  -31.391  -29.364  58.653 0.0000000000
66897  -31.296  -29.100  58.129 0.0000000000
66896  -30.518  -28.882  57.504 0.0000000000
68108  -31.278  -28.632  57.803 0.0000000000
69353  -31.548  -28.178  57.802 0.0000000000
69365  -32.377  -26.793  56.907 0.0000000000
45963  -14.994  -47.214  58.418 0.0000000000
44796  -13.266  -47.924  58.520 0.0000000000
87663  -49.836  -11.680  41.005 0.0000000000
87671  -49.815  -11.546  40.256 0.0000000000
32953  -1.850  -57.548  63.128 0.0000000000
54900  -31.526  -39.945  58.582 0.0000000000
54899  -30.774  -39.685  58.696 0.0000000000
54898  -29.959  -39.555  58.556 0.0000000000
54884  -30.136  -39.656  59.198 0.0000000000
56002  -29.614  -39.438  59.791 0.0000000000
57109  -29.523  -38.581  61.082 0.0000000000
52738  -31.554  -42.298  63.197 0.0000000000
53803  -31.440  -41.655  62.461 0.0000000000
53793  -30.507  -42.020  63.271 0.0000000000
54832  -29.690  -41.306  63.691 0.0000000000
55928  -29.598  -40.630  63.623 0.0000000000
55904  -28.910  -39.123  65.483 0.0000000000
55903  -28.194  -38.917  65.790 0.0000000000
57046  -28.140  -38.201  64.559 0.0000000000
57059  -28.672  -38.231  63.956 0.0000000000
58258  -28.894  -38.274  63.366 0.0000000000
58256  -27.050  -36.668  63.703 0.0000000000
59541  -26.687  -35.560  63.713 0.0000000000
59527  -26.668  -35.202  64.324 0.0000000000
60792  -28.634  -33.911  65.218 0.0000000000
63280  -30.175  -32.615  67.117 0.0000000000
49472  -26.876  -44.125  61.029 0.0000000000
49537  -26.415  -43.469  58.300 0.0000000000
48248  -20.047  -44.445  60.590 0.0000000000
48288  -19.065  -45.087  58.621 0.0000000000
84283  -43.603  -14.439  49.189 0.0000000000
85387  -44.250  -13.855  48.194 0.0000000000
84289  -44.241  -13.778  47.880 0.0000000000
85397  -46.433  -12.827  47.808 0.0000000000
86492  -45.822  -12.319  46.022 0.0000000000
86514  -47.635  -12.279  44.338 0.0000000000
87628  -49.391  -11.813  45.743 0.0000000000
62186  -27.258  -33.357  57.762 0.0000000000
63447  -27.287  -33.104  56.623 0.0000000000
71840  -34.664  -25.152  55.364 0.0000000000
71852  -33.656  -25.701  54.591 0.0000000000
71854  -35.455  -24.928  54.518 0.0000000000
71855  -36.303  -25.330  54.260 0.0000000000
70681  -39.190  -26.219  54.587 0.0000000000
69398  -38.611  -26.524  54.452 0.0000000000
68139  -38.902  -26.991  54.189 0.0000000000
69416  -38.396  -26.835  53.233 0.0000000000
69486  -38.969  -27.167  50.723 0.0000000000
69487  -39.685  -27.117  50.610 0.0000000000
69513  -39.940  -27.754  50.534 0.0000000000
69488  -40.618  -27.304  50.733 0.0000000000
70740  -41.806  -26.914  50.771 0.0000000000
42326  -8.982  -50.501  61.826 0.0000000000
41096  -7.163  -50.926  62.690 0.0000000000
38649  -6.763  -52.751  60.616 0.0000000000
35202  -4.948  -57.110  57.756 0.0000000000
35203  -5.056  -56.714  58.337 0.0000000000
34114  -4.469  -57.473  58.075 0.0000000000
31888  -2.489  -60.473  56.452 0.0000000000
31864  -3.099  -59.404  57.956 0.0000000000
31875  -2.178  -60.255  57.193 0.0000000000
31854  -1.505  -59.182  58.546 0.0000000000
33004  -1.099  -59.287  58.528 0.0000000000
46968  -28.817  -46.401  66.066 0.0000000000
46990  -31.963  -46.021  65.824 0.0000000000
74012  -42.254  -23.342  53.671 0.0000000000
74011  -41.655  -22.981  53.344 0.0000000000
76323  -42.588  -21.773  54.199 0.0000000000
76310  -43.066  -21.196  54.508 0.0000000000
77494  -42.789  -20.611  54.344 0.0000000000
79754  -44.553  -18.233  52.724 0.0000000000
80907  -45.036  -17.730  52.782 0.0000000000
82015  -44.950  -16.993  52.917 0.0000000000
63357  -31.305  -31.751  62.912 0.0000000000
64510  -30.593  -31.377  62.553 0.0000000000
64511  -31.398  -30.925  62.398 0.0000000000
65706  -31.920  -30.214  62.064 0.0000000000
65712  -32.529  -29.768  61.744 0.0000000000
66875  -32.123  -29.505  61.270 0.0000000000
68078  -32.732  -28.912  60.498 0.0000000000
69337  -33.891  -27.764  59.769 0.0000000000
45966  -17.348  -46.575  59.201 0.0000000000
47096  -16.125  -46.661  58.239 0.0000000000
32956  -3.843  -57.452  63.302 0.0000000000
53917  -32.897  -40.425  56.349 0.0000000000
52843  -32.811  -40.906  56.980 0.0000000000
56005  -31.204  -40.351  59.801 0.0000000000
59509  -28.549  -35.018  66.826 0.0000000000
50662  -20.157  -43.610  57.152 0.0000000000
50642  -20.229  -43.070  58.180 0.0000000000
51759  -21.041  -42.396  57.896 0.0000000000
50644  -22.178  -42.672  59.149 0.0000000000
51760  -21.974  -42.076  58.420 0.0000000000
51794  -23.562  -42.263  56.736 0.0000000000
50616  -29.143  -43.559  60.129 0.0000000000
49498  -28.808  -43.513  60.012 0.0000000000
50632  -29.351  -43.583  60.001 0.0000000000
50669  -29.074  -42.232  58.805 0.0000000000
49539  -29.694  -42.519  59.181 0.0000000000
47016  -20.732  -45.598  64.664 0.0000000000
49423  -20.757  -44.139  62.118 0.0000000000
49424  -21.586  -44.160  62.431 0.0000000000
49444  -20.580  -44.123  61.454 0.0000000000
49465  -20.017  -44.194  60.230 0.0000000000
78704  -38.471  -19.709  48.510 0.0000000000
85378  -45.665  -13.105  50.644 0.0000000000
86449  -46.237  -12.763  49.821 0.0000000000
86484  -48.559  -12.153  47.606 0.0000000000
64590  -27.517  -31.051  55.751 0.0000000000
72898  -37.720  -24.357  56.976 0.0000000000
71827  -37.945  -24.585  55.996 0.0000000000
72908  -38.799  -24.321  55.651 0.0000000000
71845  -39.549  -25.216  55.196 0.0000000000
70667  -39.972  -25.995  55.009 0.0000000000
70682  -39.724  -26.379  54.608 0.0000000000
68141  -40.375  -27.332  54.257 0.0000000000
68154  -40.933  -27.695  53.984 0.0000000000
69419  -41.098  -27.326  53.735 0.0000000000
44732  -12.086  -48.428  62.695 0.0000000000
43518  -8.728  -48.833  62.624 0.0000000000
43550  -9.439  -49.776  61.537 0.0000000000
41123  -8.735  -51.070  61.018 0.0000000000
41148  -8.080  -51.223  59.198 0.0000000000
29525  -1.424  -61.384  55.898 0.0000000000
51743  -32.766  -42.289  60.297 0.0000000000
50618  -33.027  -42.959  60.667 0.0000000000
50609  -33.330  -42.525  61.205 0.0000000000
51730  -32.287  -42.759  61.847 0.0000000000
51724  -32.431  -42.710  62.985 0.0000000000
52732  -31.061  -42.058  64.324 0.0000000000
51700  -30.957  -43.088  66.820 0.0000000000
49427  -24.946  -44.456  62.750 0.0000000000
50596  -25.311  -44.018  62.352 0.0000000000
49428  -25.809  -44.595  62.334 0.0000000000
49450  -26.406  -44.652  61.828 0.0000000000
47053  -26.562  -45.380  62.550 0.0000000000
47068  -26.892  -45.375  61.925 0.0000000000
48249  -26.932  -44.898  61.558 0.0000000000
48251  -28.633  -44.003  61.237 0.0000000000
46987  -29.331  -46.331  65.466 0.0000000000
47005  -29.186  -46.049  64.645 0.0000000000
47024  -28.928  -45.549  63.568 0.0000000000
47025  -29.957  -45.852  63.674 0.0000000000
47041  -29.174  -45.109  62.725 0.0000000000
47071  -29.127  -44.368  61.665 0.0000000000
48252  -29.580  -43.804  61.032 0.0000000000
48270  -30.056  -43.966  60.476 0.0000000000
48271  -30.414  -44.141  60.269 0.0000000000
48272  -30.779  -44.218  60.174 0.0000000000
48234  -31.317  -44.260  61.684 0.0000000000
49476  -31.529  -44.048  60.933 0.0000000000
49501  -31.206  -44.003  60.116 0.0000000000
49523  -31.257  -43.136  60.101 0.0000000000
46982  -24.889  -45.662  65.753 0.0000000000
47019  -24.377  -45.418  64.173 0.0000000000
48192  -24.857  -45.149  63.589 0.0000000000
71907  -37.368  -25.360  48.872 0.0000000000
72964  -37.680  -24.880  49.403 0.0000000000
74054  -38.628  -23.882  50.649 0.0000000000
74068  -37.613  -23.095  50.483 0.0000000000
75193  -37.867  -22.702  48.758 0.0000000000
75144  -40.990  -22.126  52.818 0.0000000000
75156  -40.048  -21.094  53.088 0.0000000000
77520  -40.935  -19.702  52.781 0.0000000000
76338  -39.797  -20.711  52.365 0.0000000000
77517  -38.814  -20.504  51.204 0.0000000000
78674  -38.222  -20.064  50.423 0.0000000000
78691  -37.932  -19.818  49.740 0.0000000000
78692  -38.758  -19.092  49.421 0.0000000000
79784  -39.153  -18.236  49.012 0.0000000000
80912  -40.650  -17.269  50.050 0.0000000000
79797  -39.694  -17.433  48.496 0.0000000000
80931  -40.102  -16.633  48.418 0.0000000000
82037  -40.057  -15.970  47.910 0.0000000000
83157  -40.590  -15.550  47.528 0.0000000000
83163  -40.594  -15.637  46.782 0.0000000000
83154  -41.135  -14.866  48.102 0.0000000000
84286  -41.869  -14.673  48.507 0.0000000000
83144  -43.448  -15.265  49.706 0.0000000000
84282  -42.923  -14.908  49.300 0.0000000000
83145  -44.117  -14.958  49.715 0.0000000000
84279  -45.039  -13.890  50.824 0.0000000000
83129  -45.162  -15.986  52.819 0.0000000000
84263  -44.847  -15.197  52.456 0.0000000000
85368  -44.647  -14.006  52.082 0.0000000000
85369  -45.300  -13.504  51.727 0.0000000000
59568  -26.829  -35.447  60.559 0.0000000000
59577  -27.111  -35.083  59.574 0.0000000000
60843  -27.231  -34.069  59.521 0.0000000000
62139  -27.286  -33.269  59.272 0.0000000000
63413  -27.501  -32.909  60.497 0.0000000000
64563  -28.023  -31.250  57.713 0.0000000000
65740  -27.749  -30.170  57.323 0.0000000000
64526  -30.604  -30.994  61.733 0.0000000000
64548  -29.438  -30.733  60.104 0.0000000000
65724  -29.716  -30.376  59.416 0.0000000000
65757  -28.934  -29.839  56.561 0.0000000000
66913  -29.514  -29.268  55.994 0.0000000000
66914  -30.164  -28.765  56.428 0.0000000000
66927  -29.985  -28.815  55.476 0.0000000000
68136  -30.146  -28.305  54.626 0.0000000000
68137  -31.090  -27.683  54.149 0.0000000000
69409  -31.628  -26.973  53.756 0.0000000000
69391  -31.634  -26.810  54.765 0.0000000000
70674  -32.244  -26.144  54.997 0.0000000000
71838  -32.876  -25.683  55.632 0.0000000000
70648  -32.863  -26.105  56.581 0.0000000000
71822  -33.096  -25.645  56.092 0.0000000000
71823  -33.948  -25.352  56.185 0.0000000000
72896  -36.384  -24.575  57.442 0.0000000000
70619  -34.016  -27.315  59.511 0.0000000000
70620  -34.745  -27.016  59.439 0.0000000000
70622  -36.710  -26.508  59.529 0.0000000000
70632  -35.956  -26.019  58.904 0.0000000000
71789  -36.290  -25.252  58.549 0.0000000000
71808  -36.696  -24.706  58.293 0.0000000000
45934  -15.621  -47.551  60.460 0.0000000000
45946  -15.212  -47.411  59.561 0.0000000000
44762  -15.174  -47.605  60.631 0.0000000000
44761  -14.784  -47.816  60.683 0.0000000000
43554  -13.425  -48.519  60.812 0.0000000000
43592  -12.776  -48.510  58.969 0.0000000000
87665  -51.640  -11.696  41.697 0.0000000000
87672  -50.710  -11.521  40.392 0.0000000000
56016  -28.741  -39.172  58.674 0.0000000000
58308  -27.266  -36.886  60.557 0.0000000000
51752  -32.736  -41.993  60.075 0.0000000000
52764  -32.974  -41.749  60.472 0.0000000000
53827  -32.402  -41.370  60.628 0.0000000000
53813  -32.063  -41.399  61.892 0.0000000000
54862  -31.790  -41.273  61.266 0.0000000000
54873  -31.756  -41.077  60.590 0.0000000000
55972  -30.347  -39.819  61.261 0.0000000000
55926  -29.875  -39.138  63.776 0.0000000000
55925  -29.456  -39.068  64.206 0.0000000000
55943  -30.096  -39.352  62.873 0.0000000000
57077  -30.196  -38.866  62.436 0.0000000000
57094  -29.999  -38.997  61.994 0.0000000000
57111  -29.943  -39.284  61.316 0.0000000000
57110  -29.775  -38.903  61.346 0.0000000000
58310  -29.063  -38.281  61.478 0.0000000000
58276  -28.559  -38.155  62.795 0.0000000000
59569  -26.982  -36.197  60.676 0.0000000000
60801  -26.906  -34.548  63.441 0.0000000000
63353  -28.264  -33.002  62.772 0.0000000000
62092  -29.176  -32.889  62.964 0.0000000000
60775  -28.545  -34.282  66.086 0.0000000000
62041  -29.237  -33.754  65.460 0.0000000000
63286  -30.714  -32.867  66.216 0.0000000000
62042  -30.199  -33.442  65.345 0.0000000000
62062  -30.200  -33.290  64.158 0.0000000000
63334  -30.467  -32.543  63.740 0.0000000000
63335  -31.188  -32.102  63.587 0.0000000000
49494  -24.480  -43.194  60.334 0.0000000000
50631  -24.784  -43.035  60.016 0.0000000000
49516  -25.200  -42.781  59.068 0.0000000000
49515  -24.661  -42.728  58.589 0.0000000000
49534  -24.580  -42.782  58.315 0.0000000000
50681  -24.523  -42.495  57.575 0.0000000000
51795  -24.407  -42.197  56.863 0.0000000000
50667  -26.727  -43.040  57.761 0.0000000000
51778  -25.508  -42.485  57.475 0.0000000000
47033  -17.796  -46.735  61.975 0.0000000000
47036  -19.453  -45.617  63.137 0.0000000000
48227  -19.462  -45.344  61.252 0.0000000000
84292  -42.883  -14.090  47.401 0.0000000000
84297  -42.542  -13.996  46.259 0.0000000000
84300  -42.399  -14.108  45.224 0.0000000000
85407  -42.952  -13.743  44.662 0.0000000000
85383  -45.026  -13.436  49.081 0.0000000000
85388  -44.774  -13.482  48.048 0.0000000000
84294  -44.374  -13.362  47.560 0.0000000000
85395  -44.873  -13.280  47.145 0.0000000000
85426  -44.906  -13.262  42.218 0.0000000000
86512  -45.600  -12.734  43.871 0.0000000000
86532  -45.694  -12.956  41.655 0.0000000000
86544  -47.450  -12.416  41.249 0.0000000000
86535  -48.689  -12.324  42.449 0.0000000000
86536  -49.712  -12.194  42.724 0.0000000000
86537  -50.622  -12.169  42.841 0.0000000000
37409  -5.738  -54.521  61.279 0.0000000000
37408  -5.570  -54.849  61.032 0.0000000000
37431  -5.679  -54.743  60.498 0.0000000000
36275  -5.829  -55.548  59.316 0.0000000000
36288  -5.386  -55.820  58.771 0.0000000000
36307  -5.685  -55.370  57.223 0.0000000000
36306  -5.346  -55.855  57.791 0.0000000000
35215  -4.913  -56.726  57.097 0.0000000000
59578  -27.243  -35.390  58.778 0.0000000000
59587  -26.770  -35.509  57.807 0.0000000000
69410  -32.383  -26.820  53.407 0.0000000000
69411  -33.246  -26.766  53.087 0.0000000000
70676  -33.830  -26.024  54.108 0.0000000000
69429  -33.523  -26.837  52.229 0.0000000000
69456  -35.137  -27.346  51.283 0.0000000000
71842  -36.946  -24.860  55.051 0.0000000000
70663  -37.191  -26.056  55.008 0.0000000000
70691  -36.255  -25.986  53.713 0.0000000000
69397  -37.768  -26.556  54.397 0.0000000000
70679  -37.021  -26.402  53.996 0.0000000000
71900  -38.169  -25.402  49.715 0.0000000000
71901  -38.997  -25.421  49.979 0.0000000000
71889  -39.730  -25.655  50.382 0.0000000000
72952  -39.636  -24.733  50.534 0.0000000000
74057  -41.161  -24.140  51.168 0.0000000000
74040  -41.953  -24.029  52.093 0.0000000000
69437  -41.238  -27.028  52.803 0.0000000000
37394  -6.103  -54.078  62.301 0.0000000000
37410  -6.258  -54.187  61.667 0.0000000000
37481  -6.491  -54.154  58.614 0.0000000000
39938  -7.436  -52.775  57.989 0.0000000000
36241  -5.531  -55.301  61.377 0.0000000000
35152  -5.179  -56.144  61.474 0.0000000000
34077  -4.861  -56.675  61.157 0.0000000000
34106  -4.696  -56.751  59.359 0.0000000000
34092  -4.775  -56.710  60.325 0.0000000000
34060  -4.539  -57.017  61.599 0.0000000000
32982  -3.966  -57.564  61.636 0.0000000000
32981  -3.369  -58.395  61.229 0.0000000000
32990  -3.299  -58.424  60.398 0.0000000000
32972  -2.969  -57.766  62.029 0.0000000000
31831  -2.177  -58.387  61.859 0.0000000000
31830  -1.572  -58.761  62.129 0.0000000000
31846  -0.879  -59.037  61.526 0.0000000000
31828  -0.814  -58.751  62.159 0.0000000000
32969  -0.952  -58.289  62.193 0.0000000000
28222  -1.116  -61.624  55.857 0.0000000000
29524  -1.054  -61.194  56.028 0.0000000000
32995  -1.356  -58.473  58.902 0.0000000000
30728  -0.574  -60.220  57.959 0.0000000000
31829  -1.023  -58.912  62.297 0.0000000000
31837  -0.708  -58.992  61.980 0.0000000000
31838  -1.111  -59.307  61.897 0.0000000000
31847  -1.291  -58.919  61.248 0.0000000000
34061  -5.015  -56.615  61.914 0.0000000000
35178  -5.851  -55.912  59.773 0.0000000000
36225  -6.366  -54.720  62.141 0.0000000000
36226  -6.518  -54.457  62.021 0.0000000000
36243  -6.449  -54.629  61.854 0.0000000000
36260  -5.892  -55.510  59.982 0.0000000000
36289  -5.772  -55.459  58.814 0.0000000000
37376  -5.634  -54.610  62.790 0.0000000000
37392  -5.745  -54.834  62.619 0.0000000000
37430  -5.517  -55.041  60.868 0.0000000000
37500  -5.587  -55.138  57.922 0.0000000000
43534  -9.321  -49.551  62.174 0.0000000000
44759  -11.527  -48.871  59.919 0.0000000000
44773  -11.394  -49.046  59.793 0.0000000000
45890  -25.777  -45.629  63.990 0.0000000000
45891  -25.963  -45.751  64.225 0.0000000000
45901  -25.941  -45.512  63.505 0.0000000000
45915  -26.398  -45.498  63.361 0.0000000000
45926  -17.739  -46.804  61.481 0.0000000000
45927  -26.486  -45.358  62.894 0.0000000000
45928  -26.573  -45.428  63.123 0.0000000000
46972  -32.443  -46.132  67.022 0.0000000000
47022  -27.246  -45.679  63.876 0.0000000000
47037  -25.836  -45.390  63.066 0.0000000000
47038  -26.822  -45.426  63.033 0.0000000000
47040  -27.705  -45.512  63.451 0.0000000000
47049  -17.741  -46.765  61.725 0.0000000000
47050  -18.096  -46.668  61.506 0.0000000000
47052  -26.196  -45.379  62.790 0.0000000000
47055  -28.004  -45.051  62.230 0.0000000000
48155  -25.138  -45.704  66.141 0.0000000000
48213  -27.594  -45.417  62.745 0.0000000000
48214  -27.950  -45.489  62.959 0.0000000000
48229  -26.045  -45.272  62.554 0.0000000000
48230  -26.402  -45.153  62.042 0.0000000000
48232  -28.143  -45.234  62.571 0.0000000000
48233  -28.371  -45.106  62.420 0.0000000000
48236  -31.772  -43.726  62.069 0.0000000000
48253  -30.275  -44.024  60.903 0.0000000000
48255  -31.710  -43.853  61.773 0.0000000000
48268  -18.705  -45.616  59.293 0.0000000000
49411  -24.523  -44.744  63.297 0.0000000000
49429  -26.194  -44.890  62.125 0.0000000000
49452  -31.675  -44.058  61.780 0.0000000000
49467  -21.131  -43.677  60.884 0.0000000000
49468  -22.998  -42.813  60.997 0.0000000000
49475  -29.606  -43.748  60.383 0.0000000000
49503  -32.434  -43.358  60.759 0.0000000000
50597  -25.463  -44.330  62.442 0.0000000000
50606  -25.548  -43.916  62.160 0.0000000000
50607  -25.669  -44.160  62.258 0.0000000000
50617  -29.366  -43.650  60.276 0.0000000000
50619  -33.401  -42.624  60.898 0.0000000000
50630  -24.342  -42.927  59.958 0.0000000000
50633  -29.529  -43.710  60.111 0.0000000000
50647  -24.850  -42.871  59.667 0.0000000000
50650  -28.480  -42.704  59.064 0.0000000000
50661  -19.772  -44.065  57.355 0.0000000000
50663  -23.541  -42.348  58.508 0.0000000000
51744  -33.107  -42.191  60.424 0.0000000000
51763  -27.869  -42.515  58.355 0.0000000000
51765  -31.005  -41.906  58.828 0.0000000000
51801  -31.940  -42.079  57.417 0.0000000000
51802  -32.587  -41.724  57.386 0.0000000000
52744  -32.040  -41.718  62.174 0.0000000000
52754  -32.458  -41.973  61.671 0.0000000000
52777  -32.902  -41.655  59.756 0.0000000000
52792  -22.180  -41.330  58.100 0.0000000000
52793  -22.474  -41.464  58.401 0.0000000000
52795  -33.558  -41.477  59.315 0.0000000000
52814  -22.703  -40.830  58.055 0.0000000000
52815  -22.925  -41.311  58.346 0.0000000000
53782  -30.514  -41.401  64.836 0.0000000000
53802  -31.872  -41.686  62.303 0.0000000000
53812  -31.975  -41.502  62.175 0.0000000000
53825  -32.263  -40.979  60.115 0.0000000000
53826  -32.146  -41.116  60.304 0.0000000000
53839  -32.365  -40.995  60.018 0.0000000000
53841  -32.816  -41.378  59.790 0.0000000000
53858  -22.138  -40.962  58.158 0.0000000000
53859  -22.181  -41.114  58.221 0.0000000000
53880  -22.208  -41.153  58.210 0.0000000000
53881  -22.448  -41.074  58.374 0.0000000000
54831  -29.630  -40.638  64.043 0.0000000000
54863  -32.223  -41.321  60.823 0.0000000000
54872  -32.061  -40.952  60.135 0.0000000000
54874  -31.990  -41.337  61.022 0.0000000000
54885  -30.523  -39.742  59.227 0.0000000000
54895  -22.192  -40.742  58.046 0.0000000000
54896  -22.247  -40.880  58.281 0.0000000000
54917  -22.235  -40.949  58.253 0.0000000000
54918  -22.333  -40.664  58.231 0.0000000000
54919  -28.990  -39.359  58.283 0.0000000000
55927  -29.741  -40.011  63.847 0.0000000000
55942  -30.297  -38.702  63.123 0.0000000000
56017  -30.739  -39.791  59.240 0.0000000000
57028  -28.485  -38.675  65.024 0.0000000000
57049  -29.884  -38.615  63.599 0.0000000000
57060  -29.234  -38.420  63.669 0.0000000000
57063  -30.442  -38.603  62.805 0.0000000000
58219  -27.323  -36.540  65.123 0.0000000000
58307  -26.816  -36.196  60.250 0.0000000000
58323  -26.779  -35.797  59.925 0.0000000000
59540  -26.613  -35.121  64.097 0.0000000000
60789  -26.657  -34.922  64.306 0.0000000000
60791  -27.846  -34.208  65.211 0.0000000000
60800  -26.626  -34.879  64.052 0.0000000000
62060  -28.178  -33.733  64.665 0.0000000000
62077  -30.082  -32.982  63.678 0.0000000000
62215  -27.534  -33.099  56.294 0.0000000000
63354  -28.719  -32.697  62.661 0.0000000000
63356  -30.482  -31.806  63.205 0.0000000000
63379  -29.257  -31.842  62.269 0.0000000000
63430  -27.220  -32.852  56.917 0.0000000000
64562  -27.929  -31.017  57.527 0.0000000000
64564  -28.440  -30.605  57.842 0.0000000000
64576  -27.731  -31.052  57.310 0.0000000000
65711  -31.677  -29.813  61.405 0.0000000000
65716  -30.836  -30.207  60.354 0.0000000000
65717  -31.329  -29.732  60.662 0.0000000000
65718  -32.857  -29.502  61.333 0.0000000000
65738  -26.846  -30.008  57.339 0.0000000000
65739  -27.380  -30.467  57.240 0.0000000000
65754  -26.780  -30.219  57.157 0.0000000000
65755  -27.177  -30.435  57.121 0.0000000000
66880  -32.486  -29.204  60.785 0.0000000000
66889  -32.018  -29.187  58.823 0.0000000000
66893  -26.667  -30.062  57.251 0.0000000000
66894  -27.056  -29.847  57.301 0.0000000000
66895  -27.383  -29.695  57.028 0.0000000000
66898  -31.673  -29.127  58.451 0.0000000000
66910  -26.595  -30.117  56.879 0.0000000000
66911  -26.885  -30.230  57.155 0.0000000000
66912  -27.103  -29.816  56.778 0.0000000000
66936  -29.843  -28.860  54.875 0.0000000000
68079  -33.077  -28.855  60.616 0.0000000000
68135  -29.776  -28.499  54.297 0.0000000000
68138  -38.424  -26.711  54.221 0.0000000000
68142  -40.850  -27.477  54.198 0.0000000000
68153  -40.540  -27.720  53.901 0.0000000000
68167  -39.341  -26.936  53.191 0.0000000000
68168  -39.509  -27.098  53.370 0.0000000000
68185  -40.444  -27.591  51.088 0.0000000000
68208  -39.351  -27.761  50.622 0.0000000000
68209  -39.805  -28.110  50.869 0.0000000000
68210  -40.213  -27.888  50.819 0.0000000000
68236  -39.192  -27.885  50.438 0.0000000000
68237  -39.588  -27.977  50.493 0.0000000000
68238  -40.022  -28.036  50.656 0.0000000000
69352  -31.247  -28.320  57.655 0.0000000000
69363  -31.142  -28.053  57.448 0.0000000000
69379  -37.420  -26.246  55.035 0.0000000000
69381  -38.147  -26.363  54.786 0.0000000000
69394  -33.867  -26.464  53.519 0.0000000000
69399  -39.391  -26.683  54.400 0.0000000000
69400  -40.331  -26.556  54.599 0.0000000000
69417  -39.932  -27.172  53.343 0.0000000000
69463  -41.389  -26.555  52.036 0.0000000000
69489  -41.673  -27.117  51.062 0.0000000000
69511  -39.126  -27.529  50.588 0.0000000000
69512  -39.362  -27.674  50.519 0.0000000000
69514  -42.006  -27.079  50.834 0.0000000000
70634  -37.466  -25.559  58.891 0.0000000000
70660  -32.032  -26.541  55.843 0.0000000000
70662  -32.735  -25.782  55.262 0.0000000000
70666  -38.958  -25.638  54.754 0.0000000000
70678  -36.856  -26.117  54.635 0.0000000000
70690  -35.087  -26.000  53.573 0.0000000000
70692  -36.829  -26.421  53.576 0.0000000000
70703  -41.483  -27.013  52.841 0.0000000000
70715  -41.395  -26.861  52.645 0.0000000000
71791  -37.645  -24.830  58.738 0.0000000000
71809  -37.131  -24.681  58.509 0.0000000000
71828  -38.359  -24.380  55.731 0.0000000000
71844  -38.520  -24.887  55.199 0.0000000000
71853  -34.358  -25.474  54.507 0.0000000000
71862  -35.728  -25.426  53.880 0.0000000000
71883  -41.686  -25.271  51.349 0.0000000000
72881  -36.332  -24.629  57.685 0.0000000000
72882  -36.599  -24.583  57.783 0.0000000000
72883  -37.389  -24.392  58.110 0.0000000000
72899  -38.538  -23.900  56.372 0.0000000000
72900  -39.443  -24.161  56.049 0.0000000000
72906  -35.964  -24.264  55.005 0.0000000000
72907  -36.306  -24.365  54.929 0.0000000000
72909  -39.278  -24.660  55.476 0.0000000000
72916  -35.899  -24.470  54.785 0.0000000000
72942  -41.547  -25.031  51.278 0.0000000000
72943  -41.800  -24.840  51.674 0.0000000000
72954  -41.520  -24.584  51.278 0.0000000000
72966  -38.978  -24.851  50.181 0.0000000000
73976  -39.274  -23.603  57.053 0.0000000000
73977  -40.053  -23.672  57.152 0.0000000000
73985  -39.772  -23.748  56.659 0.0000000000
74025  -40.598  -23.380  52.402 0.0000000000
74053  -37.927  -23.222  50.687 0.0000000000
74058  -41.786  -24.336  51.591 0.0000000000
74059  -42.364  -24.304  51.601 0.0000000000
74069  -37.626  -23.576  49.982 0.0000000000
75132  -41.694  -22.181  53.372 0.0000000000
75133  -42.134  -22.380  53.759 0.0000000000
75142  -39.665  -22.888  52.165 0.0000000000
75166  -37.994  -22.972  50.883 0.0000000000
75177  -37.815  -22.925  50.714 0.0000000000
76309  -42.360  -21.120  54.534 0.0000000000
76329  -40.948  -20.000  53.290 0.0000000000
76336  -38.512  -21.538  51.351 0.0000000000
76339  -40.125  -20.161  53.028 0.0000000000
76340  -40.597  -20.041  53.216 0.0000000000
77503  -41.746  -20.505  53.971 0.0000000000
77510  -41.763  -20.083  53.210 0.0000000000
77511  -42.738  -19.923  53.290 0.0000000000
77528  -38.041  -20.506  50.376 0.0000000000
77530  -38.586  -20.208  50.706 0.0000000000
77531  -39.950  -19.623  51.470 0.0000000000
77546  -37.974  -20.620  50.231 0.0000000000
77547  -37.969  -20.780  49.926 0.0000000000
78660  -39.207  -19.997  51.169 0.0000000000
78673  -38.131  -20.289  50.414 0.0000000000
78690  -37.905  -20.292  50.216 0.0000000000
79761  -43.373  -18.063  51.891 0.0000000000
79773  -43.446  -17.638  51.713 0.0000000000
80909  -42.463  -17.702  51.618 0.0000000000
80911  -43.931  -17.449  51.719 0.0000000000
80916  -43.547  -17.413  51.676 0.0000000000
82025  -41.250  -16.387  49.830 0.0000000000
82036  -40.172  -15.809  47.743 0.0000000000
82043  -40.172  -15.777  47.514 0.0000000000
83131  -43.460  -15.557  51.155 0.0000000000
83141  -41.154  -16.051  49.453 0.0000000000
83142  -41.607  -15.944  49.434 0.0000000000
83152  -40.264  -15.750  47.970 0.0000000000
83156  -40.359  -15.647  47.764 0.0000000000
84304  -42.842  -14.301  43.796 0.0000000000
85385  -46.298  -13.217  48.860 0.0000000000
85416  -45.099  -13.058  43.876 0.0000000000
86459  -45.581  -13.367  49.220 0.0000000000
86461  -46.773  -12.843  48.996 0.0000000000
87636  -49.964  -12.296  44.302 0.0000000000
87637  -50.179  -12.337  44.363 0.0000000000
87643  -46.779  -11.779  42.805 0.0000000000
87645  -49.908  -12.161  44.105 0.0000000000
87654  -47.047  -11.887  42.593 0.0000000000
