#!ascii label  , from subject 3852 vox2ras=TkReg
948
87161  -24.237  -12.405  -7.558 0.5555555820
87162  -25.462  -12.329  -7.994 0.6666666865
88292  -25.517  -11.533  -9.090 0.7777777910
87196  -26.371  -11.822  -9.164 0.7777777910
89393  -26.625  -10.291  -9.488 0.8888888955
89374  -27.401  -10.211  -8.767 0.8888888955
87145  -23.265  -12.650  -7.221 0.5555555820
88278  -23.619  -11.326  -7.945 0.5555555820
88290  -24.081  -10.905  -8.570 0.6666666865
89372  -24.582  -10.413  -8.942 0.8888888955
88324  -26.653  -11.089  -9.530 0.8888888955
89394  -27.127  -10.547  -9.391 0.8888888955
90581  -27.440  -9.004  -8.746 1.0000000000
90582  -27.610  -9.454  -8.074 0.8888888955
91842  -28.274  -8.474  -8.276 1.0000000000
89371  -23.764  -10.260  -8.362 0.7777777910
90598  -25.313  -9.438  -9.295 1.0000000000
93034  -25.180  -7.329  -9.433 1.0000000000
91856  -25.721  -8.409  -9.488 1.0000000000
93036  -27.212  -7.467  -10.056 1.0000000000
93053  -27.034  -6.697  -10.437 1.0000000000
93037  -27.778  -7.278  -9.793 1.0000000000
93021  -28.345  -7.118  -8.436 1.0000000000
93054  -27.701  -6.553  -10.295 1.0000000000
93055  -28.255  -6.598  -10.078 1.0000000000
94130  -28.425  -6.405  -9.009 1.0000000000
95200  -28.836  -5.969  -9.333 1.0000000000
94148  -24.800  -6.222  -9.120 0.8888888955
93035  -26.285  -7.178  -10.022 1.0000000000
94167  -27.352  -6.215  -10.463 1.0000000000
94165  -26.202  -6.033  -10.321 1.0000000000
94181  -27.329  -5.250  -10.642 1.0000000000
94183  -28.081  -5.661  -10.588 1.0000000000
94168  -28.382  -5.904  -10.262 1.0000000000
95219  -28.438  -5.211  -9.805 1.0000000000
95201  -28.661  -5.194  -8.895 1.0000000000
95185  -29.543  -5.420  -8.060 0.7777777910
95186  -30.260  -5.123  -7.480 0.7777777910
96252  -25.345  -4.344  -9.831 0.5555555820
98333  -26.178  -2.484  -10.906 0.7777777910
96271  -25.979  -4.222  -10.315 0.8888888955
96291  -27.676  -3.673  -11.114 1.0000000000
95254  -27.563  -4.674  -10.853 1.0000000000
96308  -27.260  -3.165  -11.732 0.8888888955
97332  -27.551  -3.185  -11.439 1.0000000000
96273  -28.560  -4.198  -10.530 1.0000000000
96253  -28.842  -4.156  -9.830 1.0000000000
96254  -28.487  -4.169  -9.046 0.8888888955
97289  -28.698  -3.170  -9.403 1.0000000000
97290  -28.897  -3.528  -8.692 0.8888888955
97265  -30.249  -3.679  -7.493 0.7777777910
96226  -30.454  -4.379  -6.980 0.6666666865
96227  -30.900  -3.979  -6.450 0.6666666865
99327  -25.319  -1.405  -9.642 0.4444444478
99340  -26.103  -1.455  -10.813 0.6666666865
99357  -27.357  -1.407  -11.577 0.7777777910
98353  -27.379  -2.501  -11.981 0.8888888955
98354  -27.692  -2.631  -11.595 0.8888888955
97304  -28.551  -3.239  -10.321 1.0000000000
98345  -28.185  -2.282  -10.925 1.0000000000
98335  -28.706  -2.262  -10.061 1.0000000000
98324  -28.923  -2.128  -9.205 0.8888888955
98325  -29.050  -2.715  -8.632 0.7777777910
97277  -30.468  -3.018  -7.630 0.7777777910
98303  -30.645  -2.411  -7.144 0.7777777910
97267  -31.323  -3.372  -6.358 0.6666666865
101322  -26.309  0.415  -10.964 0.6666666865
100364  -25.929  -0.462  -10.406 0.6666666865
100375  -26.866  -0.292  -11.485 0.7777777910
101328  -26.985  0.449  -11.967 0.7777777910
99358  -28.054  -1.285  -11.275 0.8888888955
100377  -27.723  -0.249  -11.534 1.0000000000
99342  -28.537  -1.347  -10.520 1.0000000000
99312  -28.875  -1.308  -8.737 0.8888888955
99314  -29.835  -1.706  -7.677 0.8888888955
98313  -29.401  -2.236  -7.984 0.7777777910
100343  -28.650  -0.526  -8.950 0.8888888955
99313  -29.549  -1.332  -8.180 0.7777777910
99297  -30.442  -1.473  -7.247 0.7777777910
98304  -31.226  -2.506  -6.611 0.7777777910
98294  -31.783  -2.746  -6.168 0.6666666865
102252  -26.167  0.906  -10.777 0.6666666865
101321  -25.907  0.394  -10.287 0.5555555820
102259  -26.732  1.297  -12.345 0.7777777910
101335  -27.045  0.699  -12.299 0.8888888955
101329  -27.594  0.610  -11.789 0.8888888955
101323  -28.160  0.501  -11.290 1.0000000000
100366  -28.232  -0.404  -10.846 1.0000000000
100355  -28.618  -0.431  -9.910 1.0000000000
99328  -28.736  -1.343  -9.579 0.8888888955
99296  -30.004  -1.143  -7.642 0.7777777910
100332  -30.320  -0.752  -7.377 0.7777777910
99299  -31.455  -1.787  -6.560 0.6666666865
98295  -32.202  -2.139  -6.037 0.5555555820
98287  -32.037  -2.812  -5.653 0.5555555820
102253  -26.418  1.402  -11.431 0.7777777910
103259  -26.433  2.524  -11.234 0.6666666865
103273  -26.891  1.542  -12.484 0.8888888955
103267  -27.800  2.063  -11.324 1.0000000000
102254  -28.437  1.440  -10.887 1.0000000000
101313  -28.583  0.542  -8.986 0.8888888955
101314  -29.114  0.020  -8.723 0.8888888955
101306  -29.314  0.497  -8.023 0.8888888955
100344  -29.364  -0.505  -8.517 0.8888888955
100318  -30.317  -0.318  -7.305 0.7777777910
101275  -31.223  0.097  -6.521 0.7777777910
100319  -30.942  -0.425  -6.917 0.7777777910
99282  -31.998  -1.345  -6.348 0.5555555820
102234  -29.339  1.175  -6.945 0.7777777910
100305  -31.524  -0.173  -6.495 0.5555555820
99270  -32.363  -1.396  -5.697 0.5555555820
101276  -31.505  0.523  -5.906 0.6666666865
103244  -25.902  2.912  -8.816 0.4444444478
104290  -25.915  3.797  -11.128 0.5555555820
105400  -26.461  4.590  -12.505 0.7777777910
104301  -26.905  3.806  -12.128 0.8888888955
103261  -28.090  2.563  -10.234 1.0000000000
102247  -28.401  1.592  -9.684 0.8888888955
102240  -28.711  1.780  -8.634 0.8888888955
101305  -28.635  1.098  -8.173 0.8888888955
101292  -30.730  0.577  -6.286 0.6666666865
100292  -32.556  -0.663  -4.880 0.5555555820
105368  -26.570  5.545  -7.888 0.6666666865
106448  -25.967  6.984  -9.874 0.6666666865
104279  -28.062  4.932  -8.808 0.7777777910
104286  -27.976  3.686  -9.411 0.8888888955
104280  -28.185  3.738  -8.465 0.7777777910
103246  -28.752  2.829  -8.167 0.8888888955
103239  -28.911  2.985  -7.377 0.7777777910
102233  -28.953  1.836  -7.544 0.8888888955
103229  -29.259  2.707  -6.822 0.7777777910
102223  -29.946  2.033  -7.334 0.7777777910
102224  -30.177  1.478  -6.576 0.6666666865
104268  -29.625  3.454  -6.382 0.6666666865
103231  -30.437  2.164  -6.070 0.6666666865
102225  -30.818  1.555  -5.909 0.6666666865
101293  -31.018  0.895  -5.830 0.5555555820
104261  -31.337  3.330  -5.256 0.6666666865
103217  -30.953  2.520  -5.668 0.5555555820
102212  -31.665  1.495  -5.120 0.5555555820
101277  -32.197  0.496  -5.080 0.4444444478
103218  -31.534  2.495  -5.158 0.5555555820
107374  -26.408  5.883  -6.750 0.3333333433
106429  -26.580  5.725  -6.821 0.3333333433
106436  -27.255  6.044  -7.387 0.5555555820
105369  -27.325  5.501  -7.940 0.6666666865
106430  -27.514  5.729  -6.871 0.5555555820
104272  -27.979  4.655  -7.845 0.7777777910
105363  -28.023  4.718  -6.100 0.6666666865
104267  -29.002  3.878  -6.894 0.6666666865
104266  -28.327  4.523  -7.165 0.6666666865
105355  -29.975  3.942  -6.062 0.6666666865
105356  -30.435  3.995  -5.755 0.6666666865
103206  -32.823  2.487  -4.083 0.5555555820
104262  -31.874  3.277  -4.683 0.6666666865
107373  -26.283  5.476  -5.965 0.4444444478
108217  -26.971  7.044  -7.270 0.5555555820
105353  -27.632  5.036  -6.099 0.6666666865
105362  -27.746  5.250  -7.110 0.6666666865
105354  -27.981  4.996  -6.570 0.6666666865
105364  -29.384  4.335  -6.098 0.6666666865
105365  -29.972  4.349  -5.680 0.6666666865
105366  -30.378  4.415  -5.411 0.6666666865
105346  -32.119  4.161  -4.154 0.6666666865
104252  -32.481  3.294  -4.099 0.6666666865
108209  -27.874  7.382  -6.697 0.4444444478
107383  -28.518  5.689  -5.885 0.6666666865
106437  -28.531  5.103  -6.586 0.6666666865
107384  -29.043  5.313  -5.599 0.6666666865
106438  -29.004  4.840  -5.650 0.6666666865
105357  -31.023  4.229  -5.226 0.6666666865
89392  -25.726  -10.532  -9.262 0.8888888955
91857  -26.683  -8.391  -9.587 1.0000000000
91841  -27.717  -8.360  -8.879 1.0000000000
102245  -26.027  1.390  -10.387 0.5555555820
104277  -25.548  4.378  -8.840 0.5555555820
103265  -26.800  2.310  -12.202 0.7777777910
103237  -26.639  2.711  -7.627 0.2222222239
104273  -28.491  3.759  -7.634 0.7777777910
107376  -28.271  6.058  -6.456 0.6666666865
108219  -28.683  6.516  -5.941 0.6666666865
100354  -25.541  -0.370  -9.649 0.4444444478
101317  -25.662  0.464  -9.531 0.4444444478
104242  -33.165  3.319  -3.629 0.5555555820
108207  -26.444  6.241  -6.072 0.2222222239
108216  -26.727  6.015  -6.943 0.3333333433
86045  -23.952  -13.497  -7.502 0.5555555820
86046  -25.104  -13.420  -7.571 0.5555555820
87177  -25.377  -12.053  -8.895 0.5555555820
87178  -26.013  -12.416  -9.006 0.5555555820
88294  -27.099  -11.186  -8.381 0.7777777910
89359  -27.167  -10.507  -7.958 0.8888888955
86034  -23.287  -13.560  -6.880 0.5555555820
87197  -26.524  -11.997  -8.901 0.6666666865
88311  -27.283  -11.074  -9.181 0.8888888955
89375  -27.235  -10.014  -7.982 0.7777777910
87144  -22.509  -12.776  -6.594 0.4444444478
88277  -22.984  -10.880  -7.421 0.5555555820
90562  -23.157  -9.297  -7.131 0.2222222239
90580  -24.042  -9.382  -8.699 0.6666666865
93022  -29.143  -7.062  -8.061 0.8888888955
94113  -29.615  -6.534  -7.769 0.6666666865
94114  -30.108  -5.956  -7.260 0.6666666865
93019  -24.308  -7.239  -8.763 0.5555555820
95175  -30.694  -5.388  -6.793 0.6666666865
94129  -24.065  -5.954  -8.516 0.4444444478
96216  -31.052  -4.731  -6.319 0.5555555820
96217  -31.349  -4.099  -5.956 0.5555555820
97274  -24.427  -3.450  -8.843 0.2222222239
100341  -25.425  -0.823  -8.507 0.3333333433
98277  -32.047  -2.812  -5.061 0.5555555820
99260  -32.308  -1.623  -4.911 0.4444444478
106428  -25.994  5.252  -5.586 0.3333333433
105352  -26.171  5.208  -6.747 0.3333333433
105361  -26.294  5.404  -7.233 0.4444444478
102213  -32.501  1.544  -4.503 0.4444444478
102204  -33.151  1.718  -3.936 0.4444444478
103193  -33.379  2.543  -3.522 0.2222222239
108208  -26.798  6.643  -6.645 0.3333333433
108218  -28.011  6.810  -6.685 0.6666666865
107377  -29.089  5.872  -5.558 0.6666666865
106432  -29.912  4.889  -5.134 0.6666666865
107379  -30.025  4.937  -4.723 0.6666666865
107367  -31.345  5.479  -4.067 0.6666666865
106421  -31.762  5.015  -3.917 0.6666666865
105345  -31.616  4.519  -4.602 0.6666666865
105334  -32.882  4.129  -3.603 0.4444444478
104243  -33.789  3.334  -3.162 0.3333333433
108210  -28.677  7.079  -6.075 0.5555555820
88263  -23.410  -11.984  -7.390 0.5555555820
88279  -24.543  -11.845  -7.974 0.6666666865
88291  -24.729  -11.464  -8.639 0.6666666865
89373  -25.121  -10.996  -8.996 0.7777777910
89407  -26.210  -10.935  -9.423 0.8888888955
90600  -27.049  -9.495  -9.313 1.0000000000
90599  -26.208  -9.447  -9.414 1.0000000000
89409  -26.833  -10.779  -9.594 0.8888888955
89391  -24.994  -10.026  -9.357 0.8888888955
91858  -27.420  -8.280  -9.440 1.0000000000
93020  -27.835  -7.685  -8.995 1.0000000000
89358  -23.309  -10.230  -7.634 0.5555555820
90579  -23.357  -9.234  -8.090 0.6666666865
91855  -24.673  -8.529  -9.032 0.8888888955
90597  -24.683  -9.574  -9.101 1.0000000000
93052  -26.604  -6.477  -10.406 1.0000000000
93038  -27.968  -6.764  -9.265 1.0000000000
93067  -27.927  -6.069  -10.527 1.0000000000
94150  -28.552  -6.234  -9.740 1.0000000000
94131  -29.113  -6.312  -8.634 0.8888888955
94149  -25.559  -6.233  -9.738 1.0000000000
95237  -26.419  -5.016  -10.392 1.0000000000
95236  -25.700  -5.220  -10.112 0.8888888955
95253  -27.068  -4.742  -10.592 1.0000000000
96292  -28.188  -4.123  -11.094 1.0000000000
95238  -28.204  -5.007  -10.525 1.0000000000
95220  -28.514  -4.697  -9.405 1.0000000000
96237  -29.176  -4.336  -8.471 0.8888888955
96225  -29.959  -4.382  -7.828 0.7777777910
96236  -24.305  -4.390  -8.975 0.5555555820
95217  -24.487  -5.225  -9.028 0.5555555820
97275  -24.523  -3.944  -9.238 0.6666666865
97288  -25.665  -3.377  -10.243 0.6666666865
95218  -25.047  -5.304  -9.588 0.7777777910
97302  -26.284  -3.325  -10.616 0.7777777910
99355  -26.196  -1.928  -11.359 0.6666666865
99369  -26.731  -2.240  -12.011 0.8888888955
97303  -26.671  -3.173  -11.039 0.8888888955
98352  -27.036  -2.797  -12.345 0.8888888955
96290  -27.226  -3.646  -10.861 1.0000000000
97345  -28.174  -3.178  -12.677 0.8888888955
97317  -27.984  -3.232  -10.955 1.0000000000
97276  -29.707  -3.286  -8.092 0.8888888955
97266  -30.690  -3.332  -6.906 0.6666666865
96209  -31.444  -4.812  -5.660 0.5555555820
98323  -25.510  -2.437  -10.090 0.5555555820
99326  -24.541  -1.943  -9.051 0.3333333433
98321  -24.509  -2.612  -8.912 0.3333333433
100365  -26.464  -0.354  -11.095 0.6666666865
99356  -26.647  -1.566  -11.566 0.7777777910
98344  -27.821  -1.989  -11.591 0.8888888955
98312  -29.097  -1.949  -8.520 0.7777777910
97258  -31.730  -3.452  -5.774 0.5555555820
100376  -27.138  -0.092  -11.629 0.8888888955
99280  -30.962  -1.218  -6.990 0.7777777910
99298  -31.025  -1.772  -6.903 0.7777777910
98305  -31.750  -2.107  -6.331 0.6666666865
100342  -25.222  -0.377  -9.058 0.4444444478
102268  -27.391  1.046  -12.107 0.8888888955
101318  -28.270  0.523  -10.250 1.0000000000
100331  -29.924  -0.446  -7.794 0.7777777910
99281  -31.352  -1.218  -6.710 0.6666666865
98288  -31.950  -2.146  -5.261 0.5555555820
103251  -25.995  2.654  -10.254 0.5555555820
104300  -26.340  3.560  -12.004 0.6666666865
102260  -27.389  1.631  -12.060 0.8888888955
101291  -29.952  0.292  -6.959 0.8888888955
100321  -32.060  -0.859  -6.354 0.6666666865
100306  -32.210  -0.468  -6.066 0.5555555820
104284  -25.671  4.016  -9.869 0.5555555820
105390  -25.822  4.831  -11.577 0.5555555820
104292  -27.279  4.010  -10.934 1.0000000000
105382  -26.807  4.931  -11.315 0.7777777910
107399  -26.001  6.339  -12.107 0.7777777910
103253  -28.435  2.713  -9.116 0.8888888955
104293  -27.761  3.582  -10.252 0.7777777910
105371  -26.282  5.587  -8.694 0.5555555820
106441  -26.607  5.743  -7.505 0.4444444478
105372  -27.049  5.625  -9.026 0.6666666865
105376  -27.193  5.509  -10.269 0.7777777910
105375  -25.475  5.326  -9.775 0.7777777910
105370  -25.776  5.551  -9.105 0.6666666865
104285  -27.607  4.620  -9.763 0.7777777910
103230  -30.029  2.559  -6.472 0.6666666865
104260  -30.746  3.392  -5.666 0.6666666865
103216  -30.457  2.804  -5.968 0.6666666865
102211  -31.322  1.881  -5.606 0.5555555820
102226  -31.233  1.252  -5.635 0.5555555820
103219  -32.146  2.439  -4.615 0.5555555820
106435  -26.596  5.792  -7.252 0.4444444478
105358  -31.602  3.914  -4.791 0.6666666865
107375  -27.369  6.318  -7.343 0.5555555820
106439  -29.593  4.749  -5.437 0.6666666865
106440  -30.042  4.645  -5.328 0.6666666865
106420  -31.180  5.013  -4.602 0.6666666865
102239  -25.816  1.511  -9.257 0.4444444478
103238  -26.791  3.910  -7.463 0.3333333433
99311  -25.134  -0.824  -9.272 0.4444444478
105335  -33.618  4.107  -3.219 0.3333333433
88280  -27.400  -11.124  -7.571 0.6666666865
91843  -28.993  -7.811  -8.022 0.7777777910
87143  -21.923  -12.568  -6.142 0.3333333433
88262  -22.618  -11.565  -6.833 0.4444444478
91840  -23.719  -8.255  -8.456 0.7777777910
97286  -24.643  -2.992  -9.189 0.3333333433
96235  -24.067  -4.226  -8.447 0.1111111119
98311  -24.179  -2.617  -8.541 0.1111111119
101312  -25.822  0.253  -8.570 0.3333333433
103215  -26.315  4.547  -6.782 0.3333333433
106403  -32.508  5.008  -3.433 0.6666666865
84945  -27.282  -14.829  -6.695 0.4444444478
84925  -28.053  -14.840  -4.872 0.2222222239
84958  -24.639  -14.468  -7.539 0.4444444478
84959  -25.574  -14.476  -8.162 0.4444444478
86047  -25.724  -13.498  -8.322 0.4444444478
84973  -26.049  -14.041  -8.551 0.4444444478
84961  -27.111  -14.409  -7.597 0.4444444478
86048  -27.489  -13.308  -7.275 0.4444444478
87127  -27.761  -13.537  -5.575 0.2222222239
86059  -26.385  -12.954  -8.252 0.4444444478
84975  -26.890  -13.455  -7.855 0.4444444478
87128  -28.460  -12.965  -5.168 0.1111111119
87114  -28.571  -13.477  -4.353 0.1111111119
86060  -26.996  -12.599  -7.776 0.4444444478
87146  -27.781  -12.940  -6.217 0.3333333433
87164  -27.767  -12.091  -7.101 0.3333333433
87147  -28.550  -12.086  -6.067 0.3333333433
87180  -27.062  -11.773  -7.790 0.4444444478
87179  -26.535  -11.982  -8.352 0.5555555820
88264  -28.868  -11.174  -6.343 0.2222222239
88265  -29.446  -11.013  -5.753 0.1111111119
89328  -29.899  -10.491  -5.237 0.1111111119
88281  -28.302  -11.148  -7.156 0.3333333433
89345  -28.705  -10.335  -6.798 0.3333333433
89360  -27.951  -10.209  -7.594 0.4444444478
90543  -28.665  -9.695  -7.177 0.5555555820
90564  -28.849  -9.225  -7.181 0.6666666865
90545  -29.643  -9.311  -5.850 0.4444444478
91824  -29.054  -8.596  -7.400 0.6666666865
91800  -30.631  -8.871  -5.016 0.3333333433
92994  -30.372  -7.488  -6.469 0.5555555820
93006  -29.719  -7.547  -7.503 0.6666666865
94091  -31.002  -6.872  -5.430 0.3333333433
95167  -31.207  -5.666  -5.824 0.4444444478
94100  -30.685  -6.393  -6.568 0.4444444478
107378  -29.595  5.256  -5.086 0.5555555820
107365  -29.450  5.709  -4.726 0.5555555820
107366  -30.405  5.504  -4.219 0.5555555820
107353  -33.257  5.778  -2.543 0.5555555820
83851  -26.661  -15.050  -7.759 0.4444444478
84924  -27.437  -14.769  -5.830 0.2222222239
87148  -29.177  -11.562  -5.704 0.2222222239
89346  -29.320  -10.385  -6.092 0.4444444478
91811  -29.409  -8.674  -6.631 0.6666666865
96210  -31.898  -4.277  -5.309 0.4444444478
108214  -30.186  6.091  -3.796 0.5555555820
108200  -29.929  6.469  -3.851 0.5555555820
87163  -25.941  -12.910  -8.412 0.4444444478
90526  -30.167  -9.557  -5.380 0.2222222239
82737  -25.777  -16.481  -7.365 0.4444444478
83837  -26.251  -16.022  -7.252 0.4444444478
82738  -26.477  -16.604  -6.737 0.4444444478
83816  -27.569  -15.560  -5.443 0.2222222239
83817  -28.130  -15.853  -4.559 0.2222222239
84944  -24.113  -14.841  -7.143 0.4444444478
82754  -25.585  -15.791  -7.510 0.4444444478
86019  -28.078  -13.883  -4.813 0.1111111119
84926  -28.004  -15.297  -4.085 0.1111111119
87115  -29.112  -12.759  -4.022 0.1111111119
87129  -29.274  -12.156  -5.140 0.1111111119
88239  -29.720  -11.660  -4.201 0.1111111119
89314  -30.547  -10.694  -4.017 0.1111111119
89329  -30.359  -10.087  -4.846 0.1111111119
90510  -30.678  -9.573  -4.584 0.2222222239
92982  -30.830  -7.967  -5.223 0.1111111119
94078  -31.588  -7.070  -4.535 0.2222222239
94092  -31.855  -6.239  -5.104 0.3333333433
95157  -32.307  -4.724  -4.835 0.3333333433
96202  -32.377  -4.058  -4.581 0.3333333433
97250  -32.075  -3.444  -5.203 0.4444444478
104271  -26.348  4.891  -7.697 0.4444444478
99261  -32.979  -1.638  -4.425 0.4444444478
101262  -33.029  0.579  -4.097 0.3333333433
106404  -33.317  4.888  -2.996 0.5555555820
109055  -29.460  6.511  -4.735 0.5555555820
109047  -29.685  6.337  -4.086 0.5555555820
107351  -30.779  6.174  -3.831 0.5555555820
107352  -31.670  6.043  -3.290 0.5555555820
109046  -29.560  7.075  -4.501 0.5555555820
88293  -26.930  -11.579  -8.887 0.5555555820
91823  -28.588  -8.753  -7.765 0.6666666865
93007  -30.331  -6.857  -7.301 0.5555555820
97241  -32.341  -3.222  -4.749 0.4444444478
101243  -33.298  1.267  -3.645 0.3333333433
83815  -27.170  -15.338  -6.195 0.3333333433
83838  -26.731  -15.471  -7.016 0.4444444478
83849  -25.280  -15.274  -7.654 0.4444444478
83850  -26.046  -15.419  -7.671 0.4444444478
86058  -26.080  -13.332  -8.506 0.4444444478
84960  -26.357  -14.595  -8.121 0.4444444478
84974  -26.488  -13.859  -8.254 0.4444444478
86035  -27.574  -14.023  -6.452 0.4444444478
86018  -27.645  -14.177  -5.467 0.2222222239
86004  -29.038  -13.885  -3.821 0.1111111119
87165  -28.413  -11.637  -6.720 0.3333333433
88248  -29.566  -11.308  -5.114 0.1111111119
89313  -29.903  -11.013  -4.627 0.1111111119
90544  -29.222  -9.403  -6.530 0.4444444478
91812  -29.729  -8.536  -5.793 0.3333333433
90525  -29.600  -9.819  -5.782 0.3333333433
91801  -31.027  -8.391  -4.864 0.1111111119
92993  -29.639  -8.148  -6.750 0.5555555820
94077  -31.215  -7.579  -4.982 0.3333333433
95168  -32.104  -5.341  -5.147 0.4444444478
108213  -29.940  5.940  -4.340 0.5555555820
109033  -29.824  7.703  -4.094 0.5555555820
82716  -27.060  -16.118  -6.041 0.4444444478
82717  -27.780  -16.501  -5.259 0.2222222239
83848  -24.628  -15.376  -7.367 0.4444444478
86003  -28.469  -14.076  -4.227 0.1111111119
84904  -28.194  -14.387  -4.375 0.1111111119
75898  -26.108  -22.352  -4.793 0.1111111119
79341  -24.017  -19.590  -5.912 0.3333333433
77068  -25.528  -21.146  -5.538 0.2222222239
77048  -25.830  -21.769  -5.332 0.2222222239
75899  -26.925  -22.005  -4.287 0.1111111119
77049  -26.474  -21.549  -4.861 0.1111111119
81584  -22.883  -17.763  -5.309 0.3333333433
80468  -22.758  -18.723  -5.095 0.3333333433
79340  -23.312  -19.572  -5.314 0.3333333433
79342  -24.837  -19.606  -6.220 0.3333333433
79343  -25.616  -19.597  -6.158 0.3333333433
77088  -25.890  -21.042  -5.438 0.2222222239
78240  -25.943  -20.351  -5.568 0.2222222239
77069  -26.158  -21.038  -5.336 0.2222222239
77050  -27.206  -21.085  -4.477 0.1111111119
78241  -26.790  -20.409  -5.109 0.2222222239
83813  -21.627  -15.608  -5.088 0.2222222239
82715  -23.003  -16.830  -5.621 0.2222222239
82714  -22.010  -16.893  -5.012 0.2222222239
80485  -23.529  -18.627  -5.629 0.3333333433
83834  -22.350  -15.285  -5.515 0.2222222239
83814  -22.444  -16.063  -5.441 0.3333333433
83835  -23.245  -15.768  -6.076 0.3333333433
82734  -23.661  -16.864  -6.184 0.3333333433
82735  -24.287  -16.533  -6.670 0.3333333433
81603  -24.777  -17.398  -6.908 0.3333333433
80506  -25.384  -18.235  -6.668 0.3333333433
80488  -25.914  -18.699  -6.358 0.3333333433
81586  -25.679  -17.883  -6.550 0.3333333433
80489  -26.637  -18.527  -5.494 0.3333333433
79345  -27.585  -19.529  -5.055 0.1111111119
86017  -21.750  -13.826  -5.923 0.2222222239
84942  -22.454  -14.636  -6.042 0.2222222239
84943  -23.413  -14.586  -6.609 0.3333333433
83836  -24.119  -15.503  -6.789 0.3333333433
82752  -24.593  -16.055  -7.229 0.3333333433
82736  -24.978  -16.709  -7.268 0.3333333433
81605  -26.054  -17.323  -6.867 0.3333333433
81587  -26.146  -17.798  -6.136 0.3333333433
80490  -27.613  -18.303  -4.902 0.1111111119
86033  -22.539  -13.757  -6.401 0.3333333433
84957  -23.786  -14.235  -7.286 0.3333333433
82753  -25.141  -15.971  -7.457 0.3333333433
81606  -26.403  -17.258  -6.414 0.3333333433
94093  -32.305  -5.955  -4.889 0.2222222239
95169  -32.458  -5.732  -4.652 0.2222222239
98278  -32.453  -2.455  -4.642 0.3333333433
97242  -32.772  -3.335  -4.219 0.2222222239
78238  -24.483  -20.494  -5.896 0.3333333433
78239  -25.244  -20.453  -5.844 0.3333333433
80486  -24.402  -18.496  -6.329 0.3333333433
80487  -25.227  -18.869  -6.679 0.3333333433
79344  -26.441  -19.540  -5.696 0.3333333433
81588  -26.933  -17.281  -5.650 0.3333333433
75871  -25.556  -23.235  -4.620 0.1111111119
75872  -26.543  -22.931  -4.110 0.1111111119
79320  -22.684  -19.617  -4.746 0.3333333433
78236  -23.081  -20.289  -5.042 0.3333333433
78237  -23.738  -20.564  -5.459 0.3333333433
77066  -24.197  -21.358  -5.722 0.3333333433
75916  -25.214  -21.756  -5.589 0.3333333433
81570  -22.251  -17.912  -4.755 0.3333333433
75900  -27.657  -21.678  -4.105 0.1111111119
77051  -27.831  -21.206  -4.090 0.1111111119
79346  -28.363  -18.935  -4.728 0.1111111119
84923  -21.711  -14.617  -5.436 0.2222222239
87125  -21.530  -12.915  -5.587 0.1111111119
95158  -32.789  -5.193  -4.188 0.2222222239
98279  -33.421  -2.588  -4.051 0.2222222239
88261  -22.127  -12.199  -6.398 0.2222222239
87126  -22.087  -13.143  -6.059 0.2222222239
96203  -32.745  -4.182  -3.679 0.2222222239
77067  -24.874  -21.242  -5.856 0.3333333433
81585  -23.560  -17.695  -6.014 0.3333333433
78216  -27.548  -20.354  -4.718 0.1111111119
81602  -24.266  -17.473  -6.421 0.3333333433
80505  -25.008  -18.097  -6.782 0.3333333433
81604  -25.382  -17.481  -7.014 0.3333333433
75897  -25.190  -22.522  -5.277 0.2222222239
79319  -22.116  -19.688  -4.066 0.2222222239
78215  -23.296  -20.963  -4.905 0.3333333433
77047  -23.582  -21.581  -5.315 0.3333333433
75915  -24.613  -21.972  -5.604 0.3333333433
82697  -21.896  -17.490  -4.538 0.2222222239
81569  -21.673  -18.036  -4.305 0.2222222239
94080  -33.355  -6.162  -3.754 0.1111111119
95160  -34.018  -6.014  -3.434 0.1111111119
94081  -33.752  -6.121  -3.482 0.1111111119
95141  -33.575  -4.953  -3.698 0.1111111119
95142  -34.453  -5.589  -3.118 0.1111111119
96204  -33.181  -4.085  -3.324 0.1111111119
96185  -34.034  -4.256  -3.354 0.1111111119
100293  -33.425  -0.735  -4.063 0.2222222239
97243  -33.374  -3.497  -3.560 0.1111111119
101263  -33.799  -0.006  -3.451 0.1111111119
101244  -33.702  0.981  -3.354 0.1111111119
100294  -33.802  -0.934  -3.137 0.1111111119
101245  -34.600  0.312  -2.698 0.1111111119
108220  -29.240  6.238  -5.410 0.4444444478
102190  -33.535  1.824  -3.348 0.1111111119
109045  -29.256  7.402  -5.097 0.4444444478
102191  -34.130  1.966  -3.013 0.1111111119
104244  -34.365  3.401  -2.651 0.1111111119
103194  -33.970  2.606  -3.046 0.1111111119
103195  -34.602  2.720  -2.503 0.1111111119
108201  -30.745  6.957  -3.556 0.4444444478
142537  -31.264  7.762  -3.029 0.4444444478
108202  -31.609  6.959  -3.010 0.4444444478
108184  -32.059  7.402  -2.810 0.4444444478
107333  -32.005  6.821  -2.852 0.4444444478
107334  -32.598  6.756  -2.424 0.4444444478
107335  -33.534  6.511  -2.210 0.4444444478
107354  -33.761  5.534  -2.462 0.2222222239
107355  -34.200  5.382  -2.449 0.2222222239
106406  -34.493  5.186  -2.463 0.2222222239
106384  -35.114  5.105  -2.418 0.2222222239
105318  -34.785  4.204  -2.442 0.2222222239
142041  -34.821  9.419  -2.861 0.1111111119
109038  -35.638  7.632  -2.514 0.1111111119
105320  -36.383  4.555  -2.093 0.1111111119
109032  -29.523  7.377  -4.480 0.4444444478
142539  -30.273  7.758  -3.402 0.4444444478
109839  -30.405  7.827  -3.210 0.4444444478
109034  -31.995  8.090  -2.820 0.4444444478
109035  -32.720  8.080  -2.361 0.4444444478
108185  -32.732  7.451  -2.332 0.4444444478
107321  -32.899  7.186  -2.196 0.4444444478
107322  -33.111  7.052  -2.091 0.4444444478
109841  -32.236  8.814  -2.594 0.3333333433
108176  -33.473  7.365  -1.988 0.3333333433
108186  -34.192  7.158  -2.033 0.1111111119
108187  -35.172  6.917  -2.178 0.1111111119
107337  -35.664  6.002  -2.021 0.1111111119
108174  -30.027  7.377  -3.764 0.2222222239
109840  -31.228  8.363  -2.415 0.3333333433
109842  -33.160  8.880  -2.592 0.2222222239
109036  -33.656  8.112  -1.921 0.2222222239
109037  -34.683  7.922  -2.092 0.1111111119
111522  -32.919  10.189  -2.365 0.1111111119
109843  -34.152  8.936  -2.398 0.1111111119
110667  -33.402  9.667  -2.512 0.1111111119
142541  -30.465  8.001  -2.907 0.3333333433
109831  -31.033  9.029  -2.104 0.3333333433
110664  -31.197  9.644  -1.905 0.3333333433
110666  -32.616  9.668  -2.476 0.2222222239
111523  -33.376  10.321  -2.478 0.1111111119
142038  -34.536  10.170  -2.918 0.1111111119
108161  -31.827  8.789  -0.934 0.1111111119
110657  -30.827  9.497  -1.555 0.1111111119
111516  -30.987  10.402  -1.526 0.2222222239
111515  -30.321  11.183  -1.403 0.2222222239
110665  -31.738  9.710  -2.296 0.3333333433
111520  -31.119  11.045  -1.815 0.3333333433
111519  -30.105  11.729  -2.261 0.2222222239
112321  -30.245  12.159  -2.457 0.1111111119
113153  -30.028  12.342  -2.527 0.1111111119
142101  -31.475  11.738  -2.189 0.1111111119
142103  -32.237  11.316  -2.181 0.1111111119
112322  -32.866  10.547  -2.399 0.1111111119
112317  -32.915  10.959  -2.437 0.1111111119
142067  -33.474  11.374  -2.589 0.1111111119
142017  -34.077  9.871  -2.597 0.1111111119
142071  -35.790  8.325  -3.179 0.1111111119
109010  -30.723  9.492  -0.511 0.1111111119
109820  -29.962  9.796  -0.099 0.1111111119
110656  -30.287  10.403  -0.565 0.1111111119
110651  -29.441  10.367  0.158 0.1111111119
111507  -28.904  10.741  0.410 0.1111111119
111512  -29.740  11.481  -0.546 0.1111111119
111514  -29.432  11.832  -2.144 0.2222222239
112310  -29.540  11.908  -0.802 0.1111111119
112314  -29.267  12.007  -1.861 0.1111111119
112311  -30.904  12.582  -1.112 0.1111111119
112316  -30.718  12.475  -2.286 0.1111111119
142086  -32.255  11.801  -2.198 0.1111111119
109812  -29.504  9.695  0.669 0.1111111119
109799  -30.124  9.968  1.432 0.1111111119
109798  -29.044  9.770  1.401 0.1111111119
111498  -28.250  10.322  1.135 0.1111111119
112293  -30.153  11.614  1.228 0.1111111119
112303  -29.987  11.137  0.399 0.1111111119
112304  -30.626  12.118  0.189 0.1111111119
110634  -30.341  10.914  2.108 0.1111111119
110635  -30.821  10.573  2.277 0.1111111119
111486  -30.105  11.324  1.864 0.1111111119
95159  -33.635  -5.670  -3.586 0.1111111119
94065  -35.310  -6.703  -2.761 0.1111111119
98260  -33.790  -2.894  -3.416 0.1111111119
97223  -34.034  -3.381  -3.187 0.1111111119
98280  -33.932  -2.384  -3.483 0.1111111119
106383  -34.519  4.668  -2.538 0.2222222239
105336  -34.165  4.074  -2.743 0.1111111119
107338  -36.683  5.997  -2.117 0.1111111119
142070  -35.042  8.463  -2.567 0.1111111119
112320  -29.559  12.114  -2.584 0.1111111119
109810  -28.147  9.596  1.083 0.1111111119
112285  -30.247  11.902  1.762 0.1111111119
111487  -30.727  11.337  2.443 0.1111111119
92957  -36.205  -7.581  -3.157 0.1111111119
108175  -33.083  7.444  -2.114 0.4444444478
109821  -30.437  9.650  0.161 0.1111111119
109813  -30.955  10.058  0.842 0.1111111119
110641  -30.743  10.248  1.857 0.1111111119
111499  -29.164  10.938  1.335 0.1111111119
92956  -35.075  -7.660  -3.047 0.1111111119
94079  -32.604  -6.462  -4.380 0.1111111119
94063  -33.373  -6.948  -3.796 0.1111111119
94064  -34.121  -6.633  -3.272 0.1111111119
92973  -37.044  -7.836  -3.509 0.1111111119
94066  -36.374  -6.596  -3.066 0.1111111119
95143  -35.778  -5.731  -2.574 0.1111111119
96186  -35.188  -4.625  -2.644 0.1111111119
98261  -34.287  -2.706  -2.847 0.1111111119
97224  -34.721  -3.571  -2.690 0.1111111119
99246  -34.210  -2.045  -3.148 0.1111111119
99248  -35.841  -1.664  -2.419 0.1111111119
101246  -35.756  -0.065  -2.289 0.1111111119
109053  -28.671  7.560  -6.041 0.4444444478
101223  -35.181  1.243  -2.198 0.1111111119
104228  -35.887  3.851  -1.794 0.1111111119
102168  -35.715  2.173  -1.738 0.1111111119
104229  -36.734  3.791  -1.775 0.1111111119
105321  -37.209  4.608  -2.276 0.1111111119
142534  -30.645  7.690  -2.924 0.2222222239
142535  -30.924  7.944  -2.586 0.2222222239
108189  -37.185  6.513  -2.847 0.1111111119
142536  -31.358  8.113  -1.928 0.1111111119
109011  -31.250  9.160  0.174 0.1111111119
142137  -35.223  10.827  -3.477 0.1111111119
108996  -31.922  9.338  1.057 0.1111111119
108997  -31.606  9.217  1.613 0.1111111119
113149  -32.040  13.543  -1.352 0.1111111119
142087  -32.173  12.553  -2.068 0.1111111119
142069  -33.448  11.945  -2.549 0.1111111119
142135  -34.390  12.416  -2.722 0.1111111119
112294  -30.628  12.521  1.352 0.1111111119
113142  -30.970  13.844  0.390 0.1111111119
112286  -30.421  12.094  2.212 0.1111111119
99262  -34.008  -1.852  -3.875 0.1111111119
95140  -33.016  -4.689  -3.736 0.1111111119
96184  -33.228  -4.423  -3.504 0.1111111119
101264  -34.121  -0.411  -3.166 0.1111111119
100276  -34.062  -1.168  -2.891 0.1111111119
102192  -34.925  1.974  -2.188 0.1111111119
104227  -35.108  3.595  -2.292 0.1111111119
103175  -35.435  2.909  -2.116 0.1111111119
107336  -34.527  5.983  -2.247 0.1111111119
105319  -35.552  4.440  -2.193 0.1111111119
108188  -36.244  6.769  -2.315 0.1111111119
142088  -36.734  7.304  -2.924 0.1111111119
106385  -36.066  5.235  -2.305 0.2222222239
142538  -30.679  7.960  -2.785 0.3333333433
142540  -31.199  8.611  -2.207 0.1111111119
111521  -32.247  10.666  -2.213 0.1111111119
142042  -33.966  10.598  -2.730 0.1111111119
112315  -29.725  12.624  -1.875 0.1111111119
142068  -32.799  11.978  -2.437 0.1111111119
110646  -28.551  9.927  0.618 0.1111111119
111511  -29.408  11.680  -1.538 0.1111111119
109800  -31.026  10.092  1.580 0.1111111119
110640  -29.865  10.499  1.637 0.1111111119
106386  -36.931  5.313  -2.361 0.1111111119
106387  -37.689  5.513  -2.776 0.1111111119
112295  -30.847  12.876  2.062 0.1111111119
92958  -36.917  -7.208  -3.431 0.1111111119
109814  -31.400  9.712  1.455 0.1111111119
99247  -34.736  -2.012  -2.582 0.1111111119
100277  -35.160  -0.882  -2.631 0.1111111119
106388  -37.725  6.186  -3.129 0.1111111119
77046  -22.896  -21.710  -4.817 0.2222222239
93018  -23.752  -7.061  -8.141 0.2222222239
89357  -22.767  -10.367  -7.052 0.3333333433
109043  -27.642  7.690  -5.838 0.2222222239
108183  -29.533  7.060  -3.964 0.1111111119
104257  -25.985  4.421  -6.245 0.2222222239
103228  -26.689  4.278  -6.892 0.1111111119
91839  -23.254  -8.095  -7.801 0.2222222239
103214  -26.291  4.065  -6.472 0.1111111119
107360  -26.012  5.341  -5.510 0.1111111119
107359  -25.851  5.122  -5.272 0.1111111119
108197  -27.753  6.420  -5.521 0.1111111119
108199  -28.970  6.551  -4.545 0.1111111119
107330  -30.802  7.089  -2.939 0.1111111119
109052  -27.761  7.813  -6.413 0.2222222239
109050  -26.051  6.400  -6.072 0.1111111119
89344  -22.562  -10.422  -6.262 0.2222222239
99310  -24.779  -1.243  -8.839 0.2222222239
109051  -26.942  6.912  -6.403 0.1111111119
99309  -24.127  -1.899  -8.607 0.1111111119
99295  -25.019  -1.268  -8.393 0.3333333433
109044  -28.704  7.338  -5.805 0.3333333433
109031  -28.494  6.882  -5.576 0.3333333433
108182  -28.837  7.147  -4.512 0.1111111119
109029  -27.202  6.980  -5.916 0.1111111119
109030  -27.530  7.220  -5.688 0.1111111119
108194  -26.339  6.043  -5.900 0.1111111119
108181  -27.982  6.937  -5.271 0.1111111119
108196  -27.182  6.170  -5.917 0.1111111119
107347  -27.980  5.898  -5.143 0.1111111119
108198  -28.330  6.533  -4.918 0.1111111119
108195  -26.528  6.238  -5.967 0.1111111119
75896  -24.244  -22.791  -5.382 0.1111111119
78188  -20.981  -20.624  -3.391 0.1111111119
78213  -21.666  -20.628  -4.027 0.1111111119
80467  -22.212  -18.779  -4.434 0.1111111119
88247  -21.893  -11.135  -5.776 0.1111111119
94128  -23.620  -5.898  -7.943 0.1111111119
101303  -26.257  0.430  -7.551 0.2222222239
102231  -26.072  1.502  -8.094 0.2222222239
102232  -26.382  1.002  -7.448 0.2222222239
102220  -26.485  1.347  -6.181 0.2222222239
95198  -23.691  -5.025  -8.237 0.1111111119
95199  -24.060  -4.976  -8.654 0.1111111119
77023  -21.371  -21.504  -3.698 0.1111111119
77045  -22.128  -21.607  -4.245 0.1111111119
75895  -23.344  -22.629  -5.251 0.1111111119
75914  -24.002  -22.076  -5.453 0.1111111119
79301  -21.363  -19.720  -3.566 0.1111111119
80454  -21.116  -18.808  -3.178 0.1111111119
80455  -21.597  -18.827  -3.875 0.1111111119
82696  -21.726  -17.104  -3.885 0.1111111119
82713  -21.379  -16.151  -4.434 0.1111111119
93005  -23.788  -6.779  -7.544 0.1111111119
103226  -25.992  2.149  -5.846 0.2222222239
103227  -26.574  2.887  -6.562 0.1111111119
75894  -22.475  -22.729  -4.496 0.1111111119
90561  -22.880  -9.912  -6.640 0.1111111119
101311  -26.000  -0.527  -8.035 0.2222222239
83812  -21.007  -15.495  -4.516 0.1111111119
84922  -21.129  -14.723  -4.790 0.1111111119
86016  -21.200  -13.836  -5.248 0.1111111119
88246  -21.655  -12.003  -6.061 0.1111111119
78214  -22.605  -20.647  -4.482 0.1111111119
91822  -23.341  -8.083  -7.037 0.1111111119
89327  -22.422  -10.171  -5.326 0.1111111119
101287  -26.405  0.822  -6.937 0.1111111119
81557  -20.858  -17.887  -3.042 0.1111111119
88234  -22.534  -11.258  -4.789 0.1111111119
103213  -25.698  3.465  -6.020 0.1111111119
105351  -25.951  4.928  -6.023 0.1111111119
100330  -25.440  -1.124  -8.147 0.1111111119
104256  -25.701  4.211  -5.629 0.1111111119
106427  -25.540  5.059  -4.919 0.1111111119
106416  -25.764  5.194  -5.213 0.1111111119
77070  -26.659  -21.023  -4.949 0.2222222239
77087  -25.691  -20.967  -5.504 0.2222222239
78257  -25.630  -20.733  -5.569 0.2222222239
78258  -25.875  -20.806  -5.471 0.2222222239
80504  -24.685  -17.863  -6.580 0.3333333433
83796  -28.517  -15.597  -3.962 0.1111111119
88309  -26.218  -11.363  -9.307 0.7777777910
88310  -26.773  -11.481  -9.311 0.8888888955
88323  -26.438  -11.005  -9.526 0.8888888955
88325  -27.071  -11.042  -9.567 0.8888888955
89408  -26.426  -10.792  -9.516 0.8888888955
90563  -28.397  -9.186  -7.606 0.6666666865
92983  -31.150  -8.165  -4.975 0.1111111119
93068  -28.122  -6.199  -10.383 1.0000000000
94166  -26.962  -5.792  -10.479 1.0000000000
94182  -27.650  -5.662  -10.592 1.0000000000
95255  -27.979  -4.866  -10.982 1.0000000000
96251  -24.705  -4.452  -9.408 0.5555555820
96272  -26.683  -3.966  -10.445 1.0000000000
96309  -27.521  -3.127  -12.007 1.0000000000
96310  -28.002  -3.421  -12.462 0.8888888955
96321  -27.358  -3.396  -12.505 0.8888888955
96322  -27.866  -3.918  -12.566 0.8888888955
96323  -28.375  -3.736  -12.855 0.8888888955
96330  -27.310  -4.003  -12.930 0.8888888955
96331  -27.944  -4.066  -13.178 0.8888888955
96332  -28.207  -3.659  -13.189 0.8888888955
97287  -24.881  -3.438  -9.585 0.3333333433
97315  -26.865  -3.054  -11.743 0.8888888955
97316  -27.770  -3.402  -11.202 1.0000000000
97331  -26.992  -3.142  -12.295 0.8888888955
97333  -27.585  -2.966  -11.837 0.8888888955
97344  -26.982  -3.371  -12.876 0.8888888955
97355  -27.447  -3.564  -13.194 0.8888888955
97356  -27.920  -3.431  -13.267 0.8888888955
97357  -28.274  -3.234  -13.119 0.8888888955
98302  -23.657  -2.305  -8.284 0.1111111119
98314  -30.075  -2.357  -7.620 0.7777777910
98322  -24.846  -2.462  -9.430 0.3333333433
98334  -26.392  -2.892  -11.021 0.7777777910
98342  -26.265  -2.132  -11.506 0.6666666865
98343  -26.528  -2.520  -11.631 0.7777777910
98360  -27.336  -3.031  -13.105 0.8888888955
98361  -27.647  -2.815  -12.789 0.8888888955
98362  -27.798  -2.927  -12.440 0.8888888955
98373  -27.624  -3.193  -13.251 0.8888888955
98374  -27.878  -2.931  -13.217 0.8888888955
98375  -28.126  -2.848  -12.948 0.8888888955
99325  -24.299  -2.246  -8.750 0.3333333433
99341  -26.638  -0.943  -11.181 0.7777777910
99370  -26.984  -2.073  -12.024 0.8888888955
100304  -31.250  -0.142  -6.697 0.7777777910
100320  -31.717  -0.745  -6.506 0.6666666865
100383  -27.134  0.543  -12.015 0.8888888955
100384  -27.316  0.379  -11.830 0.8888888955
101270  -26.555  1.017  -6.932 0.2222222239
101271  -26.722  0.711  -7.129 0.2222222239
101288  -26.351  0.612  -7.034 0.2222222239
101304  -26.392  0.657  -7.242 0.2222222239
101327  -26.705  0.557  -11.755 0.7777777910
101334  -26.863  0.842  -12.367 0.8888888955
101336  -27.231  0.761  -12.158 0.8888888955
102209  -26.473  1.054  -7.018 0.2222222239
102210  -26.720  0.902  -7.106 0.2222222239
102221  -26.574  1.423  -7.005 0.2222222239
102222  -26.463  0.837  -7.114 0.2222222239
102246  -26.389  1.822  -10.913 0.7777777910
102261  -27.818  1.202  -11.632 1.0000000000
102266  -26.930  1.200  -12.545 0.8888888955
102267  -27.141  1.154  -12.430 0.8888888955
103245  -26.357  3.735  -8.159 0.5555555820
103252  -26.332  2.084  -10.637 0.5555555820
103258  -26.273  3.085  -10.932 0.6666666865
103260  -27.585  2.952  -10.923 1.0000000000
103266  -27.309  2.668  -11.929 0.8888888955
103274  -27.050  1.736  -12.444 0.8888888955
104258  -26.134  4.773  -6.773 0.3333333433
104259  -30.232  3.376  -6.076 0.6666666865
104265  -26.159  4.921  -7.239 0.3333333433
104278  -26.131  4.717  -8.265 0.6666666865
104291  -26.326  3.264  -11.318 0.6666666865
104299  -25.749  4.178  -12.123 0.6666666865
104309  -25.876  4.444  -12.367 0.7777777910
104310  -26.057  4.176  -12.545 0.7777777910
104311  -26.559  4.167  -12.475 0.7777777910
105380  -25.729  4.987  -10.700 0.5555555820
105381  -26.712  5.499  -11.719 0.7777777910
105391  -26.727  5.288  -12.187 0.7777777910
105392  -26.858  4.835  -12.345 0.7777777910
105398  -25.855  4.857  -12.151 0.7777777910
105399  -26.137  4.749  -12.388 0.7777777910
106405  -34.070  4.802  -2.647 0.2222222239
106431  -27.978  5.349  -6.500 0.6666666865
106433  -30.379  4.742  -5.074 0.6666666865
106442  -26.837  5.900  -7.711 0.4444444478
106443  -25.906  6.334  -9.341 0.6666666865
106444  -26.358  6.290  -9.406 0.6666666865
106445  -26.822  6.061  -9.674 0.6666666865
106447  -25.455  6.583  -9.894 0.6666666865
106449  -26.607  6.462  -10.209 0.7777777910
106452  -25.516  6.078  -10.696 0.7777777910
106453  -26.548  6.124  -11.481 0.7777777910
106454  -26.906  6.053  -10.995 0.7777777910
106462  -25.689  5.677  -11.397 0.7777777910
106463  -26.409  5.694  -11.992 0.7777777910
106464  -26.744  5.107  -12.361 0.7777777910
106469  -25.801  5.494  -11.914 0.7777777910
106470  -26.076  5.493  -12.208 0.7777777910
106471  -26.499  5.076  -12.347 0.7777777910
107339  -37.395  5.967  -2.514 0.1111111119
107364  -29.391  6.027  -5.143 0.4444444478
107385  -29.340  4.997  -5.439 0.6666666865
107387  -25.761  7.112  -10.649 0.6666666865
107388  -26.184  7.043  -10.857 0.6666666865
107389  -26.525  6.539  -10.756 0.7777777910
107392  -25.716  6.864  -10.924 0.6666666865
107393  -26.233  6.714  -11.668 0.7777777910
107394  -26.474  6.527  -11.125 0.7777777910
107398  -25.673  6.494  -11.678 0.7777777910
107403  -25.720  5.954  -11.794 0.7777777910
107404  -25.841  6.013  -12.031 0.7777777910
108179  -27.055  6.619  -5.990 0.1111111119
108180  -27.440  6.820  -5.745 0.1111111119
108211  -29.221  6.612  -5.440 0.5555555820
108212  -29.434  6.070  -4.807 0.5555555820
108224  -25.856  7.345  -10.916 0.6666666865
108225  -25.826  7.198  -11.076 0.6666666865
108227  -25.736  7.212  -11.286 0.6666666865
108228  -25.982  7.249  -11.473 0.6666666865
108231  -25.781  7.104  -11.499 0.6666666865
108232  -25.924  7.006  -11.903 0.7777777910
109026  -32.957  7.714  -2.203 0.4444444478
109027  -33.202  7.774  -2.078 0.4444444478
109041  -25.970  6.565  -6.146 0.1111111119
109042  -26.981  6.855  -6.187 0.1111111119
109054  -29.234  7.120  -5.373 0.4444444478
109056  -29.821  6.124  -4.401 0.5555555820
109797  -28.299  9.760  1.137 0.1111111119
109811  -28.463  9.639  0.987 0.1111111119
110638  -28.133  9.925  1.143 0.1111111119
110639  -28.650  10.174  1.414 0.1111111119
110644  -28.002  9.693  1.081 0.1111111119
110645  -28.008  9.693  0.895 0.1111111119
111497  -27.918  9.901  1.043 0.1111111119
111505  -27.854  9.774  0.963 0.1111111119
111506  -28.096  9.983  0.908 0.1111111119
111518  -29.410  11.947  -2.509 0.1111111119
112309  -29.275  11.796  -1.279 0.1111111119
112319  -29.086  11.967  -2.529 0.1111111119
113151  -29.336  11.996  -2.317 0.1111111119
113152  -29.911  12.294  -2.448 0.1111111119
113156  -29.598  12.270  -2.749 0.1111111119
113157  -29.864  12.306  -2.579 0.1111111119
113158  -29.976  12.160  -2.692 0.1111111119
