#!ascii label  , from subject 3554 vox2ras=TkReg
694
77967  23.270  -29.671  -26.911 0.1428571492
76833  22.065  -30.041  -27.287 0.1428571492
79239  23.038  -27.926  -27.686 0.1428571492
77966  24.013  -29.643  -26.602 0.1428571492
79219  23.565  -28.073  -27.714 0.2857142985
77988  22.643  -29.198  -27.410 0.1428571492
77986  24.526  -28.861  -26.921 0.1428571492
81782  23.820  -26.667  -28.155 0.5714285970
80510  24.575  -27.435  -27.691 0.1428571492
81760  25.476  -26.584  -27.835 0.2857142985
80508  26.211  -27.392  -27.624 0.2857142985
81759  26.420  -26.309  -27.601 0.1428571492
86316  26.821  -22.722  -28.214 0.2857142985
85172  26.921  -23.384  -27.622 0.1428571492
84016  26.196  -24.348  -27.764 0.2857142985
88627  27.713  -20.888  -28.887 0.2857142985
87514  27.414  -21.897  -28.260 0.2857142985
89736  27.843  -19.807  -29.530 0.2857142985
88645  27.561  -20.444  -29.439 0.2857142985
90881  28.950  -18.609  -30.643 0.2857142985
93131  30.409  -16.566  -32.337 0.8571428657
92016  29.563  -17.455  -32.148 0.4285714328
90861  29.035  -18.766  -29.805 0.2857142985
95422  31.136  -14.447  -33.270 0.7142857313
94285  31.355  -15.271  -33.159 0.7142857313
94273  30.628  -15.792  -32.929 0.7142857313
93132  29.642  -16.657  -32.439 0.7142857313
96499  31.763  -13.517  -33.019 0.8571428657
96518  31.467  -14.033  -33.345 0.5714285970
96500  30.736  -13.926  -32.921 0.8571428657
95403  30.640  -14.992  -32.892 0.7142857313
94274  29.833  -15.811  -32.587 0.7142857313
97587  32.938  -12.181  -30.973 0.4285714328
97629  32.287  -12.836  -32.566 0.7142857313
99910  33.114  -10.261  -30.293 0.2857142985
98719  32.422  -11.416  -29.278 0.5714285970
97588  32.297  -12.276  -30.855 0.8571428657
98730  32.650  -11.674  -30.757 0.7142857313
97606  31.787  -12.669  -31.546 0.8571428657
101059  32.847  -9.547  -29.448 0.1428571492
101058  33.374  -9.667  -29.991 0.1428571492
99900  32.660  -10.495  -29.558 0.4285714328
99911  32.400  -10.964  -30.362 0.5714285970
98731  31.850  -11.581  -30.522 0.8571428657
103119  32.595  -7.646  -27.849 0.1428571492
102087  33.446  -8.662  -29.447 0.1428571492
102075  32.524  -8.704  -28.346 0.1428571492
101044  32.276  -9.891  -29.031 0.4285714328
99912  31.424  -11.039  -30.121 0.8571428657
104199  32.253  -6.233  -26.862 0.1428571492
104218  32.712  -6.668  -27.797 0.1428571492
103103  31.969  -7.437  -27.326 0.1428571492
102061  32.179  -8.040  -27.741 0.1428571492
102062  31.566  -8.359  -27.624 0.4285714328
101045  31.644  -10.118  -28.576 0.5714285970
101060  30.972  -10.641  -28.812 0.7142857313
99903  29.928  -10.797  -29.888 0.8571428657
104178  31.463  -6.144  -26.511 0.1428571492
105383  31.113  -5.503  -26.484 0.1428571492
104200  31.483  -7.071  -26.470 0.1428571492
103104  30.918  -7.999  -27.125 0.5714285970
102077  30.244  -9.202  -28.402 0.8571428657
101061  30.313  -10.083  -29.171 0.8571428657
106510  31.707  -4.543  -26.772 0.1428571492
106511  30.460  -5.133  -26.414 0.2857142985
104179  30.616  -6.356  -26.477 0.1428571492
104180  29.627  -6.368  -26.740 0.8571428657
102063  30.539  -8.637  -27.595 0.8571428657
102076  31.232  -9.199  -28.068 0.7142857313
102064  29.722  -8.521  -27.989 0.8571428657
108534  29.341  -2.103  -25.782 0.1428571492
109466  29.689  -1.344  -25.769 0.1428571492
106512  29.673  -5.058  -26.482 0.4285714328
106537  27.899  -5.124  -27.167 0.8571428657
104181  28.722  -6.198  -27.119 0.8571428657
104202  29.257  -6.924  -27.435 0.8571428657
103106  28.897  -7.705  -28.178 0.8571428657
107526  27.990  -3.259  -26.502 0.4285714328
104182  28.241  -5.932  -27.397 0.8571428657
104203  28.087  -6.414  -27.992 0.8571428657
108512  28.533  -1.793  -25.861 0.1428571492
110411  28.367  -0.835  -26.002 0.2857142985
108535  28.115  -2.188  -26.023 0.5714285970
108536  27.398  -2.403  -26.673 0.8571428657
107527  27.700  -3.368  -26.534 0.8571428657
106514  27.560  -4.056  -26.851 0.8571428657
106538  27.393  -4.573  -27.288 0.8571428657
105405  27.150  -5.505  -27.717 0.8571428657
111411  28.291  0.055  -26.656 0.2857142985
110428  27.727  -0.594  -26.385 0.7142857313
109485  27.762  -1.502  -26.184 0.5714285970
109509  27.198  -1.533  -26.876 0.8571428657
107549  26.738  -3.582  -27.519 0.8571428657
108564  26.361  -2.689  -27.867 0.8571428657
106539  26.627  -4.578  -27.846 0.8571428657
110452  26.800  -0.578  -27.089 0.8571428657
109530  25.633  -1.695  -28.552 0.7142857313
109529  25.988  -2.059  -28.079 0.7142857313
111434  26.599  0.169  -27.534 0.8571428657
109510  26.459  -1.628  -27.567 0.8571428657
110474  25.894  -0.078  -28.801 0.8571428657
111453  26.142  0.609  -28.159 0.8571428657
110475  25.597  -0.853  -28.698 0.7142857313
112457  26.685  2.112  -27.767 0.7142857313
112474  26.231  1.709  -28.221 0.8571428657
113434  25.884  2.610  -28.918 0.8571428657
114470  25.927  3.430  -29.647 0.7142857313
110453  25.901  -0.566  -27.843 0.8571428657
111454  25.860  1.043  -28.799 0.8571428657
116370  28.370  6.047  -29.623 0.1428571492
114455  26.326  3.323  -28.809 0.8571428657
114469  26.494  3.843  -29.161 0.7142857313
115417  26.252  4.222  -29.623 0.7142857313
118302  28.632  7.836  -31.135 0.1428571492
116354  26.561  5.070  -29.192 0.5714285970
116385  26.715  6.112  -30.482 0.5714285970
117365  26.432  6.304  -31.044 0.5714285970
117364  27.383  6.528  -30.547 0.1428571492
119252  29.095  8.221  -32.657 0.1428571492
117375  25.850  6.843  -31.507 0.5714285970
120148  27.550  8.887  -33.198 0.1428571492
120161  27.708  9.564  -33.796 0.1428571492
118304  26.544  7.613  -31.629 0.1428571492
120171  27.438  10.250  -35.041 0.1428571492
120149  26.833  9.291  -33.003 0.1428571492
121107  27.278  10.986  -36.114 0.1428571492
120162  26.400  10.275  -33.688 0.1428571492
76817  22.712  -30.262  -27.016 0.1428571492
75659  22.177  -30.765  -27.213 0.1428571492
79218  24.207  -28.119  -27.463 0.2857142985
79217  25.023  -28.185  -27.351 0.1428571492
79215  26.661  -28.003  -27.411 0.2857142985
80509  25.331  -27.425  -27.666 0.2857142985
84015  27.302  -24.336  -27.047 0.2857142985
89774  28.574  -19.138  -31.124 0.2857142985
89755  27.858  -19.584  -30.370 0.2857142985
92015  30.173  -17.117  -31.920 0.4285714328
90908  29.199  -17.878  -31.625 0.5714285970
97652  32.756  -12.923  -33.279 0.2857142985
98743  33.089  -11.563  -31.527 0.1428571492
97607  30.849  -12.773  -31.372 0.8571428657
99901  31.712  -11.412  -29.026 0.7142857313
105382  31.754  -5.607  -26.707 0.1428571492
104201  30.000  -7.274  -26.776 0.8571428657
103105  29.801  -7.939  -27.331 0.8571428657
103107  28.342  -7.113  -28.547 0.8571428657
111433  27.516  0.478  -27.021 0.8571428657
112456  27.221  1.657  -27.516 0.8571428657
113433  26.685  2.753  -28.112 0.8571428657
115403  26.637  4.465  -29.024 0.7142857313
116371  27.034  5.855  -29.655 0.2857142985
117374  27.058  6.984  -31.236 0.1428571492
119253  28.078  8.482  -32.811 0.1428571492
121106  27.847  10.432  -36.622 0.1428571492
75660  21.697  -30.550  -27.239 0.1428571492
81762  24.241  -26.981  -27.816 0.4285714328
82873  25.346  -25.553  -27.941 0.2857142985
81761  24.636  -26.607  -27.913 0.4285714328
81781  24.254  -26.229  -28.313 0.2857142985
82872  26.107  -25.307  -27.718 0.1428571492
86314  28.448  -22.498  -27.375 0.2857142985
87513  27.981  -21.544  -28.033 0.2857142985
86329  27.069  -22.170  -28.403 0.2857142985
87524  27.829  -21.127  -28.626 0.2857142985
92017  28.650  -17.671  -32.239 0.7142857313
103118  33.280  -7.329  -28.433 0.1428571492
105400  32.118  -5.212  -27.217 0.1428571492
107524  31.028  -3.416  -26.305 0.1428571492
107525  30.016  -3.011  -26.195 0.2857142985
108533  30.408  -2.379  -26.171 0.1428571492
105385  29.100  -5.674  -26.562 0.8571428657
102089  29.800  -9.292  -29.193 1.0000000000
110410  29.124  -0.753  -26.020 0.1428571492
111410  29.015  0.040  -26.770 0.1428571492
111432  28.632  0.613  -26.853 0.2857142985
108585  26.032  -2.648  -28.791 0.8571428657
113417  27.608  2.706  -27.520 0.5714285970
113432  27.254  3.315  -27.950 0.5714285970
114454  26.851  3.890  -28.356 0.7142857313
115402  27.576  4.913  -28.784 0.4285714328
115416  27.948  5.585  -29.276 0.2857142985
117348  27.894  6.534  -29.869 0.1428571492
117363  28.213  6.917  -30.270 0.1428571492
117373  28.011  7.349  -30.695 0.1428571492
118318  26.267  8.021  -32.268 0.2857142985
118316  28.383  8.022  -31.993 0.1428571492
119254  27.050  8.611  -32.598 0.1428571492
119255  26.083  8.635  -32.576 0.1428571492
120150  25.949  9.441  -32.784 0.1428571492
119268  28.187  8.924  -33.473 0.1428571492
120172  26.587  10.835  -34.591 0.1428571492
121099  25.515  11.331  -34.816 0.1428571492
121108  26.367  11.676  -35.948 0.1428571492
112455  28.086  1.512  -26.827 0.4285714328
113407  27.840  2.335  -26.931 0.4285714328
114438  28.589  3.085  -27.764 0.4285714328
114453  28.030  3.690  -28.240 0.4285714328
77987  23.570  -28.775  -27.056 0.1428571492
78003  23.110  -28.486  -27.531 0.1428571492
76834  21.604  -30.065  -27.176 0.1428571492
80534  23.348  -27.422  -28.027 0.4285714328
78004  22.688  -28.352  -27.563 0.2857142985
80511  23.983  -27.458  -27.890 0.5714285970
79216  26.064  -28.368  -27.382 0.1428571492
86315  27.492  -22.490  -27.812 0.2857142985
95404  29.960  -14.738  -32.172 0.7142857313
97605  32.607  -12.341  -31.628 0.8571428657
97630  31.290  -13.211  -32.237 0.8571428657
99886  32.151  -10.895  -28.543 0.5714285970
102074  33.434  -8.112  -28.746 0.1428571492
105384  30.082  -5.744  -26.515 0.5714285970
106513  27.993  -4.793  -26.727 0.8571428657
108563  26.874  -2.545  -27.218 0.8571428657
107548  27.255  -3.426  -26.997 0.8571428657
111452  26.987  0.770  -27.833 0.8571428657
117347  28.675  6.540  -30.101 0.1428571492
116386  26.051  5.681  -30.694 0.5714285970
119267  28.940  8.548  -33.580 0.1428571492
118317  27.337  8.131  -32.091 0.1428571492
120170  28.532  9.536  -34.795 0.1428571492
118303  27.668  7.795  -31.334 0.1428571492
84014  28.382  -24.339  -26.671 0.1428571492
112442  27.679  1.992  -26.867 0.5714285970
82874  24.948  -26.095  -27.938 0.4285714328
87525  27.209  -21.479  -28.937 0.5714285970
86348  26.136  -22.186  -29.758 0.5714285970
86349  25.521  -22.250  -29.934 0.5714285970
86350  24.765  -22.193  -29.469 0.2857142985
87558  26.908  -20.881  -30.298 0.5714285970
87560  25.894  -21.419  -30.132 0.5714285970
86331  24.539  -23.113  -29.493 0.4285714328
87559  26.435  -21.311  -30.145 0.5714285970
86351  24.076  -21.705  -29.178 0.2857142985
87543  24.440  -21.197  -29.450 0.4285714328
89756  27.316  -19.598  -31.100 0.4285714328
89757  26.419  -19.638  -30.571 0.5714285970
89758  25.424  -19.645  -30.381 0.5714285970
89776  27.764  -19.225  -31.843 0.5714285970
90882  26.823  -18.851  -31.192 0.5714285970
92008  27.202  -18.044  -31.510 0.7142857313
91982  26.568  -17.994  -31.044 0.4285714328
92007  27.884  -17.921  -32.179 0.4285714328
88647  24.704  -20.323  -30.002 0.4285714328
88648  23.684  -20.568  -29.427 0.2857142985
87544  23.906  -21.189  -29.193 0.2857142985
90906  27.944  -18.859  -32.291 0.7142857313
94253  28.310  -16.309  -31.649 0.7142857313
94254  27.512  -15.923  -31.131 0.4285714328
95381  27.737  -14.671  -31.690 0.7142857313
95406  28.166  -13.943  -32.260 0.7142857313
95382  26.650  -14.382  -31.561 0.2857142985
93133  28.836  -16.672  -32.362 0.5714285970
94275  29.171  -15.592  -31.778 0.5714285970
95380  28.336  -15.380  -31.585 0.7142857313
96501  29.596  -13.670  -32.259 0.7142857313
97609  27.904  -12.815  -32.403 0.7142857313
97633  28.217  -12.387  -32.486 0.7142857313
97634  27.558  -11.843  -32.495 0.7142857313
97610  27.492  -12.623  -32.298 0.4285714328
97635  27.161  -11.573  -32.421 0.4285714328
97632  29.199  -12.603  -32.169 0.5714285970
98759  28.604  -11.863  -32.144 0.7142857313
98745  28.471  -11.292  -31.739 0.7142857313
99915  28.825  -10.277  -31.061 0.7142857313
98760  28.071  -11.366  -32.299 0.7142857313
99939  27.756  -10.701  -32.179 0.5714285970
101081  28.087  -9.475  -31.612 0.5714285970
97589  31.376  -12.210  -30.834 0.7142857313
97608  29.924  -12.404  -31.342 0.5714285970
98733  29.989  -11.476  -30.653 0.7142857313
98744  29.123  -11.640  -31.426 0.7142857313
101072  29.112  -9.902  -30.605 0.8571428657
98761  27.464  -11.165  -32.446 0.4285714328
101063  29.088  -9.305  -30.298 0.7142857313
102101  28.206  -8.773  -31.030 0.7142857313
102091  28.486  -8.638  -30.093 0.7142857313
102111  27.765  -8.871  -31.503 0.5714285970
102092  27.975  -8.308  -30.499 0.7142857313
97590  30.575  -12.120  -30.844 0.5714285970
99924  28.832  -10.849  -31.377 0.7142857313
101062  29.616  -9.818  -29.968 0.8571428657
102090  29.258  -8.946  -29.632 0.8571428657
103131  27.899  -8.178  -29.945 0.7142857313
103132  27.520  -7.707  -30.276 0.5714285970
105442  27.030  -6.164  -30.772 0.2857142985
102079  28.824  -8.366  -29.296 0.7142857313
105433  26.606  -5.319  -29.958 0.7142857313
102078  29.388  -8.568  -28.777 0.7142857313
103121  28.160  -7.624  -29.248 0.8571428657
103122  27.597  -7.118  -29.672 0.8571428657
105406  26.522  -5.428  -28.260 0.8571428657
105432  27.286  -5.807  -30.052 0.5714285970
104221  26.750  -6.003  -28.687 0.8571428657
105420  26.360  -5.639  -29.045 0.8571428657
106563  25.922  -4.517  -29.739 0.7142857313
104204  26.939  -6.062  -28.252 0.8571428657
106551  26.309  -4.574  -28.722 0.8571428657
107568  26.371  -3.607  -28.305 0.8571428657
107582  26.193  -3.608  -29.177 0.7142857313
110496  25.653  -0.362  -29.672 0.7142857313
111474  25.897  0.484  -28.930 0.5714285970
110507  25.227  -0.490  -30.566 0.7142857313
111475  25.661  0.721  -29.540 0.7142857313
112475  25.731  1.690  -29.305 0.7142857313
113451  25.577  2.509  -30.043 0.7142857313
112492  25.369  1.548  -30.295 0.7142857313
114489  24.664  3.079  -31.211 0.7142857313
114506  24.266  3.253  -31.651 0.7142857313
114505  24.688  3.520  -31.271 0.7142857313
114507  23.796  3.177  -31.497 0.5714285970
115435  24.949  3.962  -31.226 0.4285714328
115436  24.465  3.877  -31.407 0.5714285970
115437  24.067  3.862  -31.485 0.5714285970
115418  25.702  4.092  -30.243 0.5714285970
114490  23.543  3.195  -30.735 0.5714285970
116392  24.738  4.226  -31.420 0.5714285970
116393  24.402  4.365  -31.526 0.5714285970
116394  23.978  4.479  -31.457 0.5714285970
114472  23.466  3.172  -29.738 0.5714285970
116389  23.790  5.143  -30.729 0.5714285970
115428  23.752  4.008  -31.025 0.5714285970
115420  22.724  3.899  -29.283 0.4285714328
112476  24.097  1.529  -28.748 0.4285714328
115419  23.310  4.199  -29.738 0.5714285970
116358  22.701  5.600  -28.251 0.4285714328
93130  30.957  -16.242  -32.041 0.2857142985
97631  30.248  -13.179  -32.029 0.5714285970
116374  23.384  5.500  -29.239 0.2857142985
115404  23.144  4.908  -28.877 0.4285714328
85200  25.534  -23.039  -29.792 0.5714285970
85186  24.940  -23.736  -29.440 0.5714285970
88665  27.095  -20.272  -30.196 0.2857142985
87540  27.096  -21.115  -29.934 0.4285714328
85201  24.962  -22.992  -30.059 0.5714285970
86332  23.902  -22.598  -28.903 0.2857142985
90883  26.041  -18.759  -30.693 0.4285714328
89739  23.117  -19.844  -29.434 0.2857142985
89737  24.610  -19.194  -30.193 0.2857142985
93092  27.213  -16.578  -30.999 0.5714285970
95402  31.897  -14.919  -32.934 0.2857142985
95358  25.656  -14.789  -30.908 0.2857142985
96476  27.718  -13.479  -32.148 0.7142857313
103120  28.892  -7.999  -28.897 0.8571428657
104230  27.420  -6.657  -30.152 0.7142857313
109546  25.525  -1.479  -29.318 0.7142857313
109556  25.370  -1.416  -30.191 0.7142857313
113469  24.927  2.395  -31.075 0.7142857313
113488  23.531  2.208  -31.219 0.5714285970
114458  22.878  3.490  -29.035 0.2857142985
115427  25.297  4.117  -30.868 0.5714285970
116372  25.883  4.946  -29.946 0.5714285970
116387  25.183  4.757  -31.382 0.5714285970
91983  25.880  -17.780  -30.518 0.4285714328
98732  30.915  -11.354  -30.464 0.7142857313
104219  27.959  -6.910  -28.699 0.7142857313
92018  28.168  -18.311  -32.273 0.5714285970
92006  28.395  -17.375  -32.216 0.5714285970
108599  25.822  -3.079  -29.275 0.7142857313
87541  26.662  -21.581  -29.668 0.5714285970
86370  25.727  -21.763  -30.059 0.5714285970
87542  25.348  -21.297  -29.806 0.4285714328
88666  26.699  -20.416  -30.398 0.5714285970
88667  25.871  -20.603  -30.219 0.5714285970
88668  25.315  -20.311  -30.186 0.4285714328
85187  24.096  -23.846  -29.169 0.5714285970
93116  26.982  -17.521  -31.223 0.5714285970
93093  26.684  -16.993  -30.883 0.4285714328
93114  28.198  -17.098  -32.007 0.5714285970
94255  26.948  -15.219  -31.211 0.5714285970
95357  26.327  -15.159  -30.854 0.4285714328
94234  26.592  -15.983  -30.701 0.4285714328
95405  28.853  -14.449  -31.875 0.7142857313
96503  28.129  -13.578  -32.300 0.7142857313
96502  28.499  -13.353  -32.323 0.7142857313
99925  28.285  -10.447  -31.675 0.7142857313
99914  29.384  -10.651  -30.756 0.5714285970
101073  28.564  -9.548  -30.895 0.7142857313
101082  27.339  -9.520  -31.892 0.2857142985
104239  27.065  -7.046  -30.966 0.5714285970
104220  27.272  -6.464  -29.098 0.8571428657
114488  25.183  3.395  -30.674 0.8571428657
116388  24.340  5.088  -31.634 0.7142857313
115405  22.679  4.424  -28.556 0.4285714328
90863  24.146  -18.592  -29.862 0.1428571492
91984  24.847  -17.600  -30.282 0.4285714328
80535  22.795  -27.466  -27.910 0.4285714328
88626  28.318  -20.507  -28.575 0.1428571492
89735  28.444  -19.455  -29.289 0.1428571492
90904  29.230  -17.889  -30.963 0.1428571492
93091  30.074  -16.916  -31.105 0.1428571492
89734  29.221  -19.009  -29.249 0.1428571492
89718  28.814  -19.786  -28.634 0.1428571492
93090  30.377  -16.531  -30.501 0.1428571492
90880  29.199  -17.927  -30.082 0.1428571492
93112  30.476  -16.562  -31.555 0.1428571492
95401  32.648  -14.577  -32.933 0.2857142985
96517  32.443  -13.680  -33.464 0.1428571492
108586  25.555  -2.098  -29.023 0.5714285970
122856  23.927  11.873  -36.446 0.1428571492
107583  25.458  -3.519  -29.639 0.4285714328
121996  24.039  11.729  -35.619 0.1428571492
121090  25.515  10.705  -33.623 0.1428571492
111500  24.905  0.135  -30.807 0.4285714328
119257  23.606  8.392  -32.594 0.2857142985
117377  24.509  6.746  -32.640 0.2857142985
117367  24.886  5.805  -32.057 0.2857142985
117382  24.916  6.834  -33.117 0.2857142985
109567  22.935  -1.290  -31.307 0.1428571492
111491  24.658  0.732  -30.744 0.5714285970
112506  24.734  1.445  -31.036 0.5714285970
117378  24.356  7.267  -32.049 0.2857142985
111502  23.693  0.443  -31.028 0.4285714328
112518  24.049  1.391  -31.320 0.5714285970
117368  24.262  6.458  -31.421 0.2857142985
111492  22.722  0.475  -30.645 0.4285714328
112509  22.763  1.317  -30.381 0.2857142985
117351  23.873  6.403  -29.748 0.1428571492
112495  22.792  1.162  -29.750 0.1428571492
113453  23.564  2.286  -29.874 0.4285714328
118308  23.618  7.745  -31.689 0.1428571492
111455  23.272  1.013  -28.925 0.2857142985
117336  23.191  6.701  -28.182 0.2857142985
118270  21.977  7.182  -26.924 0.1428571492
118294  23.907  7.353  -30.482 0.1428571492
117350  24.023  6.793  -28.829 0.1428571492
118281  23.988  6.848  -29.649 0.1428571492
117349  24.568  7.100  -28.612 0.1428571492
81783  22.818  -26.763  -28.237 0.4285714328
82875  23.300  -25.291  -28.272 0.2857142985
88614  28.606  -21.120  -27.921 0.1428571492
90860  29.561  -18.186  -29.122 0.1428571492
94252  30.877  -16.090  -31.487 0.1428571492
108611  25.069  -2.425  -30.592 0.2857142985
117376  25.277  6.414  -32.582 0.2857142985
117383  24.348  7.064  -33.243 0.2857142985
119233  23.417  8.414  -31.046 0.2857142985
82876  22.500  -25.678  -28.168 0.2857142985
82870  28.002  -25.353  -26.942 0.1428571492
82871  26.928  -25.347  -27.361 0.1428571492
87512  28.957  -21.682  -27.547 0.1428571492
95420  32.575  -14.296  -33.331 0.1428571492
94272  31.281  -15.719  -32.604 0.1428571492
111477  22.721  0.598  -29.761 0.1428571492
108612  24.941  -2.797  -30.092 0.4285714328
110520  22.793  -0.412  -30.940 0.2857142985
117366  25.644  5.816  -31.775 0.4285714328
119258  23.058  8.375  -32.145 0.2857142985
119271  23.768  8.074  -33.160 0.2857142985
118306  25.243  6.959  -32.782 0.2857142985
118332  24.629  7.814  -33.214 0.2857142985
119270  24.239  8.655  -32.928 0.2857142985
120164  24.420  9.879  -33.103 0.1428571492
121092  24.412  11.095  -33.030 0.1428571492
119245  22.940  8.420  -31.748 0.2857142985
121091  24.856  10.657  -33.714 0.1428571492
120163  25.193  9.817  -33.066 0.1428571492
97651  33.354  -12.842  -33.765 0.2857142985
118305  25.533  7.335  -32.099 0.4285714328
120151  23.660  9.534  -32.384 0.2857142985
118319  25.286  7.629  -32.826 0.2857142985
119269  25.198  8.636  -32.870 0.1428571492
82896  23.246  -26.077  -28.451 0.4285714328
95421  31.720  -14.555  -33.312 0.4285714328
111490  25.084  0.529  -30.323 0.5714285970
112507  24.376  1.055  -30.916 0.5714285970
113487  24.213  2.394  -31.591 0.5714285970
108600  25.283  -2.537  -29.580 0.5714285970
112517  24.381  1.840  -31.392 0.5714285970
113489  22.960  1.689  -30.937 0.5714285970
91981  29.815  -17.321  -30.534 0.1428571492
89717  29.295  -19.162  -28.486 0.1428571492
109564  25.008  -1.383  -30.836 0.2857142985
118321  23.482  7.809  -32.470 0.2857142985
118320  23.849  7.230  -33.005 0.2857142985
110519  23.417  -0.543  -31.091 0.2857142985
111501  24.350  0.424  -30.912 0.4285714328
112519  23.283  1.228  -31.109 0.4285714328
111503  23.042  0.404  -31.029 0.2857142985
112508  23.187  1.835  -30.236 0.4285714328
94231  31.408  -15.515  -30.643 0.1428571492
99926  27.762  -10.092  -31.990 0.4285714328
103142  27.336  -7.795  -31.178 0.2857142985
121047  23.704  10.288  -30.887 0.1428571492
120138  22.892  8.766  -31.907 0.1428571492
121956  23.218  11.533  -30.984 0.1428571492
119231  25.281  7.966  -30.241 0.1428571492
120121  23.120  9.342  -31.182 0.1428571492
120137  22.930  9.592  -31.816 0.1428571492
119232  24.239  8.205  -30.650 0.1428571492
120119  24.925  9.022  -30.693 0.1428571492
120120  23.831  9.172  -30.771 0.1428571492
121028  24.602  10.447  -30.634 0.1428571492
121046  24.483  9.812  -30.705 0.1428571492
121925  25.872  11.024  -29.074 0.1428571492
121955  24.401  11.183  -30.662 0.1428571492
102102  27.764  -8.249  -31.101 0.2857142985
120106  25.757  9.000  -29.936 0.1428571492
146394  25.044  11.105  -29.951 0.1428571492
121957  22.820  11.984  -30.873 0.1428571492
89777  28.542  -18.853  -31.707 0.2857142985
120122  22.919  8.932  -31.588 0.1428571492
121063  23.089  10.063  -32.123 0.1428571492
121048  23.077  10.497  -31.338 0.1428571492
121064  22.822  10.853  -31.796 0.1428571492
121027  25.385  10.140  -30.078 0.1428571492
121005  26.351  10.241  -29.152 0.1428571492
89775  28.165  -19.320  -31.767 0.4285714328
84030  25.314  -24.496  -28.521 0.2857142985
85185  25.589  -23.568  -29.028 0.2857142985
84029  25.749  -23.896  -28.400 0.1428571492
85199  25.955  -22.896  -29.238 0.2857142985
82893  24.944  -25.150  -28.523 0.2857142985
113471  23.308  2.308  -30.568 0.4285714328
87526  26.563  -21.866  -29.320 0.2857142985
84031  24.622  -24.714  -28.961 0.4285714328
85184  26.224  -23.304  -28.452 0.1428571492
84017  25.673  -24.917  -27.907 0.1428571492
86330  26.450  -22.303  -28.848 0.2857142985
110518  24.111  -0.434  -30.864 0.2857142985
84032  23.732  -24.844  -28.687 0.2857142985
93094  25.736  -16.765  -30.541 0.2857142985
94235  25.630  -15.775  -30.644 0.2857142985
96477  26.724  -13.238  -31.795 0.1428571492
97611  26.677  -12.148  -32.145 0.1428571492
99940  27.189  -10.429  -32.313 0.1428571492
103153  26.061  -7.591  -31.433 0.1428571492
105451  26.674  -6.501  -31.144 0.1428571492
106585  26.328  -5.163  -31.114 0.1428571492
105452  26.318  -5.872  -31.406 0.1428571492
106574  26.251  -4.822  -30.649 0.1428571492
106586  25.717  -4.683  -31.453 0.1428571492
108622  24.132  -2.344  -31.554 0.1428571492
110517  24.746  -0.494  -30.873 0.1428571492
109566  23.673  -1.402  -31.313 0.1428571492
109565  24.373  -1.313  -31.053 0.1428571492
114471  23.858  2.661  -29.395 0.1428571492
114440  23.222  3.474  -27.968 0.1428571492
113437  23.290  2.097  -27.906 0.1428571492
115391  22.144  4.437  -27.594 0.1428571492
82894  24.565  -25.689  -28.446 0.1428571492
107612  25.014  -4.038  -31.803 0.1428571492
109557  24.144  -0.921  -30.753 0.1428571492
80512  22.220  -27.261  -27.642 0.2857142985
90884  25.218  -18.568  -30.380 0.2857142985
93095  24.849  -16.531  -30.370 0.2857142985
97612  25.616  -12.270  -31.693 0.1428571492
101096  26.722  -9.918  -32.261 0.1428571492
101083  26.573  -9.341  -31.908 0.1428571492
102112  27.154  -8.550  -31.573 0.1428571492
103154  25.389  -7.372  -31.662 0.1428571492
104250  26.497  -6.885  -31.471 0.1428571492
104251  26.053  -6.645  -32.186 0.1428571492
105453  25.656  -5.525  -32.175 0.1428571492
107605  25.195  -3.461  -31.190 0.1428571492
113419  23.589  2.688  -27.793 0.1428571492
114439  24.008  2.976  -28.001 0.1428571492
91985  24.398  -17.054  -30.080 0.2857142985
82895  23.850  -25.844  -28.511 0.2857142985
98762  26.813  -11.216  -32.397 0.1428571492
105443  26.664  -5.506  -30.675 0.1428571492
112477  23.399  1.445  -28.450 0.1428571492
91968  24.398  -18.056  -29.997 0.1428571492
106575  25.656  -4.129  -30.650 0.1428571492
108621  24.777  -2.353  -31.236 0.1428571492
84018  23.296  -24.783  -28.315 0.2857142985
94236  24.737  -15.524  -30.495 0.1428571492
81764  21.608  -26.592  -27.315 0.1428571492
81763  22.100  -26.433  -27.930 0.1428571492
82878  20.976  -25.992  -27.248 0.1428571492
82877  21.698  -25.752  -27.554 0.1428571492
85188  23.013  -23.724  -28.590 0.1428571492
98758  32.950  -12.147  -32.484 0.1428571492
98775  33.277  -12.252  -33.275 0.1428571492
113416  28.592  2.341  -27.164 0.1428571492
80513  21.464  -27.507  -27.146 0.1428571492
84020  21.924  -24.757  -27.635 0.1428571492
85173  22.632  -24.023  -28.270 0.1428571492
84019  22.787  -24.554  -28.148 0.1428571492
112454  29.177  1.376  -27.079 0.1428571492
87527  23.408  -21.323  -28.815 0.1428571492
98757  33.652  -11.351  -32.673 0.1428571492
89738  23.868  -19.555  -29.835 0.1428571492
79240  22.576  -27.844  -27.612 0.1428571492
84033  23.200  -24.491  -28.444 0.2857142985
86369  25.962  -21.859  -30.185 0.5714285970
88625  29.275  -20.047  -28.217 0.1428571492
88644  27.922  -19.979  -29.135 0.1428571492
88646  25.333  -20.624  -29.994 0.4285714328
89778  28.434  -18.830  -31.968 0.2857142985
90862  24.622  -18.403  -30.158 0.1428571492
90905  28.876  -18.479  -31.384 0.2857142985
90907  27.496  -18.812  -31.785 0.7142857313
90909  28.705  -18.249  -31.908 0.5714285970
90910  28.313  -18.598  -32.142 0.7142857313
92004  30.180  -17.056  -31.677 0.4285714328
92005  29.774  -17.322  -31.459 0.1428571492
93111  30.921  -16.169  -31.719 0.1428571492
93113  30.147  -16.992  -31.445 0.1428571492
93115  27.547  -17.071  -31.384 0.5714285970
94232  30.800  -15.933  -30.978 0.1428571492
94233  27.030  -16.351  -30.821 0.4285714328
94251  31.337  -15.727  -31.637 0.1428571492
94286  31.110  -15.074  -33.302 0.7142857313
96475  28.100  -12.945  -32.355 0.7142857313
96498  32.362  -13.301  -33.078 0.8571428657
96519  31.069  -14.043  -33.168 0.8571428657
97565  32.771  -11.439  -29.160 0.5714285970
97566  32.746  -11.363  -28.881 0.5714285970
97576  32.495  -11.720  -29.081 0.5714285970
97577  32.490  -11.532  -28.795 0.5714285970
98702  32.795  -11.047  -29.003 0.5714285970
98703  32.537  -11.171  -28.731 0.5714285970
98720  32.266  -11.416  -28.810 0.5714285970
98721  30.756  -10.976  -30.169 0.7142857313
98722  30.414  -11.070  -30.160 0.7142857313
98776  32.822  -12.552  -32.962 0.1428571492
99885  32.476  -10.721  -28.911 0.5714285970
99899  33.093  -10.148  -29.925 0.4285714328
99902  30.799  -10.833  -29.686 0.8571428657
99913  30.999  -10.945  -30.181 0.8571428657
99923  32.626  -11.045  -31.116 0.1428571492
101046  30.866  -9.875  -28.546 0.7142857313
102088  32.722  -9.177  -29.100 0.1428571492
104205  26.560  -5.838  -28.513 0.8571428657
105386  28.320  -5.549  -27.082 0.8571428657
105401  31.666  -5.093  -26.925 0.1428571492
105402  29.908  -5.597  -26.482 0.5714285970
105403  29.680  -5.505  -26.443 0.5714285970
105404  27.866  -5.516  -27.445 0.8571428657
105419  26.966  -5.772  -29.542 0.8571428657
106535  30.134  -5.510  -26.444 0.5714285970
106536  29.934  -5.370  -26.402 0.5714285970
106564  25.270  -4.048  -30.074 0.4285714328
107584  25.112  -3.140  -29.770 0.4285714328
107594  25.084  -3.385  -30.298 0.1428571492
107595  24.894  -3.092  -29.968 0.4285714328
108511  28.908  -1.803  -25.747 0.1428571492
108601  25.024  -2.863  -29.807 0.4285714328
109467  28.743  -1.365  -25.814 0.1428571492
109468  28.197  -1.268  -25.920 0.2857142985
109484  28.274  -1.643  -25.934 0.1428571492
109511  25.772  -1.429  -27.921 0.7142857313
109558  23.968  -1.119  -30.868 0.1428571492
110412  27.939  -0.997  -26.016 0.2857142985
110427  28.655  -0.357  -26.388 0.1428571492
110454  25.589  -1.124  -28.179 0.7142857313
110495  25.810  0.186  -29.268 0.7142857313
110508  23.882  -0.792  -30.811 0.1428571492
110509  23.720  -0.980  -30.965 0.1428571492
111476  22.966  0.988  -29.295 0.1428571492
112443  27.524  2.215  -27.135 0.5714285970
112473  26.686  1.156  -27.970 0.8571428657
112478  22.616  1.663  -27.946 0.1428571492
112493  24.129  1.688  -29.203 0.4285714328
112494  23.442  1.476  -29.470 0.2857142985
112520  22.736  1.072  -31.003 0.4285714328
113406  28.020  2.093  -26.745 0.4285714328
113418  26.976  2.332  -27.601 0.7142857313
113420  22.758  2.541  -27.508 0.1428571492
113435  24.257  2.176  -28.915 0.4285714328
113436  24.007  2.251  -28.228 0.1428571492
113452  24.023  2.126  -29.414 0.4285714328
113470  24.495  2.787  -31.455 0.7142857313
113472  23.006  1.784  -30.614 0.4285714328
113486  24.586  2.021  -31.382 0.5714285970
114456  24.170  2.552  -29.168 0.1428571492
114457  24.003  3.011  -28.789 0.1428571492
114473  23.021  3.704  -29.456 0.5714285970
116355  26.332  4.692  -29.419 0.7142857313
116373  25.501  4.474  -30.627 0.5714285970
117393  24.705  7.268  -33.240 0.2857142985
117394  24.403  7.380  -33.356 0.2857142985
118279  25.233  7.360  -29.328 0.1428571492
118292  25.120  7.420  -30.044 0.1428571492
118307  24.040  7.402  -32.399 0.2857142985
118309  23.159  8.121  -31.750 0.2857142985
118322  23.146  8.046  -31.985 0.2857142985
118333  24.032  7.640  -33.339 0.2857142985
118334  23.621  7.756  -33.060 0.2857142985
119234  23.031  8.672  -31.384 0.1428571492
119244  23.184  8.291  -31.537 0.2857142985
119256  23.837  8.789  -32.625 0.2857142985
120136  23.108  9.714  -32.140 0.1428571492
120152  23.094  8.820  -32.120 0.2857142985
120153  22.935  8.602  -32.061 0.2857142985
120160  28.616  9.213  -33.946 0.1428571492
121004  26.837  9.760  -29.070 0.1428571492
121026  26.076  9.760  -29.552 0.1428571492
121098  26.733  11.143  -35.210 0.1428571492
121943  24.884  10.744  -30.347 0.1428571492
121966  22.908  11.221  -31.379 0.1428571492
121967  22.578  11.798  -31.363 0.1428571492
122849  23.651  12.120  -36.224 0.1428571492
146396  24.826  11.649  -30.295 0.1428571492
