#!ascii label  , from subject 3423 vox2ras=TkReg
1919
66577  -39.878  -28.921  46.866 0.0000000000
51232  -29.431  -40.825  54.474 0.0000000000
75038  -44.527  -22.175  30.795 0.0000000000
65526  -34.104  -29.891  35.952 0.0000000000
68935  -45.356  -27.137  39.452 0.0000000000
58266  -37.705  -34.798  51.781 0.0000000000
51359  -34.747  -41.917  43.667 0.0000000000
56293  -33.199  -38.423  38.894 0.0000000000
57226  -21.131  -37.323  52.034 0.0000000000
85551  -48.806  -13.571  33.160 0.0000000000
53784  -25.854  -39.945  39.211 0.0000000000
65453  -37.626  -29.716  41.354 0.0000000000
67830  -39.638  -28.460  37.862 0.0000000000
66627  -43.220  -27.629  43.097 0.0000000000
64159  -41.126  -32.227  49.891 0.0000000000
58358  -38.767  -35.584  43.783 0.0000000000
63119  -37.401  -33.561  42.621 0.0000000000
60833  -33.039  -34.069  37.311 0.0000000000
83249  -52.874  -15.045  29.506 0.0000000000
53546  -24.906  -40.038  54.074 0.0000000000
54947  -23.705  -39.848  45.966 0.0000000000
53636  -27.517  -39.937  47.435 0.0000000000
70089  -46.692  -25.778  35.048 0.0000000000
54815  -33.283  -38.175  53.717 0.0000000000
52449  -32.876  -40.121  48.298 0.0000000000
54912  -36.012  -38.497  47.190 0.0000000000
52521  -35.341  -41.256  41.756 0.0000000000
54834  -18.708  -39.809  52.711 0.0000000000
72373  -49.996  -24.061  39.986 0.0000000000
74971  -51.382  -21.854  35.037 0.0000000000
82097  -48.860  -16.541  36.082 0.0000000000
79945  -47.935  -19.074  30.370 0.0000000000
82213  -47.120  -16.695  26.164 0.0000000000
51352  -20.622  -41.957  45.518 0.0000000000
52504  -31.140  -40.508  41.604 0.0000000000
66606  -38.668  -29.252  44.232 0.0000000000
66640  -39.411  -28.745  42.190 0.0000000000
67736  -41.536  -28.179  45.833 0.0000000000
65362  -39.398  -31.056  48.458 0.0000000000
63062  -40.184  -32.960  45.373 0.0000000000
64237  -38.875  -31.287  45.231 0.0000000000
64267  -36.639  -31.703  42.676 0.0000000000
73711  -41.445  -23.593  28.979 0.0000000000
76358  -43.017  -21.976  28.321 0.0000000000
52325  -26.951  -40.577  54.841 0.0000000000
51287  -26.774  -40.770  50.950 0.0000000000
51306  -28.727  -40.738  50.932 0.0000000000
66725  -35.185  -29.112  34.549 0.0000000000
67834  -42.744  -27.677  38.841 0.0000000000
68961  -40.714  -27.843  36.742 0.0000000000
68964  -43.813  -27.088  36.487 0.0000000000
68999  -44.442  -27.186  34.519 0.0000000000
67853  -46.594  -26.532  36.707 0.0000000000
57217  -35.443  -36.544  52.703 0.0000000000
54861  -34.156  -38.501  50.870 0.0000000000
58300  -36.279  -35.855  49.809 0.0000000000
57318  -36.723  -37.145  40.851 0.0000000000
55038  -36.632  -38.346  42.249 0.0000000000
53788  -34.294  -40.131  40.512 0.0000000000
64329  -33.059  -31.832  36.896 0.0000000000
72439  -51.632  -23.480  37.015 0.0000000000
81005  -48.802  -18.124  33.419 0.0000000000
82136  -47.445  -16.482  31.407 0.0000000000
82193  -46.366  -16.830  28.061 0.0000000000
83265  -48.416  -14.952  29.254 0.0000000000
81105  -52.457  -16.908  26.086 0.0000000000
56122  -18.937  -38.286  51.807 0.0000000000
52396  -19.682  -41.535  49.056 0.0000000000
56156  -20.603  -38.961  48.891 0.0000000000
55006  -24.825  -39.641  42.291 0.0000000000
55027  -21.655  -39.526  40.812 0.0000000000
53808  -23.006  -40.148  37.904 0.0000000000
54954  -34.307  -38.563  45.070 0.0000000000
56202  -32.163  -38.552  44.508 0.0000000000
52495  -33.643  -40.806  43.263 0.0000000000
65492  -36.186  -29.887  38.677 0.0000000000
66700  -36.748  -29.021  36.941 0.0000000000
65473  -38.847  -28.913  40.106 0.0000000000
66675  -41.266  -28.523  40.622 0.0000000000
67790  -44.324  -27.753  41.506 0.0000000000
60626  -39.851  -33.487  51.327 0.0000000000
59439  -39.289  -35.075  48.249 0.0000000000
59496  -40.868  -34.702  46.333 0.0000000000
59535  -38.763  -35.133  42.350 0.0000000000
59554  -36.104  -35.669  39.819 0.0000000000
58412  -33.770  -35.925  38.468 0.0000000000
61997  -35.383  -34.021  39.718 0.0000000000
64302  -34.727  -31.909  39.644 0.0000000000
84401  -50.723  -13.563  30.861 0.0000000000
85546  -52.841  -12.748  32.391 0.0000000000
54835  -23.392  -38.546  53.766 0.0000000000
56158  -22.030  -38.835  49.528 0.0000000000
53590  -24.459  -39.699  50.103 0.0000000000
52458  -25.613  -39.845  46.950 0.0000000000
53715  -27.023  -39.925  43.702 0.0000000000
67848  -37.597  -28.315  35.893 0.0000000000
70112  -44.189  -26.480  32.956 0.0000000000
73671  -45.695  -23.403  33.599 0.0000000000
52339  -31.566  -40.060  54.276 0.0000000000
51309  -31.234  -40.711  51.065 0.0000000000
51296  -33.094  -40.235  51.289 0.0000000000
53620  -34.471  -39.406  48.090 0.0000000000
53686  -35.803  -39.122  44.451 0.0000000000
57290  -36.269  -36.345  45.676 0.0000000000
53703  -36.363  -39.189  43.655 0.0000000000
51388  -35.609  -41.829  42.975 0.0000000000
68839  -41.580  -27.373  48.440 0.0000000000
53509  -30.567  -39.347  56.358 0.0000000000
58216  -33.917  -36.127  55.346 0.0000000000
60599  -36.123  -34.291  54.165 0.0000000000
67715  -43.668  -26.919  46.578 0.0000000000
67757  -45.583  -27.313  44.385 0.0000000000
67784  -47.320  -27.076  42.325 0.0000000000
71169  -48.215  -25.078  41.836 0.0000000000
68939  -48.604  -26.285  39.387 0.0000000000
70070  -49.093  -25.536  36.994 0.0000000000
72495  -49.056  -23.554  35.484 0.0000000000
75005  -48.160  -21.664  33.097 0.0000000000
79889  -50.803  -19.773  35.059 0.0000000000
76330  -49.449  -20.498  32.247 0.0000000000
76342  -46.838  -20.826  30.141 0.0000000000
78825  -45.141  -19.634  28.304 0.0000000000
83296  -50.284  -15.114  27.322 0.0000000000
49040  -18.791  -42.807  49.882 0.0000000000
50319  -18.439  -43.066  41.784 0.0000000000
54944  -21.167  -39.695  45.120 0.0000000000
51432  -20.251  -41.729  40.458 0.0000000000
53617  -29.906  -40.037  48.217 0.0000000000
54965  -29.149  -39.242  43.953 0.0000000000
53764  -28.954  -39.361  40.700 0.0000000000
51384  -28.858  -43.118  42.806 0.0000000000
66589  -39.412  -29.382  45.832 0.0000000000
67769  -40.192  -28.527  44.632 0.0000000000
67735  -40.388  -28.759  46.130 0.0000000000
65361  -39.198  -30.199  48.177 0.0000000000
64210  -39.272  -31.040  47.022 0.0000000000
65392  -39.160  -30.300  46.513 0.0000000000
65418  -38.401  -30.335  44.836 0.0000000000
75021  -43.591  -23.056  31.730 0.0000000000
75044  -42.511  -22.966  30.262 0.0000000000
75050  -42.400  -22.532  29.023 0.0000000000
76339  -44.079  -21.956  29.688 0.0000000000
51219  -28.259  -40.515  55.092 0.0000000000
51258  -27.548  -40.800  52.857 0.0000000000
51260  -29.039  -40.893  53.199 0.0000000000
65549  -32.629  -30.481  34.699 0.0000000000
66715  -34.552  -29.606  35.340 0.0000000000
68942  -43.928  -27.365  38.616 0.0000000000
68953  -43.414  -27.303  37.496 0.0000000000
68954  -44.460  -27.031  37.516 0.0000000000
68965  -44.892  -26.884  36.481 0.0000000000
68955  -45.668  -26.771  37.530 0.0000000000
58264  -36.053  -35.950  52.598 0.0000000000
57239  -35.606  -36.554  51.341 0.0000000000
58289  -37.386  -35.737  50.761 0.0000000000
57330  -35.539  -37.616  39.904 0.0000000000
55082  -35.454  -38.624  40.520 0.0000000000
55103  -33.936  -38.859  39.534 0.0000000000
53813  -32.400  -40.399  39.467 0.0000000000
64337  -32.927  -31.377  36.454 0.0000000000
63189  -32.064  -32.333  35.856 0.0000000000
65535  -32.691  -30.949  35.700 0.0000000000
82128  -47.762  -16.395  32.330 0.0000000000
83232  -47.660  -15.276  31.403 0.0000000000
83246  -48.039  -15.084  30.228 0.0000000000
84399  -48.588  -14.340  30.769 0.0000000000
57225  -20.220  -37.164  52.216 0.0000000000
56143  -19.681  -38.904  50.178 0.0000000000
56133  -20.712  -37.958  50.633 0.0000000000
55052  -25.244  -39.172  40.348 0.0000000000
55075  -23.876  -39.247  39.439 0.0000000000
53810  -24.599  -40.176  38.827 0.0000000000
51485  -24.207  -42.070  38.466 0.0000000000
52565  -24.981  -41.758  39.295 0.0000000000
53701  -35.410  -39.521  43.880 0.0000000000
54993  -34.057  -38.883  43.371 0.0000000000
52480  -34.323  -41.144  43.696 0.0000000000
65471  -36.938  -30.166  40.422 0.0000000000
65486  -37.192  -29.904  39.422 0.0000000000
65472  -37.921  -29.564  40.228 0.0000000000
66625  -41.247  -28.074  43.165 0.0000000000
66655  -41.424  -28.383  41.430 0.0000000000
66656  -42.449  -28.193  41.602 0.0000000000
66677  -43.095  -28.109  41.001 0.0000000000
66644  -43.687  -27.673  42.499 0.0000000000
61824  -40.994  -32.896  50.348 0.0000000000
59420  -40.591  -34.094  48.877 0.0000000000
61867  -41.449  -33.204  48.478 0.0000000000
63102  -38.699  -33.231  43.661 0.0000000000
63104  -39.681  -33.824  44.163 0.0000000000
61957  -38.322  -34.230  42.650 0.0000000000
59543  -37.914  -35.318  41.458 0.0000000000
60796  -36.732  -34.779  40.800 0.0000000000
60795  -35.860  -34.867  39.857 0.0000000000
61974  -36.211  -34.178  41.028 0.0000000000
65443  -36.940  -30.543  42.226 0.0000000000
64292  -35.350  -32.129  40.862 0.0000000000
65470  -35.994  -30.808  40.604 0.0000000000
65491  -34.941  -30.687  39.017 0.0000000000
53545  -24.411  -39.627  53.764 0.0000000000
54860  -23.806  -39.243  51.447 0.0000000000
53567  -25.062  -39.954  52.547 0.0000000000
51335  -27.055  -40.349  49.346 0.0000000000
52420  -26.297  -39.918  48.911 0.0000000000
52459  -26.256  -39.889  47.267 0.0000000000
53695  -25.772  -40.418  45.100 0.0000000000
53682  -27.416  -40.025  45.535 0.0000000000
66694  -38.628  -28.760  38.182 0.0000000000
66707  -37.136  -28.661  36.338 0.0000000000
67838  -38.642  -28.331  36.820 0.0000000000
68996  -41.436  -27.349  34.648 0.0000000000
68994  -39.239  -27.406  34.910 0.0000000000
69013  -40.767  -27.350  33.712 0.0000000000
69000  -45.370  -26.705  34.698 0.0000000000
69031  -44.328  -26.994  32.976 0.0000000000
70102  -45.151  -25.942  33.936 0.0000000000
71283  -44.717  -25.194  33.831 0.0000000000
71284  -45.706  -24.977  34.389 0.0000000000
53547  -32.658  -39.134  53.739 0.0000000000
51265  -32.532  -39.799  52.694 0.0000000000
52353  -33.208  -39.247  52.620 0.0000000000
54885  -35.136  -38.429  48.523 0.0000000000
53606  -34.631  -38.962  49.274 0.0000000000
53621  -34.947  -38.873  48.123 0.0000000000
53669  -35.418  -38.777  46.042 0.0000000000
53646  -35.725  -38.554  46.124 0.0000000000
59475  -39.020  -34.821  46.345 0.0000000000
59457  -38.150  -34.932  47.102 0.0000000000
58356  -37.257  -35.678  44.318 0.0000000000
53748  -36.161  -40.151  41.975 0.0000000000
53735  -36.649  -39.113  42.693 0.0000000000
51401  -36.154  -40.814  42.641 0.0000000000
52483  -36.259  -40.463  43.382 0.0000000000
59579  -33.232  -35.464  37.908 0.0000000000
59333  -35.101  -35.214  54.839 0.0000000000
64098  -38.322  -31.546  53.412 0.0000000000
67704  -42.379  -27.277  47.741 0.0000000000
68854  -45.851  -26.330  46.456 0.0000000000
68875  -46.659  -26.620  44.856 0.0000000000
67782  -46.130  -27.404  43.040 0.0000000000
68882  -47.153  -26.626  43.804 0.0000000000
72350  -49.143  -23.865  41.294 0.0000000000
70040  -48.510  -25.744  40.987 0.0000000000
70059  -49.274  -25.990  39.534 0.0000000000
70066  -49.045  -26.063  37.712 0.0000000000
71215  -50.288  -25.237  37.960 0.0000000000
73633  -51.494  -22.486  35.667 0.0000000000
72473  -50.034  -23.719  36.196 0.0000000000
73652  -50.480  -22.684  35.273 0.0000000000
74982  -47.932  -22.355  33.886 0.0000000000
74984  -49.666  -21.784  34.027 0.0000000000
82108  -51.012  -17.586  35.172 0.0000000000
81042  -48.392  -18.541  31.227 0.0000000000
79920  -49.661  -19.681  32.613 0.0000000000
78810  -48.508  -19.725  31.059 0.0000000000
76328  -48.261  -20.713  31.351 0.0000000000
77604  -47.690  -20.057  30.227 0.0000000000
77609  -45.692  -20.097  28.893 0.0000000000
78827  -46.456  -19.183  29.024 0.0000000000
82202  -46.690  -16.600  26.923 0.0000000000
81112  -45.720  -17.814  26.533 0.0000000000
81113  -46.317  -17.358  26.103 0.0000000000
83233  -51.978  -14.079  30.260 0.0000000000
83267  -50.451  -14.285  29.184 0.0000000000
83268  -51.772  -14.798  28.782 0.0000000000
52440  -20.087  -41.445  47.143 0.0000000000
50224  -19.492  -42.202  47.695 0.0000000000
50268  -20.293  -42.691  44.810 0.0000000000
50287  -18.856  -43.082  43.693 0.0000000000
50303  -20.177  -42.653  42.641 0.0000000000
54910  -22.570  -39.281  47.653 0.0000000000
54909  -21.495  -39.054  47.159 0.0000000000
54945  -21.922  -39.561  45.326 0.0000000000
52516  -21.023  -40.872  40.504 0.0000000000
49230  -20.896  -44.358  36.383 0.0000000000
52405  -32.064  -40.458  49.814 0.0000000000
52403  -30.166  -40.339  49.774 0.0000000000
53640  -31.728  -39.894  47.876 0.0000000000
54990  -31.644  -38.683  42.721 0.0000000000
54967  -30.977  -38.671  44.188 0.0000000000
55012  -30.362  -38.760  42.104 0.0000000000
55011  -29.465  -38.765  42.273 0.0000000000
52519  -29.975  -40.242  40.902 0.0000000000
51396  -28.109  -42.984  42.075 0.0000000000
65444  -37.678  -29.816  42.635 0.0000000000
66639  -38.357  -29.134  41.982 0.0000000000
66624  -39.854  -28.580  43.546 0.0000000000
67770  -40.967  -28.172  44.200 0.0000000000
67771  -41.977  -27.725  43.891 0.0000000000
65347  -40.314  -31.730  49.631 0.0000000000
63008  -41.714  -32.435  47.863 0.0000000000
64199  -40.758  -32.093  47.666 0.0000000000
64238  -39.671  -32.365  45.252 0.0000000000
63081  -38.478  -32.495  44.047 0.0000000000
63100  -36.975  -32.746  43.014 0.0000000000
64252  -38.048  -31.327  44.304 0.0000000000
65432  -37.227  -30.761  43.303 0.0000000000
76371  -42.839  -21.705  27.322 0.0000000000
52338  -26.227  -40.625  53.951 0.0000000000
52361  -25.718  -40.275  52.080 0.0000000000
51257  -26.865  -40.749  52.608 0.0000000000
51288  -27.356  -40.864  51.206 0.0000000000
51337  -28.026  -40.533  49.692 0.0000000000
67832  -41.104  -28.217  38.421 0.0000000000
67852  -40.414  -28.133  37.105 0.0000000000
68951  -41.368  -27.813  37.289 0.0000000000
68963  -42.745  -27.218  36.561 0.0000000000
68979  -43.138  -27.185  35.485 0.0000000000
68998  -43.469  -27.359  34.452 0.0000000000
68980  -44.177  -27.103  35.464 0.0000000000
68981  -45.185  -26.845  35.525 0.0000000000
68983  -47.068  -26.279  35.950 0.0000000000
56103  -34.198  -37.465  53.171 0.0000000000
54849  -33.992  -38.834  52.267 0.0000000000
56125  -34.705  -37.349  52.190 0.0000000000
56148  -34.715  -37.453  49.932 0.0000000000
56171  -35.822  -37.517  48.209 0.0000000000
58364  -37.897  -36.417  42.066 0.0000000000
57312  -37.005  -36.734  42.668 0.0000000000
56253  -36.741  -37.759  41.774 0.0000000000
55058  -35.764  -38.946  41.119 0.0000000000
52545  -34.536  -40.882  40.952 0.0000000000
51439  -33.992  -41.843  41.029 0.0000000000
52570  -33.198  -41.109  40.304 0.0000000000
62029  -33.214  -33.321  37.365 0.0000000000
62040  -32.077  -33.072  36.204 0.0000000000
73573  -50.499  -23.165  40.100 0.0000000000
72400  -50.829  -24.125  38.857 0.0000000000
74895  -51.516  -22.360  38.770 0.0000000000
74927  -52.310  -22.321  37.087 0.0000000000
76251  -52.502  -21.153  35.982 0.0000000000
82113  -48.029  -16.896  34.672 0.0000000000
82114  -49.166  -17.548  34.778 0.0000000000
80994  -48.393  -17.649  33.961 0.0000000000
81015  -47.970  -17.260  32.025 0.0000000000
81041  -47.586  -17.593  30.858 0.0000000000
81082  -46.682  -18.302  29.423 0.0000000000
82167  -46.687  -16.499  29.922 0.0000000000
82181  -46.890  -16.090  28.791 0.0000000000
83294  -48.067  -15.296  27.486 0.0000000000
82169  -53.759  -15.967  29.024 0.0000000000
82183  -52.794  -15.835  27.659 0.0000000000
81083  -53.660  -16.469  27.999 0.0000000000
54845  -18.583  -39.009  52.310 0.0000000000
53576  -19.486  -40.793  51.152 0.0000000000
54858  -19.361  -39.512  50.543 0.0000000000
53602  -19.846  -40.396  48.995 0.0000000000
52439  -20.180  -40.725  46.904 0.0000000000
54982  -23.962  -40.147  43.644 0.0000000000
54981  -22.691  -39.535  43.272 0.0000000000
55029  -23.394  -39.202  41.125 0.0000000000
55073  -21.956  -39.351  39.243 0.0000000000
52606  -21.881  -41.298  36.986 0.0000000000
50425  -22.135  -43.530  36.546 0.0000000000
51507  -23.510  -42.259  37.378 0.0000000000
54932  -33.846  -38.907  46.137 0.0000000000
53665  -32.387  -39.456  46.970 0.0000000000
56204  -33.318  -38.643  44.900 0.0000000000
54992  -33.158  -39.037  43.003 0.0000000000
53717  -32.185  -40.253  42.147 0.0000000000
65503  -35.140  -29.898  37.734 0.0000000000
65515  -34.914  -29.660  36.525 0.0000000000
65504  -36.429  -29.428  37.698 0.0000000000
65494  -38.201  -29.099  38.541 0.0000000000
66687  -39.540  -28.742  39.149 0.0000000000
65455  -39.187  -28.697  40.727 0.0000000000
66674  -40.414  -28.657  40.183 0.0000000000
66688  -40.395  -28.573  39.278 0.0000000000
67825  -42.043  -28.116  39.519 0.0000000000
67826  -43.102  -27.956  40.143 0.0000000000
67828  -45.221  -27.375  40.133 0.0000000000
59359  -38.513  -34.208  51.687 0.0000000000
58303  -38.451  -34.919  50.396 0.0000000000
59398  -39.154  -34.633  49.942 0.0000000000
59459  -40.046  -34.957  47.495 0.0000000000
59511  -40.038  -35.067  45.472 0.0000000000
61911  -41.114  -34.038  45.822 0.0000000000
60738  -40.029  -34.372  44.761 0.0000000000
58362  -39.002  -35.586  43.151 0.0000000000
58373  -37.910  -36.160  41.490 0.0000000000
58402  -36.206  -36.637  40.056 0.0000000000
57346  -34.497  -37.220  39.165 0.0000000000
57345  -33.597  -37.337  38.743 0.0000000000
59568  -34.334  -35.910  38.784 0.0000000000
59581  -34.543  -34.710  38.617 0.0000000000
60821  -34.394  -34.058  38.530 0.0000000000
61953  -35.788  -33.566  41.173 0.0000000000
63151  -34.780  -33.050  39.351 0.0000000000
62008  -34.154  -33.327  38.422 0.0000000000
64320  -33.650  -32.026  38.012 0.0000000000
65502  -33.971  -30.942  38.140 0.0000000000
84389  -50.068  -13.324  31.712 0.0000000000
85553  -50.767  -12.853  32.369 0.0000000000
85554  -51.816  -12.936  32.182 0.0000000000
84392  -53.072  -13.641  31.439 0.0000000000
84404  -53.541  -14.374  30.974 0.0000000000
82139  -54.246  -15.626  30.353 0.0000000000
56113  -22.662  -38.083  53.322 0.0000000000
56134  -21.612  -38.069  50.915 0.0000000000
54859  -23.226  -38.662  51.870 0.0000000000
54884  -23.691  -39.568  49.501 0.0000000000
54896  -23.728  -39.767  48.381 0.0000000000
52384  -25.803  -39.924  50.246 0.0000000000
52398  -25.041  -39.797  48.618 0.0000000000
53678  -24.280  -40.092  46.402 0.0000000000
53713  -25.068  -40.290  44.342 0.0000000000
55007  -25.963  -39.443  42.223 0.0000000000
55032  -26.598  -38.995  41.322 0.0000000000
66706  -36.279  -28.919  36.100 0.0000000000
66718  -36.715  -28.569  35.402 0.0000000000
67860  -38.936  -27.810  36.080 0.0000000000
73691  -43.904  -23.686  32.811 0.0000000000
75002  -45.033  -22.751  32.659 0.0000000000
52327  -30.658  -40.555  54.971 0.0000000000
50155  -30.047  -40.856  52.730 0.0000000000
51263  -31.125  -40.459  53.003 0.0000000000
51310  -31.921  -40.680  51.045 0.0000000000
52406  -32.872  -40.551  49.945 0.0000000000
52388  -33.780  -39.628  50.925 0.0000000000
52430  -34.101  -39.677  48.910 0.0000000000
52450  -33.560  -39.997  48.412 0.0000000000
53668  -34.818  -38.976  46.652 0.0000000000
54956  -35.478  -38.961  44.866 0.0000000000
53702  -35.708  -39.932  43.902 0.0000000000
58310  -37.231  -35.512  49.404 0.0000000000
58324  -36.282  -36.335  47.537 0.0000000000
57270  -36.253  -37.519  46.900 0.0000000000
56235  -36.576  -37.288  43.723 0.0000000000
54958  -36.497  -37.863  44.952 0.0000000000
54936  -35.946  -38.019  46.065 0.0000000000
52473  -35.997  -39.564  44.103 0.0000000000
51361  -35.713  -40.859  43.566 0.0000000000
57358  -32.470  -37.198  37.924 0.0000000000
67710  -39.619  -28.727  48.312 0.0000000000
67712  -41.188  -28.108  47.583 0.0000000000
57223  -18.360  -37.491  52.838 0.0000000000
56100  -21.944  -37.538  54.039 0.0000000000
56101  -22.812  -38.181  54.170 0.0000000000
54812  -23.369  -38.619  55.534 0.0000000000
52308  -25.938  -40.000  55.823 0.0000000000
52295  -27.385  -39.854  56.228 0.0000000000
52311  -28.682  -40.317  55.583 0.0000000000
52298  -29.884  -40.199  55.942 0.0000000000
53521  -30.976  -39.782  55.760 0.0000000000
53523  -32.021  -38.953  54.914 0.0000000000
56090  -32.899  -37.711  54.614 0.0000000000
57182  -33.442  -36.782  55.515 0.0000000000
57193  -33.675  -36.931  54.816 0.0000000000
58234  -35.159  -35.850  53.975 0.0000000000
58235  -35.954  -35.581  53.930 0.0000000000
59345  -36.642  -34.812  53.172 0.0000000000
60614  -38.017  -34.021  52.676 0.0000000000
61791  -38.717  -33.183  52.547 0.0000000000
62903  -39.676  -32.298  51.999 0.0000000000
66540  -39.196  -29.591  49.635 0.0000000000
67713  -42.092  -27.944  47.349 0.0000000000
67737  -42.553  -27.807  45.499 0.0000000000
67738  -43.533  -27.599  45.209 0.0000000000
68843  -45.054  -26.286  47.449 0.0000000000
67726  -44.887  -26.798  45.712 0.0000000000
66609  -44.323  -27.728  43.825 0.0000000000
66646  -45.086  -27.829  42.920 0.0000000000
67792  -45.816  -27.616  42.137 0.0000000000
67811  -46.287  -27.338  41.097 0.0000000000
70032  -48.043  -26.037  42.449 0.0000000000
67813  -47.621  -26.723  40.924 0.0000000000
68937  -47.052  -26.795  39.503 0.0000000000
68957  -47.564  -26.456  37.693 0.0000000000
68968  -47.566  -26.286  36.856 0.0000000000
69003  -47.935  -25.565  35.816 0.0000000000
71223  -50.229  -25.010  37.255 0.0000000000
71249  -49.191  -24.748  36.328 0.0000000000
71266  -47.957  -24.769  35.335 0.0000000000
72518  -47.275  -23.906  34.608 0.0000000000
74981  -46.979  -22.700  33.707 0.0000000000
75024  -46.304  -21.830  32.046 0.0000000000
79865  -52.029  -19.587  36.282 0.0000000000
77540  -51.440  -20.702  34.784 0.0000000000
81007  -49.978  -18.997  34.203 0.0000000000
78769  -50.293  -20.336  33.780 0.0000000000
76296  -50.172  -21.027  33.416 0.0000000000
75027  -49.012  -21.157  32.590 0.0000000000
75041  -46.996  -21.245  31.200 0.0000000000
76325  -45.775  -21.536  30.475 0.0000000000
76349  -44.706  -21.013  28.894 0.0000000000
76360  -44.365  -20.611  28.090 0.0000000000
77633  -43.985  -20.146  26.838 0.0000000000
79974  -45.972  -18.691  28.352 0.0000000000
78846  -44.522  -19.176  26.367 0.0000000000
77643  -44.044  -20.123  25.514 0.0000000000
84416  -49.448  -14.150  30.191 0.0000000000
83266  -49.258  -14.543  28.948 0.0000000000
83309  -49.129  -15.498  26.550 0.0000000000
82195  -51.477  -15.644  26.624 0.0000000000
82216  -49.983  -16.494  25.382 0.0000000000
81115  -48.225  -17.189  25.135 0.0000000000
51302  -19.548  -42.229  49.860 0.0000000000
56157  -21.192  -38.642  49.167 0.0000000000
54908  -20.670  -39.315  47.266 0.0000000000
52465  -20.962  -40.970  45.103 0.0000000000
53711  -21.259  -40.023  42.322 0.0000000000
52490  -21.083  -40.905  42.749 0.0000000000
50304  -20.898  -42.408  42.328 0.0000000000
50342  -19.245  -42.213  40.397 0.0000000000
51307  -29.613  -40.794  51.111 0.0000000000
52402  -29.262  -40.381  49.659 0.0000000000
52447  -28.502  -39.975  48.413 0.0000000000
54929  -31.269  -39.240  45.927 0.0000000000
53662  -29.429  -39.575  46.087 0.0000000000
53661  -28.055  -39.826  46.397 0.0000000000
54986  -28.085  -39.281  43.142 0.0000000000
55033  -27.551  -38.870  41.412 0.0000000000
53762  -27.431  -39.723  39.739 0.0000000000
52478  -32.679  -41.812  43.040 0.0000000000
51387  -31.438  -42.096  42.684 0.0000000000
52503  -30.143  -41.489  41.496 0.0000000000
52518  -29.050  -41.167  40.909 0.0000000000
51437  -27.906  -41.698  40.619 0.0000000000
52541  -26.538  -41.475  39.890 0.0000000000
66590  -39.783  -29.149  46.383 0.0000000000
67734  -39.955  -29.006  45.800 0.0000000000
67721  -40.510  -28.488  47.072 0.0000000000
66565  -39.521  -29.242  47.647 0.0000000000
66576  -39.477  -29.550  46.764 0.0000000000
75037  -43.374  -22.847  31.057 0.0000000000
75045  -43.497  -22.295  29.875 0.0000000000
51231  -28.656  -40.698  54.492 0.0000000000
51245  -28.407  -40.781  53.845 0.0000000000
51246  -29.183  -40.865  53.886 0.0000000000
65536  -33.326  -30.228  35.449 0.0000000000
65537  -34.050  -29.809  35.103 0.0000000000
68934  -44.666  -27.197  39.131 0.0000000000
68943  -45.001  -26.940  38.505 0.0000000000
68944  -45.985  -26.918  38.633 0.0000000000
58265  -36.871  -35.327  52.172 0.0000000000
58275  -37.240  -35.576  51.378 0.0000000000
56294  -34.184  -38.032  39.199 0.0000000000
55104  -34.633  -38.414  39.649 0.0000000000
65525  -33.259  -30.802  36.406 0.0000000000
65524  -32.842  -31.192  36.213 0.0000000000
83226  -47.687  -15.302  32.742 0.0000000000
84388  -48.633  -13.980  32.070 0.0000000000
57236  -20.374  -37.533  51.376 0.0000000000
57237  -21.149  -37.633  51.305 0.0000000000
55077  -25.978  -39.367  39.710 0.0000000000
55076  -24.928  -39.496  39.446 0.0000000000
53783  -25.135  -40.080  38.991 0.0000000000
52593  -24.929  -40.532  38.956 0.0000000000
52566  -25.524  -40.916  39.243 0.0000000000
52481  -34.983  -40.754  43.684 0.0000000000
53700  -34.662  -40.347  43.434 0.0000000000
52469  -34.603  -41.527  43.738 0.0000000000
66626  -42.301  -27.747  43.040 0.0000000000
66642  -41.816  -28.115  42.272 0.0000000000
66643  -42.788  -27.815  42.344 0.0000000000
62936  -40.824  -32.566  50.516 0.0000000000
61838  -41.290  -33.069  49.909 0.0000000000
62974  -41.462  -32.628  49.535 0.0000000000
61942  -38.096  -33.735  43.009 0.0000000000
61943  -38.778  -33.823  43.286 0.0000000000
61956  -37.667  -34.167  42.134 0.0000000000
60775  -37.337  -34.677  41.336 0.0000000000
61976  -37.279  -34.274  41.614 0.0000000000
61999  -36.484  -34.473  40.898 0.0000000000
61955  -37.132  -33.913  41.854 0.0000000000
65452  -36.652  -30.557  41.312 0.0000000000
65451  -36.098  -31.165  41.343 0.0000000000
53532  -24.413  -39.611  54.589 0.0000000000
53556  -24.506  -39.547  52.910 0.0000000000
53557  -24.872  -39.947  53.340 0.0000000000
52422  -27.352  -40.207  48.899 0.0000000000
52421  -26.835  -40.093  48.797 0.0000000000
53635  -27.009  -40.008  47.496 0.0000000000
53660  -26.914  -40.088  46.823 0.0000000000
66703  -39.074  -28.522  37.837 0.0000000000
66702  -38.441  -28.616  37.383 0.0000000000
67839  -39.282  -28.333  37.242 0.0000000000
70088  -45.755  -26.131  34.618 0.0000000000
70103  -46.178  -25.512  34.707 0.0000000000
54824  -33.017  -38.596  53.647 0.0000000000
53558  -32.670  -39.311  53.369 0.0000000000
53559  -33.127  -39.022  53.002 0.0000000000
54886  -35.532  -38.295  48.143 0.0000000000
54897  -35.325  -38.494  48.131 0.0000000000
53622  -35.584  -38.639  47.506 0.0000000000
53645  -35.589  -38.795  46.859 0.0000000000
59509  -38.762  -35.402  44.720 0.0000000000
59493  -38.626  -35.101  45.297 0.0000000000
58357  -37.782  -35.613  43.814 0.0000000000
52522  -35.849  -40.561  41.962 0.0000000000
52523  -36.205  -40.310  42.174 0.0000000000
51417  -35.899  -40.929  42.397 0.0000000000
52506  -35.359  -41.690  42.078 0.0000000000
60819  -33.495  -34.590  37.792 0.0000000000
59595  -32.913  -34.750  37.416 0.0000000000
73572  -50.054  -23.351  40.545 0.0000000000
72372  -49.364  -24.326  40.520 0.0000000000
71198  -49.496  -25.111  39.869 0.0000000000
70060  -49.665  -25.841  38.953 0.0000000000
71210  -50.105  -25.184  38.929 0.0000000000
73653  -51.102  -22.318  35.193 0.0000000000
74970  -50.882  -22.167  34.938 0.0000000000
73676  -50.107  -22.176  34.533 0.0000000000
74985  -50.438  -21.785  34.341 0.0000000000
82098  -50.027  -16.604  36.250 0.0000000000
82099  -51.263  -16.962  35.786 0.0000000000
82107  -50.205  -17.293  35.244 0.0000000000
81060  -48.288  -18.924  30.757 0.0000000000
79931  -48.627  -19.348  31.325 0.0000000000
79946  -48.329  -19.338  30.754 0.0000000000
78809  -48.133  -19.684  30.529 0.0000000000
78808  -47.566  -19.401  30.006 0.0000000000
77611  -47.083  -19.706  29.593 0.0000000000
78828  -47.083  -19.164  29.535 0.0000000000
81114  -47.224  -17.218  25.475 0.0000000000
83234  -52.439  -14.343  30.260 0.0000000000
83248  -51.556  -14.212  29.876 0.0000000000
53565  -19.143  -40.602  52.395 0.0000000000
51348  -20.189  -41.886  46.505 0.0000000000
50289  -21.005  -42.871  43.512 0.0000000000
54926  -23.179  -39.512  46.590 0.0000000000
54925  -22.191  -39.253  46.387 0.0000000000
54946  -22.884  -39.632  45.617 0.0000000000
49229  -19.846  -44.230  36.356 0.0000000000
52427  -31.957  -40.160  48.856 0.0000000000
52448  -32.358  -40.032  48.175 0.0000000000
55013  -31.321  -38.849  42.146 0.0000000000
54989  -30.871  -38.637  43.093 0.0000000000
53731  -30.983  -39.386  41.560 0.0000000000
53747  -30.135  -39.271  41.308 0.0000000000
52520  -30.609  -39.836  41.256 0.0000000000
66623  -38.592  -29.206  43.059 0.0000000000
67752  -40.819  -28.406  45.181 0.0000000000
67753  -41.797  -27.980  44.848 0.0000000000
65346  -39.778  -31.318  49.271 0.0000000000
64187  -40.139  -31.725  48.465 0.0000000000
64223  -39.112  -31.224  46.266 0.0000000000
64224  -39.654  -32.004  45.995 0.0000000000
64253  -39.086  -32.122  44.618 0.0000000000
63080  -37.580  -32.257  43.693 0.0000000000
66588  -38.858  -29.518  45.054 0.0000000000
65433  -37.826  -29.962  43.852 0.0000000000
75043  -42.027  -23.314  30.138 0.0000000000
76347  -43.086  -22.148  28.866 0.0000000000
52324  -26.269  -40.499  54.910 0.0000000000
51243  -26.896  -40.695  53.448 0.0000000000
51275  -28.226  -40.867  52.236 0.0000000000
51274  -27.465  -40.859  52.010 0.0000000000
51289  -28.092  -40.825  51.441 0.0000000000
51322  -27.690  -40.671  50.076 0.0000000000
51323  -28.473  -40.603  50.151 0.0000000000
66739  -34.413  -29.383  34.003 0.0000000000
67833  -41.788  -27.916  38.734 0.0000000000
67842  -41.593  -27.876  37.998 0.0000000000
67843  -42.113  -27.705  38.324 0.0000000000
68978  -42.094  -27.288  35.590 0.0000000000
68966  -45.983  -26.645  36.478 0.0000000000
68982  -46.128  -26.499  35.698 0.0000000000
68967  -46.754  -26.465  36.401 0.0000000000
57216  -34.860  -36.866  52.990 0.0000000000
56114  -34.671  -37.262  52.641 0.0000000000
56115  -35.168  -36.922  52.552 0.0000000000
58288  -36.471  -36.053  50.644 0.0000000000
56137  -34.954  -36.903  50.743 0.0000000000
57246  -35.468  -36.448  50.316 0.0000000000
57251  -35.436  -36.570  49.254 0.0000000000
56266  -36.868  -37.277  41.265 0.0000000000
57314  -37.320  -36.820  41.606 0.0000000000
56265  -36.311  -38.013  41.099 0.0000000000
55081  -34.685  -39.084  40.209 0.0000000000
55057  -35.288  -39.243  40.709 0.0000000000
53789  -34.945  -39.711  40.682 0.0000000000
53766  -35.432  -39.832  41.151 0.0000000000
52571  -33.842  -40.994  40.563 0.0000000000
53787  -33.445  -40.384  40.147 0.0000000000
63179  -33.179  -32.646  37.295 0.0000000000
62028  -32.564  -33.526  36.819 0.0000000000
63178  -32.683  -32.575  36.683 0.0000000000
74873  -50.923  -22.381  39.630 0.0000000000
74894  -51.129  -22.707  39.065 0.0000000000
77467  -51.965  -20.928  38.407 0.0000000000
76201  -51.996  -21.775  38.381 0.0000000000
76219  -52.543  -21.013  37.284 0.0000000000
74928  -52.452  -21.807  36.719 0.0000000000
77488  -52.546  -20.604  36.489 0.0000000000
84376  -47.801  -14.648  34.262 0.0000000000
83212  -47.730  -15.812  34.856 0.0000000000
82121  -47.964  -16.562  33.405 0.0000000000
81027  -47.754  -17.250  31.376 0.0000000000
82151  -47.499  -17.000  31.077 0.0000000000
81040  -46.929  -17.155  30.460 0.0000000000
82150  -47.155  -16.664  30.762 0.0000000000
83264  -47.446  -15.551  29.526 0.0000000000
83278  -47.728  -15.375  28.494 0.0000000000
81062  -54.178  -16.333  28.744 0.0000000000
54846  -19.013  -39.492  51.642 0.0000000000
56144  -20.341  -38.650  49.800 0.0000000000
54868  -19.692  -39.392  49.704 0.0000000000
54881  -19.903  -39.690  49.178 0.0000000000
53614  -20.166  -40.024  47.734 0.0000000000
55005  -23.629  -39.514  42.267 0.0000000000
55098  -23.358  -39.369  38.810 0.0000000000
56279  -23.013  -39.044  39.224 0.0000000000
55097  -22.499  -39.485  38.612 0.0000000000
53807  -22.031  -40.069  38.012 0.0000000000
53829  -22.274  -40.602  37.448 0.0000000000
51506  -22.498  -42.082  36.758 0.0000000000
52607  -22.913  -41.132  37.147 0.0000000000
51457  -24.353  -42.754  38.711 0.0000000000
50385  -24.004  -43.089  38.113 0.0000000000
54953  -33.508  -38.721  45.471 0.0000000000
56205  -33.757  -38.600  44.998 0.0000000000
53719  -33.838  -40.002  43.004 0.0000000000
53718  -32.621  -39.860  42.536 0.0000000000
52494  -33.112  -40.878  42.930 0.0000000000
65487  -38.207  -29.254  39.311 0.0000000000
65493  -37.371  -29.456  38.425 0.0000000000
66686  -38.828  -28.886  38.881 0.0000000000
65488  -39.009  -28.879  39.482 0.0000000000
66653  -38.932  -28.752  41.345 0.0000000000
66654  -40.124  -28.549  41.114 0.0000000000
66689  -41.266  -28.491  39.844 0.0000000000
66690  -42.103  -28.371  40.269 0.0000000000
66678  -43.628  -27.857  41.388 0.0000000000
67808  -43.384  -27.950  40.722 0.0000000000
67809  -44.003  -27.790  41.007 0.0000000000
67827  -44.389  -27.526  39.857 0.0000000000
67810  -45.224  -27.584  40.885 0.0000000000
60625  -39.216  -33.731  51.452 0.0000000000
59383  -39.073  -34.232  50.657 0.0000000000
59384  -39.651  -34.086  50.181 0.0000000000
59461  -40.828  -34.479  47.662 0.0000000000
59441  -40.525  -34.491  48.235 0.0000000000
59477  -40.576  -34.828  46.851 0.0000000000
59495  -40.461  -34.903  46.089 0.0000000000
59512  -40.838  -34.878  46.030 0.0000000000
63024  -41.171  -32.486  47.124 0.0000000000
63025  -41.610  -32.945  46.793 0.0000000000
63044  -41.064  -33.334  45.980 0.0000000000
61944  -39.321  -34.044  43.493 0.0000000000
61933  -39.993  -34.020  44.595 0.0000000000
60749  -39.486  -34.492  43.460 0.0000000000
59529  -39.735  -34.732  44.265 0.0000000000
58366  -39.118  -35.312  42.784 0.0000000000
58365  -38.470  -35.757  42.317 0.0000000000
58374  -38.363  -35.548  41.843 0.0000000000
59555  -36.613  -35.454  40.332 0.0000000000
58387  -37.205  -36.078  40.711 0.0000000000
58386  -36.407  -36.132  40.078 0.0000000000
57347  -35.281  -37.071  39.543 0.0000000000
58401  -35.757  -36.213  39.621 0.0000000000
58400  -34.824  -36.420  39.161 0.0000000000
60794  -35.472  -34.512  39.570 0.0000000000
60811  -35.556  -34.927  39.482 0.0000000000
60810  -35.179  -34.603  39.171 0.0000000000
63099  -36.432  -32.503  42.312 0.0000000000
63117  -36.087  -33.052  41.812 0.0000000000
63160  -34.477  -33.015  38.825 0.0000000000
63150  -34.424  -32.498  39.005 0.0000000000
63159  -34.091  -32.850  38.456 0.0000000000
64301  -34.412  -32.116  39.129 0.0000000000
65490  -34.309  -31.175  38.799 0.0000000000
85545  -52.279  -12.641  32.645 0.0000000000
84391  -52.278  -13.410  31.448 0.0000000000
85555  -52.623  -13.099  32.050 0.0000000000
84393  -53.723  -13.760  31.358 0.0000000000
84405  -54.248  -14.310  30.987 0.0000000000
83236  -53.933  -15.221  30.699 0.0000000000
83237  -54.476  -15.205  30.444 0.0000000000
56124  -22.597  -38.114  52.313 0.0000000000
54847  -23.339  -38.543  52.834 0.0000000000
53578  -24.426  -39.684  51.035 0.0000000000
54871  -23.715  -39.402  50.496 0.0000000000
53603  -24.603  -39.823  49.144 0.0000000000
52373  -26.288  -40.560  51.485 0.0000000000
52372  -25.796  -40.141  51.128 0.0000000000
52385  -26.325  -40.399  50.647 0.0000000000
52443  -25.889  -39.757  47.864 0.0000000000
52419  -25.493  -39.748  48.364 0.0000000000
52442  -25.177  -39.779  47.506 0.0000000000
52441  -24.811  -39.840  47.638 0.0000000000
53658  -25.178  -39.974  46.641 0.0000000000
53694  -24.941  -40.487  45.366 0.0000000000
53714  -26.072  -40.123  44.015 0.0000000000
54984  -26.452  -39.700  43.047 0.0000000000
55008  -26.941  -39.185  42.218 0.0000000000
66699  -35.844  -29.341  36.805 0.0000000000
66705  -35.472  -29.267  35.928 0.0000000000
67851  -39.909  -28.028  36.742 0.0000000000
68976  -39.843  -27.607  35.978 0.0000000000
69016  -43.680  -27.457  33.510 0.0000000000
71290  -43.893  -25.963  33.015 0.0000000000
72516  -45.214  -24.331  33.862 0.0000000000
72515  -44.212  -24.456  33.444 0.0000000000
73670  -44.689  -23.837  33.377 0.0000000000
75001  -44.493  -23.085  32.652 0.0000000000
73692  -44.869  -23.262  33.062 0.0000000000
51235  -31.313  -40.223  54.343 0.0000000000
51248  -30.647  -40.596  53.875 0.0000000000
51249  -31.459  -40.192  53.869 0.0000000000
52374  -32.877  -39.944  51.938 0.0000000000
51279  -31.943  -40.342  52.287 0.0000000000
51311  -32.656  -40.507  51.043 0.0000000000
51328  -32.522  -40.570  50.625 0.0000000000
52386  -33.043  -40.488  50.482 0.0000000000
54850  -34.145  -38.443  51.840 0.0000000000
53581  -33.922  -39.233  51.450 0.0000000000
53592  -34.243  -39.108  50.217 0.0000000000
52431  -34.414  -39.281  49.123 0.0000000000
52451  -33.981  -39.776  48.448 0.0000000000
53643  -34.240  -39.464  47.680 0.0000000000
54935  -35.530  -39.041  45.391 0.0000000000
59397  -38.761  -34.942  49.592 0.0000000000
58311  -37.795  -35.451  49.731 0.0000000000
59417  -38.309  -35.147  49.133 0.0000000000
59473  -37.070  -35.220  45.964 0.0000000000
59456  -36.891  -35.259  46.890 0.0000000000
58325  -36.361  -36.233  47.021 0.0000000000
57278  -36.120  -36.755  46.651 0.0000000000
56243  -36.765  -37.549  42.384 0.0000000000
57308  -36.919  -36.453  43.528 0.0000000000
56244  -36.665  -37.363  43.025 0.0000000000
53723  -36.657  -39.275  43.060 0.0000000000
54995  -36.483  -38.547  43.481 0.0000000000
54971  -36.255  -38.451  44.168 0.0000000000
54957  -36.252  -38.208  45.109 0.0000000000
53688  -36.000  -38.975  44.303 0.0000000000
53671  -36.230  -38.163  45.236 0.0000000000
52484  -36.217  -39.759  43.757 0.0000000000
51373  -35.778  -41.128  43.348 0.0000000000
51372  -35.429  -41.880  43.209 0.0000000000
58411  -33.211  -36.563  38.316 0.0000000000
57359  -33.038  -37.206  38.392 0.0000000000
56111  -18.004  -38.367  53.412 0.0000000000
56088  -22.161  -37.472  55.306 0.0000000000
53520  -30.316  -40.083  55.961 0.0000000000
52313  -30.371  -40.400  55.552 0.0000000000
54803  -32.336  -38.494  54.735 0.0000000000
56080  -32.475  -37.839  55.251 0.0000000000
59314  -34.198  -35.367  55.901 0.0000000000
58215  -33.517  -36.229  56.047 0.0000000000
57194  -34.157  -36.652  54.057 0.0000000000
58233  -34.372  -36.012  54.671 0.0000000000
60587  -35.680  -34.420  54.775 0.0000000000
59334  -35.810  -35.137  54.341 0.0000000000
59344  -36.198  -34.991  53.762 0.0000000000
61789  -37.178  -33.612  53.483 0.0000000000
61790  -37.879  -33.276  53.168 0.0000000000
62901  -38.532  -32.395  53.059 0.0000000000
64113  -39.047  -31.586  53.039 0.0000000000
64114  -39.456  -31.508  52.370 0.0000000000
64115  -39.870  -31.595  51.722 0.0000000000
67700  -39.332  -28.639  48.986 0.0000000000
67703  -41.801  -27.718  48.037 0.0000000000
68851  -43.447  -26.674  47.139 0.0000000000
67714  -42.825  -27.162  47.026 0.0000000000
67724  -43.181  -27.486  46.117 0.0000000000
67725  -44.038  -27.182  45.835 0.0000000000
67741  -45.861  -26.972  44.852 0.0000000000
68864  -45.459  -26.629  45.942 0.0000000000
67740  -45.222  -27.116  44.785 0.0000000000
67756  -44.539  -27.655  44.236 0.0000000000
66610  -44.919  -27.819  43.877 0.0000000000
66629  -44.727  -27.785  43.363 0.0000000000
66630  -45.270  -27.759  43.449 0.0000000000
67783  -46.699  -27.279  42.598 0.0000000000
67793  -46.843  -27.306  41.817 0.0000000000
73554  -48.421  -23.695  42.279 0.0000000000
70024  -47.995  -26.079  43.307 0.0000000000
68923  -48.155  -26.312  40.324 0.0000000000
68909  -48.010  -26.583  41.230 0.0000000000
68922  -47.380  -26.689  40.278 0.0000000000
68938  -47.781  -26.416  39.429 0.0000000000
68946  -47.368  -26.604  38.639 0.0000000000
68947  -48.288  -26.366  38.423 0.0000000000
68958  -48.228  -26.233  37.507 0.0000000000
68969  -48.436  -25.942  36.992 0.0000000000
68984  -47.937  -25.863  36.240 0.0000000000
68985  -48.593  -25.570  36.535 0.0000000000
73609  -51.550  -23.617  37.933 0.0000000000
71224  -50.780  -24.674  37.609 0.0000000000
72438  -51.329  -23.911  37.271 0.0000000000
71268  -49.487  -23.932  36.053 0.0000000000
71267  -48.887  -24.566  35.948 0.0000000000
72494  -48.400  -24.090  35.301 0.0000000000
71286  -47.772  -24.267  35.000 0.0000000000
72519  -48.103  -23.702  34.834 0.0000000000
75004  -47.142  -22.016  32.976 0.0000000000
75003  -46.001  -22.510  33.029 0.0000000000
80975  -51.686  -18.375  35.867 0.0000000000
79864  -51.838  -18.978  36.194 0.0000000000
78732  -51.638  -19.831  35.577 0.0000000000
78747  -51.842  -20.402  35.156 0.0000000000
78746  -51.440  -20.141  35.275 0.0000000000
80995  -49.351  -17.999  34.139 0.0000000000
80996  -50.009  -18.324  34.369 0.0000000000
81006  -49.417  -18.632  33.857 0.0000000000
78794  -49.625  -19.921  32.280 0.0000000000
79905  -50.036  -19.779  33.263 0.0000000000
77578  -49.929  -20.272  32.583 0.0000000000
76297  -50.388  -20.917  33.752 0.0000000000
76310  -49.611  -20.998  32.777 0.0000000000
75028  -49.363  -21.064  32.684 0.0000000000
76309  -48.895  -20.929  32.224 0.0000000000
76343  -47.556  -20.555  30.548 0.0000000000
76327  -47.511  -20.990  31.166 0.0000000000
76326  -46.585  -21.188  30.613 0.0000000000
75040  -46.463  -21.504  31.193 0.0000000000
76340  -44.755  -21.619  29.907 0.0000000000
76341  -45.818  -21.072  29.739 0.0000000000
77608  -44.962  -20.311  28.506 0.0000000000
77621  -43.980  -20.557  27.464 0.0000000000
77622  -44.464  -19.967  27.662 0.0000000000
81081  -46.287  -17.648  28.988 0.0000000000
79964  -46.340  -18.434  28.854 0.0000000000
81096  -46.073  -17.954  27.907 0.0000000000
79981  -45.369  -18.269  26.715 0.0000000000
79972  -45.172  -18.610  26.998 0.0000000000
79988  -44.743  -18.819  25.942 0.0000000000
78845  -44.177  -19.733  26.207 0.0000000000
84400  -49.634  -13.849  30.964 0.0000000000
83281  -50.948  -14.887  28.021 0.0000000000
83280  -49.792  -14.740  28.156 0.0000000000
83295  -49.179  -15.119  27.292 0.0000000000
83310  -49.932  -15.415  26.660 0.0000000000
82197  -52.745  -16.163  27.101 0.0000000000
82182  -52.362  -15.698  27.382 0.0000000000
82196  -52.189  -15.915  26.772 0.0000000000
82215  -48.900  -16.505  25.536 0.0000000000
53589  -19.677  -41.054  50.040 0.0000000000
52383  -19.716  -41.787  50.317 0.0000000000
49087  -19.435  -42.572  46.453 0.0000000000
49071  -19.237  -42.544  47.317 0.0000000000
49101  -18.830  -43.084  44.693 0.0000000000
50302  -19.181  -42.869  42.763 0.0000000000
50301  -18.248  -43.314  42.674 0.0000000000
50318  -17.684  -43.677  41.709 0.0000000000
49168  -17.356  -44.170  40.522 0.0000000000
56146  -22.229  -38.575  50.454 0.0000000000
56145  -21.344  -38.336  50.027 0.0000000000
54924  -21.113  -39.342  46.158 0.0000000000
53632  -20.388  -39.881  46.564 0.0000000000
53676  -20.840  -40.063  44.873 0.0000000000
55003  -21.790  -39.498  41.759 0.0000000000
54980  -21.798  -39.570  42.864 0.0000000000
51409  -20.967  -41.613  40.999 0.0000000000
52501  -21.075  -40.737  41.544 0.0000000000
51393  -20.950  -41.634  42.061 0.0000000000
51381  -20.993  -41.862  43.153 0.0000000000
50322  -20.691  -41.932  41.617 0.0000000000
50321  -20.080  -41.978  41.483 0.0000000000
50343  -19.824  -41.878  40.680 0.0000000000
49216  -22.352  -44.712  37.170 0.0000000000
48104  -22.021  -44.895  37.102 0.0000000000
50185  -30.480  -40.841  51.854 0.0000000000
51291  -29.813  -40.947  51.820 0.0000000000
51308  -30.448  -40.771  51.094 0.0000000000
52425  -30.015  -40.159  49.039 0.0000000000
52424  -29.061  -40.165  48.908 0.0000000000
53616  -29.149  -39.917  48.092 0.0000000000
54951  -31.964  -38.858  45.204 0.0000000000
53664  -31.452  -39.524  46.841 0.0000000000
54966  -30.081  -39.014  43.974 0.0000000000
54949  -30.149  -39.255  44.964 0.0000000000
53684  -29.431  -39.452  45.172 0.0000000000
53683  -28.664  -39.606  45.019 0.0000000000
53698  -28.536  -39.488  44.217 0.0000000000
55035  -29.252  -38.889  41.397 0.0000000000
55034  -28.378  -38.812  41.517 0.0000000000
55055  -28.234  -38.947  40.782 0.0000000000
55054  -27.345  -38.980  40.403 0.0000000000
53763  -28.201  -39.628  40.214 0.0000000000
51370  -32.165  -42.634  43.232 0.0000000000
52477  -31.970  -42.149  42.883 0.0000000000
51369  -31.291  -42.839  43.109 0.0000000000
51385  -29.745  -42.748  42.660 0.0000000000
52491  -30.330  -42.230  42.163 0.0000000000
51398  -29.725  -42.264  41.892 0.0000000000
52502  -29.316  -41.880  41.479 0.0000000000
51397  -28.920  -42.479  41.938 0.0000000000
51412  -27.254  -42.797  41.283 0.0000000000
51413  -28.065  -42.214  41.238 0.0000000000
51436  -27.344  -41.996  40.514 0.0000000000
51435  -26.368  -42.420  40.520 0.0000000000
66607  -39.427  -28.898  44.808 0.0000000000
67751  -40.019  -28.806  45.409 0.0000000000
64198  -39.588  -31.333  47.665 0.0000000000
65376  -39.266  -30.403  47.379 0.0000000000
65406  -38.841  -30.434  45.808 0.0000000000
64236  -38.440  -30.968  44.795 0.0000000000
65405  -38.738  -30.004  45.421 0.0000000000
73698  -43.092  -23.438  31.804 0.0000000000
73703  -42.332  -23.485  31.010 0.0000000000
73708  -42.103  -23.364  30.402 0.0000000000
75049  -41.913  -23.169  29.730 0.0000000000
75051  -43.183  -22.210  29.183 0.0000000000
76348  -43.745  -21.774  29.079 0.0000000000
51230  -27.679  -40.619  54.630 0.0000000000
51244  -27.611  -40.732  53.707 0.0000000000
51259  -28.302  -40.867  53.063 0.0000000000
51290  -28.931  -40.857  51.663 0.0000000000
66724  -34.580  -29.489  34.781 0.0000000000
67835  -43.539  -27.622  39.386 0.0000000000
68941  -43.120  -27.495  38.156 0.0000000000
67844  -46.538  -26.597  37.139 0.0000000000
57228  -35.434  -36.813  52.234 0.0000000000
57218  -36.055  -36.196  52.332 0.0000000000
57240  -36.660  -36.036  51.231 0.0000000000
57331  -35.833  -37.504  40.152 0.0000000000
56281  -35.835  -37.902  40.396 0.0000000000
56280  -35.231  -38.259  39.978 0.0000000000
55080  -33.756  -39.635  39.971 0.0000000000
55079  -33.311  -39.950  39.804 0.0000000000
55102  -33.060  -39.544  39.383 0.0000000000
55101  -32.315  -39.690  38.993 0.0000000000
64328  -32.758  -32.053  36.620 0.0000000000
64336  -32.575  -31.730  36.212 0.0000000000
83219  -47.726  -15.608  33.884 0.0000000000
83231  -47.308  -15.856  31.086 0.0000000000
84415  -48.777  -14.531  29.900 0.0000000000
57235  -19.591  -37.626  51.649 0.0000000000
56132  -19.629  -38.381  50.861 0.0000000000
55030  -24.473  -39.290  41.245 0.0000000000
55051  -24.185  -39.152  40.239 0.0000000000
53809  -23.972  -40.169  38.430 0.0000000000
52591  -23.778  -41.084  37.906 0.0000000000
52592  -24.513  -41.038  38.802 0.0000000000
51486  -24.586  -41.838  38.961 0.0000000000
51458  -24.731  -42.546  39.247 0.0000000000
54970  -34.987  -38.692  44.210 0.0000000000
54994  -34.727  -38.862  43.667 0.0000000000
53720  -34.721  -39.444  43.416 0.0000000000
53699  -34.014  -40.787  43.433 0.0000000000
65485  -36.094  -30.352  39.678 0.0000000000
66641  -40.629  -28.324  42.243 0.0000000000
66676  -42.186  -28.427  40.907 0.0000000000
66657  -43.293  -27.858  41.752 0.0000000000
66658  -44.164  -27.776  41.859 0.0000000000
61822  -40.203  -33.294  51.249 0.0000000000
60652  -40.004  -33.794  50.021 0.0000000000
60653  -40.596  -33.608  49.783 0.0000000000
60666  -40.985  -33.653  48.982 0.0000000000
60690  -41.173  -34.133  47.398 0.0000000000
63083  -39.934  -33.543  44.762 0.0000000000
63103  -39.374  -33.510  43.919 0.0000000000
61958  -38.809  -34.267  42.980 0.0000000000
60761  -38.590  -34.635  42.450 0.0000000000
59534  -38.401  -34.992  41.960 0.0000000000
60760  -38.086  -34.639  41.939 0.0000000000
59556  -37.183  -35.187  40.908 0.0000000000
59570  -35.593  -35.296  39.467 0.0000000000
61998  -36.012  -34.456  40.508 0.0000000000
61973  -35.686  -33.931  40.563 0.0000000000
64279  -36.428  -31.174  41.876 0.0000000000
64278  -35.924  -32.012  41.750 0.0000000000
64293  -35.672  -31.463  41.039 0.0000000000
65469  -35.382  -31.426  40.416 0.0000000000
64310  -34.476  -31.381  39.101 0.0000000000
65484  -35.364  -30.963  39.896 0.0000000000
54836  -24.040  -38.999  53.328 0.0000000000
54848  -23.962  -39.058  52.386 0.0000000000
53566  -24.497  -39.577  51.980 0.0000000000
53579  -25.139  -39.874  51.585 0.0000000000
51303  -26.780  -40.536  50.241 0.0000000000
52400  -26.313  -40.127  49.837 0.0000000000
51334  -26.763  -40.164  49.200 0.0000000000
52444  -26.509  -39.866  48.117 0.0000000000
52467  -26.029  -39.960  46.707 0.0000000000
52466  -25.826  -40.058  46.483 0.0000000000
53681  -26.292  -40.206  46.052 0.0000000000
53696  -26.741  -40.162  44.755 0.0000000000
66693  -37.926  -29.036  37.862 0.0000000000
66701  -37.568  -28.815  37.124 0.0000000000
66708  -37.968  -28.505  36.617 0.0000000000
67849  -38.385  -28.134  36.268 0.0000000000
68977  -41.019  -27.349  35.765 0.0000000000
68995  -40.348  -27.322  34.838 0.0000000000
69017  -44.514  -27.170  33.691 0.0000000000
69018  -45.021  -26.646  33.834 0.0000000000
70113  -44.586  -26.276  33.444 0.0000000000
70101  -44.407  -25.917  33.420 0.0000000000
72517  -46.279  -24.125  34.285 0.0000000000
52330  -32.213  -39.599  54.071 0.0000000000
51250  -31.963  -39.969  53.673 0.0000000000
52341  -32.401  -39.575  53.653 0.0000000000
52352  -32.672  -39.488  52.985 0.0000000000
52375  -33.348  -39.831  51.658 0.0000000000
54873  -34.727  -38.351  49.303 0.0000000000
53593  -34.529  -38.766  49.709 0.0000000000
53644  -34.939  -38.999  47.269 0.0000000000
53670  -35.779  -38.862  45.852 0.0000000000
59458  -39.206  -35.034  47.324 0.0000000000
59438  -38.320  -35.095  48.045 0.0000000000
59474  -37.928  -34.909  46.144 0.0000000000
59492  -37.666  -35.092  45.493 0.0000000000
58348  -36.713  -35.755  45.249 0.0000000000
53768  -36.284  -39.415  41.834 0.0000000000
55015  -36.614  -38.936  42.444 0.0000000000
53734  -36.576  -39.631  42.561 0.0000000000
53722  -36.647  -39.834  42.959 0.0000000000
52497  -36.526  -39.874  43.292 0.0000000000
52496  -36.489  -40.353  42.902 0.0000000000
51389  -36.082  -41.079  43.009 0.0000000000
54788  -31.002  -38.817  56.200 0.0000000000
56068  -30.751  -38.031  56.874 0.0000000000
59332  -34.449  -35.516  55.218 0.0000000000
59315  -34.702  -34.997  55.409 0.0000000000
68831  -42.568  -26.518  48.836 0.0000000000
68840  -42.160  -27.062  48.352 0.0000000000
68841  -43.256  -26.499  47.955 0.0000000000
68852  -44.131  -26.564  47.090 0.0000000000
68865  -46.086  -26.574  45.746 0.0000000000
67742  -46.252  -26.960  44.578 0.0000000000
66612  -45.850  -27.440  43.828 0.0000000000
67759  -46.495  -27.014  44.057 0.0000000000
67774  -46.710  -27.078  43.312 0.0000000000
67775  -47.110  -27.016  42.872 0.0000000000
73562  -49.417  -23.223  41.616 0.0000000000
71170  -48.595  -24.471  41.424 0.0000000000
71186  -48.392  -25.483  41.279 0.0000000000
71187  -48.826  -25.028  40.945 0.0000000000
70049  -48.861  -25.886  40.393 0.0000000000
68924  -48.784  -26.215  39.924 0.0000000000
70062  -49.193  -26.220  38.703 0.0000000000
70063  -49.753  -25.781  38.271 0.0000000000
70067  -49.718  -25.490  37.491 0.0000000000
73621  -51.655  -23.060  36.574 0.0000000000
72454  -51.082  -23.642  36.546 0.0000000000
73632  -51.079  -23.053  36.128 0.0000000000
72497  -50.240  -23.252  35.857 0.0000000000
73651  -49.494  -22.985  35.225 0.0000000000
73674  -48.733  -22.978  34.778 0.0000000000
73675  -49.613  -22.421  34.637 0.0000000000
74983  -48.884  -22.012  34.003 0.0000000000
75006  -49.031  -21.484  33.216 0.0000000000
82083  -51.247  -16.737  36.873 0.0000000000
80974  -51.445  -17.862  35.503 0.0000000000
80987  -51.070  -18.238  35.029 0.0000000000
81029  -48.760  -18.736  32.205 0.0000000000
81017  -49.006  -18.756  33.093 0.0000000000
81043  -48.785  -19.116  31.807 0.0000000000
79932  -49.108  -19.551  31.969 0.0000000000
77589  -48.855  -20.138  31.582 0.0000000000
76329  -48.908  -20.629  31.899 0.0000000000
77588  -48.427  -20.350  31.192 0.0000000000
76344  -48.060  -20.406  30.739 0.0000000000
77603  -47.031  -20.329  29.778 0.0000000000
77602  -46.251  -20.510  29.436 0.0000000000
77610  -46.421  -19.928  29.217 0.0000000000
78826  -45.847  -19.517  28.734 0.0000000000
81104  -46.078  -17.363  27.100 0.0000000000
79989  -45.396  -18.404  25.692 0.0000000000
84402  -51.816  -13.772  30.663 0.0000000000
84418  -51.155  -13.835  30.380 0.0000000000
79982  -52.492  -17.836  25.559 0.0000000000
81118  -51.543  -17.329  25.208 0.0000000000
50170  -19.238  -42.610  51.300 0.0000000000
52417  -19.925  -41.612  48.007 0.0000000000
52397  -19.728  -41.711  48.436 0.0000000000
51343  -19.875  -41.863  47.366 0.0000000000
50234  -19.706  -42.182  46.851 0.0000000000
49103  -19.660  -42.643  45.652 0.0000000000
49118  -19.348  -43.015  44.141 0.0000000000
50267  -19.839  -42.894  44.510 0.0000000000
50288  -19.893  -43.013  43.810 0.0000000000
54895  -22.798  -39.258  48.935 0.0000000000
56170  -21.862  -38.974  48.596 0.0000000000
55048  -21.402  -39.724  39.905 0.0000000000
53745  -21.159  -40.147  40.718 0.0000000000
51433  -20.669  -41.280  39.950 0.0000000000
51454  -19.664  -41.963  39.704 0.0000000000
49214  -18.772  -44.015  37.112 0.0000000000
48101  -19.396  -44.941  36.475 0.0000000000
48102  -20.223  -45.254  36.570 0.0000000000
47092  -20.688  -45.878  37.023 0.0000000000
51326  -31.226  -40.565  50.517 0.0000000000
52404  -31.124  -40.339  49.793 0.0000000000
52426  -30.905  -40.147  49.101 0.0000000000
53618  -30.773  -40.005  48.408 0.0000000000
56216  -31.878  -38.382  43.930 0.0000000000
54968  -31.610  -38.676  44.586 0.0000000000
56215  -31.410  -38.537  43.512 0.0000000000
54988  -29.795  -38.797  43.090 0.0000000000
54987  -28.931  -39.002  43.084 0.0000000000
55036  -29.825  -38.828  41.724 0.0000000000
52544  -29.400  -39.807  40.684 0.0000000000
67772  -42.815  -27.662  43.657 0.0000000000
65331  -40.498  -31.797  50.089 0.0000000000
64175  -41.280  -32.331  49.381 0.0000000000
64188  -40.878  -32.026  48.581 0.0000000000
63007  -41.317  -32.314  47.541 0.0000000000
64212  -40.441  -32.318  46.616 0.0000000000
64211  -39.778  -31.776  46.884 0.0000000000
64239  -39.999  -32.659  45.472 0.0000000000
64254  -39.480  -32.515  44.808 0.0000000000
63101  -37.848  -33.083  43.428 0.0000000000
63079  -37.016  -32.091  43.326 0.0000000000
64251  -37.253  -31.613  43.519 0.0000000000
73712  -41.849  -23.144  28.168 0.0000000000
52337  -25.559  -40.318  54.436 0.0000000000
52349  -25.597  -40.365  53.269 0.0000000000
52362  -26.255  -40.611  52.393 0.0000000000
51273  -26.808  -40.804  51.762 0.0000000000
51304  -27.254  -40.759  50.499 0.0000000000
51336  -27.531  -40.466  49.532 0.0000000000
52446  -27.796  -39.970  48.277 0.0000000000
67831  -40.287  -28.452  38.330 0.0000000000
67840  -40.084  -28.304  37.457 0.0000000000
67841  -40.851  -28.157  37.543 0.0000000000
68950  -41.004  -28.005  37.168 0.0000000000
68952  -42.346  -27.526  37.669 0.0000000000
68962  -41.702  -27.434  36.620 0.0000000000
68997  -42.468  -27.383  34.500 0.0000000000
69001  -46.382  -26.203  35.262 0.0000000000
56102  -33.693  -37.786  53.572 0.0000000000
54837  -33.800  -38.691  52.655 0.0000000000
54826  -34.028  -38.012  52.786 0.0000000000
54838  -34.153  -38.140  52.417 0.0000000000
56136  -34.559  -37.474  51.222 0.0000000000
57238  -35.086  -37.026  51.931 0.0000000000
56147  -34.356  -37.995  50.486 0.0000000000
56159  -35.337  -37.696  48.654 0.0000000000
56172  -35.910  -37.905  48.056 0.0000000000
58361  -37.855  -36.021  42.772 0.0000000000
57311  -37.314  -36.764  42.144 0.0000000000
56252  -36.425  -38.420  41.621 0.0000000000
56264  -35.838  -38.354  40.790 0.0000000000
55059  -36.211  -38.933  41.579 0.0000000000
53767  -36.014  -39.765  41.663 0.0000000000
52547  -35.678  -40.214  41.545 0.0000000000
51440  -34.819  -41.333  41.351 0.0000000000
51462  -33.534  -41.481  40.558 0.0000000000
51461  -33.079  -41.881  40.408 0.0000000000
53786  -32.890  -40.659  39.959 0.0000000000
60847  -31.989  -33.757  36.381 0.0000000000
62039  -31.571  -33.470  35.810 0.0000000000
73564  -50.271  -22.914  40.760 0.0000000000
72399  -50.314  -24.400  39.220 0.0000000000
73585  -50.919  -23.250  39.219 0.0000000000
73596  -51.265  -23.535  38.522 0.0000000000
73597  -51.734  -23.063  38.287 0.0000000000
76188  -51.486  -21.592  38.867 0.0000000000
74911  -52.111  -22.416  37.977 0.0000000000
73610  -51.882  -23.197  37.449 0.0000000000
74941  -52.216  -22.166  36.236 0.0000000000
74953  -52.033  -21.985  35.571 0.0000000000
76263  -52.129  -21.466  35.391 0.0000000000
82105  -48.196  -16.567  35.536 0.0000000000
82106  -49.103  -16.949  35.473 0.0000000000
81004  -48.218  -17.373  32.929 0.0000000000
81016  -48.478  -18.054  32.543 0.0000000000
81028  -48.162  -17.920  31.679 0.0000000000
81059  -47.761  -18.434  30.482 0.0000000000
79944  -47.290  -18.702  29.849 0.0000000000
81058  -46.830  -17.704  29.965 0.0000000000
81057  -46.357  -17.345  29.462 0.0000000000
82180  -46.399  -16.854  29.128 0.0000000000
83245  -47.302  -15.804  30.525 0.0000000000
82194  -47.150  -15.927  27.708 0.0000000000
82203  -47.632  -15.941  26.647 0.0000000000
82152  -53.313  -15.501  29.371 0.0000000000
83269  -52.572  -15.376  28.423 0.0000000000
82168  -53.323  -15.751  28.827 0.0000000000
81098  -53.004  -16.795  26.975 0.0000000000
53588  -19.529  -40.215  49.966 0.0000000000
52416  -20.019  -41.005  47.978 0.0000000000
52456  -20.425  -41.303  46.176 0.0000000000
54963  -23.583  -40.164  45.025 0.0000000000
54962  -22.735  -39.821  44.504 0.0000000000
55004  -22.589  -39.284  42.061 0.0000000000
55028  -22.430  -39.207  40.967 0.0000000000
55049  -22.141  -39.114  40.003 0.0000000000
55072  -21.443  -39.851  39.108 0.0000000000
52618  -21.719  -42.066  36.688 0.0000000000
50403  -22.807  -43.170  36.800 0.0000000000
49218  -23.700  -43.748  37.724 0.0000000000
53666  -33.282  -39.341  46.979 0.0000000000
53641  -32.715  -39.838  47.659 0.0000000000
54931  -32.988  -38.992  46.223 0.0000000000
54952  -32.773  -38.811  45.443 0.0000000000
56203  -32.701  -38.630  44.730 0.0000000000
56234  -33.806  -38.457  43.907 0.0000000000
56233  -33.276  -38.529  43.610 0.0000000000
56217  -32.656  -38.383  44.073 0.0000000000
54991  -32.342  -38.894  42.687 0.0000000000
53733  -32.230  -39.310  42.299 0.0000000000
52505  -31.869  -40.390  41.954 0.0000000000
65514  -34.060  -30.274  37.042 0.0000000000
65505  -37.221  -29.157  37.605 0.0000000000
66695  -39.416  -28.624  38.455 0.0000000000
66652  -38.262  -29.061  41.352 0.0000000000
65454  -38.381  -28.981  40.812 0.0000000000
65474  -39.659  -28.694  40.380 0.0000000000
66673  -39.656  -28.762  39.790 0.0000000000
66696  -39.919  -28.624  38.820 0.0000000000
67823  -40.762  -28.392  38.802 0.0000000000
67824  -41.227  -28.274  39.125 0.0000000000
66691  -42.629  -28.263  40.576 0.0000000000
59370  -38.164  -34.556  51.624 0.0000000000
58276  -37.989  -34.893  51.347 0.0000000000
58277  -38.541  -34.499  50.971 0.0000000000
59418  -39.309  -34.844  49.048 0.0000000000
59399  -40.061  -34.060  49.564 0.0000000000
59440  -40.052  -34.812  48.279 0.0000000000
59476  -39.946  -34.985  46.628 0.0000000000
59494  -39.700  -34.975  45.705 0.0000000000
59510  -39.347  -35.260  44.749 0.0000000000
62991  -41.483  -32.620  48.879 0.0000000000
61881  -41.533  -33.406  47.572 0.0000000000
60700  -41.106  -34.351  46.504 0.0000000000
63063  -40.625  -33.651  45.377 0.0000000000
61923  -40.874  -33.832  45.308 0.0000000000
60726  -40.803  -34.413  45.570 0.0000000000
59521  -39.958  -34.753  44.887 0.0000000000
59520  -39.459  -35.188  44.028 0.0000000000
57319  -37.228  -36.724  41.065 0.0000000000
57333  -36.970  -36.700  40.736 0.0000000000
56297  -36.218  -37.135  40.308 0.0000000000
57348  -35.916  -37.078  39.998 0.0000000000
56295  -34.955  -37.796  39.503 0.0000000000
58399  -33.985  -36.601  38.799 0.0000000000
59569  -34.934  -35.475  39.005 0.0000000000
59580  -34.065  -35.177  38.384 0.0000000000
60820  -33.988  -34.302  38.197 0.0000000000
62017  -33.563  -33.935  37.721 0.0000000000
63118  -36.783  -33.300  42.189 0.0000000000
63116  -35.570  -32.728  41.265 0.0000000000
63136  -35.264  -33.094  40.369 0.0000000000
62009  -34.521  -33.580  38.741 0.0000000000
62019  -34.249  -33.712  38.453 0.0000000000
62018  -33.909  -33.489  38.128 0.0000000000
62030  -33.471  -33.004  37.629 0.0000000000
63180  -33.402  -32.712  37.567 0.0000000000
63169  -33.377  -32.323  37.503 0.0000000000
64319  -33.423  -31.788  37.460 0.0000000000
65513  -33.507  -31.165  37.282 0.0000000000
85552  -49.668  -13.193  32.721 0.0000000000
84390  -51.266  -13.154  31.480 0.0000000000
84403  -52.820  -14.037  30.828 0.0000000000
85556  -53.344  -13.140  31.930 0.0000000000
83235  -53.308  -14.987  30.360 0.0000000000
82137  -53.774  -15.412  30.330 0.0000000000
81044  -54.183  -15.992  29.491 0.0000000000
81045  -54.519  -16.126  29.347 0.0000000000
82155  -54.649  -15.820  29.888 0.0000000000
81063  -54.762  -16.725  28.553 0.0000000000
56112  -21.910  -37.587  52.747 0.0000000000
56123  -21.842  -37.763  51.760 0.0000000000
56135  -22.449  -38.303  51.363 0.0000000000
54883  -22.914  -39.100  49.976 0.0000000000
54870  -23.043  -38.905  50.941 0.0000000000
54911  -23.646  -39.806  47.343 0.0000000000
53591  -25.163  -39.777  50.666 0.0000000000
52399  -25.555  -39.821  49.275 0.0000000000
53604  -25.148  -39.731  49.868 0.0000000000
53615  -24.558  -39.902  48.366 0.0000000000
53656  -24.273  -40.099  47.073 0.0000000000
53693  -24.269  -40.237  45.618 0.0000000000
53712  -24.341  -40.370  44.780 0.0000000000
54983  -25.389  -39.955  43.235 0.0000000000
55031  -25.566  -39.219  41.288 0.0000000000
65527  -34.843  -29.537  35.769 0.0000000000
66717  -35.785  -28.927  35.258 0.0000000000
66726  -36.038  -28.666  34.402 0.0000000000
67850  -39.108  -28.054  36.602 0.0000000000
68975  -38.761  -27.660  35.494 0.0000000000
67868  -37.727  -27.925  35.081 0.0000000000
69030  -43.799  -27.381  32.951 0.0000000000
71282  -43.927  -25.363  33.312 0.0000000000
72525  -43.289  -24.586  32.886 0.0000000000
73690  -42.952  -24.186  32.406 0.0000000000
73699  -43.690  -23.213  32.095 0.0000000000
75022  -44.202  -22.791  32.003 0.0000000000
51233  -30.212  -40.800  54.554 0.0000000000
51247  -29.916  -40.916  53.919 0.0000000000
51262  -30.301  -40.755  53.286 0.0000000000
50156  -30.548  -40.702  52.714 0.0000000000
50186  -30.805  -40.756  52.050 0.0000000000
51264  -32.105  -40.061  53.097 0.0000000000
51294  -31.949  -40.555  51.590 0.0000000000
51327  -32.007  -40.610  50.531 0.0000000000
52428  -32.883  -40.367  49.069 0.0000000000
53568  -33.668  -39.265  52.206 0.0000000000
53580  -33.703  -39.526  51.716 0.0000000000
53605  -34.322  -39.250  49.709 0.0000000000
52408  -34.062  -39.644  49.878 0.0000000000
52387  -33.364  -40.212  50.802 0.0000000000
52407  -33.563  -40.238  49.863 0.0000000000
52429  -33.551  -40.199  49.111 0.0000000000
53642  -33.510  -39.736  47.674 0.0000000000
53667  -34.110  -39.214  46.897 0.0000000000
54933  -34.640  -38.814  45.953 0.0000000000
54934  -34.962  -39.064  45.850 0.0000000000
54955  -34.881  -38.641  44.851 0.0000000000
52482  -35.376  -40.380  43.692 0.0000000000
52470  -35.125  -41.104  43.717 0.0000000000
58290  -38.022  -35.239  50.824 0.0000000000
58301  -37.285  -35.730  50.108 0.0000000000
59437  -37.325  -35.161  47.751 0.0000000000
59415  -36.669  -35.440  48.157 0.0000000000
58309  -36.198  -35.672  48.790 0.0000000000
57268  -36.140  -36.816  47.875 0.0000000000
57269  -36.204  -37.182  47.474 0.0000000000
56185  -36.102  -37.967  46.732 0.0000000000
57307  -37.037  -35.968  44.005 0.0000000000
57302  -36.673  -36.547  44.679 0.0000000000
55017  -36.541  -37.909  43.370 0.0000000000
56221  -36.558  -37.356  44.476 0.0000000000
57291  -36.175  -37.097  45.586 0.0000000000
57279  -35.949  -37.269  46.304 0.0000000000
56193  -35.926  -37.800  45.935 0.0000000000
54913  -35.946  -38.354  46.505 0.0000000000
53687  -35.809  -39.122  44.590 0.0000000000
52472  -35.929  -40.105  43.834 0.0000000000
52471  -35.589  -40.480  43.679 0.0000000000
51360  -35.293  -41.501  43.496 0.0000000000
60831  -31.797  -35.018  36.744 0.0000000000
66566  -39.964  -28.674  47.335 0.0000000000
67711  -40.205  -28.338  47.806 0.0000000000
67702  -40.964  -27.723  48.346 0.0000000000
68830  -41.372  -26.931  49.171 0.0000000000
54833  -18.310  -39.166  53.044 0.0000000000
56121  -18.444  -38.247  52.564 0.0000000000
57213  -18.986  -36.614  53.266 0.0000000000
57224  -19.106  -37.262  52.327 0.0000000000
57215  -21.058  -37.136  52.996 0.0000000000
57202  -20.856  -37.019  53.841 0.0000000000
56089  -22.730  -38.104  54.992 0.0000000000
54822  -23.408  -38.558  54.653 0.0000000000
54823  -24.002  -39.060  54.220 0.0000000000
53517  -24.409  -39.535  55.329 0.0000000000
53518  -24.882  -39.665  55.771 0.0000000000
53533  -24.920  -39.912  54.937 0.0000000000
52323  -25.504  -40.068  55.284 0.0000000000
52309  -27.031  -40.366  55.470 0.0000000000
51218  -27.703  -40.465  55.208 0.0000000000
51220  -29.031  -40.601  55.004 0.0000000000
52312  -29.553  -40.500  55.488 0.0000000000
51221  -29.655  -40.769  54.943 0.0000000000
52326  -30.104  -40.716  55.135 0.0000000000
52314  -30.899  -40.249  55.254 0.0000000000
53535  -31.520  -39.779  54.959 0.0000000000
54801  -31.437  -39.021  55.629 0.0000000000
53522  -31.680  -39.274  55.171 0.0000000000
52329  -31.787  -39.823  54.408 0.0000000000
53536  -32.145  -39.258  54.507 0.0000000000
54814  -32.812  -38.460  54.116 0.0000000000
57192  -33.058  -37.276  55.234 0.0000000000
56091  -33.525  -37.601  54.082 0.0000000000
56092  -34.015  -37.223  53.640 0.0000000000
57203  -34.648  -36.605  53.430 0.0000000000
58248  -35.242  -36.127  53.424 0.0000000000
58249  -35.938  -35.685  53.182 0.0000000000
58250  -36.662  -35.142  52.792 0.0000000000
59357  -37.235  -34.678  52.670 0.0000000000
61771  -36.009  -33.522  54.545 0.0000000000
60600  -36.659  -34.203  53.584 0.0000000000
60613  -37.313  -34.147  53.158 0.0000000000
59358  -37.878  -34.506  52.088 0.0000000000
60615  -38.598  -33.857  52.067 0.0000000000
61806  -39.145  -33.338  51.960 0.0000000000
61792  -39.322  -32.845  52.131 0.0000000000
61807  -39.875  -33.118  51.751 0.0000000000
62919  -40.185  -32.395  51.518 0.0000000000
62920  -40.530  -32.522  51.035 0.0000000000
64130  -40.283  -31.832  51.035 0.0000000000
65297  -39.958  -30.861  51.463 0.0000000000
65314  -40.364  -31.705  50.445 0.0000000000
65330  -39.974  -31.189  50.046 0.0000000000
65345  -39.182  -30.404  49.036 0.0000000000
66554  -39.240  -29.440  48.622 0.0000000000
67722  -41.348  -28.242  46.758 0.0000000000
67723  -42.289  -27.878  46.460 0.0000000000
67754  -42.903  -27.724  44.471 0.0000000000
66608  -43.569  -27.663  43.792 0.0000000000
68842  -44.517  -26.290  47.589 0.0000000000
68853  -45.231  -26.525  46.746 0.0000000000
67716  -44.417  -26.781  46.416 0.0000000000
67739  -44.446  -27.360  44.903 0.0000000000
67755  -43.910  -27.665  44.398 0.0000000000
66628  -44.049  -27.637  43.242 0.0000000000
66645  -44.490  -27.727  42.723 0.0000000000
66659  -44.982  -27.802  42.337 0.0000000000
66647  -45.573  -27.647  42.968 0.0000000000
66660  -45.379  -27.728  42.620 0.0000000000
67791  -44.772  -27.742  41.638 0.0000000000
68920  -45.863  -27.245  40.250 0.0000000000
70016  -47.732  -26.105  43.971 0.0000000000
68892  -47.560  -26.675  42.953 0.0000000000
70039  -48.167  -26.007  41.526 0.0000000000
67794  -47.493  -26.970  41.581 0.0000000000
67812  -47.048  -26.970  41.050 0.0000000000
68921  -46.667  -27.003  40.303 0.0000000000
68936  -46.295  -27.014  39.502 0.0000000000
68945  -46.710  -26.847  38.844 0.0000000000
68956  -46.735  -26.712  37.963 0.0000000000
67845  -47.122  -26.516  37.317 0.0000000000
67846  -47.434  -26.414  37.234 0.0000000000
69002  -47.286  -25.872  35.578 0.0000000000
71216  -50.653  -24.719  38.378 0.0000000000
70071  -49.622  -25.062  36.887 0.0000000000
71234  -50.571  -24.454  36.892 0.0000000000
71233  -50.058  -24.785  36.913 0.0000000000
70079  -48.998  -25.065  36.403 0.0000000000
70091  -48.394  -25.159  35.834 0.0000000000
70090  -47.474  -25.307  35.342 0.0000000000
70104  -46.850  -25.367  35.013 0.0000000000
71285  -47.015  -24.806  34.895 0.0000000000
73672  -46.722  -23.372  34.072 0.0000000000
73673  -47.656  -23.184  34.323 0.0000000000
74980  -46.351  -22.969  33.650 0.0000000000
75023  -45.276  -22.254  31.948 0.0000000000
77499  -52.351  -20.551  35.826 0.0000000000
76264  -52.235  -20.925  35.310 0.0000000000
76280  -51.686  -21.188  34.766 0.0000000000
82115  -49.914  -17.814  34.652 0.0000000000
80986  -50.565  -17.919  34.741 0.0000000000
79888  -50.374  -19.368  34.610 0.0000000000
81018  -49.637  -19.230  33.535 0.0000000000
79895  -50.069  -19.602  33.946 0.0000000000
79896  -50.350  -19.976  34.325 0.0000000000
77556  -50.601  -20.764  34.202 0.0000000000
76288  -50.786  -21.073  34.239 0.0000000000
76287  -50.455  -21.326  34.039 0.0000000000
75007  -49.680  -21.304  33.293 0.0000000000
75026  -48.394  -21.299  32.390 0.0000000000
76308  -48.388  -21.048  31.887 0.0000000000
76307  -47.988  -21.207  31.793 0.0000000000
75025  -47.396  -21.414  31.963 0.0000000000
75039  -45.620  -21.874  31.123 0.0000000000
76324  -45.191  -21.795  30.553 0.0000000000
76350  -45.495  -20.591  29.100 0.0000000000
76359  -43.717  -21.202  27.979 0.0000000000
76372  -43.343  -20.828  26.828 0.0000000000
79965  -46.798  -18.773  29.331 0.0000000000
78840  -45.937  -19.117  28.596 0.0000000000
78839  -45.494  -19.046  28.195 0.0000000000
81095  -45.847  -18.151  27.502 0.0000000000
79973  -45.560  -18.458  27.517 0.0000000000
78838  -44.871  -19.090  27.332 0.0000000000
77634  -44.371  -19.612  26.878 0.0000000000
77642  -43.708  -20.251  26.033 0.0000000000
84436  -49.937  -14.130  29.766 0.0000000000
84435  -49.440  -14.304  29.556 0.0000000000
84434  -48.935  -14.532  29.404 0.0000000000
83279  -48.708  -14.927  28.259 0.0000000000
83308  -48.478  -15.457  26.782 0.0000000000
82214  -47.896  -16.491  25.766 0.0000000000
83282  -52.052  -15.392  27.687 0.0000000000
83311  -50.598  -15.384  26.778 0.0000000000
82217  -51.018  -16.620  25.272 0.0000000000
82206  -50.899  -15.714  26.089 0.0000000000
82205  -49.555  -15.845  25.988 0.0000000000
82204  -48.565  -15.877  26.139 0.0000000000
52370  -19.506  -41.405  51.524 0.0000000000
51286  -19.510  -42.430  50.841 0.0000000000
50197  -19.139  -42.659  50.349 0.0000000000
51319  -19.571  -41.938  48.697 0.0000000000
50300  -17.447  -43.909  42.581 0.0000000000
56183  -21.586  -38.992  47.906 0.0000000000
56169  -21.108  -38.810  48.396 0.0000000000
56168  -20.625  -39.070  48.206 0.0000000000
52455  -20.508  -40.513  45.939 0.0000000000
54961  -21.677  -39.753  44.191 0.0000000000
54960  -21.167  -39.846  44.622 0.0000000000
53692  -21.209  -40.142  43.518 0.0000000000
53691  -21.158  -39.981  44.306 0.0000000000
52476  -21.182  -41.063  43.879 0.0000000000
51364  -21.067  -42.019  44.371 0.0000000000
50341  -18.414  -42.765  40.747 0.0000000000
50360  -18.355  -43.015  39.436 0.0000000000
50359  -17.767  -43.331  40.137 0.0000000000
51277  -29.602  -40.925  52.604 0.0000000000
51276  -29.006  -40.911  52.429 0.0000000000
51325  -30.329  -40.563  50.503 0.0000000000
51324  -29.412  -40.565  50.398 0.0000000000
52401  -28.545  -40.410  49.531 0.0000000000
52423  -28.080  -40.241  49.099 0.0000000000
53639  -30.682  -39.847  47.533 0.0000000000
54950  -31.084  -39.057  45.074 0.0000000000
53663  -30.499  -39.537  46.583 0.0000000000
53638  -29.702  -39.824  47.322 0.0000000000
53637  -28.565  -39.834  47.443 0.0000000000
53697  -27.820  -39.706  44.191 0.0000000000
53716  -27.566  -39.612  43.492 0.0000000000
55009  -27.808  -39.002  42.272 0.0000000000
54985  -27.321  -39.480  42.961 0.0000000000
55078  -26.774  -39.267  39.829 0.0000000000
53785  -26.676  -39.792  39.473 0.0000000000
52468  -34.008  -41.821  43.723 0.0000000000
52479  -33.519  -41.519  43.447 0.0000000000
51371  -32.846  -42.330  43.377 0.0000000000
52493  -32.065  -41.112  42.417 0.0000000000
51386  -30.707  -42.507  42.714 0.0000000000
52492  -31.021  -41.696  42.175 0.0000000000
52543  -28.959  -40.189  40.460 0.0000000000
51414  -28.725  -41.871  41.283 0.0000000000
52517  -28.319  -41.576  40.810 0.0000000000
52542  -27.856  -40.891  40.012 0.0000000000
52567  -26.635  -40.543  39.443 0.0000000000
52539  -25.164  -42.282  39.651 0.0000000000
49030  -18.830  -42.844  50.529 0.0000000000
49055  -19.065  -42.528  48.137 0.0000000000
49102  -19.431  -42.894  45.116 0.0000000000
49119  -19.526  -42.964  44.427 0.0000000000
49228  -19.110  -44.410  36.618 0.0000000000
49231  -21.991  -44.338  36.720 0.0000000000
49232  -22.514  -43.856  36.791 0.0000000000
50157  -31.105  -40.525  52.663 0.0000000000
50171  -29.837  -41.034  52.070 0.0000000000
50172  -30.388  -40.809  52.282 0.0000000000
50173  -30.747  -40.700  52.337 0.0000000000
50184  -30.188  -40.916  51.827 0.0000000000
50209  -19.360  -42.159  48.939 0.0000000000
50218  -19.281  -42.273  48.531 0.0000000000
50248  -20.016  -42.311  45.943 0.0000000000
50266  -18.288  -43.182  44.202 0.0000000000
50320  -19.220  -42.445  41.720 0.0000000000
50340  -17.795  -43.276  41.003 0.0000000000
50401  -18.684  -43.624  37.592 0.0000000000
50404  -23.494  -43.326  37.385 0.0000000000
50424  -21.410  -43.482  36.331 0.0000000000
51229  -26.913  -40.648  54.275 0.0000000000
51234  -30.928  -40.441  54.419 0.0000000000
51261  -29.675  -40.896  53.291 0.0000000000
51272  -19.333  -42.342  51.552 0.0000000000
51278  -31.234  -40.602  52.174 0.0000000000
51280  -32.501  -40.010  52.309 0.0000000000
51292  -30.544  -40.826  51.533 0.0000000000
51293  -31.164  -40.715  51.571 0.0000000000
51295  -32.679  -40.260  51.624 0.0000000000
51305  -27.902  -40.769  50.708 0.0000000000
51312  -32.934  -40.377  51.143 0.0000000000
51318  -19.501  -42.085  49.182 0.0000000000
51320  -26.761  -40.292  49.599 0.0000000000
51321  -27.166  -40.570  49.889 0.0000000000
51333  -19.724  -41.950  48.108 0.0000000000
51408  -20.553  -41.867  41.132 0.0000000000
51418  -36.136  -40.581  42.338 0.0000000000
51431  -19.753  -41.881  40.291 0.0000000000
51438  -33.453  -42.227  40.755 0.0000000000
51456  -20.492  -41.215  39.406 0.0000000000
51528  -21.934  -42.788  36.497 0.0000000000
52328  -31.247  -40.184  54.734 0.0000000000
52340  -31.961  -39.865  53.961 0.0000000000
52350  -26.346  -40.645  53.154 0.0000000000
52351  -32.238  -39.804  53.534 0.0000000000
52363  -32.850  -39.711  52.302 0.0000000000
52364  -33.183  -39.459  52.346 0.0000000000
52371  -19.576  -41.757  51.282 0.0000000000
52376  -33.730  -39.593  51.474 0.0000000000
52409  -34.344  -39.263  49.461 0.0000000000
52418  -24.926  -39.823  48.021 0.0000000000
52445  -27.063  -40.019  48.104 0.0000000000
52457  -25.187  -39.822  47.000 0.0000000000
52460  -26.723  -39.937  47.576 0.0000000000
52464  -20.698  -40.323  45.368 0.0000000000
52507  -35.636  -41.206  42.184 0.0000000000
52508  -36.366  -40.302  42.436 0.0000000000
52546  -35.260  -40.640  41.372 0.0000000000
52563  -20.448  -41.235  39.134 0.0000000000
52568  -27.200  -40.224  39.535 0.0000000000
53508  -29.974  -39.700  56.482 0.0000000000
53534  -31.165  -40.042  55.180 0.0000000000
53548  -33.021  -38.790  53.407 0.0000000000
53569  -33.990  -39.057  52.001 0.0000000000
53577  -19.687  -41.384  50.717 0.0000000000
53601  -19.666  -39.939  49.438 0.0000000000
53619  -31.358  -40.032  48.586 0.0000000000
53633  -24.396  -39.983  47.733 0.0000000000
53634  -24.700  -39.892  47.354 0.0000000000
53655  -20.652  -39.870  45.624 0.0000000000
53657  -24.810  -39.957  46.884 0.0000000000
53659  -26.334  -40.002  46.722 0.0000000000
53677  -21.114  -40.405  44.344 0.0000000000
53679  -24.825  -40.212  46.191 0.0000000000
53680  -25.480  -40.232  46.137 0.0000000000
53685  -35.485  -38.887  44.513 0.0000000000
53721  -35.112  -39.096  43.722 0.0000000000
53730  -21.295  -39.906  41.442 0.0000000000
53732  -31.844  -39.656  41.952 0.0000000000
53746  -29.597  -39.467  40.902 0.0000000000
53749  -36.343  -39.847  42.074 0.0000000000
53765  -34.924  -40.258  40.913 0.0000000000
53782  -21.109  -40.338  39.401 0.0000000000
53814  -33.022  -40.205  39.733 0.0000000000
54825  -33.517  -38.354  53.244 0.0000000000
54869  -20.153  -39.221  49.230 0.0000000000
54872  -34.438  -38.443  50.044 0.0000000000
54882  -20.208  -39.514  48.585 0.0000000000
54894  -20.441  -39.402  47.910 0.0000000000
54898  -35.678  -38.417  47.811 0.0000000000
54927  -23.798  -39.931  46.669 0.0000000000
54928  -30.483  -39.342  45.726 0.0000000000
54930  -32.132  -39.113  46.120 0.0000000000
54948  -29.499  -39.341  44.612 0.0000000000
54964  -28.507  -39.348  43.713 0.0000000000
54969  -34.364  -38.540  44.068 0.0000000000
54972  -36.460  -37.931  44.596 0.0000000000
54996  -36.418  -37.905  43.959 0.0000000000
55010  -28.643  -38.853  42.291 0.0000000000
55014  -31.933  -38.984  42.245 0.0000000000
55016  -36.636  -38.409  42.806 0.0000000000
55037  -36.488  -38.948  42.005 0.0000000000
55050  -23.130  -38.978  39.981 0.0000000000
55053  -26.260  -39.038  40.423 0.0000000000
55056  -28.748  -38.885  41.021 0.0000000000
55074  -23.350  -39.122  39.345 0.0000000000
55096  -21.796  -39.754  38.641 0.0000000000
55099  -24.253  -39.675  38.980 0.0000000000
55100  -24.740  -39.821  39.045 0.0000000000
56126  -35.000  -37.082  52.466 0.0000000000
56160  -35.513  -38.126  48.304 0.0000000000
56181  -20.673  -39.170  47.781 0.0000000000
56182  -20.970  -38.934  47.753 0.0000000000
56184  -36.202  -38.028  47.411 0.0000000000
56206  -36.443  -37.471  45.098 0.0000000000
56207  -36.521  -37.669  44.802 0.0000000000
56218  -33.281  -38.461  44.282 0.0000000000
56219  -33.832  -38.514  44.526 0.0000000000
56220  -36.551  -37.125  44.764 0.0000000000
56230  -31.454  -38.601  43.135 0.0000000000
56231  -31.883  -38.547  43.210 0.0000000000
56232  -32.550  -38.541  43.381 0.0000000000
56262  -22.310  -39.142  39.495 0.0000000000
56263  -22.621  -39.043  39.567 0.0000000000
56278  -22.544  -39.153  39.165 0.0000000000
56282  -36.291  -37.399  40.561 0.0000000000
56290  -22.913  -39.165  38.925 0.0000000000
56291  -23.152  -39.147  38.983 0.0000000000
56296  -36.024  -37.407  40.290 0.0000000000
57204  -35.237  -36.373  53.126 0.0000000000
57227  -35.109  -37.055  52.196 0.0000000000
57229  -36.349  -36.110  51.818 0.0000000000
57258  -35.773  -36.835  48.300 0.0000000000
57259  -36.056  -37.324  48.017 0.0000000000
57301  -36.643  -36.049  45.086 0.0000000000
57303  -36.667  -36.891  44.098 0.0000000000
57332  -36.558  -36.778  40.432 0.0000000000
57349  -36.236  -36.913  40.210 0.0000000000
58291  -38.518  -34.701  50.684 0.0000000000
58302  -38.194  -35.272  50.105 0.0000000000
58318  -36.169  -36.093  48.008 0.0000000000
58331  -36.348  -35.804  46.306 0.0000000000
58338  -36.703  -35.580  45.621 0.0000000000
58339  -37.176  -35.338  45.241 0.0000000000
58340  -37.801  -35.215  45.056 0.0000000000
58349  -37.096  -35.558  44.792 0.0000000000
58350  -38.067  -35.375  44.581 0.0000000000
58351  -38.639  -35.498  44.321 0.0000000000
58360  -37.740  -36.407  42.271 0.0000000000
58385  -36.136  -36.015  39.797 0.0000000000
58398  -33.613  -36.843  38.640 0.0000000000
59371  -38.649  -34.274  51.231 0.0000000000
59400  -40.483  -33.889  49.331 0.0000000000
59416  -37.362  -35.290  48.580 0.0000000000
59419  -40.000  -34.501  48.995 0.0000000000
59421  -40.883  -33.952  48.545 0.0000000000
59436  -36.541  -35.605  47.598 0.0000000000
59442  -40.867  -34.191  48.146 0.0000000000
59455  -36.433  -35.848  47.241 0.0000000000
59460  -40.583  -34.729  47.589 0.0000000000
59478  -40.895  -34.599  47.044 0.0000000000
59491  -37.146  -35.251  45.533 0.0000000000
59522  -40.475  -34.611  45.424 0.0000000000
59528  -39.532  -34.983  43.480 0.0000000000
59536  -39.319  -34.893  42.910 0.0000000000
59544  -38.401  -35.261  41.867 0.0000000000
60638  -39.168  -33.916  50.972 0.0000000000
60639  -39.914  -33.677  50.702 0.0000000000
60640  -40.533  -33.404  50.412 0.0000000000
60654  -41.065  -33.384  49.480 0.0000000000
60665  -40.681  -33.811  49.208 0.0000000000
60678  -41.165  -33.791  48.196 0.0000000000
60712  -41.086  -34.576  46.124 0.0000000000
60739  -40.449  -34.376  45.230 0.0000000000
60750  -39.739  -34.438  44.112 0.0000000000
60762  -39.096  -34.551  42.896 0.0000000000
60774  -36.992  -34.607  41.134 0.0000000000
60797  -37.098  -34.871  41.006 0.0000000000
61808  -40.385  -32.913  51.348 0.0000000000
61823  -40.643  -33.094  50.815 0.0000000000
61837  -40.844  -33.199  50.276 0.0000000000
61852  -41.366  -33.128  49.223 0.0000000000
61895  -41.355  -33.724  46.652 0.0000000000
61934  -40.255  -34.084  44.782 0.0000000000
61945  -39.666  -34.139  43.982 0.0000000000
61954  -36.507  -33.779  41.561 0.0000000000
61975  -36.872  -34.347  41.261 0.0000000000
62902  -39.150  -32.304  52.525 0.0000000000
62937  -41.180  -32.656  50.181 0.0000000000
62955  -41.078  -32.412  50.143 0.0000000000
62956  -41.435  -32.496  49.967 0.0000000000
63043  -40.854  -32.752  46.249 0.0000000000
63061  -39.675  -32.700  44.982 0.0000000000
63082  -39.420  -32.869  44.479 0.0000000000
63084  -40.383  -33.875  45.062 0.0000000000
63170  -33.636  -32.763  37.861 0.0000000000
64131  -40.569  -32.271  50.763 0.0000000000
64144  -40.322  -31.722  50.681 0.0000000000
64145  -40.639  -32.091  50.424 0.0000000000
64160  -41.376  -32.374  49.740 0.0000000000
64173  -40.421  -31.865  49.083 0.0000000000
64174  -40.885  -32.065  49.363 0.0000000000
64189  -41.286  -32.233  48.699 0.0000000000
64197  -39.323  -30.937  47.388 0.0000000000
64200  -41.286  -32.141  48.194 0.0000000000
64225  -40.173  -32.538  45.804 0.0000000000
64266  -36.308  -32.081  42.265 0.0000000000
64277  -35.580  -32.296  41.309 0.0000000000
64309  -34.164  -31.870  38.808 0.0000000000
65313  -40.095  -31.187  50.693 0.0000000000
65377  -39.300  -30.773  47.912 0.0000000000
65419  -38.685  -30.538  45.317 0.0000000000
65501  -33.588  -31.486  37.713 0.0000000000
66591  -45.000  -27.555  44.322 0.0000000000
66592  -45.328  -27.444  44.331 0.0000000000
66611  -45.482  -27.609  43.980 0.0000000000
66631  -45.745  -27.538  43.497 0.0000000000
66716  -35.077  -29.310  35.247 0.0000000000
67727  -45.523  -26.789  45.414 0.0000000000
67758  -45.966  -27.270  44.169 0.0000000000
67773  -46.157  -27.308  43.650 0.0000000000
67854  -47.007  -26.473  36.888 0.0000000000
67855  -47.297  -26.415  37.037 0.0000000000
67859  -38.129  -27.912  35.556 0.0000000000
67861  -39.465  -27.857  36.368 0.0000000000
68874  -46.232  -26.803  45.012 0.0000000000
68883  -47.615  -26.407  43.519 0.0000000000
68891  -47.139  -26.860  43.213 0.0000000000
68901  -47.841  -26.674  42.029 0.0000000000
68960  -40.172  -27.833  36.501 0.0000000000
68974  -38.335  -27.753  35.344 0.0000000000
69032  -44.634  -26.530  33.442 0.0000000000
70048  -48.377  -26.163  40.911 0.0000000000
70078  -48.405  -25.474  36.145 0.0000000000
70080  -49.421  -24.912  36.612 0.0000000000
70092  -48.779  -24.946  36.043 0.0000000000
71199  -49.948  -24.686  39.466 0.0000000000
71209  -49.661  -25.577  39.311 0.0000000000
71211  -50.490  -24.625  38.819 0.0000000000
71250  -49.677  -24.551  36.509 0.0000000000
71251  -50.400  -23.973  36.472 0.0000000000
71265  -47.503  -24.968  35.198 0.0000000000
71281  -43.593  -25.296  33.114 0.0000000000
72331  -48.513  -24.052  41.871 0.0000000000
72351  -49.665  -23.713  40.698 0.0000000000
72374  -50.528  -23.797  39.485 0.0000000000
72420  -51.144  -24.161  38.101 0.0000000000
72455  -51.457  -23.545  36.842 0.0000000000
72474  -50.560  -23.384  36.089 0.0000000000
72496  -49.816  -23.327  35.729 0.0000000000
72514  -43.605  -24.948  33.209 0.0000000000
72520  -48.578  -23.590  35.117 0.0000000000
72526  -43.715  -24.403  33.150 0.0000000000
73586  -51.330  -22.976  38.767 0.0000000000
73620  -51.268  -23.274  36.424 0.0000000000
73650  -49.120  -23.163  35.191 0.0000000000
73669  -44.252  -23.973  33.258 0.0000000000
73693  -45.403  -22.952  33.118 0.0000000000
73704  -42.908  -23.234  31.157 0.0000000000
74942  -52.443  -21.594  36.338 0.0000000000
74986  -50.940  -21.433  34.519 0.0000000000
75008  -50.104  -21.296  33.658 0.0000000000
75036  -42.786  -23.134  30.849 0.0000000000
75046  -44.241  -22.046  30.027 0.0000000000
76218  -52.381  -21.526  37.586 0.0000000000
76236  -52.496  -21.738  37.036 0.0000000000
76237  -52.572  -21.261  36.818 0.0000000000
76250  -52.306  -21.654  35.908 0.0000000000
76281  -51.992  -20.760  34.928 0.0000000000
76295  -49.917  -21.174  33.235 0.0000000000
76311  -49.884  -20.642  32.738 0.0000000000
76331  -49.774  -20.316  32.395 0.0000000000
77518  -52.081  -20.535  35.284 0.0000000000
77541  -51.911  -20.552  34.981 0.0000000000
77569  -50.190  -20.538  33.203 0.0000000000
77570  -50.335  -20.689  33.715 0.0000000000
77590  -49.517  -20.119  32.076 0.0000000000
77591  -49.782  -20.109  32.321 0.0000000000
77605  -48.185  -20.133  30.676 0.0000000000
77606  -48.438  -20.028  30.962 0.0000000000
77654  -43.630  -20.544  25.410 0.0000000000
78709  -52.305  -20.086  36.305 0.0000000000
78733  -51.944  -20.003  35.685 0.0000000000
78755  -50.753  -20.397  34.650 0.0000000000
78768  -50.207  -20.189  33.209 0.0000000000
78783  -50.065  -20.053  32.790 0.0000000000
78792  -48.732  -19.772  31.420 0.0000000000
78793  -49.078  -19.822  31.770 0.0000000000
78853  -44.132  -19.902  25.789 0.0000000000
79845  -52.208  -19.736  36.611 0.0000000000
79878  -51.492  -19.347  35.625 0.0000000000
79879  -51.831  -19.485  35.956 0.0000000000
79904  -49.370  -19.304  32.841 0.0000000000
79906  -50.186  -19.961  33.801 0.0000000000
79919  -49.149  -19.380  32.317 0.0000000000
79933  -49.411  -19.645  32.300 0.0000000000
79980  -44.951  -18.667  26.485 0.0000000000
80988  -51.324  -18.536  35.464 0.0000000000
80997  -50.486  -18.630  34.717 0.0000000000
80998  -50.844  -18.973  35.218 0.0000000000
81061  -53.758  -16.109  28.670 0.0000000000
81097  -52.624  -16.528  26.594 0.0000000000
81103  -45.771  -17.992  27.195 0.0000000000
82135  -47.179  -16.153  30.938 0.0000000000
82138  -53.987  -15.630  30.305 0.0000000000
82153  -53.693  -15.630  29.673 0.0000000000
82154  -54.239  -15.816  29.926 0.0000000000
82166  -46.407  -17.083  29.699 0.0000000000
82207  -51.669  -16.498  25.700 0.0000000000
82218  -51.440  -16.833  25.351 0.0000000000
83247  -50.843  -14.094  29.737 0.0000000000
83250  -53.324  -15.236  29.896 0.0000000000
83283  -52.489  -15.521  27.938 0.0000000000
83297  -51.297  -15.391  27.047 0.0000000000
83298  -51.848  -15.552  27.174 0.0000000000
84417  -50.465  -13.974  30.133 0.0000000000
86579  -52.682  -12.262  32.769 0.0000000000
