#!ascii label  , from subject 3423 vox2ras=TkReg
1624
49610  14.805  -37.271  55.446 0.0000000000
78704  45.031  -14.130  26.903 0.0000000000
58805  32.033  -30.411  45.405 0.0000000000
63940  42.071  -25.418  46.004 0.0000000000
61415  24.307  -28.342  44.177 0.0000000000
51906  24.332  -35.980  55.404 0.0000000000
86825  54.327  -6.819  20.856 0.0000000000
86731  51.009  -7.443  29.850 0.0000000000
72243  41.877  -17.813  35.748 0.0000000000
90413  57.562  -2.994  13.169 0.0000000000
61304  30.050  -27.415  51.086 0.0000000000
51893  19.340  -35.840  56.009 0.0000000000
86778  53.477  -7.055  26.371 0.0000000000
83373  49.194  -9.821  25.374 0.0000000000
78624  44.981  -14.698  32.639 0.0000000000
80969  48.393  -12.058  31.831 0.0000000000
76134  40.531  -16.063  32.634 0.0000000000
62813  38.488  -25.974  40.035 0.0000000000
60034  37.416  -28.946  46.311 0.0000000000
61329  25.925  -27.833  50.042 0.0000000000
56518  25.337  -31.438  56.930 0.0000000000
56576  24.530  -31.860  50.591 0.0000000000
51980  21.637  -35.670  50.417 0.0000000000
61452  27.865  -27.973  44.037 0.0000000000
91418  56.667  -2.953  21.416 0.0000000000
89122  56.854  -4.152  27.264 0.0000000000
83338  49.084  -10.161  28.247 0.0000000000
79703  41.236  -13.757  38.423 0.0000000000
67522  42.990  -22.732  40.285 0.0000000000
86862  56.033  -6.701  16.951 0.0000000000
91455  60.025  -3.278  16.722 0.0000000000
89292  63.004  -5.162  15.054 0.0000000000
63836  28.880  -26.098  53.931 0.0000000000
51927  16.979  -36.077  54.857 0.0000000000
51844  19.185  -35.779  58.927 0.0000000000
50721  16.299  -36.601  58.908 0.0000000000
83417  50.143  -9.976  23.033 0.0000000000
79766  44.475  -13.340  35.000 0.0000000000
80920  46.697  -11.667  34.777 0.0000000000
47215  9.526  -40.173  58.144 0.0000000000
73641  41.364  -18.063  30.085 0.0000000000
58871  32.844  -29.682  41.525 0.0000000000
60091  34.938  -28.778  42.378 0.0000000000
58802  35.111  -29.651  45.175 0.0000000000
60021  24.962  -28.174  47.650 0.0000000000
59960  24.917  -29.594  50.905 0.0000000000
57668  24.546  -30.412  47.333 0.0000000000
62719  25.311  -27.244  44.323 0.0000000000
62678  26.792  -27.169  47.190 0.0000000000
54206  24.620  -33.341  56.460 0.0000000000
87989  55.327  -5.445  21.872 0.0000000000
90294  56.962  -3.514  24.209 0.0000000000
87956  55.503  -5.584  24.035 0.0000000000
87895  52.029  -6.136  28.485 0.0000000000
87880  53.995  -5.346  29.663 0.0000000000
81034  44.681  -12.349  26.377 0.0000000000
82161  46.784  -10.916  26.703 0.0000000000
79857  48.173  -13.097  27.330 0.0000000000
74838  37.917  -16.441  35.742 0.0000000000
78592  38.679  -14.633  35.401 0.0000000000
76049  40.322  -15.884  37.480 0.0000000000
62757  40.008  -26.016  42.959 0.0000000000
65199  40.751  -24.607  40.079 0.0000000000
65150  42.623  -24.725  43.198 0.0000000000
85795  53.451  -8.053  18.657 0.0000000000
86873  54.218  -6.598  16.313 0.0000000000
88022  54.939  -6.533  18.653 0.0000000000
90344  56.070  -4.429  18.761 0.0000000000
90409  61.302  -4.183  13.241 0.0000000000
89295  60.467  -4.903  14.436 0.0000000000
90368  61.927  -4.166  15.821 0.0000000000
89270  59.773  -5.460  15.453 0.0000000000
59998  31.262  -29.233  48.415 0.0000000000
59996  33.689  -29.619  48.844 0.0000000000
61280  32.676  -27.938  52.430 0.0000000000
50748  21.952  -36.636  55.846 0.0000000000
50703  23.483  -37.440  58.583 0.0000000000
50705  21.172  -36.110  58.789 0.0000000000
84642  52.265  -8.636  21.178 0.0000000000
85742  54.083  -7.630  23.546 0.0000000000
84600  52.458  -9.006  24.022 0.0000000000
84579  51.299  -8.785  25.552 0.0000000000
85698  49.921  -7.410  27.577 0.0000000000
76188  45.872  -15.949  29.641 0.0000000000
78683  48.381  -14.297  29.467 0.0000000000
79785  46.845  -13.116  32.560 0.0000000000
71115  40.446  -20.178  34.215 0.0000000000
66266  43.987  -23.797  46.439 0.0000000000
48428  13.462  -38.986  55.736 0.0000000000
49580  14.163  -37.751  58.292 0.0000000000
48402  11.849  -39.207  58.965 0.0000000000
76203  43.707  -16.177  27.860 0.0000000000
74940  43.978  -16.935  29.656 0.0000000000
76113  43.134  -15.691  32.907 0.0000000000
78587  42.899  -13.822  35.689 0.0000000000
61527  35.628  -27.587  39.015 0.0000000000
61446  37.635  -27.537  43.015 0.0000000000
62688  40.137  -27.224  46.552 0.0000000000
59952  36.747  -28.866  49.758 0.0000000000
61318  39.411  -27.640  49.804 0.0000000000
61252  26.654  -27.409  54.463 0.0000000000
58688  25.827  -29.267  55.940 0.0000000000
59925  24.979  -29.149  53.644 0.0000000000
56544  24.379  -31.780  54.009 0.0000000000
54253  23.866  -34.127  53.137 0.0000000000
54365  24.051  -32.976  46.889 0.0000000000
53125  23.741  -34.644  50.527 0.0000000000
50806  23.141  -36.345  52.928 0.0000000000
51937  20.926  -36.450  53.150 0.0000000000
51955  18.322  -36.219  52.078 0.0000000000
50821  15.985  -37.105  52.285 0.0000000000
58892  30.286  -30.064  41.119 0.0000000000
60106  28.287  -28.864  41.523 0.0000000000
58827  29.594  -29.742  44.661 0.0000000000
60019  29.052  -28.402  47.759 0.0000000000
62632  27.544  -26.920  50.387 0.0000000000
90248  58.376  -3.927  26.943 0.0000000000
87920  54.646  -5.892  26.877 0.0000000000
83391  46.670  -10.567  24.210 0.0000000000
84555  48.464  -8.982  26.959 0.0000000000
84529  49.829  -9.050  28.927 0.0000000000
81001  49.692  -12.177  29.545 0.0000000000
83307  50.052  -9.975  30.431 0.0000000000
77386  37.922  -15.605  33.214 0.0000000000
78604  40.528  -14.212  35.526 0.0000000000
80891  42.344  -12.467  37.839 0.0000000000
67548  41.261  -22.584  37.638 0.0000000000
69887  43.001  -20.997  37.943 0.0000000000
67478  44.794  -22.479  43.872 0.0000000000
69854  45.209  -20.660  41.290 0.0000000000
72201  44.192  -17.929  38.694 0.0000000000
74767  43.949  -15.774  40.088 0.0000000000
78506  43.780  -13.794  40.890 0.0000000000
89273  56.623  -5.070  15.133 0.0000000000
89258  57.998  -5.438  16.889 0.0000000000
92524  58.150  -2.103  19.087 0.0000000000
63806  29.236  -26.306  55.371 0.0000000000
50768  15.882  -36.681  55.768 0.0000000000
51896  16.830  -36.380  57.277 0.0000000000
50750  15.864  -36.742  56.771 0.0000000000
80911  44.625  -12.252  35.975 0.0000000000
80899  45.469  -11.147  36.489 0.0000000000
44936  8.774  -41.104  56.963 0.0000000000
58844  32.507  -29.991  43.501 0.0000000000
58843  33.482  -29.743  43.411 0.0000000000
58804  33.065  -30.426  45.315 0.0000000000
61379  24.633  -28.517  46.277 0.0000000000
60022  24.713  -28.916  47.425 0.0000000000
60039  24.532  -29.381  46.090 0.0000000000
61483  24.935  -27.194  42.328 0.0000000000
143778  24.556  -27.848  43.146 0.0000000000
62700  25.502  -27.434  46.176 0.0000000000
53071  24.547  -34.872  55.556 0.0000000000
51873  25.064  -35.876  57.085 0.0000000000
87990  54.825  -6.197  21.385 0.0000000000
87972  55.452  -5.559  22.955 0.0000000000
87973  54.952  -6.300  22.477 0.0000000000
86742  51.417  -6.578  28.997 0.0000000000
87866  52.359  -6.463  29.888 0.0000000000
79860  45.182  -12.901  26.814 0.0000000000
81018  45.710  -12.372  26.811 0.0000000000
78703  46.415  -14.211  27.323 0.0000000000
72266  39.307  -17.931  34.632 0.0000000000
73549  39.420  -17.021  35.903 0.0000000000
74837  39.098  -16.253  36.372 0.0000000000
73527  41.619  -16.929  36.807 0.0000000000
63952  41.313  -26.044  45.387 0.0000000000
63979  41.461  -25.372  42.914 0.0000000000
63951  42.087  -25.353  44.827 0.0000000000
86837  53.902  -7.345  20.306 0.0000000000
86846  54.476  -6.912  19.140 0.0000000000
86836  54.368  -6.751  19.918 0.0000000000
88002  55.192  -5.358  20.774 0.0000000000
90411  59.308  -3.474  13.294 0.0000000000
90387  58.814  -3.994  14.060 0.0000000000
89296  59.321  -4.940  14.610 0.0000000000
89297  58.250  -4.781  14.581 0.0000000000
59977  30.941  -28.550  49.810 0.0000000000
59957  31.917  -28.629  50.706 0.0000000000
61302  31.179  -27.681  51.812 0.0000000000
51874  20.768  -35.796  56.155 0.0000000000
50720  21.471  -36.110  57.505 0.0000000000
51842  20.772  -35.759  57.935 0.0000000000
51817  18.138  -35.848  61.114 0.0000000000
50693  19.282  -36.020  60.466 0.0000000000
84643  51.400  -8.799  20.670 0.0000000000
84628  52.295  -8.782  22.118 0.0000000000
84629  51.497  -8.965  21.741 0.0000000000
83404  49.469  -10.375  23.795 0.0000000000
83386  51.142  -9.605  24.593 0.0000000000
84580  50.600  -9.233  25.397 0.0000000000
85713  50.845  -7.442  26.794 0.0000000000
84569  49.216  -8.771  26.162 0.0000000000
77418  45.511  -15.480  30.833 0.0000000000
77402  46.408  -14.527  31.176 0.0000000000
78622  46.176  -13.513  32.915 0.0000000000
84654  51.232  -8.739  19.522 0.0000000000
48417  12.865  -39.549  57.096 0.0000000000
47223  12.106  -40.023  57.359 0.0000000000
76205  41.807  -16.214  27.304 0.0000000000
74953  43.941  -16.852  28.757 0.0000000000
73657  42.086  -17.606  28.597 0.0000000000
74915  40.393  -17.282  31.549 0.0000000000
76159  41.966  -16.639  31.880 0.0000000000
76133  41.539  -16.051  32.478 0.0000000000
77368  42.897  -15.326  33.725 0.0000000000
77369  41.867  -15.304  33.902 0.0000000000
60155  34.585  -28.401  38.641 0.0000000000
60062  36.485  -28.699  44.329 0.0000000000
60089  36.318  -27.963  42.154 0.0000000000
60061  37.512  -28.085  44.207 0.0000000000
62728  38.843  -27.339  44.338 0.0000000000
61374  38.758  -28.311  46.336 0.0000000000
59939  34.522  -28.830  51.101 0.0000000000
59973  35.404  -29.292  49.548 0.0000000000
61321  35.997  -28.703  50.861 0.0000000000
62611  38.650  -27.042  51.555 0.0000000000
62641  40.485  -27.127  49.405 0.0000000000
61283  26.541  -27.272  52.504 0.0000000000
59924  25.457  -28.434  53.854 0.0000000000
59931  25.351  -28.518  52.824 0.0000000000
57644  24.537  -30.983  50.006 0.0000000000
57629  24.634  -31.052  52.173 0.0000000000
56565  24.413  -32.037  51.792 0.0000000000
55437  24.045  -32.633  53.696 0.0000000000
55472  24.264  -33.051  51.932 0.0000000000
56624  24.223  -32.008  45.781 0.0000000000
53153  21.681  -35.043  48.276 0.0000000000
53151  23.208  -34.415  48.741 0.0000000000
51979  22.627  -35.439  50.534 0.0000000000
51963  23.573  -35.394  51.820 0.0000000000
51965  22.048  -35.947  51.421 0.0000000000
51936  21.847  -36.706  53.235 0.0000000000
51966  21.063  -35.998  51.269 0.0000000000
50807  17.331  -36.451  52.439 0.0000000000
58907  30.437  -29.994  40.116 0.0000000000
60138  28.622  -29.589  39.738 0.0000000000
61470  26.771  -26.980  42.473 0.0000000000
61469  27.632  -27.837  42.579 0.0000000000
60093  28.391  -28.890  42.752 0.0000000000
60065  28.394  -28.582  44.920 0.0000000000
60052  29.020  -28.946  45.619 0.0000000000
61412  27.884  -27.940  46.244 0.0000000000
62646  26.213  -27.432  48.983 0.0000000000
62644  27.320  -27.018  49.447 0.0000000000
62633  26.894  -26.879  50.073 0.0000000000
62601  27.096  -26.642  52.058 0.0000000000
58676  25.625  -29.806  56.309 0.0000000000
49568  13.064  -37.653  60.398 0.0000000000
50683  14.016  -36.901  61.285 0.0000000000
91401  57.956  -2.578  23.409 0.0000000000
89136  56.630  -4.149  25.976 0.0000000000
90268  57.407  -3.755  26.175 0.0000000000
90249  57.724  -3.860  26.847 0.0000000000
89107  57.424  -4.484  28.280 0.0000000000
85723  53.991  -7.482  25.217 0.0000000000
87930  54.923  -6.203  25.751 0.0000000000
86777  54.252  -6.665  26.208 0.0000000000
89084  54.817  -5.384  29.963 0.0000000000
83340  47.728  -10.664  27.285 0.0000000000
84557  47.679  -10.079  26.624 0.0000000000
84545  48.268  -9.863  27.537 0.0000000000
84544  48.700  -9.177  28.014 0.0000000000
84543  49.318  -9.578  28.483 0.0000000000
79826  48.273  -13.272  30.872 0.0000000000
79825  49.090  -13.075  30.125 0.0000000000
80983  48.566  -12.555  30.993 0.0000000000
77387  37.051  -15.631  33.026 0.0000000000
78567  39.724  -14.099  37.162 0.0000000000
78591  39.469  -14.028  35.997 0.0000000000
79757  40.220  -13.667  36.494 0.0000000000
79756  40.937  -13.475  36.477 0.0000000000
79721  41.462  -12.995  38.149 0.0000000000
62862  37.519  -26.160  37.718 0.0000000000
64063  38.812  -25.298  38.621 0.0000000000
66347  42.059  -23.456  40.434 0.0000000000
66375  40.827  -23.357  38.338 0.0000000000
67539  41.905  -22.469  38.780 0.0000000000
68720  41.829  -21.721  37.399 0.0000000000
68705  43.165  -21.878  39.060 0.0000000000
66286  43.987  -23.423  44.789 0.0000000000
71019  45.742  -19.466  41.114 0.0000000000
71036  44.737  -19.517  39.384 0.0000000000
72191  44.974  -18.473  39.836 0.0000000000
73491  44.040  -16.839  39.292 0.0000000000
74765  45.267  -16.951  40.752 0.0000000000
86872  55.159  -6.818  16.412 0.0000000000
88055  56.055  -5.714  15.503 0.0000000000
88053  58.162  -6.096  16.017 0.0000000000
88030  57.271  -5.549  17.121 0.0000000000
90323  56.288  -3.425  20.769 0.0000000000
91442  56.916  -2.883  18.784 0.0000000000
91425  57.200  -2.417  20.893 0.0000000000
92504  58.448  -1.739  20.355 0.0000000000
89316  62.206  -5.071  13.909 0.0000000000
91454  60.898  -3.145  16.599 0.0000000000
91446  61.196  -2.558  17.222 0.0000000000
92521  60.163  -1.841  18.172 0.0000000000
62599  29.167  -26.571  52.126 0.0000000000
62577  30.818  -26.700  53.309 0.0000000000
63834  30.438  -26.080  54.406 0.0000000000
51911  18.610  -35.865  55.327 0.0000000000
51876  19.290  -35.840  57.000 0.0000000000
51895  17.612  -35.954  56.771 0.0000000000
51865  17.670  -36.114  58.792 0.0000000000
51818  17.237  -35.923  61.420 0.0000000000
83419  48.042  -9.868  22.711 0.0000000000
83405  48.400  -10.406  23.630 0.0000000000
78600  44.690  -13.966  34.203 0.0000000000
78615  45.616  -13.589  33.589 0.0000000000
80921  45.821  -12.327  34.890 0.0000000000
82052  45.931  -10.990  36.322 0.0000000000
46070  10.678  -40.748  57.133 0.0000000000
46085  9.636  -40.993  56.880 0.0000000000
46059  8.474  -40.552  58.424 0.0000000000
73658  41.247  -17.793  28.479 0.0000000000
74916  39.340  -17.304  31.549 0.0000000000
60120  34.158  -28.756  39.825 0.0000000000
58870  33.843  -29.079  41.377 0.0000000000
58841  35.129  -29.226  43.873 0.0000000000
60050  36.372  -29.229  45.494 0.0000000000
61348  25.621  -27.864  48.789 0.0000000000
59959  25.346  -28.773  50.829 0.0000000000
60002  24.826  -29.191  48.812 0.0000000000
58753  24.662  -30.121  49.394 0.0000000000
56594  24.529  -31.721  48.520 0.0000000000
51981  20.686  -35.721  50.240 0.0000000000
51995  19.544  -35.638  48.848 0.0000000000
62766  25.892  -26.818  42.514 0.0000000000
61435  26.746  -26.908  44.298 0.0000000000
61413  27.339  -27.499  45.666 0.0000000000
62699  26.300  -26.970  45.915 0.0000000000
62679  26.072  -27.210  47.113 0.0000000000
55396  24.876  -32.457  56.721 0.0000000000
89197  56.051  -4.051  21.438 0.0000000000
90303  56.833  -3.448  23.159 0.0000000000
89170  56.289  -4.160  22.818 0.0000000000
89160  55.961  -4.835  24.483 0.0000000000
89149  56.011  -4.806  25.568 0.0000000000
86764  52.235  -6.621  27.347 0.0000000000
87907  53.698  -5.824  27.723 0.0000000000
87894  52.926  -5.716  28.613 0.0000000000
87853  53.427  -6.270  30.596 0.0000000000
82174  45.608  -11.143  25.549 0.0000000000
82162  45.978  -11.331  26.495 0.0000000000
82149  46.966  -11.235  27.041 0.0000000000
81015  48.642  -12.070  27.586 0.0000000000
82105  48.646  -11.934  32.321 0.0000000000
76087  36.349  -16.033  34.470 0.0000000000
77357  37.529  -15.252  34.311 0.0000000000
77326  37.757  -15.424  35.106 0.0000000000
76051  39.200  -15.407  36.709 0.0000000000
77288  40.542  -14.609  38.028 0.0000000000
64006  39.445  -25.848  41.367 0.0000000000
64022  39.827  -25.292  40.285 0.0000000000
64005  40.525  -25.244  41.012 0.0000000000
65163  41.832  -24.895  42.112 0.0000000000
66326  43.064  -23.645  41.502 0.0000000000
85815  52.867  -7.436  17.217 0.0000000000
86874  53.407  -6.692  16.527 0.0000000000
85805  54.110  -7.664  17.285 0.0000000000
86864  54.758  -7.353  17.683 0.0000000000
88032  55.779  -6.392  17.618 0.0000000000
88020  56.108  -5.416  17.926 0.0000000000
89228  55.622  -4.811  19.134 0.0000000000
89213  55.528  -4.643  20.121 0.0000000000
90410  60.410  -3.669  13.282 0.0000000000
89318  60.798  -4.427  13.747 0.0000000000
89294  61.486  -4.997  14.651 0.0000000000
89267  62.595  -4.634  15.637 0.0000000000
89268  61.730  -4.780  15.381 0.0000000000
89255  60.543  -4.608  15.930 0.0000000000
89256  60.000  -4.804  16.067 0.0000000000
58790  31.727  -30.188  46.349 0.0000000000
58776  33.422  -30.061  47.140 0.0000000000
59997  32.592  -29.537  48.791 0.0000000000
59956  32.948  -28.921  50.496 0.0000000000
62593  34.178  -27.611  52.981 0.0000000000
50747  22.902  -36.827  55.956 0.0000000000
50732  24.219  -36.759  56.908 0.0000000000
50718  23.306  -37.129  57.771 0.0000000000
50704  22.321  -36.984  58.754 0.0000000000
50706  20.316  -35.872  59.229 0.0000000000
50678  21.007  -37.431  60.618 0.0000000000
85762  53.410  -7.959  21.480 0.0000000000
85751  54.122  -7.485  22.819 0.0000000000
85752  53.505  -8.109  22.625 0.0000000000
85743  53.520  -8.229  23.943 0.0000000000
85735  53.166  -8.343  24.903 0.0000000000
83416  51.064  -9.789  23.300 0.0000000000
84590  51.510  -9.296  24.765 0.0000000000
85725  52.612  -8.102  25.725 0.0000000000
86780  51.713  -6.991  26.939 0.0000000000
86766  50.704  -6.954  27.607 0.0000000000
86753  50.564  -6.986  28.470 0.0000000000
76201  45.915  -15.878  28.724 0.0000000000
77445  47.020  -15.104  28.305 0.0000000000
77431  47.228  -15.250  29.457 0.0000000000
78661  47.474  -13.981  30.972 0.0000000000
79784  47.588  -12.623  32.302 0.0000000000
79774  46.348  -12.997  33.408 0.0000000000
80932  47.388  -11.634  33.976 0.0000000000
82077  48.082  -11.038  33.841 0.0000000000
71096  41.757  -19.259  35.263 0.0000000000
65115  42.772  -24.885  46.534 0.0000000000
85808  51.204  -7.310  17.684 0.0000000000
84669  52.368  -8.146  17.977 0.0000000000
84652  52.978  -8.352  19.596 0.0000000000
92566  57.609  -1.551  12.151 0.0000000000
92552  56.654  -1.487  12.616 0.0000000000
48427  14.027  -38.524  55.390 0.0000000000
50752  14.478  -37.619  56.924 0.0000000000
48405  13.643  -38.683  57.048 0.0000000000
49582  12.934  -38.786  58.591 0.0000000000
49569  11.876  -38.356  60.203 0.0000000000
47204  10.888  -39.453  59.095 0.0000000000
78713  43.616  -13.923  26.495 0.0000000000
77457  43.001  -14.601  26.581 0.0000000000
77447  44.436  -15.249  27.504 0.0000000000
76202  44.791  -16.098  28.438 0.0000000000
74939  44.616  -16.631  29.842 0.0000000000
76156  44.321  -16.009  31.169 0.0000000000
73640  42.318  -17.821  29.972 0.0000000000
76180  43.414  -16.609  31.053 0.0000000000
77383  43.971  -15.555  32.639 0.0000000000
77351  43.675  -14.717  34.149 0.0000000000
78601  43.545  -14.025  35.141 0.0000000000
79740  43.279  -12.850  36.494 0.0000000000
62815  37.183  -26.624  39.048 0.0000000000
60118  35.534  -28.073  40.723 0.0000000000
61492  36.617  -27.530  40.956 0.0000000000
62775  37.821  -26.884  41.215 0.0000000000
62759  38.718  -26.863  42.920 0.0000000000
62726  40.051  -26.510  44.174 0.0000000000
62687  40.879  -26.603  46.121 0.0000000000
58775  34.401  -29.980  47.119 0.0000000000
58760  35.859  -29.746  47.907 0.0000000000
60015  37.549  -29.274  47.351 0.0000000000
62612  37.577  -27.726  51.466 0.0000000000
61343  37.700  -28.699  49.377 0.0000000000
59990  38.737  -28.695  47.796 0.0000000000
61357  40.055  -27.811  48.209 0.0000000000
62652  41.090  -26.773  48.445 0.0000000000
63928  41.559  -26.207  47.803 0.0000000000
62530  27.387  -27.057  55.535 0.0000000000
61253  26.212  -27.952  55.026 0.0000000000
59908  25.505  -29.006  55.162 0.0000000000
58710  24.899  -29.869  54.431 0.0000000000
59943  24.935  -29.451  51.712 0.0000000000
58719  24.807  -30.037  53.452 0.0000000000
56535  24.421  -31.647  55.072 0.0000000000
55422  24.072  -32.829  54.819 0.0000000000
54232  24.107  -33.648  55.033 0.0000000000
53083  24.222  -34.868  54.358 0.0000000000
57679  24.499  -31.286  45.701 0.0000000000
56602  24.484  -31.712  47.556 0.0000000000
55514  24.468  -32.504  49.047 0.0000000000
54366  23.527  -33.598  46.585 0.0000000000
54335  23.828  -33.864  49.099 0.0000000000
54300  24.271  -33.378  50.496 0.0000000000
54282  23.936  -34.171  51.692 0.0000000000
51935  23.917  -35.385  53.248 0.0000000000
50778  23.803  -36.247  54.131 0.0000000000
50766  22.579  -36.903  55.071 0.0000000000
51922  21.335  -36.572  54.080 0.0000000000
51909  20.277  -35.911  54.851 0.0000000000
51967  20.024  -35.889  51.110 0.0000000000
51939  19.023  -35.943  53.169 0.0000000000
51925  18.760  -35.888  54.269 0.0000000000
51941  17.221  -35.994  53.991 0.0000000000
50795  16.416  -36.332  53.868 0.0000000000
49634  15.125  -37.418  53.468 0.0000000000
49622  14.541  -37.982  53.848 0.0000000000
48453  13.371  -39.064  53.778 0.0000000000
58906  31.328  -29.961  39.959 0.0000000000
58891  31.169  -30.055  40.896 0.0000000000
58860  30.862  -30.105  42.773 0.0000000000
60122  28.753  -29.515  40.910 0.0000000000
58861  30.037  -29.933  42.894 0.0000000000
58826  30.414  -30.096  44.605 0.0000000000
58792  29.922  -29.450  46.428 0.0000000000
60018  30.143  -28.996  47.379 0.0000000000
61361  29.174  -27.995  49.141 0.0000000000
61377  27.410  -27.678  47.649 0.0000000000
61362  28.287  -27.711  48.947 0.0000000000
62630  29.084  -27.170  50.971 0.0000000000
63859  28.459  -26.391  52.442 0.0000000000
62560  27.711  -26.490  54.055 0.0000000000
50722  15.471  -36.868  58.707 0.0000000000
51829  15.801  -36.369  61.096 0.0000000000
90293  57.734  -2.997  24.436 0.0000000000
87941  55.054  -6.345  24.659 0.0000000000
87940  55.510  -5.554  25.124 0.0000000000
89137  55.981  -4.733  26.679 0.0000000000
87892  54.542  -5.198  28.532 0.0000000000
89124  55.225  -4.989  28.337 0.0000000000
89108  56.482  -4.641  28.459 0.0000000000
83406  47.339  -10.310  23.441 0.0000000000
83390  47.705  -10.421  24.522 0.0000000000
83366  46.470  -10.712  25.868 0.0000000000
83364  47.788  -9.755  26.103 0.0000000000
84583  48.354  -9.419  26.074 0.0000000000
85699  48.985  -8.230  27.332 0.0000000000
85687  49.909  -7.557  28.441 0.0000000000
85674  50.633  -7.906  29.529 0.0000000000
78701  48.470  -13.801  27.950 0.0000000000
79856  49.092  -13.045  27.983 0.0000000000
81013  49.820  -11.452  29.120 0.0000000000
80982  49.232  -11.868  30.726 0.0000000000
81000  49.622  -11.423  29.898 0.0000000000
82131  49.774  -10.799  29.376 0.0000000000
84516  50.128  -9.489  29.723 0.0000000000
84515  50.503  -8.881  29.975 0.0000000000
76163  37.782  -16.709  32.042 0.0000000000
76135  39.458  -15.931  32.807 0.0000000000
77356  38.338  -14.999  34.451 0.0000000000
77355  39.225  -14.833  34.595 0.0000000000
77370  40.790  -15.161  33.905 0.0000000000
78603  41.296  -14.325  35.383 0.0000000000
79741  42.430  -12.906  36.734 0.0000000000
80890  42.915  -12.133  37.662 0.0000000000
65236  39.657  -24.386  38.085 0.0000000000
68732  41.434  -21.663  36.380 0.0000000000
69911  41.927  -20.357  36.045 0.0000000000
71072  42.979  -18.977  36.479 0.0000000000
65138  43.378  -24.027  44.813 0.0000000000
66296  43.890  -23.557  44.033 0.0000000000
67491  44.051  -22.939  42.274 0.0000000000
68669  44.819  -21.638  42.255 0.0000000000
68694  43.839  -21.839  40.122 0.0000000000
69875  43.808  -20.705  38.890 0.0000000000
71055  43.776  -19.218  37.717 0.0000000000
73545  42.600  -17.648  36.671 0.0000000000
73513  42.448  -16.665  37.719 0.0000000000
76021  42.501  -15.701  39.057 0.0000000000
76013  42.165  -14.996  39.372 0.0000000000
74751  44.926  -15.936  41.176 0.0000000000
77266  43.703  -14.774  40.435 0.0000000000
79689  42.348  -13.426  39.572 0.0000000000
80836  42.804  -12.774  39.681 0.0000000000
91469  55.909  -2.680  13.483 0.0000000000
90389  56.568  -3.594  14.000 0.0000000000
89272  57.700  -5.399  15.221 0.0000000000
89257  58.687  -5.256  16.581 0.0000000000
90362  58.751  -3.837  17.123 0.0000000000
90353  56.886  -4.341  17.751 0.0000000000
90352  57.571  -3.543  17.753 0.0000000000
92531  58.923  -2.092  18.061 0.0000000000
92513  59.313  -1.743  19.274 0.0000000000
62529  28.059  -26.971  55.849 0.0000000000
62510  28.491  -27.199  56.083 0.0000000000
50782  15.378  -36.832  55.130 0.0000000000
50769  15.276  -36.984  55.981 0.0000000000
80888  44.381  -11.495  37.122 0.0000000000
80900  44.858  -11.603  36.484 0.0000000000
58824  32.306  -30.324  44.434 0.0000000000
58823  33.274  -30.039  44.373 0.0000000000
61395  24.580  -28.768  45.320 0.0000000000
60054  24.549  -29.817  44.459 0.0000000000
61394  24.810  -27.943  45.550 0.0000000000
51890  24.677  -35.850  56.206 0.0000000000
86730  51.752  -7.077  29.946 0.0000000000
86717  51.971  -7.568  30.394 0.0000000000
79859  45.955  -13.147  26.969 0.0000000000
73567  40.562  -17.550  35.337 0.0000000000
73568  39.787  -17.451  35.226 0.0000000000
73548  40.255  -17.075  35.877 0.0000000000
74835  40.603  -16.759  36.342 0.0000000000
73547  41.181  -17.171  36.031 0.0000000000
86847  54.043  -7.301  19.593 0.0000000000
88003  54.763  -6.096  20.320 0.0000000000
90412  58.311  -3.322  13.199 0.0000000000
90388  57.670  -3.735  13.876 0.0000000000
61345  30.194  -27.948  50.080 0.0000000000
59958  31.189  -28.285  50.656 0.0000000000
61324  30.899  -27.899  51.051 0.0000000000
51892  20.109  -35.839  55.693 0.0000000000
51861  20.807  -35.729  57.062 0.0000000000
51875  20.069  -35.801  56.592 0.0000000000
84644  50.328  -8.773  20.299 0.0000000000
84630  50.560  -9.060  21.391 0.0000000000
83388  49.808  -10.125  24.701 0.0000000000
83372  50.087  -9.671  25.238 0.0000000000
85728  49.933  -8.707  25.948 0.0000000000
84581  49.640  -9.277  25.713 0.0000000000
77381  45.293  -14.837  32.019 0.0000000000
78639  45.899  -14.455  31.815 0.0000000000
78623  45.622  -14.163  32.601 0.0000000000
47232  12.663  -39.859  56.131 0.0000000000
76214  41.457  -15.743  26.762 0.0000000000
74955  41.771  -16.956  27.912 0.0000000000
76160  40.953  -16.605  31.998 0.0000000000
76115  41.179  -15.733  33.273 0.0000000000
60049  37.370  -28.674  45.204 0.0000000000
60048  38.097  -28.246  45.051 0.0000000000
60033  38.132  -28.510  45.927 0.0000000000
61298  35.252  -28.652  51.421 0.0000000000
61322  35.470  -28.768  50.970 0.0000000000
61277  35.648  -28.042  52.116 0.0000000000
61306  25.921  -27.902  51.698 0.0000000000
57637  24.595  -31.058  51.094 0.0000000000
55486  24.394  -32.740  51.041 0.0000000000
51992  22.064  -35.225  49.594 0.0000000000
61453  27.207  -27.197  43.578 0.0000000000
61468  28.077  -28.347  43.323 0.0000000000
61433  27.899  -27.944  45.249 0.0000000000
62634  26.476  -27.259  49.786 0.0000000000
61328  26.506  -27.296  50.707 0.0000000000
61305  26.601  -27.141  51.602 0.0000000000
57585  25.158  -30.368  56.195 0.0000000000
49557  12.826  -37.406  61.529 0.0000000000
50677  13.383  -37.012  61.773 0.0000000000
91417  57.345  -2.538  21.711 0.0000000000
91409  57.700  -2.467  22.424 0.0000000000
91410  57.024  -2.918  22.337 0.0000000000
85724  53.590  -7.598  25.637 0.0000000000
86791  53.949  -7.120  25.884 0.0000000000
83339  48.325  -10.296  27.731 0.0000000000
79805  47.982  -12.798  31.497 0.0000000000
77388  36.058  -15.776  32.975 0.0000000000
78566  40.182  -13.924  37.380 0.0000000000
79744  40.102  -13.603  36.877 0.0000000000
79734  40.419  -13.607  37.360 0.0000000000
79733  40.850  -13.240  37.480 0.0000000000
79722  40.904  -13.535  38.017 0.0000000000
62840  37.844  -26.114  38.684 0.0000000000
64064  38.143  -25.734  37.953 0.0000000000
62839  38.371  -25.867  39.387 0.0000000000
66361  41.753  -23.054  39.530 0.0000000000
67523  42.376  -22.801  39.861 0.0000000000
68706  42.490  -22.203  38.821 0.0000000000
68695  43.225  -22.257  39.762 0.0000000000
71018  46.153  -19.411  41.770 0.0000000000
72181  45.510  -18.510  40.634 0.0000000000
73479  45.159  -17.499  40.306 0.0000000000
73478  45.647  -17.572  41.012 0.0000000000
88042  55.544  -6.251  15.865 0.0000000000
86871  55.878  -6.692  16.343 0.0000000000
88041  56.552  -6.445  16.304 0.0000000000
88031  56.565  -5.707  17.392 0.0000000000
91426  56.673  -2.820  20.360 0.0000000000
92497  57.710  -2.149  21.368 0.0000000000
89315  62.942  -5.365  14.300 0.0000000000
88072  63.486  -5.882  14.916 0.0000000000
91447  60.413  -2.566  16.971 0.0000000000
92520  60.817  -2.097  17.803 0.0000000000
92529  60.178  -2.150  17.489 0.0000000000
63858  29.136  -26.360  52.715 0.0000000000
63847  29.521  -26.232  53.328 0.0000000000
63835  29.620  -25.993  54.182 0.0000000000
51912  17.700  -35.944  55.667 0.0000000000
51894  18.495  -35.858  56.372 0.0000000000
51879  16.940  -36.400  58.325 0.0000000000
51866  16.963  -36.362  59.204 0.0000000000
51827  17.409  -35.919  60.546 0.0000000000
51847  16.698  -36.240  59.999 0.0000000000
79765  45.379  -13.134  34.401 0.0000000000
79751  45.044  -12.592  35.263 0.0000000000
46084  10.180  -41.099  56.575 0.0000000000
46073  8.474  -40.763  57.626 0.0000000000
46060  7.834  -41.012  58.797 0.0000000000
58889  32.908  -29.510  40.513 0.0000000000
58822  34.223  -29.702  44.306 0.0000000000
58842  34.518  -29.348  43.355 0.0000000000
58821  34.926  -29.453  44.244 0.0000000000
60063  35.598  -29.209  44.529 0.0000000000
58801  35.763  -29.533  45.514 0.0000000000
61364  25.379  -27.878  47.812 0.0000000000
59979  25.312  -28.536  49.478 0.0000000000
60001  25.066  -28.343  48.358 0.0000000000
58781  24.577  -30.039  47.071 0.0000000000
58766  24.595  -30.125  48.081 0.0000000000
58765  24.546  -30.294  47.819 0.0000000000
57652  24.537  -30.941  48.921 0.0000000000
57660  24.554  -30.974  47.957 0.0000000000
62767  25.285  -27.006  42.845 0.0000000000
62750  25.785  -26.879  43.431 0.0000000000
61454  26.424  -26.874  43.394 0.0000000000
62736  26.087  -26.856  44.060 0.0000000000
62718  26.256  -26.909  44.776 0.0000000000
61378  24.983  -27.936  46.895 0.0000000000
62680  25.593  -27.573  47.202 0.0000000000
62662  25.943  -27.562  47.993 0.0000000000
55410  24.388  -32.552  55.870 0.0000000000
54194  25.076  -33.517  57.170 0.0000000000
89198  55.721  -4.511  21.259 0.0000000000
89180  56.139  -4.131  21.927 0.0000000000
89181  55.792  -4.765  22.379 0.0000000000
89171  55.895  -4.837  23.420 0.0000000000
87909  51.928  -6.399  27.873 0.0000000000
87908  52.613  -6.102  27.829 0.0000000000
86728  53.071  -6.292  30.460 0.0000000000
81043  44.813  -11.977  26.316 0.0000000000
82175  44.832  -11.682  25.822 0.0000000000
82163  45.204  -11.756  26.384 0.0000000000
79858  47.046  -13.161  27.094 0.0000000000
81017  46.450  -12.149  26.953 0.0000000000
81016  47.537  -12.115  27.222 0.0000000000
76069  37.257  -15.873  35.035 0.0000000000
76068  37.823  -15.710  35.535 0.0000000000
74818  39.897  -16.108  37.034 0.0000000000
74819  39.454  -15.819  36.955 0.0000000000
76050  39.918  -15.349  37.333 0.0000000000
76033  40.283  -14.988  37.782 0.0000000000
76032  40.794  -15.480  38.085 0.0000000000
63993  39.580  -25.977  42.063 0.0000000000
63992  40.286  -25.764  42.267 0.0000000000
63978  42.065  -25.038  43.140 0.0000000000
65151  42.120  -24.901  42.693 0.0000000000
65178  42.453  -24.106  41.455 0.0000000000
65162  42.595  -24.435  42.115 0.0000000000
85806  53.186  -7.928  17.682 0.0000000000
85794  54.144  -7.824  18.119 0.0000000000
86854  54.640  -7.191  18.438 0.0000000000
86853  55.249  -6.752  18.045 0.0000000000
88021  55.577  -5.670  18.394 0.0000000000
88014  55.179  -5.415  19.664 0.0000000000
90316  56.034  -3.906  21.078 0.0000000000
90386  59.828  -4.131  14.071 0.0000000000
90385  60.393  -4.298  13.919 0.0000000000
89317  61.370  -4.767  13.882 0.0000000000
58778  31.383  -29.782  47.281 0.0000000000
58764  32.148  -29.691  47.936 0.0000000000
61301  32.125  -28.208  51.675 0.0000000000
61300  33.149  -28.476  51.847 0.0000000000
59940  33.585  -28.805  51.181 0.0000000000
61279  33.674  -28.090  52.438 0.0000000000
50733  23.118  -36.932  56.868 0.0000000000
50734  22.122  -36.669  56.767 0.0000000000
50719  22.216  -36.729  57.766 0.0000000000
50690  22.473  -37.444  59.495 0.0000000000
50691  21.325  -36.911  59.916 0.0000000000
51863  19.257  -35.716  57.990 0.0000000000
51843  20.100  -35.719  58.570 0.0000000000
51824  19.773  -35.835  59.348 0.0000000000
85778  52.954  -8.276  20.873 0.0000000000
85763  52.908  -8.427  21.761 0.0000000000
84613  52.550  -8.863  22.999 0.0000000000
84612  53.051  -8.621  23.577 0.0000000000
84599  52.987  -8.639  24.320 0.0000000000
84616  49.818  -9.494  22.115 0.0000000000
84615  50.812  -9.468  22.362 0.0000000000
84591  50.952  -9.427  25.002 0.0000000000
84578  52.068  -8.670  25.387 0.0000000000
85726  51.587  -8.142  25.974 0.0000000000
85712  52.067  -7.586  26.458 0.0000000000
85697  50.453  -7.208  27.312 0.0000000000
86754  50.033  -7.090  28.134 0.0000000000
76200  46.596  -15.699  29.175 0.0000000000
76187  46.509  -15.532  29.891 0.0000000000
78638  46.559  -13.872  31.990 0.0000000000
79806  47.419  -13.303  31.806 0.0000000000
79764  46.205  -12.595  34.213 0.0000000000
78614  46.045  -13.358  33.306 0.0000000000
80950  47.745  -12.013  33.105 0.0000000000
83281  48.304  -10.516  34.261 0.0000000000
71097  40.779  -19.331  34.603 0.0000000000
71098  40.023  -18.916  34.344 0.0000000000
85796  51.581  -8.031  17.974 0.0000000000
84653  52.506  -8.517  19.954 0.0000000000
85788  53.111  -8.196  20.279 0.0000000000
93648  57.118  -1.043  12.324 0.0000000000
48415  13.840  -38.546  56.356 0.0000000000
48407  12.681  -39.420  57.821 0.0000000000
48400  12.965  -38.962  58.161 0.0000000000
49576  12.765  -38.495  59.290 0.0000000000
49577  12.120  -38.703  59.576 0.0000000000
47225  10.269  -40.407  57.710 0.0000000000
47224  11.116  -40.281  57.705 0.0000000000
47214  10.505  -39.914  58.393 0.0000000000
79880  43.526  -12.933  26.091 0.0000000000
77449  42.569  -15.501  26.995 0.0000000000
77458  42.205  -14.938  26.480 0.0000000000
77448  43.311  -15.193  26.982 0.0000000000
78705  44.097  -14.628  26.985 0.0000000000
74952  44.560  -16.690  29.179 0.0000000000
74925  44.222  -16.692  30.251 0.0000000000
76178  44.917  -16.139  30.383 0.0000000000
76179  43.964  -16.504  30.820 0.0000000000
73650  40.792  -18.144  29.286 0.0000000000
73649  41.756  -17.967  29.259 0.0000000000
76132  42.504  -16.010  32.265 0.0000000000
76158  42.927  -16.618  31.480 0.0000000000
76131  43.400  -15.964  32.093 0.0000000000
77367  43.766  -15.196  33.378 0.0000000000
77352  42.653  -14.812  34.528 0.0000000000
78586  43.325  -13.759  35.574 0.0000000000
79753  43.504  -13.392  35.824 0.0000000000
61544  35.811  -27.223  37.626 0.0000000000
61526  36.485  -26.975  38.624 0.0000000000
60102  34.896  -28.544  41.397 0.0000000000
60119  34.794  -28.463  40.298 0.0000000000
61447  37.124  -27.733  42.900 0.0000000000
60100  36.309  -27.808  41.523 0.0000000000
61462  37.308  -27.471  42.400 0.0000000000
61491  37.369  -27.061  40.780 0.0000000000
61475  37.969  -26.914  41.939 0.0000000000
62774  38.462  -26.559  41.693 0.0000000000
62709  39.637  -27.328  45.702 0.0000000000
62727  39.361  -27.089  44.627 0.0000000000
62708  40.302  -26.700  45.325 0.0000000000
58763  33.067  -29.801  47.985 0.0000000000
58762  34.061  -29.872  47.998 0.0000000000
59972  36.282  -29.198  49.304 0.0000000000
59994  35.650  -29.574  48.684 0.0000000000
59993  36.526  -29.516  48.449 0.0000000000
60016  36.818  -29.589  47.661 0.0000000000
59992  37.395  -29.329  48.308 0.0000000000
61319  38.763  -27.881  49.924 0.0000000000
62628  38.271  -27.702  50.781 0.0000000000
61342  38.453  -28.495  49.033 0.0000000000
61359  38.701  -28.668  48.267 0.0000000000
61358  39.263  -28.362  48.051 0.0000000000
61341  39.598  -27.843  49.146 0.0000000000
61239  26.817  -27.492  55.328 0.0000000000
59916  25.677  -28.464  54.732 0.0000000000
59917  25.212  -29.055  54.559 0.0000000000
58701  25.192  -29.655  55.343 0.0000000000
59980  24.973  -29.388  49.992 0.0000000000
58728  24.796  -30.173  52.456 0.0000000000
57620  24.592  -30.939  53.220 0.0000000000
57608  24.624  -30.801  54.250 0.0000000000
55455  23.910  -33.397  53.395 0.0000000000
55438  23.943  -33.406  54.207 0.0000000000
54233  24.027  -34.057  54.654 0.0000000000
54244  23.917  -34.103  53.910 0.0000000000
55557  24.064  -32.648  46.279 0.0000000000
56611  24.365  -31.824  46.589 0.0000000000
55543  24.303  -32.465  47.157 0.0000000000
55530  24.361  -32.438  48.070 0.0000000000
53198  22.945  -33.987  45.924 0.0000000000
53166  22.846  -34.396  47.502 0.0000000000
53137  23.543  -34.520  49.692 0.0000000000
54320  24.019  -33.996  50.041 0.0000000000
54319  24.288  -33.278  49.546 0.0000000000
54301  23.988  -34.075  50.913 0.0000000000
53118  23.790  -34.748  51.344 0.0000000000
51950  23.301  -35.958  52.374 0.0000000000
51949  23.760  -35.474  52.629 0.0000000000
50791  23.839  -35.931  53.464 0.0000000000
51921  24.072  -35.525  53.891 0.0000000000
50779  23.117  -36.775  54.226 0.0000000000
51908  21.019  -36.130  54.826 0.0000000000
51923  20.552  -36.165  54.025 0.0000000000
51982  19.678  -35.630  49.979 0.0000000000
51954  19.446  -35.976  52.083 0.0000000000
51940  17.929  -36.018  53.396 0.0000000000
50808  16.519  -36.636  52.784 0.0000000000
50809  15.796  -36.928  53.152 0.0000000000
50796  15.556  -36.777  54.157 0.0000000000
49635  14.640  -38.006  52.763 0.0000000000
48452  13.980  -38.591  53.179 0.0000000000
48439  14.057  -38.588  54.320 0.0000000000
58873  31.025  -30.068  41.853 0.0000000000
58874  30.202  -29.964  42.048 0.0000000000
60123  28.125  -28.811  40.399 0.0000000000
60081  29.032  -29.405  43.789 0.0000000000
60092  29.196  -29.733  42.901 0.0000000000
58847  29.778  -29.938  43.751 0.0000000000
58807  30.177  -29.896  45.522 0.0000000000
60037  29.266  -28.896  46.607 0.0000000000
59999  29.962  -28.527  48.778 0.0000000000
60000  29.243  -28.249  48.540 0.0000000000
62698  26.881  -27.053  46.440 0.0000000000
61392  27.244  -27.539  46.612 0.0000000000
62659  27.637  -27.396  49.015 0.0000000000
62643  27.932  -27.324  49.729 0.0000000000
61347  28.655  -27.658  49.843 0.0000000000
62631  28.367  -27.129  50.630 0.0000000000
62617  28.651  -26.762  51.577 0.0000000000
62618  27.739  -26.701  51.442 0.0000000000
62580  26.986  -26.723  53.000 0.0000000000
63850  27.423  -26.471  52.923 0.0000000000
62561  26.995  -26.789  53.903 0.0000000000
62544  27.216  -26.926  54.759 0.0000000000
59901  26.354  -28.763  55.834 0.0000000000
50717  24.533  -36.973  57.744 0.0000000000
50702  24.779  -37.340  58.479 0.0000000000
50723  14.743  -37.272  58.439 0.0000000000
49574  14.342  -37.495  58.897 0.0000000000
50682  14.601  -36.642  61.707 0.0000000000
50695  14.918  -36.659  60.711 0.0000000000
51830  15.194  -36.451  61.505 0.0000000000
51820  15.651  -36.287  61.900 0.0000000000
51810  15.836  -36.421  62.916 0.0000000000
90302  57.349  -3.053  23.658 0.0000000000
90267  58.195  -3.653  26.286 0.0000000000
86809  54.525  -6.998  23.094 0.0000000000
86800  54.621  -7.092  24.141 0.0000000000
87929  55.440  -5.431  26.215 0.0000000000
87919  55.313  -5.207  27.212 0.0000000000
87893  54.018  -5.242  28.783 0.0000000000
89096  55.313  -5.190  29.554 0.0000000000
89109  55.613  -4.909  28.726 0.0000000000
89095  56.189  -4.981  29.317 0.0000000000
89094  57.086  -4.839  29.169 0.0000000000
83407  46.308  -10.066  23.266 0.0000000000
83353  46.801  -10.679  26.451 0.0000000000
84556  48.132  -9.835  26.986 0.0000000000
83365  47.390  -10.059  26.222 0.0000000000
84571  48.060  -9.586  26.361 0.0000000000
84570  48.600  -9.064  26.360 0.0000000000
84530  49.355  -8.609  28.391 0.0000000000
85688  49.292  -8.112  28.119 0.0000000000
85676  49.663  -8.239  28.570 0.0000000000
85675  50.059  -8.067  29.001 0.0000000000
84528  50.310  -8.471  29.323 0.0000000000
77430  47.907  -14.747  29.023 0.0000000000
77444  48.054  -14.397  28.305 0.0000000000
77429  48.560  -14.279  28.835 0.0000000000
79842  49.708  -13.166  28.959 0.0000000000
81014  49.635  -11.996  28.362 0.0000000000
82103  49.932  -11.258  31.100 0.0000000000
82114  49.730  -11.015  30.318 0.0000000000
83321  49.904  -10.044  29.603 0.0000000000
76137  37.338  -16.058  32.538 0.0000000000
76136  38.357  -16.012  32.619 0.0000000000
76162  38.849  -16.633  32.095 0.0000000000
77342  38.025  -15.117  34.932 0.0000000000
78607  38.330  -14.939  34.857 0.0000000000
78605  39.757  -14.341  35.362 0.0000000000
77371  39.618  -15.283  33.816 0.0000000000
77354  40.370  -14.737  34.789 0.0000000000
79732  41.611  -12.848  37.566 0.0000000000
79742  41.597  -12.952  36.867 0.0000000000
80903  42.325  -12.628  37.321 0.0000000000
80875  42.767  -12.094  38.319 0.0000000000
65200  40.010  -24.915  39.741 0.0000000000
64042  39.533  -25.140  39.383 0.0000000000
65220  39.997  -24.707  39.153 0.0000000000
66376  40.215  -23.637  37.917 0.0000000000
66388  40.550  -23.104  37.487 0.0000000000
67555  40.881  -22.516  36.832 0.0000000000
68721  41.380  -22.150  37.047 0.0000000000
69897  42.304  -20.920  37.153 0.0000000000
68731  41.873  -21.168  36.746 0.0000000000
69896  42.984  -20.010  36.973 0.0000000000
69910  42.592  -19.649  36.313 0.0000000000
65114  43.484  -24.469  46.947 0.0000000000
65126  43.326  -24.182  45.973 0.0000000000
66295  44.381  -23.004  44.370 0.0000000000
66305  44.316  -23.049  43.621 0.0000000000
66306  43.834  -23.521  42.944 0.0000000000
67490  44.525  -22.550  42.897 0.0000000000
68682  44.446  -21.900  41.199 0.0000000000
68693  44.612  -21.335  40.579 0.0000000000
69865  43.981  -21.162  39.576 0.0000000000
69864  44.576  -20.686  39.874 0.0000000000
72200  44.517  -18.431  38.962 0.0000000000
71045  44.456  -19.249  38.830 0.0000000000
72210  44.030  -18.420  38.267 0.0000000000
72220  43.606  -18.497  37.524 0.0000000000
73511  43.553  -17.753  37.776 0.0000000000
73526  42.280  -17.047  37.237 0.0000000000
73512  43.019  -16.882  37.891 0.0000000000
74779  43.613  -16.151  39.375 0.0000000000
74790  43.367  -16.508  38.761 0.0000000000
74780  42.881  -15.814  39.117 0.0000000000
76022  41.831  -15.428  38.882 0.0000000000
76012  42.760  -15.273  39.410 0.0000000000
74750  45.442  -16.546  41.419 0.0000000000
75988  45.547  -16.021  42.228 0.0000000000
77254  44.131  -14.579  41.058 0.0000000000
77255  43.614  -14.270  40.553 0.0000000000
78517  42.640  -13.881  39.892 0.0000000000
78507  43.267  -13.808  40.337 0.0000000000
79701  42.392  -12.998  39.535 0.0000000000
79688  42.934  -13.153  40.071 0.0000000000
92553  55.747  -1.686  13.007 0.0000000000
88044  53.474  -5.829  16.114 0.0000000000
89299  56.133  -4.250  14.494 0.0000000000
89298  57.173  -4.519  14.530 0.0000000000
89246  58.205  -4.308  17.287 0.0000000000
89237  56.270  -4.848  18.073 0.0000000000
91441  57.586  -2.643  18.605 0.0000000000
90342  57.122  -3.090  18.149 0.0000000000
91450  57.822  -2.905  17.914 0.0000000000
91449  58.533  -2.840  17.701 0.0000000000
92523  58.563  -2.130  18.601 0.0000000000
92522  59.413  -1.863  18.470 0.0000000000
92514  58.587  -1.819  19.516 0.0000000000
92495  59.023  -1.675  21.012 0.0000000000
90427  61.264  -3.362  12.485 0.0000000000
90426  61.889  -4.231  12.620 0.0000000000
62542  28.669  -26.635  55.377 0.0000000000
50781  16.123  -36.437  54.968 0.0000000000
51913  16.721  -36.336  56.015 0.0000000000
50736  16.125  -36.685  57.943 0.0000000000
79752  44.270  -12.960  35.615 0.0000000000
58858  32.693  -29.854  42.519 0.0000000000
58803  34.019  -29.967  45.278 0.0000000000
58794  24.555  -30.350  45.894 0.0000000000
143774  24.909  -27.343  42.935 0.0000000000
53058  24.852  -34.533  56.536 0.0000000000
53051  25.444  -34.704  57.478 0.0000000000
51860  25.705  -36.063  57.981 0.0000000000
87957  55.050  -6.329  23.559 0.0000000000
87882  52.257  -6.068  29.408 0.0000000000
86729  52.617  -6.682  30.247 0.0000000000
79872  44.803  -12.670  26.568 0.0000000000
81033  45.229  -12.077  26.660 0.0000000000
73569  38.919  -17.348  35.206 0.0000000000
73550  38.630  -16.928  35.779 0.0000000000
74836  40.029  -16.562  36.424 0.0000000000
74817  40.925  -16.380  37.118 0.0000000000
63980  40.537  -25.960  43.508 0.0000000000
63965  41.384  -25.706  44.168 0.0000000000
63964  42.092  -25.204  43.745 0.0000000000
65139  42.742  -24.753  44.273 0.0000000000
85786  54.034  -7.545  18.933 0.0000000000
88015  54.829  -6.190  19.329 0.0000000000
61323  31.467  -28.149  51.186 0.0000000000
50749  21.285  -36.145  55.628 0.0000000000
50735  21.433  -36.108  56.510 0.0000000000
51816  18.789  -35.899  60.607 0.0000000000
51825  19.117  -35.920  59.855 0.0000000000
84614  51.691  -9.253  22.684 0.0000000000
83403  50.455  -10.138  23.987 0.0000000000
83371  50.479  -9.554  25.161 0.0000000000
85727  50.637  -8.344  25.991 0.0000000000
85714  49.676  -8.046  26.541 0.0000000000
76177  45.896  -15.625  30.307 0.0000000000
76176  46.360  -15.333  30.329 0.0000000000
77417  46.107  -15.128  30.707 0.0000000000
47241  13.020  -39.423  55.350 0.0000000000
47231  13.104  -39.342  55.946 0.0000000000
47212  12.226  -39.596  58.069 0.0000000000
76213  42.115  -15.671  27.074 0.0000000000
76204  42.626  -16.181  27.429 0.0000000000
74954  42.906  -17.083  28.385 0.0000000000
74941  43.319  -17.380  29.371 0.0000000000
74928  40.897  -17.816  30.886 0.0000000000
74927  41.958  -17.658  30.772 0.0000000000
74914  41.440  -17.272  31.488 0.0000000000
76114  42.187  -15.762  33.133 0.0000000000
78602  42.325  -14.308  35.246 0.0000000000
61528  35.088  -28.062  38.709 0.0000000000
60079  35.463  -28.851  43.358 0.0000000000
60090  35.661  -28.398  42.331 0.0000000000
60078  36.595  -28.176  43.145 0.0000000000
60077  37.320  -27.811  43.396 0.0000000000
61428  37.792  -27.642  43.648 0.0000000000
61445  38.226  -27.339  43.338 0.0000000000
61427  38.334  -27.596  44.201 0.0000000000
61407  39.021  -27.566  45.296 0.0000000000
61389  39.241  -27.833  46.128 0.0000000000
59974  34.377  -29.310  49.670 0.0000000000
59995  34.713  -29.623  48.801 0.0000000000
59954  35.136  -28.919  50.586 0.0000000000
59953  36.177  -28.933  50.102 0.0000000000
63868  39.308  -26.875  51.909 0.0000000000
62642  39.766  -27.496  49.706 0.0000000000
61265  26.549  -27.335  53.527 0.0000000000
61266  26.015  -27.847  54.145 0.0000000000
61284  25.947  -27.858  53.102 0.0000000000
58745  24.702  -30.214  50.487 0.0000000000
58737  24.763  -30.250  51.479 0.0000000000
56554  24.337  -31.841  52.943 0.0000000000
55454  24.126  -32.731  52.731 0.0000000000
55473  23.964  -33.517  52.596 0.0000000000
53167  21.942  -34.827  47.629 0.0000000000
53152  22.326  -34.831  48.607 0.0000000000
53138  22.840  -34.887  49.582 0.0000000000
53126  23.253  -34.971  50.259 0.0000000000
51978  23.402  -35.250  50.979 0.0000000000
51964  22.941  -35.779  51.577 0.0000000000
51951  22.521  -36.360  52.427 0.0000000000
50793  22.722  -36.675  53.405 0.0000000000
51952  21.478  -36.399  52.252 0.0000000000
51953  20.492  -36.164  52.166 0.0000000000
50819  17.529  -36.624  51.341 0.0000000000
50820  16.593  -36.933  51.721 0.0000000000
60158  29.695  -29.924  39.081 0.0000000000
60137  29.505  -29.942  40.392 0.0000000000
60094  27.957  -28.416  41.999 0.0000000000
60082  28.428  -28.744  43.927 0.0000000000
60064  28.994  -29.147  44.734 0.0000000000
58808  29.459  -29.489  45.520 0.0000000000
60053  28.445  -28.488  45.923 0.0000000000
60038  28.455  -28.347  46.860 0.0000000000
62661  26.489  -27.300  48.143 0.0000000000
62660  27.118  -27.308  48.443 0.0000000000
62645  26.715  -26.995  49.129 0.0000000000
62619  27.008  -26.771  51.032 0.0000000000
49567  13.660  -37.459  59.971 0.0000000000
50710  13.975  -37.364  59.796 0.0000000000
50696  13.885  -37.205  60.409 0.0000000000
50676  13.934  -36.805  62.112 0.0000000000
89148  56.463  -4.106  24.893 0.0000000000
90283  57.173  -3.593  25.204 0.0000000000
89121  57.907  -4.135  27.517 0.0000000000
87891  57.849  -5.044  28.796 0.0000000000
85734  53.952  -7.680  24.678 0.0000000000
86790  54.361  -7.082  25.294 0.0000000000
87863  54.365  -5.650  30.211 0.0000000000
89097  54.550  -5.220  29.529 0.0000000000
83376  45.989  -10.743  24.923 0.0000000000
83352  47.429  -10.463  26.825 0.0000000000
83351  48.014  -10.246  27.267 0.0000000000
78660  48.414  -13.797  30.096 0.0000000000
78682  48.952  -13.780  29.430 0.0000000000
78659  48.861  -13.581  29.896 0.0000000000
76138  36.360  -16.180  32.466 0.0000000000
78579  38.974  -14.438  35.968 0.0000000000
79758  39.828  -13.797  36.509 0.0000000000
78590  40.291  -13.837  35.955 0.0000000000
79743  40.826  -13.202  36.957 0.0000000000
80876  42.109  -12.642  38.256 0.0000000000
65198  41.523  -24.113  40.374 0.0000000000
66362  41.140  -23.710  39.242 0.0000000000
66374  41.422  -23.088  38.839 0.0000000000
67540  41.442  -22.765  38.337 0.0000000000
67547  41.735  -22.237  38.115 0.0000000000
68715  42.419  -21.795  38.288 0.0000000000
69876  43.273  -21.303  38.558 0.0000000000
66275  44.508  -23.192  45.983 0.0000000000
66285  44.436  -23.003  45.167 0.0000000000
67469  44.894  -22.543  44.700 0.0000000000
71028  45.199  -19.574  40.325 0.0000000000
73500  44.285  -17.718  38.938 0.0000000000
73501  43.810  -17.204  38.682 0.0000000000
73490  44.549  -17.345  39.440 0.0000000000
74778  44.240  -16.634  39.594 0.0000000000
74766  44.693  -16.277  40.306 0.0000000000
88043  54.458  -5.833  15.778 0.0000000000
88054  57.154  -5.966  15.704 0.0000000000
88040  57.610  -5.772  16.667 0.0000000000
89247  57.557  -5.049  17.288 0.0000000000
90334  56.346  -3.420  19.827 0.0000000000
90343  56.675  -3.564  18.600 0.0000000000
91435  56.798  -2.839  19.327 0.0000000000
91434  57.258  -2.349  19.892 0.0000000000
92515  57.917  -1.988  19.652 0.0000000000
92505  57.752  -1.980  20.569 0.0000000000
90408  61.860  -4.675  13.306 0.0000000000
89324  62.831  -5.402  13.485 0.0000000000
90359  61.474  -3.671  16.178 0.0000000000
91453  61.676  -3.093  16.699 0.0000000000
91445  62.120  -2.895  17.366 0.0000000000
62616  29.709  -26.985  51.492 0.0000000000
62615  30.507  -27.067  51.984 0.0000000000
62578  30.217  -26.511  53.094 0.0000000000
63846  30.250  -26.298  53.712 0.0000000000
63820  29.765  -25.930  54.975 0.0000000000
51877  18.456  -35.844  57.399 0.0000000000
51864  18.437  -35.864  58.387 0.0000000000
51878  17.644  -36.033  57.835 0.0000000000
51845  18.377  -35.898  59.309 0.0000000000
51826  18.240  -35.869  60.191 0.0000000000
51811  17.785  -35.900  61.862 0.0000000000
84617  48.755  -9.330  21.979 0.0000000000
83418  49.109  -10.026  22.825 0.0000000000
83389  48.772  -10.310  24.671 0.0000000000
78616  44.934  -14.325  33.276 0.0000000000
78599  45.233  -13.564  34.072 0.0000000000
80910  45.765  -11.655  35.785 0.0000000000
80909  46.500  -11.302  35.502 0.0000000000
46083  11.008  -40.984  56.422 0.0000000000
46071  9.977  -40.754  57.218 0.0000000000
47226  9.769  -40.499  57.609 0.0000000000
44935  9.284  -41.043  56.890 0.0000000000
46072  9.290  -40.681  57.372 0.0000000000
47216  8.944  -40.238  58.284 0.0000000000
46048  8.512  -40.707  59.494 0.0000000000
74929  39.848  -17.883  30.923 0.0000000000
76161  39.912  -16.580  32.067 0.0000000000
58869  34.489  -28.838  41.893 0.0000000000
58857  33.638  -29.497  42.422 0.0000000000
58856  34.367  -29.087  42.387 0.0000000000
60080  34.815  -29.012  42.874 0.0000000000
56585  24.547  -31.765  49.527 0.0000000000
53168  21.373  -35.118  47.778 0.0000000000
52010  21.083  -35.346  48.470 0.0000000000
51993  21.279  -35.489  49.460 0.0000000000
51994  20.416  -35.509  49.200 0.0000000000
61434  27.351  -27.366  44.680 0.0000000000
61414  26.900  -26.960  45.230 0.0000000000
61393  27.010  -27.056  45.987 0.0000000000
90315  56.277  -3.656  21.479 0.0000000000
90309  56.521  -3.530  22.199 0.0000000000
89159  56.387  -4.135  23.835 0.0000000000
86779  52.587  -7.033  26.738 0.0000000000
86763  53.073  -6.486  27.137 0.0000000000
87881  53.207  -5.615  29.480 0.0000000000
87864  53.504  -5.833  30.231 0.0000000000
82184  44.832  -11.268  25.012 0.0000000000
81032  45.890  -11.840  26.806 0.0000000000
82150  46.287  -11.583  26.854 0.0000000000
82148  47.971  -11.201  27.529 0.0000000000
82147  48.901  -11.085  27.968 0.0000000000
82093  48.341  -11.782  32.824 0.0000000000
77358  36.490  -15.580  34.045 0.0000000000
77374  36.746  -15.552  33.641 0.0000000000
77343  37.248  -15.523  34.585 0.0000000000
77325  38.373  -15.043  35.602 0.0000000000
76067  38.487  -15.583  36.114 0.0000000000
77324  39.012  -14.811  36.288 0.0000000000
77307  39.456  -14.647  37.006 0.0000000000
77306  40.070  -14.499  37.499 0.0000000000
78549  40.913  -14.089  38.237 0.0000000000
62791  38.410  -26.281  40.650 0.0000000000
64043  38.996  -25.573  39.710 0.0000000000
64023  38.968  -25.812  40.534 0.0000000000
63991  41.195  -25.187  41.746 0.0000000000
65180  41.046  -24.856  40.835 0.0000000000
65179  41.731  -24.487  41.117 0.0000000000
66327  42.393  -23.794  41.089 0.0000000000
66346  42.745  -23.336  40.852 0.0000000000
86875  52.715  -6.907  16.894 0.0000000000
85814  53.401  -7.379  16.988 0.0000000000
85813  54.095  -7.202  16.687 0.0000000000
85804  54.748  -7.313  16.931 0.0000000000
86863  55.394  -7.027  17.286 0.0000000000
89238  55.857  -4.913  18.556 0.0000000000
90335  55.984  -4.103  19.473 0.0000000000
90324  55.932  -3.965  20.424 0.0000000000
90428  60.460  -2.910  12.470 0.0000000000
89293  62.330  -5.120  14.840 0.0000000000
89269  60.767  -4.907  15.469 0.0000000000
90369  61.208  -4.342  15.798 0.0000000000
90360  60.573  -4.070  16.236 0.0000000000
90361  59.581  -4.143  16.688 0.0000000000
58789  32.744  -30.365  46.295 0.0000000000
58777  32.424  -29.979  47.164 0.0000000000
59976  32.174  -28.996  49.643 0.0000000000
59975  33.292  -29.283  49.679 0.0000000000
59955  33.983  -28.987  50.455 0.0000000000
61299  34.157  -28.595  51.780 0.0000000000
62614  30.998  -27.234  52.317 0.0000000000
61281  31.799  -27.661  52.362 0.0000000000
62595  32.218  -27.324  52.944 0.0000000000
62575  32.653  -26.951  53.509 0.0000000000
62594  33.168  -27.506  52.993 0.0000000000
50746  23.948  -36.642  55.977 0.0000000000
51862  20.059  -35.724  57.550 0.0000000000
50692  20.049  -36.233  60.010 0.0000000000
86826  53.856  -7.458  21.185 0.0000000000
86817  54.278  -7.154  22.026 0.0000000000
86818  53.793  -7.690  21.822 0.0000000000
85753  52.846  -8.587  22.364 0.0000000000
85710  53.362  -7.421  26.102 0.0000000000
84601  51.799  -9.424  23.661 0.0000000000
83402  51.164  -9.756  24.204 0.0000000000
84589  52.559  -8.758  24.768 0.0000000000
85711  52.978  -7.527  26.230 0.0000000000
86765  51.501  -6.743  27.528 0.0000000000
86781  51.153  -6.952  27.177 0.0000000000
86752  51.337  -6.601  28.172 0.0000000000
86743  50.895  -7.170  29.345 0.0000000000
77446  45.612  -15.136  27.867 0.0000000000
77415  47.758  -14.550  29.913 0.0000000000
77416  46.860  -14.930  30.367 0.0000000000
79827  47.827  -13.344  31.321 0.0000000000
80933  46.907  -12.223  33.740 0.0000000000
80951  47.075  -12.565  33.011 0.0000000000
72286  39.601  -18.580  34.255 0.0000000000
72265  40.198  -18.259  34.769 0.0000000000
72264  41.263  -18.201  35.189 0.0000000000
63927  42.126  -25.516  47.189 0.0000000000
65101  43.665  -24.867  47.710 0.0000000000
85807  52.139  -7.401  17.390 0.0000000000
84668  52.819  -8.285  18.419 0.0000000000
84661  52.072  -8.536  18.739 0.0000000000
84660  52.907  -8.381  19.157 0.0000000000
85787  53.416  -7.990  19.678 0.0000000000
85777  53.439  -7.856  20.629 0.0000000000
92551  57.226  -1.907  12.474 0.0000000000
91487  57.108  -2.356  12.877 0.0000000000
49611  14.486  -37.922  54.934 0.0000000000
49598  14.829  -37.270  56.069 0.0000000000
49599  14.413  -37.785  56.136 0.0000000000
49589  14.039  -38.107  57.265 0.0000000000
49581  13.474  -38.443  58.258 0.0000000000
49558  12.018  -37.817  61.282 0.0000000000
46069  11.420  -40.656  57.039 0.0000000000
47213  11.596  -39.667  58.434 0.0000000000
48395  11.519  -38.938  59.491 0.0000000000
49570  11.223  -38.524  60.490 0.0000000000
49559  11.232  -38.358  61.068 0.0000000000
81044  44.161  -12.243  25.984 0.0000000000
79873  44.249  -12.899  26.334 0.0000000000
78712  44.599  -13.295  26.583 0.0000000000
76189  45.181  -16.359  29.353 0.0000000000
77404  44.942  -15.506  31.421 0.0000000000
77382  44.652  -15.246  32.284 0.0000000000
73648  42.591  -17.711  29.204 0.0000000000
74926  43.126  -17.133  30.526 0.0000000000
74913  42.390  -17.097  31.250 0.0000000000
74912  42.791  -16.927  31.072 0.0000000000
76157  43.705  -16.258  31.425 0.0000000000
76130  44.187  -15.797  31.868 0.0000000000
77366  44.473  -14.992  33.012 0.0000000000
77350  44.333  -14.672  33.636 0.0000000000
79767  43.982  -13.462  35.436 0.0000000000
80912  43.942  -12.722  36.134 0.0000000000
80901  43.970  -12.150  36.671 0.0000000000
62863  36.722  -26.562  37.352 0.0000000000
62814  37.824  -26.469  39.829 0.0000000000
60135  34.673  -28.478  39.450 0.0000000000
60134  35.275  -28.087  39.796 0.0000000000
60101  35.789  -28.105  41.537 0.0000000000
61493  36.021  -27.765  40.747 0.0000000000
61510  35.939  -27.637  40.195 0.0000000000
61509  36.791  -27.064  39.852 0.0000000000
61508  37.468  -26.831  40.301 0.0000000000
62773  39.202  -26.124  41.952 0.0000000000
62758  39.445  -26.294  42.604 0.0000000000
62744  38.817  -27.159  43.839 0.0000000000
62743  39.401  -26.731  43.584 0.0000000000
63966  40.727  -26.194  44.634 0.0000000000
62707  40.846  -26.443  45.506 0.0000000000
63941  41.508  -26.119  46.644 0.0000000000
58788  33.762  -30.226  46.226 0.0000000000
58787  34.755  -29.952  46.184 0.0000000000
58761  35.024  -29.894  47.972 0.0000000000
58774  35.338  -29.855  47.120 0.0000000000
58786  35.769  -29.687  46.202 0.0000000000
60035  36.711  -29.467  46.706 0.0000000000
62613  36.919  -27.875  51.665 0.0000000000
61320  37.375  -28.403  50.387 0.0000000000
62629  37.739  -27.915  50.880 0.0000000000
59970  37.781  -28.881  48.811 0.0000000000
59991  38.207  -28.966  48.109 0.0000000000
60014  38.421  -28.765  47.029 0.0000000000
60013  38.931  -28.536  47.476 0.0000000000
61373  39.204  -28.253  46.996 0.0000000000
61372  39.808  -27.832  47.337 0.0000000000
61340  40.241  -27.571  48.792 0.0000000000
62670  40.343  -27.431  47.550 0.0000000000
62669  40.887  -26.808  47.353 0.0000000000
61226  27.208  -27.775  56.086 0.0000000000
61240  26.493  -28.111  55.701 0.0000000000
59907  25.926  -28.666  55.467 0.0000000000
58700  25.566  -29.235  55.602 0.0000000000
58689  25.432  -29.630  55.940 0.0000000000
57596  24.796  -30.612  55.256 0.0000000000
59942  25.223  -28.740  51.944 0.0000000000
59932  24.930  -29.317  52.673 0.0000000000
56527  24.777  -31.486  56.059 0.0000000000
54220  24.314  -33.709  55.690 0.0000000000
54221  24.279  -34.178  55.189 0.0000000000
53082  24.374  -35.239  54.984 0.0000000000
57669  24.551  -30.879  46.981 0.0000000000
55500  24.483  -32.595  50.048 0.0000000000
54350  23.562  -33.711  48.016 0.0000000000
54349  24.007  -33.055  47.548 0.0000000000
54334  24.139  -33.159  48.555 0.0000000000
54281  24.172  -33.519  51.349 0.0000000000
54266  24.056  -33.689  51.995 0.0000000000
54267  23.902  -34.185  52.403 0.0000000000
53110  23.820  -34.808  52.125 0.0000000000
53102  23.887  -34.801  52.854 0.0000000000
53093  23.978  -34.801  53.573 0.0000000000
51907  24.216  -35.799  54.628 0.0000000000
50765  23.682  -36.568  55.109 0.0000000000
50780  22.191  -36.848  54.172 0.0000000000
50767  21.657  -36.676  54.971 0.0000000000
51891  20.716  -35.898  55.438 0.0000000000
51938  20.027  -36.065  53.114 0.0000000000
51924  19.685  -35.930  54.081 0.0000000000
51910  19.470  -35.847  55.044 0.0000000000
51926  17.864  -35.940  54.588 0.0000000000
50794  17.067  -36.233  53.286 0.0000000000
49621  14.888  -37.281  54.477 0.0000000000
48440  13.497  -39.028  54.830 0.0000000000
47253  12.873  -39.454  54.437 0.0000000000
47242  12.482  -39.867  55.032 0.0000000000
58905  32.180  -29.790  39.754 0.0000000000
58890  32.047  -29.866  40.713 0.0000000000
58872  31.920  -29.975  41.680 0.0000000000
58859  31.757  -30.046  42.643 0.0000000000
58845  31.566  -30.198  43.584 0.0000000000
60121  29.491  -29.899  41.446 0.0000000000
60105  28.902  -29.509  41.960 0.0000000000
60104  29.544  -29.864  42.244 0.0000000000
58846  30.639  -30.198  43.679 0.0000000000
58825  31.327  -30.311  44.528 0.0000000000
58806  31.050  -30.254  45.478 0.0000000000
58791  30.778  -29.950  46.372 0.0000000000
58779  30.588  -29.581  47.022 0.0000000000
59978  30.215  -28.313  49.554 0.0000000000
61346  29.413  -27.819  49.962 0.0000000000
61391  27.902  -27.952  47.131 0.0000000000
60020  28.414  -28.122  47.420 0.0000000000
61363  27.707  -27.606  48.416 0.0000000000
61375  28.827  -27.984  48.453 0.0000000000
61326  29.673  -27.544  50.713 0.0000000000
63848  28.688  -26.188  53.221 0.0000000000
63860  27.666  -26.466  52.387 0.0000000000
63849  27.907  -26.275  53.175 0.0000000000
63837  28.292  -26.235  53.745 0.0000000000
62543  28.068  -26.772  54.935 0.0000000000
50751  14.905  -37.167  56.732 0.0000000000
50737  15.266  -36.976  57.689 0.0000000000
50709  14.589  -37.099  59.494 0.0000000000
50708  15.786  -36.628  59.788 0.0000000000
51828  16.608  -36.111  60.868 0.0000000000
51819  16.408  -36.089  61.684 0.0000000000
91402  57.356  -2.874  23.012 0.0000000000
87921  53.850  -6.395  26.880 0.0000000000
87906  54.811  -5.278  27.984 0.0000000000
89110  54.793  -5.056  28.819 0.0000000000
87905  55.263  -5.094  27.674 0.0000000000
89123  55.676  -4.814  27.802 0.0000000000
83375  47.040  -10.420  25.287 0.0000000000
83374  48.076  -9.849  25.636 0.0000000000
84582  48.817  -9.346  25.904 0.0000000000
85715  48.893  -8.524  26.645 0.0000000000
85686  50.363  -7.482  28.990 0.0000000000
78702  47.607  -14.080  27.553 0.0000000000
78700  48.987  -13.770  28.545 0.0000000000
82146  49.574  -10.910  28.579 0.0000000000
80968  48.855  -11.938  31.383 0.0000000000
82115  49.419  -11.417  30.968 0.0000000000
80981  49.542  -11.419  30.330 0.0000000000
83337  49.675  -10.071  28.804 0.0000000000
85663  51.002  -7.889  30.311 0.0000000000
76116  40.197  -15.694  33.347 0.0000000000
77373  37.644  -15.342  33.776 0.0000000000
78606  38.920  -14.548  35.117 0.0000000000
77372  38.568  -15.226  33.867 0.0000000000
77385  38.856  -15.653  33.331 0.0000000000
77384  39.381  -15.662  33.365 0.0000000000
76117  39.654  -15.669  33.365 0.0000000000
77353  41.540  -14.794  34.646 0.0000000000
78588  41.993  -13.849  35.848 0.0000000000
78589  41.105  -13.810  35.941 0.0000000000
79755  41.760  -13.368  36.367 0.0000000000
79754  42.643  -13.381  36.211 0.0000000000
80902  43.102  -12.432  37.085 0.0000000000
64062  39.504  -24.900  38.808 0.0000000000
65219  40.444  -24.124  38.864 0.0000000000
69936  41.017  -20.594  35.016 0.0000000000
69912  41.379  -21.107  35.679 0.0000000000
69935  41.493  -19.925  35.101 0.0000000000
71073  42.362  -19.179  35.887 0.0000000000
72242  42.476  -18.206  36.121 0.0000000000
65127  42.733  -24.771  45.405 0.0000000000
66276  43.917  -23.572  45.544 0.0000000000
65149  43.310  -24.172  43.676 0.0000000000
66307  43.310  -23.892  42.270 0.0000000000
66325  43.655  -23.396  42.068 0.0000000000
67510  43.215  -22.993  40.979 0.0000000000
68660  45.364  -21.694  43.284 0.0000000000
67508  44.376  -22.393  42.008 0.0000000000
68683  43.918  -22.270  40.874 0.0000000000
67521  43.571  -22.547  40.728 0.0000000000
68704  43.721  -21.415  39.397 0.0000000000
69874  44.416  -20.218  39.241 0.0000000000
71046  44.127  -19.511  38.388 0.0000000000
69886  43.594  -20.051  37.841 0.0000000000
71056  43.426  -19.135  37.123 0.0000000000
72241  42.905  -18.169  36.668 0.0000000000
73546  42.043  -17.410  36.394 0.0000000000
74816  41.696  -16.645  37.234 0.0000000000
74802  41.907  -16.374  37.847 0.0000000000
73502  43.267  -16.637  38.447 0.0000000000
74791  42.686  -16.175  38.584 0.0000000000
76031  41.514  -15.894  38.271 0.0000000000
77276  41.437  -14.663  38.866 0.0000000000
78530  41.329  -14.101  38.636 0.0000000000
73467  46.054  -17.593  41.800 0.0000000000
76002  44.107  -15.321  40.496 0.0000000000
75989  44.982  -15.573  41.808 0.0000000000
76001  44.643  -15.380  41.055 0.0000000000
76011  43.531  -15.293  39.995 0.0000000000
77267  43.108  -14.534  40.057 0.0000000000
78518  42.154  -13.968  39.348 0.0000000000
78529  41.725  -14.137  38.958 0.0000000000
79702  41.796  -13.404  38.832 0.0000000000
80854  41.957  -12.869  38.573 0.0000000000
80853  42.557  -12.559  39.067 0.0000000000
80835  43.535  -12.428  39.980 0.0000000000
91488  56.461  -2.251  13.034 0.0000000000
91468  56.879  -2.974  13.370 0.0000000000
89271  58.708  -5.563  15.367 0.0000000000
91456  59.189  -3.315  17.051 0.0000000000
89248  56.806  -4.994  17.618 0.0000000000
90351  58.267  -3.635  17.470 0.0000000000
91457  58.834  -3.334  17.313 0.0000000000
91448  59.608  -2.660  17.227 0.0000000000
92530  59.444  -2.139  17.793 0.0000000000
92512  60.129  -1.774  19.020 0.0000000000
92503  59.207  -1.637  20.156 0.0000000000
92502  60.008  -1.719  19.915 0.0000000000
44946  9.993  -41.361  56.116 0.0000000000
46058  8.906  -40.387  57.915 0.0000000000
46074  7.880  -40.905  58.078 0.0000000000
47203  11.489  -39.329  59.026 0.0000000000
47206  8.937  -40.120  58.742 0.0000000000
48388  11.131  -38.629  60.067 0.0000000000
48394  12.164  -38.911  59.201 0.0000000000
48401  12.429  -39.170  58.594 0.0000000000
48406  13.234  -38.968  57.502 0.0000000000
48416  13.280  -39.141  56.549 0.0000000000
49575  13.770  -37.735  59.311 0.0000000000
49590  13.615  -38.557  57.526 0.0000000000
50684  13.463  -37.308  61.024 0.0000000000
50694  15.662  -36.526  60.517 0.0000000000
50697  13.476  -37.402  60.618 0.0000000000
50707  16.452  -36.489  59.482 0.0000000000
50738  14.596  -37.471  57.557 0.0000000000
50764  24.025  -36.431  55.500 0.0000000000
50792  23.409  -36.397  53.515 0.0000000000
50804  23.799  -35.719  53.082 0.0000000000
50805  23.583  -36.013  52.988 0.0000000000
51814  15.374  -36.396  62.559 0.0000000000
51821  15.030  -36.422  62.112 0.0000000000
51846  17.552  -35.991  59.666 0.0000000000
51848  16.126  -36.401  60.460 0.0000000000
52009  21.681  -35.161  48.889 0.0000000000
53072  24.333  -34.636  54.951 0.0000000000
55423  24.001  -33.480  54.694 0.0000000000
57659  24.546  -30.494  47.639 0.0000000000
58759  36.356  -29.675  47.836 0.0000000000
58773  36.149  -29.677  47.252 0.0000000000
58780  24.548  -30.254  47.582 0.0000000000
58793  29.401  -29.228  46.049 0.0000000000
59888  26.542  -28.932  55.828 0.0000000000
59938  34.978  -28.817  51.052 0.0000000000
59941  32.731  -28.692  51.222 0.0000000000
59971  37.113  -28.951  49.196 0.0000000000
60017  30.819  -29.462  47.555 0.0000000000
60036  29.800  -29.090  46.786 0.0000000000
60051  35.715  -29.410  45.183 0.0000000000
60060  38.128  -27.948  44.591 0.0000000000
60103  34.231  -28.740  40.621 0.0000000000
60117  36.043  -27.849  41.100 0.0000000000
60136  34.081  -28.747  39.068 0.0000000000
60154  35.076  -28.175  39.112 0.0000000000
61225  27.990  -27.415  56.051 0.0000000000
61282  31.322  -27.448  52.337 0.0000000000
61296  37.076  -28.026  51.251 0.0000000000
61297  36.429  -28.222  51.482 0.0000000000
61303  30.425  -27.508  51.399 0.0000000000
61325  30.323  -27.754  50.812 0.0000000000
61327  29.016  -27.510  50.453 0.0000000000
61344  30.725  -28.077  50.476 0.0000000000
61360  29.800  -28.110  49.495 0.0000000000
61376  28.249  -27.846  47.950 0.0000000000
61388  39.636  -27.749  46.657 0.0000000000
61390  38.640  -28.051  45.612 0.0000000000
61408  38.519  -27.822  44.907 0.0000000000
61426  38.823  -27.484  44.678 0.0000000000
61461  37.977  -27.119  42.426 0.0000000000
61463  36.812  -27.761  42.503 0.0000000000
61476  37.538  -27.147  41.660 0.0000000000
61477  36.805  -27.600  41.868 0.0000000000
61543  36.511  -26.831  37.959 0.0000000000
62528  29.029  -26.696  55.933 0.0000000000
62558  33.024  -26.739  54.107 0.0000000000
62579  27.382  -26.513  53.421 0.0000000000
62597  30.628  -26.860  52.659 0.0000000000
62598  29.852  -26.605  52.472 0.0000000000
62600  27.525  -26.550  51.963 0.0000000000
62653  40.597  -27.313  48.305 0.0000000000
62689  39.687  -27.548  46.259 0.0000000000
62742  39.896  -26.309  43.368 0.0000000000
62792  37.905  -26.710  40.738 0.0000000000
62841  37.051  -26.565  38.228 0.0000000000
63805  29.878  -26.231  55.691 0.0000000000
63822  28.369  -26.358  54.288 0.0000000000
63861  27.277  -26.549  52.598 0.0000000000
63870  28.044  -26.538  51.955 0.0000000000
63871  27.739  -26.546  51.942 0.0000000000
63953  40.803  -26.345  45.211 0.0000000000
64004  41.136  -24.973  41.169 0.0000000000
64007  38.780  -26.072  41.082 0.0000000000
64021  40.365  -25.053  40.462 0.0000000000
65161  43.173  -24.195  42.827 0.0000000000
65235  40.265  -23.870  38.312 0.0000000000
66348  41.460  -23.806  39.925 0.0000000000
67509  43.801  -22.775  41.449 0.0000000000
67531  42.855  -22.486  39.621 0.0000000000
67532  42.430  -22.512  39.264 0.0000000000
67556  40.430  -22.754  36.320 0.0000000000
68714  43.000  -21.546  38.414 0.0000000000
69888  42.373  -21.354  37.703 0.0000000000
69895  43.475  -19.619  37.390 0.0000000000
71037  44.351  -19.858  38.922 0.0000000000
72209  44.341  -18.902  38.577 0.0000000000
72221  43.256  -18.414  37.032 0.0000000000
72263  42.034  -18.506  35.534 0.0000000000
73524  43.393  -18.072  37.359 0.0000000000
73525  43.056  -17.666  37.182 0.0000000000
73639  42.862  -17.579  29.780 0.0000000000
74792  41.939  -16.020  38.464 0.0000000000
74801  42.523  -16.501  38.003 0.0000000000
74803  41.220  -16.113  37.912 0.0000000000
74839  37.469  -16.137  35.387 0.0000000000
74924  44.613  -16.537  30.177 0.0000000000
76023  41.210  -15.068  38.639 0.0000000000
77253  44.720  -14.894  41.523 0.0000000000
77268  42.433  -14.536  39.571 0.0000000000
77275  41.905  -14.620  39.229 0.0000000000
77287  40.966  -14.657  38.492 0.0000000000
77403  45.680  -14.972  31.322 0.0000000000
77443  48.556  -14.099  28.380 0.0000000000
78550  40.540  -14.044  37.766 0.0000000000
78577  39.914  -13.785  37.081 0.0000000000
78578  39.390  -14.001  36.660 0.0000000000
78714  42.825  -14.332  26.382 0.0000000000
79679  43.557  -13.340  40.550 0.0000000000
79723  40.526  -13.739  37.600 0.0000000000
79745  39.650  -13.857  36.533 0.0000000000
79775  45.908  -13.095  33.921 0.0000000000
80919  47.394  -11.278  34.409 0.0000000000
83387  50.708  -9.690  24.803 0.0000000000
84572  47.809  -9.915  26.509 0.0000000000
84588  52.926  -8.601  24.668 0.0000000000
85736  52.642  -8.528  25.231 0.0000000000
85812  54.580  -7.008  16.575 0.0000000000
86767  50.232  -6.991  27.944 0.0000000000
87865  52.738  -6.015  30.069 0.0000000000
87879  54.335  -5.367  29.843 0.0000000000
88039  58.187  -5.758  16.446 0.0000000000
89085  54.544  -5.380  29.918 0.0000000000
89098  54.218  -5.172  29.281 0.0000000000
89111  54.383  -5.100  29.109 0.0000000000
90247  58.709  -4.026  26.969 0.0000000000
90370  60.785  -4.495  15.873 0.0000000000
91440  58.205  -2.480  18.268 0.0000000000
92528  60.653  -2.334  17.378 0.0000000000
92567  57.139  -1.497  12.384 0.0000000000
