#!ascii label  , from subject 3423 vox2ras=TkReg
1146
64166  35.144  -25.667  32.275 0.0000000000
85767  45.188  -7.193  21.271 0.0000000000
74961  35.501  -16.132  28.295 0.0000000000
53203  18.625  -34.400  45.467 0.0000000000
65240  27.931  -24.720  37.403 0.0000000000
79864  36.956  -11.559  27.884 0.0000000000
143790  22.093  -27.708  40.646 0.0000000000
54385  23.150  -33.402  44.093 0.0000000000
64051  24.374  -25.652  38.673 0.0000000000
84644  50.328  -8.773  20.299 0.0000000000
68775  35.143  -21.531  34.148 0.0000000000
72308  34.409  -18.642  33.340 0.0000000000
67590  38.904  -22.362  33.981 0.0000000000
89243  48.465  -4.026  18.385 0.0000000000
86865  51.975  -6.344  16.996 0.0000000000
86812  41.552  -6.291  24.188 0.0000000000
83378  44.142  -10.891  24.305 0.0000000000
81058  39.587  -11.237  25.160 0.0000000000
74968  41.086  -16.562  27.199 0.0000000000
60157  33.279  -28.932  37.992 0.0000000000
50842  16.673  -37.060  49.864 0.0000000000
50823  12.724  -37.196  51.368 0.0000000000
49613  10.346  -37.778  55.123 0.0000000000
64157  30.585  -25.957  33.660 0.0000000000
60160  27.627  -28.713  38.108 0.0000000000
78626  30.857  -13.657  32.133 0.0000000000
77375  35.961  -15.801  33.526 0.0000000000
93619  52.961  -0.872  15.221 0.0000000000
85764  47.685  -7.646  20.607 0.0000000000
83420  46.995  -9.649  22.634 0.0000000000
66495  34.756  -23.253  31.430 0.0000000000
68807  36.704  -21.330  31.536 0.0000000000
65290  37.559  -24.557  33.841 0.0000000000
89206  44.708  -4.407  21.431 0.0000000000
89186  47.798  -3.000  21.749 0.0000000000
88004  46.549  -4.975  19.752 0.0000000000
85790  48.857  -6.999  18.790 0.0000000000
44959  9.115  -41.444  55.614 0.0000000000
83398  39.863  -8.395  24.534 0.0000000000
83367  38.664  -8.771  26.307 0.0000000000
77462  36.366  -14.427  27.506 0.0000000000
77472  37.938  -14.371  26.532 0.0000000000
74971  37.899  -16.620  27.550 0.0000000000
74931  37.748  -17.865  30.471 0.0000000000
53228  20.362  -34.330  44.211 0.0000000000
53182  22.076  -34.623  46.636 0.0000000000
52029  20.086  -35.549  47.264 0.0000000000
51983  18.791  -35.929  49.486 0.0000000000
50871  17.484  -36.080  47.411 0.0000000000
51984  14.040  -35.451  50.695 0.0000000000
49637  11.152  -37.715  53.395 0.0000000000
64105  29.449  -25.446  36.052 0.0000000000
61561  29.042  -27.961  35.551 0.0000000000
64107  27.360  -25.770  35.933 0.0000000000
62783  25.034  -26.985  41.488 0.0000000000
62782  26.108  -26.836  41.389 0.0000000000
72288  37.801  -18.296  34.006 0.0000000000
74876  34.565  -16.959  33.838 0.0000000000
82153  38.154  -9.638  28.524 0.0000000000
78664  36.770  -11.393  29.440 0.0000000000
78666  34.791  -12.607  29.070 0.0000000000
57747  24.022  -29.785  40.790 0.0000000000
57705  24.594  -31.379  43.759 0.0000000000
55620  22.885  -31.901  41.452 0.0000000000
56650  21.467  -31.809  43.865 0.0000000000
55575  20.390  -32.660  45.046 0.0000000000
65258  25.125  -24.042  37.181 0.0000000000
66369  23.448  -23.696  39.261 0.0000000000
143787  22.599  -26.513  40.110 0.0000000000
71099  33.490  -20.741  36.009 0.0000000000
72311  30.645  -19.191  33.927 0.0000000000
71149  34.689  -19.758  32.798 0.0000000000
69972  37.926  -19.952  32.607 0.0000000000
90346  51.311  -2.682  17.603 0.0000000000
88024  50.376  -5.214  17.301 0.0000000000
84662  50.982  -8.398  18.550 0.0000000000
86819  43.036  -6.174  21.980 0.0000000000
84603  44.653  -9.145  22.549 0.0000000000
84605  42.318  -8.546  22.801 0.0000000000
82186  42.390  -11.231  24.694 0.0000000000
78721  43.068  -13.372  26.115 0.0000000000
81046  37.637  -11.050  26.093 0.0000000000
78724  40.195  -13.680  25.911 0.0000000000
61576  34.638  -27.404  35.461 0.0000000000
62885  36.735  -26.250  36.270 0.0000000000
87949  43.985  -4.158  23.967 0.0000000000
53169  17.295  -34.004  47.943 0.0000000000
52014  14.938  -35.818  48.402 0.0000000000
49674  14.546  -37.650  50.301 0.0000000000
48463  14.028  -38.472  52.010 0.0000000000
47280  11.914  -39.468  52.619 0.0000000000
48455  10.070  -39.260  53.639 0.0000000000
47243  8.943  -39.435  55.305 0.0000000000
47234  7.384  -39.169  56.057 0.0000000000
62939  32.950  -26.494  32.968 0.0000000000
60230  32.061  -28.289  34.957 0.0000000000
58942  30.681  -29.873  38.342 0.0000000000
62848  26.389  -26.711  38.212 0.0000000000
77421  32.911  -14.886  29.538 0.0000000000
74889  30.871  -17.486  32.369 0.0000000000
76141  33.262  -17.186  31.506 0.0000000000
74920  35.295  -17.170  30.773 0.0000000000
65251  38.919  -24.641  37.207 0.0000000000
92542  54.570  -1.584  13.607 0.0000000000
90365  52.744  -4.227  15.899 0.0000000000
90372  54.056  -3.484  15.057 0.0000000000
85766  45.941  -7.121  21.051 0.0000000000
84618  47.686  -9.048  22.010 0.0000000000
84634  46.295  -7.989  21.552 0.0000000000
65312  34.897  -24.799  31.633 0.0000000000
66465  36.557  -23.603  31.593 0.0000000000
65300  36.422  -25.247  32.567 0.0000000000
88007  44.656  -5.776  21.079 0.0000000000
89220  45.624  -4.163  20.646 0.0000000000
86840  45.753  -6.130  20.524 0.0000000000
85781  47.147  -6.911  20.144 0.0000000000
44960  8.208  -41.214  55.442 0.0000000000
84573  39.538  -7.319  26.597 0.0000000000
84549  39.350  -8.088  28.222 0.0000000000
76207  36.123  -15.715  27.852 0.0000000000
76218  37.137  -15.733  27.335 0.0000000000
76206  36.757  -16.434  27.887 0.0000000000
73661  38.194  -17.912  28.779 0.0000000000
74943  36.329  -17.342  29.213 0.0000000000
52084  19.267  -34.839  44.922 0.0000000000
52066  20.462  -35.377  45.942 0.0000000000
52048  19.175  -35.524  46.259 0.0000000000
52013  18.768  -35.976  47.506 0.0000000000
52049  18.289  -35.576  46.342 0.0000000000
64088  28.676  -25.122  36.804 0.0000000000
64124  28.300  -25.980  35.363 0.0000000000
65272  27.105  -24.870  36.319 0.0000000000
143772  24.514  -28.252  41.858 0.0000000000
74841  30.933  -16.550  36.529 0.0000000000
73570  37.972  -17.258  35.262 0.0000000000
78665  35.807  -11.868  29.122 0.0000000000
78644  35.331  -11.655  29.638 0.0000000000
57732  22.379  -29.577  40.288 0.0000000000
57731  23.459  -30.408  40.673 0.0000000000
58875  21.641  -29.690  41.086 0.0000000000
56649  21.633  -31.080  43.373 0.0000000000
56640  21.779  -31.083  44.289 0.0000000000
55585  21.098  -32.480  44.467 0.0000000000
66380  24.948  -23.102  38.874 0.0000000000
65170  22.333  -25.793  41.107 0.0000000000
64014  22.396  -25.172  40.378 0.0000000000
143786  22.223  -26.631  40.910 0.0000000000
143782  23.132  -28.158  39.769 0.0000000000
69959  33.327  -20.512  34.276 0.0000000000
69973  35.012  -20.756  32.699 0.0000000000
67638  37.982  -22.141  32.307 0.0000000000
69984  37.430  -20.443  32.159 0.0000000000
69971  38.441  -20.567  32.766 0.0000000000
71116  39.511  -19.502  33.747 0.0000000000
68772  40.009  -21.419  34.337 0.0000000000
89218  47.558  -3.388  20.018 0.0000000000
89229  50.289  -3.070  17.954 0.0000000000
89242  49.021  -4.019  17.953 0.0000000000
84656  49.260  -7.835  19.190 0.0000000000
85789  49.638  -7.604  18.612 0.0000000000
84655  50.102  -8.346  19.182 0.0000000000
86811  42.066  -6.043  23.434 0.0000000000
84623  42.686  -7.593  22.309 0.0000000000
84606  41.288  -7.742  23.371 0.0000000000
82188  40.024  -10.594  24.745 0.0000000000
83381  40.639  -10.019  24.300 0.0000000000
82187  41.219  -10.907  24.653 0.0000000000
81055  42.820  -12.013  25.261 0.0000000000
79895  41.145  -12.301  25.234 0.0000000000
81023  37.465  -11.056  27.949 0.0000000000
81036  37.474  -10.409  27.508 0.0000000000
81037  37.083  -11.312  27.119 0.0000000000
76216  39.535  -16.009  26.713 0.0000000000
77470  39.693  -14.475  26.116 0.0000000000
76226  40.925  -15.448  26.340 0.0000000000
77458  42.205  -14.938  26.480 0.0000000000
61560  33.966  -28.245  36.672 0.0000000000
61559  34.622  -27.873  36.883 0.0000000000
86793  42.772  -5.274  25.122 0.0000000000
86802  42.983  -5.143  23.899 0.0000000000
87966  43.541  -4.938  23.035 0.0000000000
55584  23.763  -32.963  43.837 0.0000000000
55558  23.641  -33.069  45.624 0.0000000000
50830  18.073  -36.395  49.938 0.0000000000
51968  18.794  -36.057  50.842 0.0000000000
50819  17.529  -36.624  51.341 0.0000000000
49657  16.338  -37.252  51.086 0.0000000000
53155  16.446  -34.091  48.854 0.0000000000
53171  15.923  -35.186  47.792 0.0000000000
53140  15.302  -34.342  49.467 0.0000000000
50822  13.267  -36.795  50.809 0.0000000000
50844  13.914  -36.396  49.805 0.0000000000
49675  13.771  -37.414  50.468 0.0000000000
48476  14.195  -38.055  51.036 0.0000000000
48477  13.233  -38.253  51.325 0.0000000000
48464  13.032  -39.035  52.540 0.0000000000
48478  12.142  -39.044  51.869 0.0000000000
49624  11.195  -37.261  54.555 0.0000000000
49638  10.747  -38.399  53.269 0.0000000000
48429  9.919  -38.432  54.613 0.0000000000
48442  9.683  -39.146  54.291 0.0000000000
48418  9.801  -38.269  55.475 0.0000000000
64140  31.188  -25.366  34.356 0.0000000000
64155  32.370  -25.294  33.480 0.0000000000
64156  31.178  -25.763  33.682 0.0000000000
61594  31.888  -27.794  34.142 0.0000000000
61595  30.926  -27.535  34.098 0.0000000000
60197  28.059  -28.323  36.405 0.0000000000
60195  30.439  -28.944  36.329 0.0000000000
60179  29.624  -29.677  37.392 0.0000000000
64071  24.572  -25.099  37.905 0.0000000000
62872  25.706  -25.660  37.102 0.0000000000
64050  25.112  -25.806  38.409 0.0000000000
61482  27.003  -27.212  41.346 0.0000000000
83393  44.630  -10.335  23.729 0.0000000000
83392  45.655  -10.505  23.875 0.0000000000
83376  45.989  -10.743  24.923 0.0000000000
79795  31.598  -11.969  31.932 0.0000000000
78668  32.787  -13.563  29.772 0.0000000000
78669  32.203  -14.260  30.134 0.0000000000
72310  32.107  -19.259  33.110 0.0000000000
73611  30.159  -17.853  33.374 0.0000000000
73609  32.769  -18.460  32.510 0.0000000000
76104  35.340  -16.245  33.716 0.0000000000
76119  34.459  -16.919  32.570 0.0000000000
76140  34.512  -17.006  32.032 0.0000000000
76167  33.499  -17.141  30.584 0.0000000000
76139  35.445  -16.497  32.380 0.0000000000
76164  36.759  -16.768  31.937 0.0000000000
64098  37.600  -25.623  36.224 0.0000000000
92543  53.865  -1.736  14.137 0.0000000000
89249  51.782  -4.960  16.575 0.0000000000
90355  52.059  -3.799  16.524 0.0000000000
89261  52.639  -4.962  16.101 0.0000000000
88043  54.458  -5.833  15.778 0.0000000000
88042  55.544  -6.251  15.865 0.0000000000
143785  22.322  -26.607  41.906 0.0000000000
143791  21.833  -28.131  42.524 0.0000000000
84632  48.351  -8.516  21.044 0.0000000000
84616  49.818  -9.494  22.115 0.0000000000
84617  48.755  -9.330  21.979 0.0000000000
67641  34.957  -22.151  32.217 0.0000000000
68808  35.579  -21.209  31.922 0.0000000000
67659  35.862  -22.502  31.067 0.0000000000
67639  37.262  -22.499  31.746 0.0000000000
66419  38.316  -23.410  33.898 0.0000000000
89175  46.700  -3.010  22.824 0.0000000000
89204  46.268  -3.471  21.245 0.0000000000
89219  46.562  -3.987  20.034 0.0000000000
89233  47.211  -3.998  19.490 0.0000000000
88026  48.424  -5.082  18.241 0.0000000000
86850  47.279  -5.866  19.380 0.0000000000
85780  47.958  -7.049  19.776 0.0000000000
46095  10.467  -41.267  55.840 0.0000000000
86795  41.034  -6.168  25.986 0.0000000000
85746  40.907  -6.921  24.159 0.0000000000
85730  39.796  -7.367  25.345 0.0000000000
84584  39.505  -8.093  25.087 0.0000000000
83383  38.770  -9.999  25.517 0.0000000000
78707  36.225  -12.340  27.689 0.0000000000
79886  37.258  -12.922  26.395 0.0000000000
77461  36.915  -14.447  27.120 0.0000000000
76217  38.377  -15.770  26.900 0.0000000000
74957  39.598  -17.483  27.772 0.0000000000
73660  39.160  -18.044  28.553 0.0000000000
73643  39.334  -18.314  30.182 0.0000000000
58904  32.986  -29.418  39.531 0.0000000000
54387  21.805  -34.075  44.219 0.0000000000
53198  22.945  -33.987  45.924 0.0000000000
53200  21.242  -35.041  45.788 0.0000000000
53183  21.367  -35.089  46.988 0.0000000000
52010  21.083  -35.346  48.470 0.0000000000
50840  18.096  -36.357  48.897 0.0000000000
50854  17.356  -36.485  48.338 0.0000000000
53129  14.548  -34.812  50.123 0.0000000000
51956  14.060  -35.349  52.175 0.0000000000
50810  13.055  -36.536  51.652 0.0000000000
49647  11.811  -37.485  52.663 0.0000000000
50798  12.377  -36.797  53.091 0.0000000000
49623  11.883  -37.040  54.324 0.0000000000
50771  11.562  -36.859  55.523 0.0000000000
64142  29.480  -26.075  34.471 0.0000000000
62925  29.712  -26.520  34.129 0.0000000000
62907  28.746  -26.212  35.047 0.0000000000
61581  28.104  -27.301  35.476 0.0000000000
61546  27.141  -27.655  36.865 0.0000000000
62801  24.365  -26.988  39.814 0.0000000000
62800  25.452  -26.735  40.200 0.0000000000
82175  44.832  -11.682  25.822 0.0000000000
77361  30.394  -14.311  34.119 0.0000000000
72290  35.693  -18.108  34.039 0.0000000000
73593  34.321  -17.552  33.685 0.0000000000
73591  35.927  -17.351  34.546 0.0000000000
74858  35.981  -16.643  34.878 0.0000000000
92532  52.433  -1.107  16.581 0.0000000000
44962  6.157  -41.198  55.813 0.0000000000
79862  38.329  -10.530  29.186 0.0000000000
79846  37.599  -11.284  29.084 0.0000000000
78706  36.972  -11.530  28.601 0.0000000000
78686  36.227  -11.899  28.628 0.0000000000
77433  35.288  -13.863  28.250 0.0000000000
77434  34.731  -14.650  28.503 0.0000000000
143760  24.436  -29.360  41.991 0.0000000000
143765  24.589  -30.051  43.129 0.0000000000
57730  24.414  -30.389  41.861 0.0000000000
55618  24.146  -32.357  42.150 0.0000000000
54406  23.176  -33.089  42.811 0.0000000000
57724  21.714  -30.903  42.178 0.0000000000
55609  21.854  -32.054  42.466 0.0000000000
55595  22.057  -33.138  43.234 0.0000000000
54396  20.751  -33.674  44.043 0.0000000000
54388  20.177  -33.519  44.085 0.0000000000
54381  19.177  -33.376  44.985 0.0000000000
65273  26.370  -24.407  36.715 0.0000000000
66392  25.698  -23.314  38.388 0.0000000000
66394  24.513  -23.760  37.713 0.0000000000
65244  23.759  -24.441  38.553 0.0000000000
66354  23.226  -23.262  40.266 0.0000000000
65206  22.751  -24.300  39.905 0.0000000000
64052  23.678  -25.520  39.073 0.0000000000
143769  23.811  -27.645  39.750 0.0000000000
143768  24.085  -28.692  40.641 0.0000000000
72244  31.942  -18.571  37.782 0.0000000000
72269  30.325  -18.280  36.293 0.0000000000
71101  31.643  -19.970  36.127 0.0000000000
71136  32.973  -19.911  33.528 0.0000000000
71134  34.954  -19.212  33.001 0.0000000000
69986  35.506  -20.270  32.200 0.0000000000
71147  36.168  -19.701  32.304 0.0000000000
71133  35.883  -19.085  32.818 0.0000000000
71118  37.613  -18.753  33.454 0.0000000000
72286  39.601  -18.580  34.255 0.0000000000
90338  50.824  -2.465  18.511 0.0000000000
89240  50.705  -4.349  17.202 0.0000000000
88034  51.159  -5.477  16.960 0.0000000000
86856  49.126  -6.284  18.114 0.0000000000
86867  50.687  -6.750  17.648 0.0000000000
85769  43.934  -6.965  21.519 0.0000000000
85754  44.847  -7.818  21.681 0.0000000000
84622  43.368  -8.081  22.193 0.0000000000
84604  43.623  -8.942  22.591 0.0000000000
83394  43.563  -10.158  23.719 0.0000000000
84593  41.269  -8.696  23.544 0.0000000000
83395  42.459  -9.839  23.723 0.0000000000
83379  43.000  -10.748  24.216 0.0000000000
81054  43.636  -11.962  25.561 0.0000000000
79880  43.526  -12.933  26.091 0.0000000000
82165  38.009  -9.412  27.774 0.0000000000
82177  38.265  -10.304  25.787 0.0000000000
81059  38.617  -10.973  25.436 0.0000000000
78726  38.053  -13.607  26.212 0.0000000000
79884  39.511  -12.799  25.555 0.0000000000
79883  40.657  -12.949  25.564 0.0000000000
78723  41.282  -13.738  25.875 0.0000000000
62923  34.193  -26.926  33.892 0.0000000000
62921  35.874  -26.133  34.481 0.0000000000
61575  35.345  -26.974  35.697 0.0000000000
61543  36.511  -26.831  37.959 0.0000000000
87980  44.520  -3.964  22.732 0.0000000000
87982  43.519  -5.321  22.179 0.0000000000
54369  18.461  -33.698  46.507 0.0000000000
54353  18.588  -33.635  47.460 0.0000000000
53185  17.531  -34.394  46.795 0.0000000000
52051  16.756  -35.092  47.188 0.0000000000
50873  16.063  -36.281  47.980 0.0000000000
49699  15.947  -37.107  49.099 0.0000000000
53141  14.621  -35.088  49.141 0.0000000000
50857  14.657  -36.511  48.851 0.0000000000
49686  15.902  -37.281  49.553 0.0000000000
49659  14.944  -37.862  50.902 0.0000000000
49635  14.640  -38.006  52.763 0.0000000000
47255  11.684  -39.961  53.855 0.0000000000
48466  11.389  -38.927  52.211 0.0000000000
47282  10.881  -39.211  52.964 0.0000000000
46121  10.885  -40.282  53.955 0.0000000000
46111  9.423  -40.541  54.537 0.0000000000
44973  8.728  -40.867  54.791 0.0000000000
46096  8.354  -40.487  55.125 0.0000000000
48419  9.328  -38.515  56.087 0.0000000000
47233  7.961  -39.088  56.032 0.0000000000
47245  7.084  -39.831  55.787 0.0000000000
64167  34.117  -25.292  32.217 0.0000000000
64168  33.139  -25.108  32.687 0.0000000000
62938  33.832  -26.544  32.969 0.0000000000
62924  33.361  -27.097  33.484 0.0000000000
60229  32.645  -28.374  35.224 0.0000000000
60193  32.516  -28.798  36.562 0.0000000000
60213  30.123  -28.272  35.281 0.0000000000
60194  31.548  -28.941  36.455 0.0000000000
58941  31.667  -29.658  38.112 0.0000000000
64108  26.445  -25.101  36.449 0.0000000000
62871  26.249  -26.377  37.208 0.0000000000
61529  27.178  -27.843  37.809 0.0000000000
62799  26.385  -26.935  40.243 0.0000000000
61512  27.164  -27.527  39.451 0.0000000000
60139  27.913  -28.794  39.243 0.0000000000
83421  46.011  -9.420  22.567 0.0000000000
78645  34.252  -12.054  29.790 0.0000000000
77420  33.432  -14.060  29.174 0.0000000000
76191  34.110  -15.683  28.884 0.0000000000
73574  29.956  -17.468  35.174 0.0000000000
76108  29.549  -15.570  33.889 0.0000000000
76144  30.293  -15.330  32.345 0.0000000000
74887  33.423  -17.726  32.537 0.0000000000
76142  31.816  -16.724  31.483 0.0000000000
76169  31.338  -15.685  31.055 0.0000000000
76183  32.666  -16.028  29.884 0.0000000000
74935  34.000  -16.959  29.861 0.0000000000
74933  35.705  -17.331  30.009 0.0000000000
74932  36.641  -17.619  30.281 0.0000000000
64135  37.227  -25.227  34.409 0.0000000000
65280  38.158  -24.437  34.789 0.0000000000
66402  39.301  -23.679  35.787 0.0000000000
66389  39.956  -23.562  37.267 0.0000000000
67571  40.237  -22.495  35.569 0.0000000000
94649  55.412  -0.280  13.149 0.0000000000
91451  52.324  -1.861  16.944 0.0000000000
91459  52.800  -1.996  15.961 0.0000000000
88044  53.474  -5.829  16.114 0.0000000000
90373  53.706  -3.914  15.359 0.0000000000
91458  53.377  -2.624  15.343 0.0000000000
91462  54.579  -3.003  14.315 0.0000000000
90390  55.543  -3.408  14.156 0.0000000000
84635  45.551  -7.769  21.534 0.0000000000
65311  36.156  -24.844  31.832 0.0000000000
64165  36.039  -25.597  32.505 0.0000000000
86828  44.868  -6.597  21.146 0.0000000000
86841  45.073  -6.085  20.923 0.0000000000
86827  45.381  -6.628  20.993 0.0000000000
44949  7.458  -41.450  56.327 0.0000000000
76208  35.378  -15.251  28.197 0.0000000000
74960  36.164  -16.703  28.360 0.0000000000
53202  19.014  -34.651  44.934 0.0000000000
52068  18.961  -35.071  45.512 0.0000000000
52069  18.069  -34.982  46.001 0.0000000000
65255  27.780  -24.951  36.591 0.0000000000
143771  24.441  -28.459  43.141 0.0000000000
143778  24.556  -27.848  43.146 0.0000000000
74840  31.529  -16.401  37.077 0.0000000000
143789  21.566  -28.880  41.122 0.0000000000
69958  34.020  -20.797  34.077 0.0000000000
69957  34.709  -21.041  33.647 0.0000000000
68805  38.273  -21.502  32.591 0.0000000000
68790  38.892  -21.472  33.361 0.0000000000
68789  39.574  -21.195  33.722 0.0000000000
68773  39.416  -21.753  34.012 0.0000000000
89217  48.530  -3.004  19.895 0.0000000000
89231  48.837  -3.343  18.850 0.0000000000
84645  49.192  -8.349  20.039 0.0000000000
84643  51.400  -8.799  20.670 0.0000000000
46093  12.001  -40.345  55.362 0.0000000000
85744  41.936  -7.120  22.730 0.0000000000
85745  41.300  -6.810  23.669 0.0000000000
81057  40.645  -11.463  25.024 0.0000000000
81056  41.720  -11.717  24.988 0.0000000000
74969  40.078  -16.745  27.170 0.0000000000
76227  40.131  -15.344  26.278 0.0000000000
76215  40.549  -16.026  26.673 0.0000000000
60175  33.619  -28.677  37.554 0.0000000000
60174  34.280  -28.368  37.764 0.0000000000
60156  33.809  -28.763  38.347 0.0000000000
86803  42.122  -5.841  24.565 0.0000000000
54393  23.401  -33.214  43.292 0.0000000000
55573  23.594  -32.985  44.733 0.0000000000
50841  17.346  -36.732  49.341 0.0000000000
50831  17.421  -36.766  50.335 0.0000000000
50832  16.781  -36.996  50.799 0.0000000000
49660  12.955  -37.571  50.995 0.0000000000
49661  12.116  -37.960  51.597 0.0000000000
49625  10.478  -37.954  54.056 0.0000000000
64141  30.146  -25.758  34.192 0.0000000000
62941  30.994  -26.334  33.516 0.0000000000
61609  31.468  -27.025  33.613 0.0000000000
61610  30.643  -26.880  33.778 0.0000000000
60180  28.314  -29.054  37.169 0.0000000000
60159  28.516  -29.493  38.431 0.0000000000
60158  29.695  -29.924  39.081 0.0000000000
83377  45.132  -10.923  24.421 0.0000000000
78618  30.840  -13.488  33.189 0.0000000000
78625  31.212  -12.761  32.447 0.0000000000
78647  31.777  -13.058  30.966 0.0000000000
78648  31.026  -14.167  31.356 0.0000000000
72309  33.381  -18.983  32.956 0.0000000000
76118  35.232  -16.160  32.870 0.0000000000
77388  36.058  -15.776  32.975 0.0000000000
76138  36.360  -16.180  32.466 0.0000000000
94630  53.075  0.054  15.153 0.0000000000
95692  53.470  0.532  14.897 0.0000000000
93622  53.360  -0.722  14.863 0.0000000000
88033  51.870  -5.701  16.761 0.0000000000
88045  52.531  -5.955  16.504 0.0000000000
143780  22.951  -25.535  43.454 0.0000000000
143773  22.735  -26.528  43.635 0.0000000000
68817  35.491  -22.027  31.506 0.0000000000
67660  35.181  -22.674  31.467 0.0000000000
65310  36.818  -24.252  32.232 0.0000000000
66441  37.543  -23.698  32.769 0.0000000000
66440  38.065  -23.085  33.054 0.0000000000
66420  37.882  -23.961  33.629 0.0000000000
89189  44.960  -3.710  22.178 0.0000000000
89188  45.954  -3.291  22.400 0.0000000000
89205  45.402  -3.783  21.464 0.0000000000
88005  45.970  -5.048  20.156 0.0000000000
88017  47.144  -4.972  19.279 0.0000000000
84646  48.370  -7.840  20.201 0.0000000000
44958  9.829  -41.399  55.640 0.0000000000
86785  40.613  -6.234  26.534 0.0000000000
86805  40.668  -6.462  25.553 0.0000000000
86786  40.370  -6.481  26.335 0.0000000000
84561  38.985  -8.279  26.801 0.0000000000
84574  39.157  -7.894  26.066 0.0000000000
83382  39.278  -9.264  25.027 0.0000000000
83368  38.405  -9.553  25.944 0.0000000000
77450  36.253  -13.713  27.498 0.0000000000
78715  36.696  -13.281  27.004 0.0000000000
74972  37.249  -16.543  27.753 0.0000000000
74970  38.981  -16.741  27.262 0.0000000000
74958  38.505  -17.393  28.011 0.0000000000
73653  37.976  -18.078  29.540 0.0000000000
73652  38.791  -18.318  29.399 0.0000000000
74930  38.823  -17.876  30.827 0.0000000000
53227  21.072  -34.271  44.176 0.0000000000
53213  21.651  -34.438  44.675 0.0000000000
53214  20.493  -34.920  44.795 0.0000000000
52047  19.941  -35.517  46.423 0.0000000000
52046  20.669  -35.380  46.637 0.0000000000
52028  20.812  -35.351  47.545 0.0000000000
52011  20.237  -35.509  48.189 0.0000000000
52012  19.471  -35.752  47.858 0.0000000000
50870  18.181  -36.109  47.144 0.0000000000
50853  18.121  -36.273  47.919 0.0000000000
51957  13.616  -35.842  52.142 0.0000000000
50797  12.971  -36.381  52.569 0.0000000000
50783  12.980  -36.302  53.452 0.0000000000
50785  11.942  -36.955  54.811 0.0000000000
64087  29.678  -25.438  37.084 0.0000000000
64122  30.283  -25.505  35.198 0.0000000000
64123  29.210  -25.767  35.074 0.0000000000
64125  27.879  -26.273  35.444 0.0000000000
62909  27.622  -26.729  35.634 0.0000000000
61563  27.628  -27.557  36.089 0.0000000000
62890  26.895  -26.749  36.404 0.0000000000
76107  29.997  -15.043  34.291 0.0000000000
72289  36.748  -17.946  34.306 0.0000000000
74856  37.421  -16.943  35.436 0.0000000000
73572  36.407  -17.093  35.055 0.0000000000
74857  36.911  -16.530  35.254 0.0000000000
78687  35.359  -12.727  28.500 0.0000000000
78688  34.857  -13.497  28.556 0.0000000000
57746  24.278  -29.556  41.402 0.0000000000
56680  22.669  -31.019  40.953 0.0000000000
56679  23.607  -31.407  41.176 0.0000000000
55607  23.635  -32.805  42.457 0.0000000000
58849  21.679  -29.455  43.141 0.0000000000
58862  21.528  -29.551  41.965 0.0000000000
56658  21.601  -31.086  42.851 0.0000000000
56659  21.572  -31.628  42.919 0.0000000000
55596  21.383  -32.764  43.518 0.0000000000
55586  20.284  -33.089  44.370 0.0000000000
55587  19.625  -33.288  44.666 0.0000000000
55576  19.718  -32.989  45.038 0.0000000000
65242  26.556  -23.610  38.648 0.0000000000
66368  24.097  -23.021  39.504 0.0000000000
66381  24.128  -23.434  38.446 0.0000000000
65243  24.072  -24.255  37.983 0.0000000000
66382  23.667  -24.048  38.623 0.0000000000
143788  22.431  -25.655  40.384 0.0000000000
64031  22.513  -24.893  40.075 0.0000000000
64030  22.853  -25.393  39.723 0.0000000000
62802  23.433  -26.361  39.413 0.0000000000
143777  23.285  -27.234  39.676 0.0000000000
143775  23.324  -29.102  39.970 0.0000000000
143776  23.715  -28.630  40.212 0.0000000000
143763  24.193  -29.142  40.969 0.0000000000
143761  24.366  -29.022  41.571 0.0000000000
71077  32.414  -19.795  37.197 0.0000000000
71100  32.765  -20.562  35.775 0.0000000000
69975  33.712  -20.238  33.553 0.0000000000
71119  32.639  -20.359  34.551 0.0000000000
71135  34.037  -19.560  33.066 0.0000000000
71146  36.805  -19.912  32.211 0.0000000000
71132  37.212  -19.312  32.850 0.0000000000
71115  40.446  -20.178  34.215 0.0000000000
90337  51.223  -2.109  19.143 0.0000000000
89241  49.884  -4.109  17.573 0.0000000000
88023  50.720  -5.024  17.072 0.0000000000
86857  48.496  -5.984  18.406 0.0000000000
86848  48.595  -6.373  18.533 0.0000000000
84663  50.306  -7.893  18.450 0.0000000000
85798  50.087  -7.106  18.066 0.0000000000
85797  50.805  -7.703  18.066 0.0000000000
85808  51.204  -7.310  17.684 0.0000000000
86830  43.628  -6.502  21.602 0.0000000000
85755  44.049  -7.612  21.781 0.0000000000
85756  43.291  -7.159  21.842 0.0000000000
83410  43.055  -9.488  23.131 0.0000000000
83411  42.414  -9.329  23.225 0.0000000000
84594  40.494  -7.946  24.035 0.0000000000
83397  40.415  -9.010  24.103 0.0000000000
83380  41.848  -10.392  24.253 0.0000000000
83396  41.415  -9.552  23.873 0.0000000000
82185  43.724  -11.472  25.060 0.0000000000
79881  42.712  -12.847  25.750 0.0000000000
81045  43.381  -12.395  25.728 0.0000000000
82164  38.470  -8.878  28.050 0.0000000000
82166  37.872  -9.944  26.609 0.0000000000
79898  38.280  -11.584  25.539 0.0000000000
78727  37.375  -13.858  26.656 0.0000000000
78725  39.043  -13.566  25.952 0.0000000000
61592  34.224  -27.305  34.624 0.0000000000
62906  34.731  -26.931  34.609 0.0000000000
61545  34.999  -27.930  38.105 0.0000000000
61544  35.811  -27.223  37.626 0.0000000000
87964  44.613  -3.681  23.417 0.0000000000
87965  44.036  -4.318  23.206 0.0000000000
86810  42.876  -5.574  22.814 0.0000000000
87995  43.685  -5.850  21.604 0.0000000000
58828  24.657  -30.801  44.227 0.0000000000
58809  24.722  -30.719  44.995 0.0000000000
57693  24.641  -31.355  44.638 0.0000000000
53181  22.789  -34.230  46.420 0.0000000000
51967  20.024  -35.889  51.110 0.0000000000
54351  20.066  -33.175  46.422 0.0000000000
54339  17.742  -33.660  48.684 0.0000000000
54354  17.994  -33.757  47.925 0.0000000000
54370  17.895  -33.797  47.275 0.0000000000
53186  16.990  -34.854  47.048 0.0000000000
53156  15.405  -34.943  48.377 0.0000000000
52034  15.627  -35.714  47.998 0.0000000000
50856  15.423  -36.554  48.455 0.0000000000
51997  14.065  -35.766  49.771 0.0000000000
49689  13.964  -36.835  49.830 0.0000000000
50843  14.167  -36.427  49.392 0.0000000000
49688  14.432  -37.098  49.558 0.0000000000
49687  15.137  -37.413  49.542 0.0000000000
49673  15.414  -37.625  50.313 0.0000000000
49646  14.805  -37.925  51.729 0.0000000000
47279  12.396  -39.430  52.836 0.0000000000
47265  12.652  -39.452  53.494 0.0000000000
47254  12.175  -39.852  54.194 0.0000000000
47266  12.048  -39.722  53.352 0.0000000000
49662  11.664  -38.685  51.906 0.0000000000
49648  11.314  -38.362  52.515 0.0000000000
47268  10.614  -39.655  53.425 0.0000000000
46122  10.166  -40.348  54.051 0.0000000000
47256  9.121  -39.782  54.820 0.0000000000
47257  8.624  -40.095  55.022 0.0000000000
49602  9.398  -38.044  56.694 0.0000000000
48408  8.975  -38.342  56.747 0.0000000000
47235  6.513  -39.195  56.194 0.0000000000
65313  33.894  -24.302  31.921 0.0000000000
62955  32.387  -25.639  33.044 0.0000000000
64154  32.894  -25.038  33.105 0.0000000000
62954  32.728  -25.779  32.830 0.0000000000
62953  33.473  -25.885  32.602 0.0000000000
61593  33.297  -27.876  34.595 0.0000000000
60210  33.010  -28.471  35.762 0.0000000000
60211  32.173  -28.590  35.739 0.0000000000
61597  29.438  -27.180  34.605 0.0000000000
61578  29.908  -27.653  34.745 0.0000000000
60178  31.003  -29.560  37.239 0.0000000000
60177  32.029  -29.278  37.282 0.0000000000
58924  31.475  -29.869  39.040 0.0000000000
65274  25.817  -24.150  36.944 0.0000000000
64109  25.774  -24.613  36.798 0.0000000000
62849  25.756  -26.050  37.928 0.0000000000
62870  26.785  -27.094  37.475 0.0000000000
62847  26.981  -27.260  38.435 0.0000000000
61481  27.605  -28.097  41.140 0.0000000000
61498  27.099  -27.409  40.218 0.0000000000
61497  27.500  -28.092  39.888 0.0000000000
84621  44.329  -8.399  22.136 0.0000000000
84620  45.445  -8.668  22.126 0.0000000000
84602  45.198  -9.242  22.529 0.0000000000
79815  33.647  -11.495  30.456 0.0000000000
77435  33.862  -14.669  28.870 0.0000000000
76192  33.498  -15.225  29.129 0.0000000000
72292  30.124  -19.022  35.340 0.0000000000
73573  30.157  -17.446  35.946 0.0000000000
72293  29.991  -18.313  34.713 0.0000000000
74890  29.939  -16.592  32.881 0.0000000000
76122  29.954  -15.513  32.914 0.0000000000
74903  30.211  -15.959  32.316 0.0000000000
74877  34.062  -17.379  33.182 0.0000000000
76106  33.834  -17.321  32.705 0.0000000000
76120  33.285  -17.368  32.090 0.0000000000
76168  32.219  -16.153  30.659 0.0000000000
74921  34.471  -17.183  30.501 0.0000000000
74934  34.774  -16.990  29.784 0.0000000000
74919  36.233  -17.080  30.983 0.0000000000
76163  37.782  -16.709  32.042 0.0000000000
62904  36.343  -26.089  35.223 0.0000000000
64136  36.524  -25.677  34.264 0.0000000000
64099  37.070  -25.810  35.558 0.0000000000
64097  38.337  -25.109  36.669 0.0000000000
64116  38.134  -24.989  35.774 0.0000000000
65266  38.769  -24.272  36.072 0.0000000000
66410  38.879  -23.668  35.068 0.0000000000
65265  39.327  -23.828  36.256 0.0000000000
66400  40.314  -23.049  36.846 0.0000000000
67570  40.769  -22.217  36.118 0.0000000000
93626  54.441  -0.639  13.584 0.0000000000
94635  54.798  0.306  13.576 0.0000000000
93638  55.092  -0.870  13.179 0.0000000000
92541  55.254  -2.038  13.383 0.0000000000
90354  52.015  -2.522  17.244 0.0000000000
90364  52.971  -3.316  15.765 0.0000000000
88057  54.481  -5.312  15.443 0.0000000000
89259  54.160  -5.183  15.489 0.0000000000
89275  54.229  -4.643  15.279 0.0000000000
90363  53.477  -3.131  15.366 0.0000000000
91463  53.832  -2.305  14.703 0.0000000000
90371  55.002  -3.725  14.572 0.0000000000
85765  46.816  -7.441  20.876 0.0000000000
84633  47.260  -8.240  21.380 0.0000000000
84619  46.627  -8.822  22.078 0.0000000000
65332  34.795  -23.933  31.454 0.0000000000
66494  35.585  -23.424  31.218 0.0000000000
65331  35.489  -24.252  31.369 0.0000000000
65299  36.877  -24.795  32.859 0.0000000000
87993  44.649  -4.873  21.209 0.0000000000
89221  45.107  -4.292  21.002 0.0000000000
88006  45.025  -5.103  20.827 0.0000000000
86839  46.668  -5.917  19.824 0.0000000000
85782  46.452  -6.745  20.439 0.0000000000
85718  40.011  -6.713  26.691 0.0000000000
85703  40.055  -6.660  27.433 0.0000000000
84560  39.402  -7.646  27.417 0.0000000000
77451  35.836  -14.482  27.859 0.0000000000
76219  36.439  -14.988  27.484 0.0000000000
74959  37.288  -17.242  28.402 0.0000000000
73662  37.627  -17.833  29.021 0.0000000000
74942  37.180  -17.834  29.459 0.0000000000
53215  19.592  -34.513  44.504 0.0000000000
52083  19.603  -35.020  44.970 0.0000000000
52067  19.871  -35.317  45.571 0.0000000000
52030  19.357  -35.735  47.001 0.0000000000
52031  18.663  -35.840  46.807 0.0000000000
50884  18.229  -35.905  46.733 0.0000000000
50885  17.844  -35.885  46.807 0.0000000000
51929  13.557  -35.894  54.272 0.0000000000
64106  28.337  -25.339  35.901 0.0000000000
65271  27.633  -25.187  36.116 0.0000000000
143766  24.672  -27.793  41.985 0.0000000000
61483  24.935  -27.194  42.328 0.0000000000
143774  24.909  -27.343  42.935 0.0000000000
76072  30.600  -16.174  35.949 0.0000000000
72267  38.408  -17.789  34.596 0.0000000000
72268  37.591  -17.707  34.640 0.0000000000
73569  38.919  -17.348  35.206 0.0000000000
78643  36.344  -11.287  29.722 0.0000000000
57748  23.420  -29.672  40.274 0.0000000000
57706  21.746  -30.319  43.743 0.0000000000
65186  22.328  -24.972  41.072 0.0000000000
143784  22.775  -27.455  39.924 0.0000000000
69940  33.135  -20.557  34.967 0.0000000000
69939  33.723  -20.745  35.297 0.0000000000
69974  34.385  -20.341  33.127 0.0000000000
68806  37.663  -21.467  32.006 0.0000000000
69983  38.023  -20.971  32.280 0.0000000000
71131  38.398  -19.714  33.078 0.0000000000
69970  39.276  -20.567  33.368 0.0000000000
69956  39.950  -20.624  33.881 0.0000000000
69955  40.468  -20.849  34.389 0.0000000000
89202  48.148  -2.881  20.894 0.0000000000
89201  49.228  -2.450  21.022 0.0000000000
89230  49.706  -3.166  18.541 0.0000000000
88025  49.450  -5.166  17.684 0.0000000000
84654  51.232  -8.739  19.522 0.0000000000
86820  42.423  -6.304  22.565 0.0000000000
85757  42.628  -6.884  22.210 0.0000000000
79894  42.039  -12.417  25.289 0.0000000000
79882  41.712  -13.025  25.608 0.0000000000
81022  37.850  -10.557  28.485 0.0000000000
81035  37.914  -10.011  28.310 0.0000000000
81047  37.208  -11.962  26.359 0.0000000000
76228  39.121  -15.183  26.390 0.0000000000
77471  38.694  -14.371  26.251 0.0000000000
77469  40.961  -14.664  26.088 0.0000000000
77459  41.414  -15.227  26.357 0.0000000000
61577  33.822  -28.072  36.006 0.0000000000
86783  42.398  -5.206  26.291 0.0000000000
86792  43.493  -4.660  24.586 0.0000000000
86801  43.563  -4.676  24.034 0.0000000000
87950  43.652  -4.663  23.643 0.0000000000
55593  24.207  -32.505  43.569 0.0000000000
56639  24.446  -31.967  45.001 0.0000000000
55583  24.106  -32.480  44.416 0.0000000000
55572  24.014  -32.505  45.306 0.0000000000
50818  18.003  -36.446  50.745 0.0000000000
51969  18.176  -36.368  51.253 0.0000000000
50807  17.331  -36.451  52.439 0.0000000000
50821  15.985  -37.105  52.285 0.0000000000
54340  17.167  -33.735  49.115 0.0000000000
53154  17.158  -33.886  48.638 0.0000000000
53170  16.529  -34.714  47.628 0.0000000000
51985  13.721  -36.158  50.419 0.0000000000
51998  13.815  -36.243  50.017 0.0000000000
50833  13.695  -36.661  50.176 0.0000000000
48490  14.060  -37.805  50.601 0.0000000000
48491  13.803  -37.919  50.807 0.0000000000
48465  12.368  -39.316  52.404 0.0000000000
48441  10.150  -38.660  53.763 0.0000000000
47269  9.780  -39.820  54.034 0.0000000000
48430  9.358  -38.958  55.160 0.0000000000
62940  32.013  -26.179  33.204 0.0000000000
61608  32.479  -27.193  33.507 0.0000000000
60231  31.100  -28.140  34.706 0.0000000000
60196  29.163  -28.605  36.118 0.0000000000
60214  29.424  -28.161  35.497 0.0000000000
58925  30.710  -29.959  39.298 0.0000000000
64090  24.655  -24.453  37.475 0.0000000000
64089  25.199  -24.927  37.146 0.0000000000
64070  25.237  -25.498  37.656 0.0000000000
61470  26.771  -26.980  42.473 0.0000000000
83409  44.118  -9.676  23.094 0.0000000000
83408  45.247  -9.741  23.000 0.0000000000
79817  32.033  -12.020  31.308 0.0000000000
79816  32.605  -11.834  30.865 0.0000000000
73610  31.354  -18.448  32.720 0.0000000000
76105  34.330  -17.012  33.027 0.0000000000
76166  34.821  -17.154  31.456 0.0000000000
76165  35.803  -16.893  31.769 0.0000000000
62884  37.311  -26.078  36.948 0.0000000000
64081  37.935  -25.701  37.175 0.0000000000
64080  38.518  -25.240  37.587 0.0000000000
65237  38.958  -24.883  37.885 0.0000000000
94636  54.152  -0.234  13.847 0.0000000000
93627  53.869  -0.884  14.101 0.0000000000
89239  51.311  -3.954  16.994 0.0000000000
88056  55.034  -5.453  15.408 0.0000000000
89274  55.350  -4.570  14.982 0.0000000000
88055  56.055  -5.714  15.503 0.0000000000
65169  22.687  -24.830  42.556 0.0000000000
84631  49.497  -8.976  21.122 0.0000000000
68792  35.227  -21.491  33.076 0.0000000000
68816  35.960  -21.720  31.208 0.0000000000
67640  36.492  -22.118  31.173 0.0000000000
66493  36.144  -23.078  31.135 0.0000000000
67658  36.484  -22.749  31.246 0.0000000000
67614  37.912  -22.787  32.533 0.0000000000
67613  38.347  -22.394  33.097 0.0000000000
89187  46.922  -3.121  21.986 0.0000000000
89203  47.230  -3.241  21.012 0.0000000000
89232  47.827  -3.937  18.914 0.0000000000
88016  47.755  -5.027  18.736 0.0000000000
86849  47.961  -6.115  18.930 0.0000000000
86838  47.392  -6.399  19.588 0.0000000000
85791  48.304  -6.981  19.208 0.0000000000
85779  48.618  -7.573  19.499 0.0000000000
46094  11.233  -40.877  55.519 0.0000000000
86804  41.238  -6.275  24.995 0.0000000000
85737  41.070  -6.631  24.328 0.0000000000
85738  40.408  -6.955  24.706 0.0000000000
84595  39.942  -7.656  24.713 0.0000000000
85719  39.709  -7.163  26.135 0.0000000000
82189  39.161  -10.414  25.236 0.0000000000
79874  36.678  -12.184  26.988 0.0000000000
77473  37.477  -14.423  26.776 0.0000000000
77460  37.681  -14.972  26.821 0.0000000000
76229  38.355  -14.949  26.542 0.0000000000
73659  40.218  -17.969  28.472 0.0000000000
73642  40.341  -18.208  30.149 0.0000000000
73651  39.774  -18.311  29.324 0.0000000000
58922  33.151  -29.182  38.608 0.0000000000
58903  33.612  -29.035  39.339 0.0000000000
58888  33.624  -29.102  40.196 0.0000000000
86794  41.911  -5.906  25.696 0.0000000000
54386  22.332  -33.893  44.366 0.0000000000
54379  23.002  -33.671  45.212 0.0000000000
53212  22.220  -34.228  44.841 0.0000000000
53199  22.320  -34.314  45.534 0.0000000000
53167  21.942  -34.827  47.629 0.0000000000
51995  19.544  -35.638  48.848 0.0000000000
51996  18.795  -35.989  48.409 0.0000000000
53120  14.497  -34.677  51.173 0.0000000000
51970  14.040  -35.359  51.593 0.0000000000
51971  13.606  -36.027  51.196 0.0000000000
50811  12.439  -37.040  52.087 0.0000000000
49636  11.823  -37.168  53.699 0.0000000000
50784  12.468  -36.586  54.236 0.0000000000
49612  10.777  -37.232  55.715 0.0000000000
61611  30.150  -26.756  33.874 0.0000000000
62926  29.113  -26.484  34.735 0.0000000000
62927  28.918  -27.054  34.838 0.0000000000
62908  28.381  -26.681  35.125 0.0000000000
61580  28.751  -27.457  35.213 0.0000000000
61562  28.461  -27.867  35.804 0.0000000000
60181  27.498  -28.396  37.103 0.0000000000
62825  24.906  -26.251  39.230 0.0000000000
62766  25.892  -26.818  42.514 0.0000000000
82184  44.832  -11.268  25.012 0.0000000000
77376  30.405  -14.265  32.943 0.0000000000
72291  34.948  -18.219  33.809 0.0000000000
73607  34.429  -18.013  33.745 0.0000000000
73592  34.959  -17.576  34.152 0.0000000000
74875  35.304  -16.778  34.396 0.0000000000
73571  37.050  -17.335  35.060 0.0000000000
76088  35.726  -16.390  34.378 0.0000000000
76103  35.936  -15.863  34.053 0.0000000000
93620  52.615  -0.617  15.734 0.0000000000
86875  52.715  -6.907  16.894 0.0000000000
44961  7.092  -41.124  55.825 0.0000000000
81020  38.987  -9.724  29.481 0.0000000000
81021  38.341  -9.991  28.949 0.0000000000
79863  37.718  -11.162  28.690 0.0000000000
77432  35.655  -13.111  27.903 0.0000000000
77452  35.313  -14.582  28.207 0.0000000000
143770  24.536  -29.264  42.992 0.0000000000
58848  24.632  -30.739  43.262 0.0000000000
57722  24.532  -31.262  42.464 0.0000000000
56678  24.282  -31.694  41.822 0.0000000000
56668  24.445  -31.912  42.544 0.0000000000
55606  24.252  -32.510  42.792 0.0000000000
54405  23.562  -33.075  42.861 0.0000000000
57723  21.792  -30.601  41.496 0.0000000000
57714  21.618  -30.516  42.646 0.0000000000
56669  22.194  -31.672  41.700 0.0000000000
55608  22.571  -32.628  42.434 0.0000000000
54394  22.630  -33.344  43.376 0.0000000000
54395  21.686  -33.676  43.857 0.0000000000
55597  20.652  -33.277  44.036 0.0000000000
54397  20.033  -33.995  44.103 0.0000000000
54389  19.472  -33.683  44.392 0.0000000000
53216  18.966  -34.233  44.694 0.0000000000
54382  18.742  -33.769  45.579 0.0000000000
65256  27.116  -24.370  37.000 0.0000000000
65241  27.256  -24.123  37.950 0.0000000000
65257  26.124  -23.804  37.498 0.0000000000
66393  25.057  -23.429  37.915 0.0000000000
65259  24.534  -24.086  37.507 0.0000000000
64072  23.964  -24.916  38.543 0.0000000000
65207  22.409  -24.655  40.476 0.0000000000
65227  23.402  -24.612  39.072 0.0000000000
62826  24.135  -26.226  39.104 0.0000000000
62784  24.216  -27.932  40.563 0.0000000000
143764  24.383  -28.479  41.375 0.0000000000
143762  24.482  -28.542  42.250 0.0000000000
72245  31.194  -18.172  37.365 0.0000000000
71078  31.418  -19.178  37.023 0.0000000000
71102  30.796  -19.258  36.215 0.0000000000
71121  30.901  -19.805  35.174 0.0000000000
71120  31.808  -20.268  34.993 0.0000000000
71137  31.867  -19.919  34.004 0.0000000000
69987  34.923  -20.140  32.577 0.0000000000
69985  36.350  -20.421  31.919 0.0000000000
72307  35.365  -18.603  33.385 0.0000000000
72306  36.341  -18.530  33.439 0.0000000000
72305  37.149  -18.523  33.572 0.0000000000
71117  38.243  -18.988  33.503 0.0000000000
72287  38.841  -18.449  34.035 0.0000000000
90347  50.811  -3.181  17.468 0.0000000000
89250  51.207  -4.697  16.863 0.0000000000
85799  49.409  -7.031  18.357 0.0000000000
86855  50.060  -6.130  17.637 0.0000000000
88035  50.704  -6.062  17.315 0.0000000000
86866  51.306  -6.589  17.290 0.0000000000
85768  44.514  -7.115  21.378 0.0000000000
84607  40.844  -7.264  23.951 0.0000000000
84592  41.939  -9.239  23.397 0.0000000000
82176  44.087  -11.818  25.626 0.0000000000
81044  44.161  -12.243  25.984 0.0000000000
83355  38.676  -8.698  27.337 0.0000000000
83356  38.254  -9.250  26.790 0.0000000000
82190  38.703  -10.421  25.492 0.0000000000
79885  38.139  -12.461  25.721 0.0000000000
79897  39.012  -11.872  25.355 0.0000000000
79896  40.088  -12.116  25.261 0.0000000000
78722  42.413  -13.825  26.048 0.0000000000
77468  41.733  -14.306  26.063 0.0000000000
78714  42.825  -14.332  26.382 0.0000000000
62937  34.741  -26.345  33.061 0.0000000000
64153  35.648  -26.055  33.087 0.0000000000
62922  35.229  -26.442  33.991 0.0000000000
62905  35.415  -26.630  35.065 0.0000000000
62886  35.896  -26.652  35.892 0.0000000000
61558  35.425  -27.187  36.369 0.0000000000
62864  36.117  -26.780  36.704 0.0000000000
87979  45.221  -3.454  22.954 0.0000000000
89190  44.426  -4.259  22.048 0.0000000000
87981  44.022  -4.612  22.371 0.0000000000
89207  44.385  -4.583  21.670 0.0000000000
87994  44.260  -5.133  21.486 0.0000000000
86829  44.274  -6.282  21.305 0.0000000000
57679  24.499  -31.286  45.701 0.0000000000
54368  19.405  -33.307  45.812 0.0000000000
53184  18.273  -34.161  46.074 0.0000000000
53204  18.021  -34.543  46.122 0.0000000000
52070  17.640  -34.788  46.341 0.0000000000
52050  17.273  -35.352  46.723 0.0000000000
52032  16.967  -35.834  47.335 0.0000000000
52033  16.417  -35.559  47.467 0.0000000000
50872  16.758  -36.241  47.838 0.0000000000
50855  16.346  -36.861  48.778 0.0000000000
53157  14.793  -35.388  48.667 0.0000000000
52015  14.415  -35.816  48.948 0.0000000000
49700  15.623  -37.103  49.017 0.0000000000
49672  16.163  -37.361  50.480 0.0000000000
49658  15.731  -37.534  51.362 0.0000000000
49645  15.377  -37.550  52.461 0.0000000000
48453  13.371  -39.064  53.778 0.0000000000
46108  12.037  -40.117  54.767 0.0000000000
46109  11.481  -40.384  54.509 0.0000000000
47295  11.632  -39.098  52.118 0.0000000000
49649  10.929  -38.694  52.897 0.0000000000
47281  11.337  -39.275  52.688 0.0000000000
47267  11.406  -39.769  53.386 0.0000000000
46120  11.364  -40.118  53.898 0.0000000000
46110  10.273  -40.990  54.823 0.0000000000
44971  9.612  -41.361  55.204 0.0000000000
44972  9.194  -41.267  54.898 0.0000000000
46097  7.588  -40.514  55.490 0.0000000000
49601  10.019  -37.609  56.392 0.0000000000
48431  8.938  -39.169  55.706 0.0000000000
48420  8.508  -38.846  56.221 0.0000000000
47244  8.228  -39.635  55.496 0.0000000000
46098  6.648  -40.543  55.674 0.0000000000
71076  33.516  -20.539  36.882 0.0000000000
65333  34.307  -23.592  31.612 0.0000000000
65314  33.507  -24.536  32.606 0.0000000000
62952  34.255  -26.020  32.494 0.0000000000
60192  33.417  -28.553  36.714 0.0000000000
60176  32.892  -28.940  37.454 0.0000000000
61596  30.141  -27.231  34.198 0.0000000000
60232  30.434  -27.789  34.583 0.0000000000
60212  31.233  -28.576  35.555 0.0000000000
58940  32.507  -29.368  38.032 0.0000000000
58923  32.335  -29.625  38.831 0.0000000000
62892  25.854  -25.207  36.714 0.0000000000
62891  26.362  -25.813  36.525 0.0000000000
62824  25.805  -26.526  39.046 0.0000000000
62823  26.771  -27.022  39.239 0.0000000000
62822  27.097  -27.386  39.011 0.0000000000
61511  27.318  -27.939  38.864 0.0000000000
60138  28.622  -29.589  39.738 0.0000000000
83407  46.308  -10.066  23.266 0.0000000000
82183  45.410  -11.039  24.997 0.0000000000
79814  34.760  -11.222  30.228 0.0000000000
78646  33.087  -12.424  30.099 0.0000000000
78667  33.741  -13.020  29.385 0.0000000000
77419  34.197  -13.712  28.816 0.0000000000
76190  34.891  -15.861  28.579 0.0000000000
73553  30.585  -17.352  36.540 0.0000000000
74842  30.460  -16.820  36.165 0.0000000000
74860  29.724  -16.704  34.883 0.0000000000
73594  29.738  -17.621  34.368 0.0000000000
76091  29.499  -16.124  34.591 0.0000000000
77362  30.006  -14.946  33.939 0.0000000000
77390  30.220  -14.907  32.742 0.0000000000
77389  30.545  -14.676  32.050 0.0000000000
73608  33.844  -18.054  33.146 0.0000000000
74888  32.186  -17.793  32.035 0.0000000000
76121  32.193  -17.255  31.800 0.0000000000
74901  31.528  -17.170  31.938 0.0000000000
76143  30.718  -15.716  31.716 0.0000000000
77406  30.891  -14.980  31.267 0.0000000000
77405  31.518  -14.760  30.623 0.0000000000
77422  32.222  -15.216  30.085 0.0000000000
76182  33.413  -16.170  29.439 0.0000000000
76181  34.154  -16.502  29.366 0.0000000000
74945  34.611  -16.431  29.069 0.0000000000
74944  35.352  -16.797  28.980 0.0000000000
74918  37.209  -17.264  31.234 0.0000000000
74917  38.271  -17.330  31.435 0.0000000000
64152  36.387  -25.554  33.237 0.0000000000
64151  36.927  -25.172  33.722 0.0000000000
64117  37.581  -25.273  35.168 0.0000000000
65281  37.652  -24.893  34.552 0.0000000000
65289  38.002  -24.108  34.038 0.0000000000
66418  39.095  -22.997  34.564 0.0000000000
65236  39.657  -24.386  38.085 0.0000000000
65250  39.397  -24.001  36.870 0.0000000000
66401  39.843  -23.346  36.269 0.0000000000
66409  39.562  -23.131  35.291 0.0000000000
67589  39.684  -22.316  34.647 0.0000000000
68751  40.258  -21.825  34.985 0.0000000000
68771  40.550  -21.282  34.826 0.0000000000
92535  52.663  -1.357  15.869 0.0000000000
89260  53.517  -4.797  15.646 0.0000000000
92534  53.097  -1.522  15.242 0.0000000000
91471  54.272  -2.307  14.002 0.0000000000
91470  55.042  -2.500  13.840 0.0000000000
46112  8.817  -40.381  54.771 0.0000000000
47294  11.746  -39.260  52.274 0.0000000000
48454  10.546  -38.977  53.136 0.0000000000
48467  11.014  -38.930  52.663 0.0000000000
48479  11.691  -38.954  51.928 0.0000000000
49701  15.024  -37.038  48.973 0.0000000000
53201  20.525  -35.242  45.475 0.0000000000
53226  21.542  -34.131  44.194 0.0000000000
54367  19.980  -33.058  45.873 0.0000000000
54380  22.499  -34.081  44.950 0.0000000000
54390  18.852  -33.842  44.923 0.0000000000
55594  23.917  -32.989  43.081 0.0000000000
55619  23.542  -32.244  41.773 0.0000000000
56648  24.450  -31.947  44.108 0.0000000000
56657  24.467  -31.970  43.285 0.0000000000
56670  21.789  -31.349  42.162 0.0000000000
57713  24.562  -31.461  43.043 0.0000000000
57715  21.649  -31.105  42.530 0.0000000000
58921  33.656  -28.934  38.839 0.0000000000
58939  32.940  -29.120  38.019 0.0000000000
60191  33.987  -28.373  37.111 0.0000000000
60198  27.545  -28.013  36.579 0.0000000000
61579  29.399  -27.737  35.104 0.0000000000
61598  29.133  -27.354  34.945 0.0000000000
62942  30.291  -26.325  33.731 0.0000000000
63999  22.323  -25.408  40.723 0.0000000000
64118  36.977  -25.650  34.920 0.0000000000
64137  35.949  -25.992  33.806 0.0000000000
64169  32.627  -25.434  32.957 0.0000000000
66466  35.992  -24.068  31.369 0.0000000000
68750  40.828  -21.617  35.498 0.0000000000
71079  30.842  -18.614  36.825 0.0000000000
71098  40.023  -18.916  34.344 0.0000000000
71130  38.937  -20.069  33.195 0.0000000000
71138  31.270  -19.868  34.469 0.0000000000
71148  35.318  -19.644  32.521 0.0000000000
72246  30.749  -17.921  36.890 0.0000000000
72266  39.307  -17.931  34.632 0.0000000000
72270  30.018  -18.109  35.519 0.0000000000
72312  30.028  -18.306  34.047 0.0000000000
73552  31.088  -17.253  37.071 0.0000000000
73590  36.530  -17.405  34.745 0.0000000000
73644  38.498  -18.222  30.124 0.0000000000
74859  30.091  -16.660  35.607 0.0000000000
74878  29.382  -16.840  33.967 0.0000000000
74902  30.758  -16.636  32.045 0.0000000000
77359  35.930  -15.806  33.769 0.0000000000
77377  30.075  -14.899  33.432 0.0000000000
77436  33.407  -14.698  29.162 0.0000000000
79861  38.685  -10.152  29.403 0.0000000000
83422  45.471  -9.299  22.531 0.0000000000
85729  40.184  -6.720  25.861 0.0000000000
85739  40.024  -7.322  24.906 0.0000000000
85809  50.707  -7.226  17.876 0.0000000000
86796  40.566  -6.395  26.108 0.0000000000
86842  44.733  -6.196  21.115 0.0000000000
89191  44.211  -4.626  21.871 0.0000000000
89276  53.599  -4.171  15.466 0.0000000000
92538  53.601  -1.429  14.643 0.0000000000
92554  55.145  -1.551  13.248 0.0000000000
93623  52.959  -0.539  15.208 0.0000000000
94629  53.780  0.126  14.377 0.0000000000
143767  23.832  -29.204  40.371 0.0000000000
143783  23.018  -27.622  39.746 0.0000000000
