#!ascii label  , from subject 3423 vox2ras=TkReg
386
25079  40.913  -60.326  5.374 0.0000000000
23054  40.147  -61.989  -3.858 0.0000000000
25121  47.515  -61.510  0.966 0.0000000000
25189  41.747  -59.620  -1.576 0.0000000000
19101  45.512  -64.534  -5.399 0.0000000000
24158  47.862  -61.514  -3.163 0.0000000000
21082  45.183  -63.852  -3.588 0.0000000000
26257  42.061  -58.670  -5.183 0.0000000000
27339  38.159  -58.210  -1.505 0.0000000000
24036  44.096  -61.030  2.984 0.0000000000
25163  45.591  -60.574  -0.580 0.0000000000
25234  45.214  -60.001  -5.331 0.0000000000
21101  42.966  -63.631  -4.875 0.0000000000
16429  42.449  -67.923  -3.997 0.0000000000
23992  41.282  -60.198  8.725 0.0000000000
22916  44.251  -62.196  6.628 0.0000000000
22927  47.388  -61.638  5.185 0.0000000000
27267  37.504  -58.087  1.994 0.0000000000
21066  46.929  -62.896  -2.788 0.0000000000
24170  41.567  -60.553  -4.722 0.0000000000
26258  40.869  -58.687  -5.178 0.0000000000
24057  46.423  -61.201  1.830 0.0000000000
25145  46.820  -61.050  0.308 0.0000000000
22118  47.118  -62.491  -5.200 0.0000000000
24160  46.704  -60.668  -4.206 0.0000000000
23088  46.284  -61.965  -5.524 0.0000000000
23079  44.815  -61.424  -5.515 0.0000000000
20060  44.771  -64.298  -5.515 0.0000000000
17252  41.561  -67.376  -4.083 0.0000000000
21910  45.222  -62.571  7.980 0.0000000000
22929  45.668  -61.898  5.623 0.0000000000
22901  46.750  -62.318  7.140 0.0000000000
25150  41.529  -60.080  0.459 0.0000000000
25152  39.797  -59.632  0.219 0.0000000000
28532  36.133  -56.495  -1.261 0.0000000000
28505  35.989  -56.495  0.468 0.0000000000
23007  48.819  -61.758  -0.094 0.0000000000
24104  47.967  -61.463  -0.437 0.0000000000
22063  48.649  -62.598  -1.868 0.0000000000
21080  46.744  -63.141  -3.768 0.0000000000
20038  46.180  -64.270  -4.670 0.0000000000
26221  42.485  -59.020  -3.910 0.0000000000
26190  39.923  -58.966  -1.988 0.0000000000
27382  40.624  -58.478  -3.544 0.0000000000
28578  39.182  -58.072  -3.495 0.0000000000
21087  38.948  -63.778  -3.332 0.0000000000
24018  42.868  -61.430  4.658 0.0000000000
25148  43.803  -60.417  0.545 0.0000000000
25187  43.790  -60.154  -1.842 0.0000000000
24130  47.226  -60.967  -2.118 0.0000000000
25206  44.792  -60.297  -2.998 0.0000000000
25207  43.634  -59.646  -3.025 0.0000000000
26255  43.737  -59.480  -5.081 0.0000000000
23081  43.160  -60.660  -5.314 0.0000000000
22072  41.726  -63.027  -4.219 0.0000000000
17290  44.121  -66.788  -5.103 0.0000000000
18149  42.936  -66.432  -4.882 0.0000000000
19067  41.578  -65.536  -4.508 0.0000000000
20030  40.443  -64.709  -3.872 0.0000000000
26064  41.297  -58.475  8.603 0.0000000000
24000  41.090  -60.570  6.636 0.0000000000
22918  42.604  -61.856  7.397 0.0000000000
24005  42.496  -61.803  6.000 0.0000000000
22950  44.081  -61.838  4.916 0.0000000000
24015  46.447  -61.479  3.936 0.0000000000
24032  47.597  -61.737  3.317 0.0000000000
22944  48.337  -62.314  4.207 0.0000000000
22981  48.440  -61.910  1.948 0.0000000000
27298  37.594  -58.457  0.245 0.0000000000
25074  40.587  -60.060  6.250 0.0000000000
25080  40.262  -59.707  5.696 0.0000000000
25084  40.588  -59.976  5.009 0.0000000000
23069  40.930  -61.344  -4.204 0.0000000000
24181  41.151  -59.782  -5.124 0.0000000000
25104  46.842  -61.287  1.498 0.0000000000
24080  46.375  -61.072  1.145 0.0000000000
25144  47.281  -61.314  0.523 0.0000000000
20077  46.520  -63.365  -5.351 0.0000000000
23087  46.661  -62.098  -5.465 0.0000000000
21137  45.975  -63.265  -5.545 0.0000000000
21120  45.554  -63.053  -5.593 0.0000000000
19102  45.040  -64.261  -5.659 0.0000000000
16392  40.404  -68.505  -2.542 0.0000000000
22902  45.834  -62.432  7.484 0.0000000000
25166  42.151  -60.022  -0.638 0.0000000000
25151  40.498  -59.819  0.486 0.0000000000
25167  41.097  -59.754  -0.685 0.0000000000
29598  35.949  -55.671  -0.233 0.0000000000
22047  48.845  -62.616  -1.201 0.0000000000
21044  48.366  -63.081  -1.136 0.0000000000
21067  45.851  -63.126  -2.918 0.0000000000
21081  46.075  -63.569  -3.816 0.0000000000
21099  46.404  -63.683  -4.254 0.0000000000
20027  45.983  -64.205  -4.353 0.0000000000
26236  42.558  -58.881  -4.601 0.0000000000
27381  41.472  -58.586  -3.925 0.0000000000
27398  41.801  -58.543  -4.471 0.0000000000
28622  39.978  -58.168  -4.436 0.0000000000
28600  39.146  -57.842  -4.036 0.0000000000
28579  38.116  -57.493  -3.424 0.0000000000
24037  43.269  -61.036  3.397 0.0000000000
24060  43.539  -60.764  2.486 0.0000000000
25165  43.248  -60.205  -0.619 0.0000000000
25164  44.451  -60.430  -0.460 0.0000000000
24146  48.055  -61.631  -2.337 0.0000000000
25184  47.185  -61.080  -1.201 0.0000000000
24147  47.604  -61.239  -2.699 0.0000000000
25222  45.890  -60.329  -4.675 0.0000000000
25205  45.991  -60.411  -3.596 0.0000000000
25223  45.129  -59.901  -4.297 0.0000000000
25224  44.130  -59.591  -4.008 0.0000000000
25235  44.322  -59.589  -4.880 0.0000000000
22090  43.707  -62.500  -5.092 0.0000000000
23080  43.827  -61.159  -5.356 0.0000000000
22091  43.210  -62.539  -4.870 0.0000000000
23067  42.891  -61.355  -4.905 0.0000000000
21102  42.110  -63.900  -4.633 0.0000000000
14588  42.383  -70.300  -0.473 0.0000000000
15560  42.499  -68.707  -2.915 0.0000000000
15539  42.856  -68.967  -2.408 0.0000000000
16410  42.698  -68.373  -3.553 0.0000000000
17271  43.404  -67.210  -4.696 0.0000000000
17291  43.599  -66.609  -5.067 0.0000000000
17272  42.309  -67.302  -4.363 0.0000000000
17253  40.794  -67.221  -3.861 0.0000000000
17273  41.417  -66.843  -4.287 0.0000000000
18133  40.715  -66.341  -4.072 0.0000000000
19068  40.892  -65.539  -4.132 0.0000000000
19053  40.114  -65.594  -3.797 0.0000000000
25042  41.371  -59.269  9.244 0.0000000000
25061  40.952  -59.408  8.310 0.0000000000
23995  41.181  -60.402  7.709 0.0000000000
22904  43.944  -62.295  7.548 0.0000000000
22905  43.090  -62.128  7.820 0.0000000000
22917  43.026  -62.072  6.818 0.0000000000
23998  42.469  -61.809  6.601 0.0000000000
22931  43.551  -62.071  5.736 0.0000000000
22930  44.673  -62.005  5.706 0.0000000000
22928  46.588  -61.794  5.493 0.0000000000
22948  46.051  -61.686  4.723 0.0000000000
22947  46.867  -61.606  4.730 0.0000000000
24013  47.809  -61.702  4.447 0.0000000000
19915  48.153  -63.753  4.109 0.0000000000
20942  48.368  -63.285  3.186 0.0000000000
22966  48.167  -62.170  2.902 0.0000000000
27338  39.326  -58.650  -2.145 0.0000000000
26191  39.080  -58.832  -1.400 0.0000000000
27314  37.614  -58.266  -0.481 0.0000000000
29549  36.351  -56.106  1.631 0.0000000000
25247  41.649  -59.278  -5.366 0.0000000000
27422  41.042  -58.401  -4.716 0.0000000000
24035  44.953  -61.259  2.947 0.0000000000
24059  44.434  -60.887  2.212 0.0000000000
24058  45.412  -61.029  2.043 0.0000000000
24095  45.531  -60.623  0.147 0.0000000000
23064  47.740  -61.952  -3.935 0.0000000000
24159  47.436  -61.194  -3.743 0.0000000000
23076  47.159  -61.831  -5.102 0.0000000000
24175  46.648  -61.253  -5.214 0.0000000000
24168  45.725  -60.585  -5.372 0.0000000000
24177  45.251  -60.749  -5.564 0.0000000000
22110  45.209  -62.358  -5.510 0.0000000000
21121  44.890  -63.254  -5.547 0.0000000000
21123  43.612  -63.889  -5.135 0.0000000000
16411  41.727  -67.956  -3.696 0.0000000000
16391  41.343  -68.509  -2.874 0.0000000000
16412  40.634  -67.868  -3.189 0.0000000000
22903  44.877  -62.303  7.430 0.0000000000
22915  45.279  -62.097  6.576 0.0000000000
22914  46.235  -62.076  6.440 0.0000000000
22913  47.104  -61.928  6.234 0.0000000000
26150  39.710  -59.696  0.880 0.0000000000
26151  39.010  -59.465  0.466 0.0000000000
28531  37.195  -57.326  -1.675 0.0000000000
28515  36.853  -57.479  -0.905 0.0000000000
28516  36.155  -56.942  -0.668 0.0000000000
30739  36.333  -54.861  0.418 0.0000000000
24094  47.922  -61.496  0.477 0.0000000000
25160  47.674  -61.377  0.211 0.0000000000
24103  48.467  -61.640  -0.592 0.0000000000
23027  48.570  -61.898  -1.335 0.0000000000
22071  48.128  -62.459  -2.709 0.0000000000
22089  47.697  -62.267  -3.590 0.0000000000
21097  47.313  -62.600  -4.170 0.0000000000
20037  46.688  -63.704  -4.858 0.0000000000
26205  42.594  -59.306  -2.958 0.0000000000
25190  41.073  -59.461  -1.632 0.0000000000
26206  41.680  -59.093  -2.952 0.0000000000
27361  40.511  -58.601  -3.073 0.0000000000
27363  38.967  -58.335  -2.681 0.0000000000
28621  40.553  -58.313  -4.261 0.0000000000
28555  38.265  -57.759  -2.694 0.0000000000
28556  37.276  -57.073  -2.567 0.0000000000
29635  36.396  -56.447  -2.447 0.0000000000
22075  39.405  -62.726  -3.557 0.0000000000
24019  41.864  -60.767  4.527 0.0000000000
25082  41.485  -60.445  4.413 0.0000000000
24038  42.209  -60.674  3.703 0.0000000000
25188  42.684  -59.781  -1.786 0.0000000000
24148  46.949  -60.777  -3.098 0.0000000000
25185  46.205  -60.626  -1.999 0.0000000000
25186  44.791  -60.431  -1.776 0.0000000000
24131  44.568  -60.397  -2.023 0.0000000000
25208  43.190  -59.679  -2.410 0.0000000000
26204  42.979  -59.285  -3.499 0.0000000000
26235  43.508  -59.334  -4.659 0.0000000000
26256  43.108  -59.251  -5.114 0.0000000000
24178  44.375  -60.543  -5.587 0.0000000000
24179  43.427  -60.283  -5.496 0.0000000000
25246  42.779  -59.552  -5.348 0.0000000000
24180  42.379  -60.216  -5.243 0.0000000000
23068  41.942  -61.418  -4.430 0.0000000000
22073  41.336  -62.891  -4.064 0.0000000000
18148  45.510  -66.009  -4.776 0.0000000000
15511  42.520  -69.481  -1.306 0.0000000000
17289  44.813  -66.776  -5.074 0.0000000000
19085  45.080  -65.201  -5.562 0.0000000000
19086  44.315  -65.361  -5.444 0.0000000000
19087  43.363  -65.459  -5.175 0.0000000000
20062  43.291  -64.456  -5.103 0.0000000000
18150  41.978  -66.339  -4.565 0.0000000000
19066  42.385  -65.549  -4.817 0.0000000000
20040  42.644  -64.642  -4.912 0.0000000000
21103  41.522  -64.135  -4.415 0.0000000000
21085  40.926  -63.806  -4.047 0.0000000000
22074  40.455  -62.899  -3.773 0.0000000000
20031  39.531  -64.721  -3.533 0.0000000000
27164  41.845  -57.692  8.671 0.0000000000
26083  40.779  -58.668  7.899 0.0000000000
25071  40.579  -59.518  7.273 0.0000000000
24007  40.972  -60.587  5.924 0.0000000000
22895  42.897  -62.097  8.768 0.0000000000
23994  41.725  -61.017  8.229 0.0000000000
23999  42.002  -61.411  6.990 0.0000000000
24006  41.595  -61.058  5.558 0.0000000000
24017  44.259  -61.442  3.902 0.0000000000
22949  45.058  -61.765  4.770 0.0000000000
24016  45.487  -61.495  3.854 0.0000000000
24034  45.965  -61.252  2.950 0.0000000000
24033  46.841  -61.427  3.058 0.0000000000
24055  47.712  -61.630  2.154 0.0000000000
22967  47.966  -62.054  3.515 0.0000000000
24031  47.903  -61.891  2.791 0.0000000000
24054  48.104  -61.762  2.091 0.0000000000
26169  39.666  -59.243  -1.027 0.0000000000
26152  38.190  -58.969  0.291 0.0000000000
27282  37.662  -58.575  0.987 0.0000000000
27299  37.000  -57.946  0.217 0.0000000000
27283  37.159  -57.986  1.076 0.0000000000
14587  42.889  -69.990  -0.543 0.0000000000
15495  42.755  -69.853  -0.721 0.0000000000
15540  42.025  -68.942  -2.320 0.0000000000
16390  42.836  -68.689  -3.023 0.0000000000
16428  43.025  -67.852  -4.216 0.0000000000
18147  45.665  -65.472  -4.893 0.0000000000
18151  41.293  -66.153  -4.352 0.0000000000
18166  44.641  -66.150  -5.467 0.0000000000
18167  43.931  -66.162  -5.331 0.0000000000
18168  43.476  -66.219  -5.158 0.0000000000
19065  45.685  -65.207  -4.757 0.0000000000
19084  45.510  -65.185  -5.272 0.0000000000
19100  45.971  -64.734  -5.089 0.0000000000
19914  48.384  -63.530  3.827 0.0000000000
19934  48.384  -63.475  3.544 0.0000000000
20028  45.216  -64.529  -3.917 0.0000000000
20039  45.727  -64.798  -4.554 0.0000000000
20041  41.864  -64.760  -4.671 0.0000000000
20042  41.208  -64.755  -4.261 0.0000000000
20057  46.638  -63.547  -5.178 0.0000000000
20059  45.181  -63.710  -5.565 0.0000000000
20061  43.941  -64.544  -5.275 0.0000000000
20078  46.103  -63.833  -5.369 0.0000000000
20079  45.520  -63.842  -5.516 0.0000000000
20080  44.870  -63.846  -5.664 0.0000000000
21079  47.420  -62.746  -3.360 0.0000000000
21084  41.631  -63.432  -4.290 0.0000000000
21086  39.949  -63.775  -3.655 0.0000000000
21098  46.821  -63.236  -4.329 0.0000000000
21100  43.670  -63.105  -5.101 0.0000000000
21118  47.382  -62.515  -4.531 0.0000000000
21119  47.161  -62.972  -4.850 0.0000000000
21122  44.213  -63.601  -5.313 0.0000000000
21135  46.823  -63.011  -5.306 0.0000000000
21136  46.416  -63.087  -5.472 0.0000000000
21950  48.477  -62.708  3.540 0.0000000000
21965  48.413  -62.470  2.239 0.0000000000
22005  48.799  -62.235  0.451 0.0000000000
22025  48.921  -62.361  -0.360 0.0000000000
22048  48.657  -62.939  -1.644 0.0000000000
22062  48.827  -62.478  -1.537 0.0000000000
22092  42.189  -62.705  -4.414 0.0000000000
22093  41.477  -62.100  -4.144 0.0000000000
22107  47.529  -62.246  -4.258 0.0000000000
22108  47.403  -62.342  -4.772 0.0000000000
22109  45.710  -62.394  -5.566 0.0000000000
22111  44.277  -62.401  -5.290 0.0000000000
22119  46.727  -62.556  -5.435 0.0000000000
22120  46.161  -62.502  -5.560 0.0000000000
22900  47.501  -62.242  6.901 0.0000000000
22906  42.382  -61.688  8.014 0.0000000000
22943  48.529  -62.510  4.722 0.0000000000
22945  48.046  -61.912  4.276 0.0000000000
22946  47.177  -61.576  4.747 0.0000000000
23026  48.786  -61.901  -0.952 0.0000000000
23040  48.735  -62.246  -1.484 0.0000000000
23041  48.488  -62.026  -2.060 0.0000000000
23051  48.113  -61.916  -3.134 0.0000000000
23052  47.760  -61.658  -3.683 0.0000000000
23053  40.875  -62.230  -3.956 0.0000000000
23065  47.495  -61.635  -4.303 0.0000000000
23066  43.631  -61.955  -5.059 0.0000000000
23075  47.532  -62.000  -4.497 0.0000000000
23077  46.452  -61.631  -5.434 0.0000000000
23078  45.766  -61.728  -5.542 0.0000000000
23086  46.970  -62.230  -5.367 0.0000000000
24003  48.010  -61.618  4.776 0.0000000000
24004  47.763  -61.602  4.762 0.0000000000
24014  47.273  -61.600  4.290 0.0000000000
24056  47.180  -61.440  1.989 0.0000000000
24077  48.171  -61.639  1.124 0.0000000000
24078  47.721  -61.570  1.239 0.0000000000
24079  47.494  -61.523  1.604 0.0000000000
24093  48.368  -61.490  0.189 0.0000000000
24105  47.610  -61.332  -0.827 0.0000000000
24106  45.468  -60.566  -0.174 0.0000000000
24107  45.189  -60.544  -0.113 0.0000000000
24127  48.506  -61.781  -1.009 0.0000000000
24128  48.264  -61.693  -1.310 0.0000000000
24129  47.727  -61.397  -1.552 0.0000000000
24132  44.347  -60.318  -2.070 0.0000000000
24149  44.533  -60.356  -2.268 0.0000000000
24150  44.205  -60.172  -2.453 0.0000000000
24166  47.045  -61.167  -4.674 0.0000000000
24167  46.313  -60.738  -5.046 0.0000000000
24169  42.261  -60.785  -4.798 0.0000000000
24176  46.055  -61.074  -5.449 0.0000000000
25078  41.379  -60.557  4.854 0.0000000000
25083  41.095  -60.236  4.654 0.0000000000
25092  41.726  -60.515  4.139 0.0000000000
25103  47.069  -61.371  1.481 0.0000000000
25122  47.270  -61.431  1.179 0.0000000000
25123  46.781  -61.210  1.022 0.0000000000
25124  46.422  -60.978  0.754 0.0000000000
25143  47.572  -61.470  0.706 0.0000000000
25146  46.179  -60.776  0.206 0.0000000000
25168  40.179  -59.581  -0.451 0.0000000000
25169  39.504  -59.440  -0.282 0.0000000000
25233  45.784  -60.419  -5.161 0.0000000000
25244  44.730  -60.229  -5.587 0.0000000000
25245  43.981  -59.832  -5.416 0.0000000000
26133  38.197  -59.053  1.278 0.0000000000
26168  40.439  -59.395  -1.350 0.0000000000
26170  38.856  -59.098  -0.535 0.0000000000
26171  38.167  -58.625  -0.520 0.0000000000
26187  42.030  -59.398  -2.330 0.0000000000
26188  41.353  -59.258  -2.274 0.0000000000
26189  40.674  -59.142  -2.128 0.0000000000
26192  38.581  -58.678  -1.003 0.0000000000
26207  40.845  -58.797  -2.840 0.0000000000
26208  40.384  -58.864  -2.449 0.0000000000
26220  43.202  -59.292  -3.992 0.0000000000
26222  41.934  -58.895  -3.590 0.0000000000
26223  41.325  -58.736  -3.412 0.0000000000
26237  42.072  -58.574  -4.810 0.0000000000
27268  37.021  -57.534  1.653 0.0000000000
27315  37.224  -57.871  -0.695 0.0000000000
27337  39.778  -58.735  -2.321 0.0000000000
27340  37.358  -57.717  -1.224 0.0000000000
27362  40.031  -58.613  -2.730 0.0000000000
27364  38.340  -58.019  -2.282 0.0000000000
27380  42.011  -58.688  -4.076 0.0000000000
27383  39.709  -58.331  -3.278 0.0000000000
27384  39.211  -58.244  -3.188 0.0000000000
27397  42.227  -58.730  -4.303 0.0000000000
27399  41.034  -58.432  -4.182 0.0000000000
27421  41.782  -58.492  -4.828 0.0000000000
28484  36.471  -57.058  1.276 0.0000000000
28485  36.065  -56.249  1.218 0.0000000000
28504  36.512  -57.382  -0.058 0.0000000000
28530  38.010  -57.788  -2.063 0.0000000000
28554  38.893  -58.153  -3.084 0.0000000000
28576  40.471  -58.345  -3.833 0.0000000000
28577  40.113  -58.275  -3.738 0.0000000000
28598  40.627  -58.356  -3.974 0.0000000000
28599  39.969  -58.144  -3.999 0.0000000000
29616  36.564  -56.567  -1.912 0.0000000000
