#!ascii label  , from subject 3184 vox2ras=TkReg
871
79786  20.639  -0.752  1.386 0.2500000000
80850  21.874  -0.843  0.285 0.2500000000
79784  21.964  -1.759  0.434 0.7500000000
84179  20.620  2.436  1.949 0.2500000000
83070  20.703  1.516  1.582 0.1250000000
84190  21.078  2.094  1.079 0.3750000000
81955  20.828  0.873  1.289 0.2500000000
80852  20.719  0.147  1.309 0.2500000000
80851  21.091  -0.343  0.693 0.3750000000
78696  22.353  -2.293  0.207 0.8750000000
79804  22.544  -1.484  -0.210 0.8750000000
78716  23.299  -2.475  -0.666 0.8750000000
83083  21.098  1.320  1.018 0.3750000000
81953  22.072  0.425  0.435 0.3750000000
79823  24.056  -1.297  -1.442 1.0000000000
80864  23.078  -0.975  -0.736 1.0000000000
80865  22.670  -0.270  -0.337 0.8750000000
78735  23.709  -2.070  -1.078 1.0000000000
78734  24.211  -2.021  -1.041 1.0000000000
83097  21.891  1.647  -0.117 0.7500000000
83110  22.779  1.278  -0.994 0.8750000000
81980  22.832  0.779  -0.896 0.8750000000
83081  22.159  1.246  0.034 0.7500000000
80863  24.403  -0.494  -1.244 1.0000000000
80874  23.791  -0.386  -1.574 1.0000000000
81978  23.579  0.563  -1.439 1.0000000000
79801  25.323  -1.474  -0.375 1.0000000000
79802  24.598  -1.342  -0.911 1.0000000000
84204  21.771  2.057  -0.185 0.6250000000
83109  23.285  1.411  -1.408 1.0000000000
81952  26.261  -0.178  0.383 1.0000000000
81966  25.440  0.146  -0.036 1.0000000000
81968  24.172  0.460  -1.357 1.0000000000
80849  26.639  -1.005  0.334 1.0000000000
80862  24.986  -0.596  -0.523 1.0000000000
80847  28.205  -1.377  0.130 1.0000000000
79800  26.267  -1.665  -0.073 1.0000000000
88125  21.647  6.355  0.909 0.2500000000
85240  20.965  3.113  1.303 0.2500000000
85239  21.553  3.858  0.858 0.3750000000
84189  21.607  2.688  0.447 0.5000000000
85264  22.801  3.338  -0.840 1.0000000000
84188  22.136  3.458  0.254 0.6250000000
84215  22.780  2.264  -1.168 1.0000000000
84213  24.325  2.293  -1.467 1.0000000000
84214  23.585  2.265  -1.565 1.0000000000
83080  26.670  0.153  0.605 1.0000000000
83094  25.194  1.201  -0.333 1.0000000000
83078  27.999  0.440  0.585 1.0000000000
80860  28.659  -0.802  -0.242 1.0000000000
81965  28.559  0.067  0.153 1.0000000000
88140  21.927  6.299  0.327 0.5000000000
87151  22.015  5.589  0.268 0.3750000000
86217  22.205  4.929  0.158 0.3750000000
86218  21.701  4.839  0.635 0.5000000000
87150  22.345  5.167  -0.146 0.5000000000
86238  23.260  3.881  -1.018 0.8750000000
85262  23.841  3.120  -1.317 1.0000000000
86237  23.926  4.004  -1.095 1.0000000000
84202  24.888  2.268  -0.698 1.0000000000
85252  24.527  3.209  -1.028 1.0000000000
83092  27.401  1.196  0.689 1.0000000000
84201  25.495  2.135  0.253 1.0000000000
83091  28.605  1.115  0.392 1.0000000000
81964  29.431  0.045  -0.551 0.8750000000
88124  21.695  7.014  0.617 0.5000000000
87163  23.545  5.576  -0.882 0.6250000000
87171  23.978  4.782  -0.921 1.0000000000
87173  22.933  4.605  -0.985 0.7500000000
86229  24.621  4.191  -0.756 1.0000000000
84198  29.002  2.480  0.707 1.0000000000
84185  27.998  3.036  0.897 1.0000000000
84187  26.994  2.704  0.582 1.0000000000
85251  25.378  3.297  -0.298 1.0000000000
84199  27.717  2.224  0.757 1.0000000000
84200  26.544  2.201  0.598 1.0000000000
84212  30.132  2.040  -0.915 0.8750000000
83090  29.695  1.523  -0.121 1.0000000000
83107  29.911  1.087  -1.301 0.8750000000
88138  23.036  6.439  -0.226 0.5000000000
87161  25.704  5.398  -0.150 1.0000000000
86228  25.344  4.429  -0.347 1.0000000000
85249  28.567  3.506  1.022 1.0000000000
86214  27.462  4.128  0.699 1.0000000000
85237  25.693  3.867  0.057 1.0000000000
86224  29.658  4.710  0.830 1.0000000000
84211  30.592  2.900  -1.256 1.0000000000
84197  30.075  2.808  -0.065 1.0000000000
85248  29.501  3.608  0.781 1.0000000000
84196  30.546  3.386  -0.502 1.0000000000
88137  23.907  6.586  -0.836 0.8750000000
88136  24.891  6.614  -0.635 1.0000000000
88122  26.812  7.221  0.575 1.0000000000
87146  29.704  6.430  1.332 1.0000000000
87158  28.763  5.513  1.394 1.0000000000
87156  30.643  5.778  -0.270 1.0000000000
87157  29.889  5.871  0.799 1.0000000000
86236  30.582  4.874  -0.727 1.0000000000
86223  30.228  5.047  0.137 1.0000000000
85261  30.883  3.917  -0.960 0.8750000000
92157  25.768  10.788  -0.449 1.0000000000
91124  24.783  9.619  -0.164 0.3750000000
91123  25.370  9.833  -0.334 0.8750000000
89116  26.274  8.138  0.391 1.0000000000
88120  29.392  7.017  1.488 1.0000000000
88121  28.097  6.714  1.287 1.0000000000
93191  25.506  11.679  -0.698 0.8750000000
91122  26.194  9.872  -0.012 1.0000000000
92156  26.695  10.772  0.083 1.0000000000
90104  26.526  8.988  0.662 1.0000000000
89113  29.492  7.953  1.315 1.0000000000
90102  28.781  8.724  1.313 1.0000000000
89127  30.249  7.391  1.177 1.0000000000
93192  24.965  12.186  -0.621 0.7500000000
92141  27.206  10.585  0.552 1.0000000000
91093  28.825  9.894  1.413 1.0000000000
91108  28.191  9.678  1.278 1.0000000000
90103  27.602  8.865  1.217 1.0000000000
93190  26.273  11.705  -0.432 1.0000000000
92155  27.424  10.932  0.250 1.0000000000
92140  27.842  10.662  0.972 1.0000000000
97753  26.115  16.648  1.244 0.1250000000
98612  26.692  17.193  1.870 0.1250000000
97781  25.511  17.165  -1.244 0.2500000000
97769  26.047  17.093  0.320 0.1250000000
130870  26.193  18.064  0.449 0.2500000000
99512  25.633  18.141  -2.237 0.5000000000
130867  25.579  18.565  -1.372 0.2500000000
99473  26.476  18.538  0.983 0.2500000000
130875  25.579  18.769  -0.527 0.2500000000
101171  25.219  19.967  -0.331 0.2500000000
130865  25.541  18.928  -1.062 0.2500000000
130876  25.430  19.349  -1.287 0.2500000000
130874  25.656  18.931  -1.881 0.3750000000
100327  25.792  19.043  -2.686 0.3750000000
130879  25.402  19.505  -2.147 0.2500000000
81943  20.585  0.754  1.960 0.1250000000
79783  27.058  -1.791  0.495 1.0000000000
87162  24.599  5.380  -0.759 0.8750000000
87159  27.798  5.310  1.036 1.0000000000
79772  20.569  -1.603  2.229 0.1250000000
77641  22.541  -3.246  0.280 0.7500000000
83054  20.426  1.624  2.535 0.1250000000
77640  23.124  -3.631  -0.210 1.0000000000
80839  20.596  -0.251  2.211 0.1250000000
77679  24.301  -2.644  -0.872 1.0000000000
78714  25.634  -2.422  -0.146 1.0000000000
78694  28.071  -2.499  0.001 1.0000000000
85225  21.035  3.928  1.639 0.3750000000
87138  21.565  5.570  1.206 0.2500000000
86206  21.286  4.730  1.582 0.2500000000
80873  29.338  -0.868  -1.666 0.8750000000
81977  29.526  0.137  -1.982 0.8750000000
84222  30.580  2.797  -2.546 0.8750000000
91110  24.269  9.690  0.848 0.1250000000
91111  23.793  8.993  0.505 0.1250000000
89131  23.353  7.546  0.059 0.3750000000
89130  24.207  7.633  -0.719 0.6250000000
92158  24.796  10.941  -0.689 0.5000000000
91125  24.291  9.017  -0.019 0.3750000000
90115  25.168  8.804  -0.620 0.8750000000
88132  30.194  6.743  1.148 1.0000000000
89126  30.639  7.837  0.416 1.0000000000
90100  30.434  8.661  0.812 1.0000000000
91107  29.157  9.392  1.365 1.0000000000
94187  25.902  12.781  -1.144 0.8750000000
94176  26.850  12.577  -0.491 1.0000000000
94167  27.661  12.094  0.067 1.0000000000
92139  28.598  10.711  1.261 1.0000000000
97746  26.372  16.036  2.415 0.1250000000
97770  25.456  16.290  0.286 0.1250000000
96877  24.988  15.571  -2.453 0.6250000000
98663  26.075  17.031  -3.011 0.5000000000
98626  26.495  17.408  1.016 0.2500000000
98677  25.956  17.609  -3.420 0.5000000000
100297  26.194  19.317  1.155 0.2500000000
99503  25.711  18.824  -2.402 0.5000000000
101146  24.783  20.808  0.852 0.1250000000
130878  25.291  20.321  -1.561 0.2500000000
100326  26.143  20.018  -2.605 0.3750000000
130871  25.755  20.587  -1.758 0.2500000000
79785  21.266  -1.568  1.132 0.3750000000
78681  21.340  -2.446  1.539 0.5000000000
78717  22.771  -2.401  -0.338 0.7500000000
79803  23.104  -1.783  -0.816 0.8750000000
77662  23.080  -2.998  -0.381 1.0000000000
77680  24.029  -2.534  -1.127 1.0000000000
80875  23.135  -0.190  -1.203 1.0000000000
79824  23.464  -1.147  -1.286 1.0000000000
78715  24.738  -2.154  -0.519 1.0000000000
84203  22.343  2.743  -0.301 0.8750000000
83108  23.993  1.397  -1.652 1.0000000000
81951  27.004  -0.426  0.770 1.0000000000
81967  24.718  0.350  -0.730 1.0000000000
83095  24.511  1.348  -1.077 1.0000000000
80848  27.493  -1.176  0.640 1.0000000000
79782  27.819  -1.862  0.338 1.0000000000
85238  22.150  4.265  0.245 0.5000000000
85253  22.488  3.804  -0.291 0.8750000000
85263  23.238  2.980  -1.223 1.0000000000
81950  27.996  -0.457  0.609 1.0000000000
83093  26.256  0.899  0.391 1.0000000000
86239  22.767  4.309  -0.718 0.6250000000
87164  22.612  5.364  -0.541 0.6250000000
85250  25.935  2.770  0.245 1.0000000000
85236  26.411  3.346  0.361 1.0000000000
85235  27.314  3.565  0.625 1.0000000000
83106  30.492  1.863  -1.904 0.8750000000
87160  26.735  5.311  0.606 1.0000000000
87148  26.702  4.747  0.523 1.0000000000
87149  26.352  4.821  0.339 1.0000000000
86213  28.051  4.063  0.926 1.0000000000
86215  26.739  4.231  0.491 1.0000000000
86226  27.616  4.635  0.864 1.0000000000
85247  30.409  4.017  0.079 1.0000000000
88135  25.905  6.781  0.170 1.0000000000
88134  27.184  6.200  0.853 1.0000000000
88123  26.040  7.569  0.347 1.0000000000
88133  27.918  5.898  1.254 1.0000000000
89128  25.474  8.064  0.128 1.0000000000
89115  27.295  7.938  0.835 1.0000000000
90114  25.852  8.943  -0.205 1.0000000000
89114  28.450  7.851  1.268 1.0000000000
93204  25.894  12.179  -0.753 0.8750000000
90101  29.767  8.734  1.326 1.0000000000
93189  27.165  11.545  -0.079 1.0000000000
91109  26.916  10.029  1.018 1.0000000000
93178  27.888  11.416  0.383 1.0000000000
94177  26.216  12.404  -0.801 1.0000000000
97754  25.670  15.824  1.470 0.1250000000
99472  26.732  18.189  1.342 0.2500000000
98678  25.922  17.868  -2.893 0.5000000000
98664  25.857  17.326  -2.649 0.7500000000
130862  25.463  20.540  -2.084 0.2500000000
79771  20.995  -2.103  1.760 0.2500000000
79760  20.521  -1.835  3.323 0.1250000000
78682  20.768  -2.824  2.040 0.1250000000
78697  21.880  -2.577  0.901 0.6250000000
77661  23.806  -3.122  -0.649 1.0000000000
89129  24.950  7.772  -0.468 0.8750000000
90116  24.550  8.546  -0.496 0.8750000000
94186  26.237  12.852  -1.092 1.0000000000
95124  27.291  13.644  -0.545 1.0000000000
94166  28.428  12.132  0.487 1.0000000000
96848  25.127  15.198  0.640 0.3750000000
96896  25.211  15.542  -3.174 0.7500000000
97798  25.599  16.302  -2.754 0.7500000000
96859  25.223  15.411  -0.882 0.5000000000
73496  24.078  -7.222  1.014 0.7500000000
73505  25.633  -7.267  -0.313 0.7500000000
74560  23.293  -6.727  1.253 0.7500000000
74575  23.179  -6.142  1.067 0.7500000000
74583  25.525  -6.709  -0.180 0.7500000000
74573  24.610  -6.383  0.372 0.7500000000
74574  23.696  -6.217  0.688 0.7500000000
74571  26.052  -6.225  0.040 0.7500000000
74572  25.317  -6.188  0.372 0.7500000000
76629  22.871  -4.461  0.362 0.7500000000
75614  23.807  -5.298  -0.165 0.7500000000
75625  24.348  -4.937  -0.214 0.8750000000
76628  23.573  -4.154  -0.209 0.8750000000
75623  26.826  -6.097  -0.483 0.7500000000
75612  25.755  -5.560  0.421 0.7500000000
76627  25.632  -4.941  0.338 0.7500000000
76645  24.281  -4.262  -0.304 0.8750000000
77660  24.791  -3.180  -0.272 0.8750000000
76642  27.083  -5.092  -0.372 0.7500000000
76643  26.241  -4.525  0.211 0.7500000000
77657  27.723  -4.290  -1.040 0.7500000000
77658  26.977  -3.912  0.047 0.8750000000
78713  26.712  -2.698  0.349 0.8750000000
78711  28.177  -3.094  -0.837 0.8750000000
78693  28.240  -2.337  -0.475 0.8750000000
79781  28.211  -1.983  -0.147 0.8750000000
78770  28.411  -2.788  -4.430 0.3750000000
79851  28.723  -2.040  -3.669 0.6250000000
79836  28.985  -1.647  -2.561 0.7500000000
79798  28.884  -1.570  -1.118 0.7500000000
79862  28.619  -2.045  -4.968 0.5000000000
79863  28.560  -2.037  -4.366 0.5000000000
80898  28.814  -0.876  -3.787 0.7500000000
80886  29.288  -0.767  -2.734 0.7500000000
80935  29.784  -0.466  -6.752 0.1250000000
80921  29.411  -0.760  -5.942 0.3750000000
80909  28.915  -0.812  -4.908 0.6250000000
81989  29.504  0.154  -3.163 0.6250000000
82054  31.313  -0.088  -7.473 0.1250000000
82041  30.043  0.139  -7.014 0.1250000000
82013  29.034  0.519  -5.455 0.1250000000
83144  29.441  1.599  -5.991 0.1250000000
83127  29.515  1.340  -4.423 0.6250000000
83126  30.016  1.850  -4.199 0.6250000000
83119  30.418  1.836  -3.095 0.7500000000
84256  30.768  1.954  -6.900 0.1250000000
84270  30.864  3.294  -6.966 0.1250000000
84240  29.867  2.776  -5.140 0.1250000000
84239  30.241  2.869  -4.585 0.5000000000
84230  30.803  2.811  -3.767 0.6250000000
85279  30.746  3.609  -3.131 0.7500000000
84268  31.907  1.825  -7.971 0.1250000000
85292  30.078  3.450  -5.044 0.5000000000
85291  30.468  3.826  -4.695 0.5000000000
86251  30.943  4.125  -3.593 0.6250000000
85271  30.741  3.744  -2.114 0.7500000000
93206  25.358  12.704  -0.572 0.6250000000
95134  24.586  13.311  -0.497 0.5000000000
94199  25.863  13.091  -1.300 0.7500000000
87192  30.459  5.589  -3.693 0.6250000000
87170  30.928  5.723  -1.423 0.6250000000
88176  30.043  6.518  -4.381 0.5000000000
87179  30.770  5.664  -2.582 0.6250000000
88155  31.203  6.759  -2.181 0.6250000000
96015  24.928  13.750  -1.994 0.7500000000
88147  31.204  6.678  -0.904 0.8750000000
91091  29.609  9.833  1.186 0.8750000000
90112  31.163  8.549  -0.524 0.8750000000
91105  30.759  9.201  0.323 0.8750000000
92137  31.002  10.016  0.539 0.8750000000
92138  30.059  10.394  0.740 0.8750000000
88167  30.491  6.607  -3.289 0.5000000000
89157  30.643  7.671  -2.980 0.5000000000
89145  31.471  7.653  -1.381 0.6250000000
89172  30.119  7.409  -5.007 0.2500000000
89166  30.320  7.441  -4.051 0.3750000000
96002  25.665  14.132  -2.259 0.7500000000
95131  26.018  13.113  -1.375 0.8750000000
95126  25.640  13.783  -1.950 0.7500000000
95125  26.232  13.468  -1.386 0.8750000000
93177  28.674  11.335  0.945 0.8750000000
94165  29.384  12.066  0.712 0.7500000000
94164  30.446  11.879  0.551 0.8750000000
89139  31.452  8.319  -1.412 0.6250000000
91120  31.266  9.177  -0.520 0.7500000000
90141  30.714  8.669  -2.690 0.5000000000
92153  31.505  10.001  -0.337 0.7500000000
90161  30.281  7.967  -4.620 0.2500000000
96003  24.839  14.268  -1.868 0.6250000000
96001  26.659  14.393  -1.372 0.8750000000
95123  28.546  13.721  -0.162 0.8750000000
96000  27.805  14.621  -0.500 0.7500000000
94174  28.983  12.981  0.574 0.8750000000
94172  31.261  12.326  0.002 0.7500000000
92167  31.651  10.335  -1.304 0.5000000000
92187  30.496  10.287  -3.792 0.2500000000
92177  30.761  10.389  -2.829 0.5000000000
91140  31.061  9.511  -2.253 0.5000000000
90152  29.970  9.032  -4.503 0.2500000000
95990  24.680  14.285  -0.234 0.5000000000
96876  25.227  14.807  -3.094 0.5000000000
96875  26.253  14.909  -2.515 0.7500000000
96874  27.244  15.289  -1.397 0.7500000000
96894  26.766  15.809  -2.362 0.7500000000
96873  28.411  15.542  -0.593 0.7500000000
96872  29.754  15.445  -0.528 0.7500000000
96893  27.816  16.162  -1.442 0.7500000000
95998  30.305  14.535  -0.201 0.7500000000
95121  30.776  13.542  -0.089 0.7500000000
94185  32.003  12.165  -1.386 0.5000000000
95139  32.251  13.256  -2.131 0.3750000000
95130  31.810  13.397  -0.822 0.6250000000
93219  30.819  11.088  -3.488 0.2500000000
93217  31.932  11.623  -2.251 0.3750000000
94197  31.796  12.163  -2.618 0.3750000000
96895  25.820  15.587  -3.113 0.6250000000
97796  27.274  16.643  -2.244 0.7500000000
97795  28.484  16.877  -1.790 0.7500000000
96891  30.287  15.868  -1.355 0.7500000000
96871  30.990  15.233  -0.778 0.6250000000
96025  32.170  13.990  -2.330 0.3750000000
96013  31.848  14.523  -1.636 0.3750000000
94209  30.728  11.876  -4.173 0.1250000000
95146  31.618  13.061  -3.387 0.1250000000
97797  26.145  16.565  -2.716 0.6250000000
97813  26.715  17.294  -2.739 0.7500000000
97794  29.747  16.669  -1.650 0.7500000000
96890  31.360  15.696  -1.757 0.3750000000
97793  30.783  16.382  -1.952 0.3750000000
96024  32.056  14.561  -2.733 0.2500000000
96012  32.283  14.906  -2.122 0.3750000000
95997  31.291  14.325  -0.540 0.6250000000
95165  31.253  13.803  -5.242 0.1250000000
95155  31.503  13.725  -4.450 0.1250000000
97814  26.132  17.242  -3.351 0.6250000000
98662  28.350  17.494  -2.265 0.3750000000
97812  27.684  17.228  -2.349 0.3750000000
98661  29.324  17.362  -2.123 0.3750000000
97821  31.699  16.997  -3.191 0.2500000000
97792  31.267  16.136  -2.041 0.3750000000
98660  30.223  17.089  -2.098 0.3750000000
96932  31.900  14.721  -4.772 0.1250000000
96921  31.998  15.296  -3.299 0.3750000000
96909  31.985  15.374  -2.500 0.3750000000
95166  30.579  13.222  -5.596 0.1250000000
96032  32.210  14.580  -3.778 0.1250000000
99509  26.886  18.533  -3.574 0.3750000000
98675  27.412  17.982  -2.684 0.3750000000
99508  27.942  18.740  -3.006 0.3750000000
98685  30.593  18.340  -3.310 0.3750000000
98673  30.178  17.849  -2.759 0.3750000000
98674  28.732  18.016  -2.579 0.3750000000
98684  31.395  18.011  -3.489 0.3750000000
98672  31.204  17.264  -2.794 0.3750000000
96949  32.233  15.781  -6.856 0.1250000000
97829  32.304  16.557  -4.576 0.1250000000
98683  32.092  17.208  -3.774 0.2500000000
96042  31.104  14.123  -5.835 0.1250000000
100333  28.067  19.501  -4.327 0.2500000000
100332  29.269  19.426  -4.066 0.2500000000
99517  28.573  19.117  -3.549 0.3750000000
100338  31.202  19.441  -4.788 0.1250000000
100331  30.012  19.358  -3.884 0.3750000000
99507  29.075  18.531  -3.034 0.3750000000
99522  31.835  18.755  -4.719 0.1250000000
99515  30.764  18.629  -3.663 0.2500000000
98707  32.493  17.883  -6.620 0.1250000000
98692  32.060  17.989  -4.585 0.1250000000
99519  26.636  19.265  -3.573 0.3750000000
99518  27.398  19.257  -3.710 0.3750000000
100339  30.329  19.779  -4.494 0.1250000000
101190  29.576  20.659  -4.969 0.1250000000
100348  30.458  20.505  -5.287 0.1250000000
101198  30.111  21.323  -5.518 0.1250000000
98710  32.116  17.790  -7.597 0.1250000000
100352  31.770  20.091  -6.962 0.1250000000
102945  29.455  22.683  -5.852 0.1250000000
101203  31.375  20.923  -6.500 0.1250000000
102124  30.547  21.752  -6.266 0.1250000000
99536  31.836  18.698  -7.970 0.1250000000
98711  31.618  17.699  -8.432 0.1250000000
77659  25.913  -3.494  0.071 0.8750000000
78750  28.940  -3.331  -2.843 0.6250000000
86266  30.635  4.570  -4.120 0.6250000000
88130  31.183  7.435  -0.355 0.8750000000
91132  31.218  9.087  -1.840 0.5000000000
90151  30.348  8.549  -3.932 0.3750000000
95999  29.077  14.692  -0.053 0.7500000000
95122  29.655  13.788  0.310 0.7500000000
94173  30.120  12.804  0.478 0.7500000000
93203  31.856  11.250  -1.742 0.5000000000
93187  31.586  11.165  -0.362 0.7500000000
92176  31.395  10.420  -2.136 0.5000000000
97839  32.517  16.960  -5.843 0.1250000000
101197  30.979  21.085  -5.757 0.1250000000
100355  31.923  19.370  -7.403 0.1250000000
82001  29.300  0.541  -4.314 0.5000000000
81988  29.967  1.015  -3.604 0.6250000000
81976  30.150  0.931  -2.507 0.7500000000
86278  30.324  4.739  -5.008 0.3750000000
87207  29.945  5.537  -4.626 0.3750000000
88185  29.704  6.888  -5.086 0.2500000000
92154  31.378  10.637  0.176 0.7500000000
99528  32.069  18.897  -5.324 0.1250000000
89173  29.219  7.528  -5.383 0.1250000000
72367  24.585  -7.937  0.968 0.7500000000
72368  24.078  -7.919  1.150 0.7500000000
73484  23.435  -7.339  1.404 0.7500000000
73494  25.810  -7.854  0.052 0.7500000000
73495  24.981  -7.392  0.265 0.7500000000
73504  26.489  -7.730  -0.331 0.7500000000
76607  22.329  -4.512  0.952 0.6250000000
75615  23.121  -5.539  0.780 0.7500000000
74582  26.262  -6.829  -0.522 0.6250000000
75622  27.563  -5.935  -1.149 0.7500000000
76641  27.587  -5.254  -1.385 0.6250000000
78733  28.674  -3.556  -1.988 0.5000000000
77702  28.900  -3.729  -3.863 0.3750000000
78777  29.491  -2.645  -5.205 0.1250000000
79884  30.540  -1.419  -6.539 0.1250000000
80934  30.592  -0.734  -7.136 0.1250000000
82053  32.096  0.221  -7.869 0.1250000000
84269  31.365  2.569  -7.462 0.1250000000
94189  25.099  13.078  -0.349 0.3750000000
85326  31.067  3.886  -7.311 0.1250000000
85315  29.997  3.736  -6.166 0.1250000000
86279  30.043  4.755  -5.581 0.1250000000
87208  29.516  5.890  -5.196 0.2500000000
88177  29.562  6.271  -4.922 0.2500000000
91168  29.037  9.441  -5.551 0.1250000000
90162  29.804  8.494  -5.121 0.2500000000
92198  29.275  10.346  -5.326 0.1250000000
94219  30.197  12.251  -5.313 0.1250000000
96043  30.273  13.702  -6.387 0.1250000000
96958  31.897  16.105  -7.551 0.1250000000
96965  30.275  15.639  -8.943 0.1250000000
100296  26.788  18.675  1.813 0.1250000000
101185  26.953  21.026  -4.218 0.2500000000
102119  27.732  21.746  -4.847 0.1250000000
102118  28.122  22.191  -4.483 0.1250000000
102130  31.131  21.809  -6.932 0.1250000000
102951  29.947  22.951  -6.420 0.1250000000
101206  31.687  20.925  -7.500 0.1250000000
100356  31.768  19.784  -8.143 0.1250000000
80859  29.113  -1.175  -0.922 0.7500000000
86245  30.849  4.744  -1.796 0.7500000000
92142  24.327  10.772  0.104 0.3750000000
93168  29.454  10.571  1.078 0.8750000000
88131  30.707  6.763  0.389 0.8750000000
94175  27.975  12.855  -0.005 0.8750000000
93176  29.698  11.159  0.784 0.8750000000
99510  26.271  18.541  -3.211 0.3750000000
101175  26.840  20.607  -2.767 0.1250000000
100334  27.029  20.144  -4.056 0.2500000000
73506  25.090  -6.886  -0.126 0.7500000000
74561  22.517  -6.144  1.411 0.7500000000
74584  25.079  -6.574  0.017 0.7500000000
75613  24.895  -5.287  0.212 0.7500000000
76630  22.277  -4.043  0.809 0.6250000000
75624  24.654  -4.704  -0.102 0.8750000000
75611  26.418  -5.531  0.062 0.7500000000
76644  25.187  -4.332  0.005 0.8750000000
77656  28.083  -3.900  -1.651 0.7500000000
78712  27.650  -3.196  -0.004 0.8750000000
79822  28.889  -2.443  -2.142 0.7500000000
77711  28.870  -3.519  -4.540 0.2500000000
78762  28.521  -3.236  -3.670 0.5000000000
79837  28.919  -2.566  -3.005 0.6250000000
79850  28.974  -1.339  -3.199 0.7500000000
79874  29.209  -1.623  -5.409 0.2500000000
79873  30.003  -1.937  -5.825 0.1250000000
82025  29.472  0.389  -6.415 0.2500000000
82040  30.752  0.450  -7.231 0.1250000000
83170  31.512  1.059  -7.705 0.1250000000
83156  30.308  1.189  -6.635 0.1250000000
83136  29.234  1.817  -4.955 0.5000000000
84247  29.749  2.715  -5.709 0.1250000000
84257  30.369  2.635  -6.498 0.1250000000
83135  29.842  2.294  -4.762 0.5000000000
85305  30.003  3.724  -5.593 0.1250000000
84238  30.730  3.290  -4.301 0.6250000000
85304  30.209  4.085  -5.239 0.1250000000
86252  30.736  4.588  -3.007 0.6250000000
93174  31.283  11.593  0.198 0.7500000000
90130  31.040  8.787  -2.042 0.5000000000
91150  30.505  9.505  -3.234 0.3750000000
91139  31.424  9.902  -1.790 0.5000000000
93231  30.426  10.950  -4.312 0.1250000000
92197  29.969  10.322  -4.630 0.1250000000
91159  30.185  9.539  -4.167 0.2500000000
91160  29.690  9.538  -4.884 0.1250000000
96892  29.107  16.184  -1.104 0.7500000000
94198  31.045  11.786  -3.183 0.1250000000
95138  32.232  13.715  -2.849 0.3750000000
95147  31.058  12.546  -3.815 0.1250000000
95145  32.133  13.904  -3.589 0.1250000000
95156  30.815  12.854  -4.378 0.1250000000
97810  31.591  16.294  -2.458 0.3750000000
97811  30.829  16.977  -2.394 0.3750000000
96931  32.223  15.275  -4.392 0.2500000000
96036  31.551  14.304  -4.979 0.1250000000
96035  31.973  14.454  -4.424 0.1250000000
98676  26.437  17.729  -3.662 0.3750000000
97820  32.123  16.226  -3.467 0.2500000000
96941  31.824  14.790  -5.321 0.1250000000
96940  32.287  15.640  -5.570 0.1250000000
99524  30.465  19.065  -3.954 0.3750000000
96950  31.597  14.885  -6.427 0.1250000000
97848  32.371  16.842  -7.156 0.1250000000
96055  30.453  14.392  -6.789 0.1250000000
100342  27.367  20.547  -4.751 0.2500000000
100340  28.899  19.972  -4.655 0.2500000000
99529  31.620  19.177  -4.915 0.1250000000
99535  32.257  18.697  -7.109 0.1250000000
98701  32.462  18.137  -5.672 0.1250000000
101192  27.794  20.696  -5.247 0.1250000000
101199  29.114  21.323  -5.450 0.1250000000
102125  29.698  22.033  -6.067 0.1250000000
100347  31.409  19.862  -5.634 0.1250000000
97855  31.701  16.736  -7.955 0.1250000000
100346  32.023  19.259  -5.894 0.1250000000
102935  28.676  22.517  -4.600 0.1250000000
102947  28.052  21.965  -5.545 0.1250000000
71257  24.140  -8.395  1.221 0.7500000000
72366  25.392  -8.112  0.790 0.7500000000
72356  23.582  -8.044  1.519 0.7500000000
75599  22.477  -5.072  1.150 0.5000000000
77678  27.824  -5.050  -1.834 0.6250000000
78732  28.537  -4.349  -2.557 0.5000000000
86297  30.048  4.752  -6.457 0.1250000000
86302  30.749  4.538  -8.030 0.1250000000
86287  29.837  4.706  -6.000 0.1250000000
93243  29.679  11.274  -5.221 0.1250000000
96959  30.802  15.302  -7.821 0.1250000000
72357  23.015  -8.053  2.027 0.7500000000
74546  22.072  -6.707  2.208 0.5000000000
71243  24.713  -9.623  1.241 0.6250000000
71255  25.454  -9.021  0.940 0.6250000000
72364  27.080  -8.261  0.079 0.3750000000
72365  26.322  -8.311  0.519 0.6250000000
74570  27.599  -7.278  -0.217 0.2500000000
73503  27.215  -7.727  -0.294 0.3750000000
78761  28.877  -3.757  -3.309 0.3750000000
95127  24.321  13.576  -0.564 0.3750000000
71256  24.714  -8.714  1.146 0.6250000000
74581  27.405  -6.793  -0.725 0.5000000000
76655  27.800  -5.752  -2.194 0.3750000000
72354  27.185  -8.448  1.252 0.5000000000
77677  28.109  -4.715  -2.321 0.5000000000
70192  24.747  -10.642  1.564 0.6250000000
72346  22.409  -8.131  2.547 0.3750000000
72345  23.194  -8.741  2.158 0.6250000000
71240  27.033  -9.194  2.092 0.3750000000
71241  26.344  -9.535  1.622 0.5000000000
71242  25.479  -9.787  1.337 0.6250000000
74547  21.312  -6.178  2.649 0.2500000000
73492  27.566  -7.673  0.335 0.2500000000
77642  22.014  -3.504  1.038 0.3750000000
74592  27.922  -6.590  -1.446 0.2500000000
75633  27.897  -6.440  -1.662 0.3750000000
76654  28.388  -5.486  -2.588 0.2500000000
77676  28.630  -4.642  -2.658 0.2500000000
77692  29.187  -4.082  -2.981 0.2500000000
86190  21.010  4.990  2.476 0.1250000000
89132  22.287  7.340  0.384 0.2500000000
77710  29.400  -3.654  -4.252 0.2500000000
90117  23.862  8.416  -0.202 0.3750000000
88111  21.607  6.255  1.852 0.1250000000
86207  20.873  4.384  2.222 0.2500000000
77623  21.483  -3.264  1.548 0.2500000000
73485  22.772  -7.344  1.783 0.5000000000
72378  26.911  -8.035  -0.244 0.5000000000
74562  21.736  -5.981  1.908 0.3750000000
75600  22.085  -5.369  1.735 0.3750000000
71244  23.881  -9.272  1.442 0.6250000000
75587  21.635  -5.210  2.401 0.3750000000
71254  26.060  -9.228  0.955 0.5000000000
73483  27.768  -7.719  1.055 0.2500000000
74569  28.099  -6.712  0.087 0.2500000000
72355  26.502  -8.963  1.003 0.5000000000
73474  22.265  -7.369  2.393 0.3750000000
74591  28.148  -6.555  -1.646 0.2500000000
86191  20.578  4.685  3.151 0.1250000000
69098  23.723  -11.115  2.710 0.5000000000
70190  26.162  -10.174  2.312 0.2500000000
69096  25.231  -11.472  2.259 0.3750000000
69112  25.153  -11.108  1.707 0.5000000000
70177  23.949  -10.457  1.945 0.5000000000
69099  23.238  -11.061  3.047 0.3750000000
71231  22.590  -9.366  2.871 0.5000000000
71230  23.378  -9.653  2.266 0.5000000000
70178  23.076  -10.468  2.758 0.5000000000
67958  21.525  -11.761  4.879 0.1250000000
69083  22.780  -11.073  3.416 0.3750000000
72334  22.026  -8.663  3.298 0.2500000000
66739  22.221  -13.316  4.857 0.1250000000
67971  22.692  -11.951  3.693 0.2500000000
67970  23.470  -12.417  3.376 0.3750000000
70175  25.857  -10.791  2.660 0.2500000000
67981  24.615  -12.291  2.584 0.3750000000
69097  24.475  -11.276  2.171 0.5000000000
66740  21.712  -12.568  5.054 0.1250000000
67982  23.975  -11.913  2.823 0.3750000000
70141  21.674  -10.426  4.684 0.1250000000
71216  22.000  -9.477  3.819 0.1250000000
88186  29.188  6.622  -5.460 0.1250000000
70191  25.586  -10.550  1.867 0.3750000000
70193  24.251  -10.065  1.404 0.5000000000
70176  24.394  -10.820  1.860 0.5000000000
72347  21.922  -8.066  3.081 0.2500000000
73475  21.748  -7.305  2.983 0.2500000000
71229  26.646  -9.686  2.502 0.2500000000
69113  24.892  -11.271  1.780 0.3750000000
69082  23.368  -11.569  3.255 0.3750000000
70160  22.420  -10.258  3.558 0.1250000000
67957  22.069  -12.330  4.354 0.1250000000
69070  22.005  -11.119  4.173 0.2500000000
69071  21.479  -11.011  4.890 0.1250000000
69047  21.229  -11.293  5.460 0.1250000000
67980  25.229  -12.194  2.846 0.2500000000
70140  22.043  -10.042  4.275 0.1250000000
71198  21.861  -9.663  4.245 0.1250000000
66753  22.821  -13.072  3.896 0.2500000000
66766  24.308  -13.047  2.845 0.2500000000
76593  21.553  -4.602  2.333 0.2500000000
69081  25.592  -11.427  3.348 0.2500000000
66767  23.937  -12.713  2.769 0.2500000000
66752  23.667  -13.304  3.385 0.2500000000
76594  20.972  -4.569  2.675 0.1250000000
94179  24.401  12.825  -0.301 0.1250000000
93179  24.538  11.894  -0.119 0.1250000000
94169  24.042  12.795  0.181 0.1250000000
95119  24.499  13.069  0.822 0.1250000000
94168  23.827  13.274  -0.175 0.1250000000
95115  24.525  13.182  1.703 0.1250000000
95118  23.973  13.598  0.331 0.1250000000
95114  24.716  13.486  1.104 0.1250000000
95986  24.806  14.147  1.252 0.1250000000
95982  24.973  14.271  2.494 0.1250000000
89118  21.774  7.795  1.138 0.1250000000
75588  20.944  -5.426  2.809 0.1250000000
90105  23.314  8.508  0.758 0.1250000000
92129  24.204  10.780  1.368 0.1250000000
93170  24.429  11.741  0.782 0.1250000000
93165  24.051  11.754  1.802 0.1250000000
94157  24.461  12.496  2.072 0.1250000000
95109  25.190  13.308  2.987 0.1250000000
95979  25.396  14.025  3.348 0.1250000000
96844  25.408  15.022  1.971 0.1250000000
76608  21.938  -4.350  1.714 0.1250000000
74548  20.789  -5.849  3.211 0.1250000000
77624  21.153  -3.825  2.159 0.1250000000
76579  20.439  -4.283  3.460 0.1250000000
75579  20.605  -5.142  3.363 0.1250000000
94160  24.487  12.466  1.232 0.1250000000
95987  24.500  13.714  1.648 0.1250000000
95112  24.528  13.211  2.532 0.1250000000
95983  24.411  13.804  2.177 0.1250000000
93157  25.400  11.860  2.545 0.1250000000
96835  25.489  14.709  3.980 0.1250000000
72343  27.952  -8.083  2.125 0.1250000000
73491  28.071  -7.339  0.744 0.1250000000
74580  28.089  -6.661  -1.257 0.1250000000
75621  28.527  -6.223  -0.769 0.1250000000
75632  28.308  -6.283  -1.972 0.1250000000
76652  30.219  -4.157  -1.145 0.1250000000
76653  29.237  -4.823  -2.115 0.1250000000
75631  28.663  -5.651  -2.172 0.1250000000
76663  30.114  -4.241  -2.058 0.1250000000
78747  30.828  -2.681  -2.676 0.1250000000
77691  30.253  -3.735  -2.645 0.1250000000
77701  29.674  -3.739  -3.602 0.1250000000
69069  25.455  -11.851  3.991 0.1250000000
67969  24.878  -12.846  3.017 0.1250000000
70159  26.128  -10.754  3.315 0.1250000000
71215  26.910  -9.831  3.138 0.1250000000
72333  27.692  -9.066  3.032 0.1250000000
73482  28.373  -7.447  1.484 0.1250000000
74558  28.999  -6.528  1.301 0.1250000000
75609  29.295  -5.665  0.362 0.1250000000
75620  28.896  -5.581  -1.261 0.1250000000
76640  29.756  -4.769  -0.478 0.1250000000
77690  31.100  -3.158  -1.989 0.1250000000
78760  30.163  -3.357  -4.148 0.1250000000
78759  30.607  -2.787  -3.556 0.1250000000
78768  29.555  -3.199  -4.741 0.1250000000
72344  27.592  -8.811  2.434 0.1250000000
74559  28.430  -7.048  0.874 0.1250000000
70174  26.456  -10.320  2.940 0.1250000000
67968  25.239  -12.340  3.536 0.1250000000
71228  27.271  -9.377  2.767 0.1250000000
75610  28.570  -6.106  0.036 0.1250000000
74568  28.689  -6.188  0.461 0.1250000000
76664  29.662  -4.247  -2.487 0.1250000000
78748  30.341  -3.341  -3.364 0.1250000000
69080  26.027  -10.893  3.769 0.1250000000
73481  29.015  -7.182  1.960 0.1250000000
79835  31.125  -2.047  -3.308 0.1250000000
72353  27.781  -7.875  1.494 0.1250000000
72379  26.749  -8.151  -0.098 0.5000000000
73493  26.201  -8.009  -0.016 0.6250000000
76609  21.434  -4.318  2.267 0.1250000000
76625  26.556  -5.065  0.191 0.7500000000
76626  26.149  -5.114  0.371 0.7500000000
77675  30.702  -3.613  -1.559 0.1250000000
77703  28.482  -3.448  -4.280 0.2500000000
77712  28.559  -3.251  -4.611 0.2500000000
78695  27.506  -2.400  0.345 1.0000000000
78749  28.896  -4.041  -2.782 0.5000000000
78769  28.818  -2.934  -4.979 0.1250000000
78778  29.185  -2.299  -5.302 0.5000000000
79799  28.483  -1.922  -0.976 0.8750000000
79821  28.944  -1.593  -1.550 0.7500000000
79849  30.138  -2.971  -4.579 0.1250000000
80861  25.841  -0.787  -0.132 1.0000000000
80876  22.843  0.354  -0.870 1.0000000000
80899  28.635  -1.621  -4.081 0.5000000000
80910  28.668  -1.497  -4.439 0.5000000000
80920  30.037  -1.138  -6.522 0.1250000000
81954  21.175  0.651  0.799 0.2500000000
81969  22.580  0.798  -0.412 0.8750000000
81979  23.070  0.695  -1.170 0.8750000000
82000  29.654  1.193  -4.115 0.6250000000
83079  27.229  0.303  0.702 1.0000000000
83082  21.554  1.517  0.378 0.7500000000
83096  22.282  1.728  -0.517 0.8750000000
83155  30.948  1.429  -7.178 0.1250000000
83169  32.463  1.232  -8.260 0.1250000000
84186  27.299  2.982  0.610 1.0000000000
84229  31.055  3.327  -4.091 0.6250000000
85234  27.897  3.655  0.851 1.0000000000
85278  31.109  3.615  -3.832 0.6250000000
85290  31.011  3.779  -4.224 0.6250000000
85327  30.567  3.902  -6.670 0.1250000000
86216  25.964  4.365  0.220 1.0000000000
86225  28.606  4.429  1.169 1.0000000000
86227  27.035  4.610  0.661 1.0000000000
86230  22.418  4.660  -0.286 0.5000000000
86265  31.149  4.074  -3.977 0.6250000000
86296  30.457  4.737  -7.148 0.1250000000
87147  29.186  6.232  1.499 1.0000000000
87165  22.219  5.937  -0.002 0.5000000000
87172  23.305  4.732  -1.078 0.7500000000
87216  29.842  5.351  -5.257 0.2500000000
88139  22.277  6.408  0.096 0.5000000000
88146  31.399  7.391  -1.030 0.7500000000
88154  31.434  7.270  -1.519 0.7500000000
89112  30.236  8.107  1.164 1.0000000000
89125  30.978  8.058  -0.318 0.8750000000
89138  31.461  7.992  -0.978 0.8750000000
89146  31.306  7.978  -1.922 0.6250000000
90113  30.720  8.538  0.032 0.8750000000
90123  31.498  8.671  -1.064 0.6250000000
90124  31.353  8.700  -1.629 0.6250000000
91092  29.358  9.851  1.336 0.8750000000
91104  31.005  9.208  -0.108 0.8750000000
91106  29.947  9.562  0.953 0.8750000000
91121  30.907  8.946  -0.209 0.8750000000
91131  31.463  9.402  -1.353 0.5000000000
92126  29.568  10.093  1.168 0.8750000000
92127  29.039  10.340  1.398 0.8750000000
92128  28.463  10.253  1.316 1.0000000000
92136  31.177  9.499  0.033 0.7500000000
93169  29.079  10.860  1.217 0.8750000000
93175  30.958  11.070  0.477 0.7500000000
93188  31.377  10.982  0.163 0.7500000000
93202  32.131  11.615  -1.999 0.5000000000
93205  25.587  12.403  -0.731 0.8750000000
93218  31.372  11.238  -2.629 0.3750000000
94163  31.019  11.728  0.339 0.7500000000
94178  23.954  13.128  -0.377 0.1250000000
94184  32.128  11.747  -1.789 0.5000000000
94188  25.580  13.038  -0.893 0.7500000000
94196  32.231  11.886  -2.070 0.3750000000
94200  25.709  12.991  -1.116 0.7500000000
94208  31.192  12.308  -3.407 0.1250000000
95128  24.181  13.200  -0.478 0.1250000000
95132  25.624  13.453  -1.550 0.7500000000
95133  25.049  13.573  -1.141 0.7500000000
95140  25.759  13.272  -1.387 0.7500000000
95141  25.567  13.295  -1.243 0.7500000000
95154  32.102  14.124  -4.102 0.1250000000
95980  24.785  13.748  2.794 0.1250000000
96011  32.215  14.981  -2.353 0.3750000000
96014  25.223  13.808  -2.141 0.7500000000
96023  32.065  14.920  -2.511 0.3750000000
96888  32.183  15.180  -2.219 0.3750000000
96889  32.056  15.297  -1.950 0.3750000000
96908  32.083  15.157  -2.424 0.3750000000
96910  31.785  15.683  -2.135 0.3750000000
97809  32.039  15.817  -2.889 0.3750000000
98693  31.643  18.309  -4.067 0.1250000000
99457  26.736  18.055  2.311 0.1250000000
99511  25.828  18.295  -2.891 0.5000000000
99516  29.867  18.767  -3.533 0.3750000000
99523  31.299  18.825  -4.252 0.1250000000
99532  32.290  18.737  -6.184 0.1250000000
100335  27.108  20.706  -4.440 0.2500000000
100341  27.915  20.018  -4.855 0.2500000000
100343  27.241  20.826  -4.683 0.2500000000
100351  32.047  19.398  -6.540 0.1250000000
101186  27.141  21.017  -4.533 0.2500000000
101191  28.545  20.620  -5.139 0.2500000000
101193  27.454  21.081  -5.068 0.1250000000
101194  27.324  21.034  -4.806 0.2500000000
101200  28.242  21.207  -5.457 0.1250000000
101201  27.793  21.139  -5.371 0.1250000000
102112  28.436  22.123  -3.911 0.1250000000
102114  27.371  21.300  -4.450 0.2500000000
102120  27.407  21.246  -4.712 0.1250000000
102123  31.086  21.472  -6.337 0.1250000000
102126  28.725  21.871  -5.672 0.1250000000
102127  27.941  21.675  -5.444 0.1250000000
102131  30.449  22.438  -6.611 0.1250000000
102132  29.944  22.673  -6.388 0.1250000000
102934  29.279  22.523  -4.431 0.1250000000
102939  29.331  22.778  -5.159 0.1250000000
102940  28.432  22.423  -5.139 0.1250000000
102941  28.019  22.058  -5.326 0.1250000000
102946  28.362  22.148  -5.512 0.1250000000
103714  30.009  23.267  -6.182 0.1250000000
103716  30.170  23.166  -6.463 0.1250000000
103717  29.852  23.092  -6.263 0.1250000000
