#!ascii label  , from subject 3632 vox2ras=TkReg
651
91758  21.160  -14.170  -11.383 0.1428571492
90521  20.629  -14.811  -11.135 0.1428571492
91776  21.729  -13.150  -11.577 0.1428571492
90519  22.265  -14.607  -10.717 0.1428571492
90533  20.799  -14.341  -11.337 0.1428571492
91756  22.676  -13.514  -11.220 0.1428571492
92950  21.854  -12.378  -11.968 0.5714285970
92932  23.371  -13.036  -11.397 0.1428571492
94109  24.559  -11.563  -11.221 0.2857142985
92931  23.999  -12.488  -11.337 0.2857142985
95246  24.930  -11.060  -11.185 0.1428571492
97483  25.366  -8.362  -11.614 0.2857142985
96360  24.423  -9.376  -11.815 0.2857142985
99776  25.641  -6.516  -11.887 0.2857142985
98629  26.405  -7.553  -11.403 0.2857142985
102087  26.471  -4.949  -11.891 0.2857142985
100919  26.146  -5.530  -11.801 0.2857142985
103226  26.875  -3.242  -12.454 0.2857142985
105363  26.554  -1.007  -13.602 0.8571428657
104291  26.410  -2.246  -12.829 0.4285714328
102102  26.393  -3.760  -12.351 0.2857142985
108586  27.547  1.487  -13.880 0.7142857313
107578  27.796  0.584  -13.522 0.7142857313
106513  27.574  -0.009  -13.720 0.7142857313
105351  26.795  -1.401  -13.172 0.7142857313
109543  28.051  2.391  -14.282 0.8571428657
108587  26.973  1.514  -13.804 0.8571428657
107579  27.259  0.529  -13.853 0.7142857313
106515  26.347  -0.614  -13.546 0.7142857313
111554  28.212  4.663  -14.758 0.4285714328
109554  27.925  2.996  -14.568 0.7142857313
109544  27.285  2.168  -14.451 0.8571428657
113714  28.639  6.168  -16.471 0.2857142985
112625  28.072  5.978  -16.438 0.5714285970
111564  27.929  5.252  -15.388 0.7142857313
110513  27.789  3.536  -14.461 0.8571428657
113737  27.932  7.081  -17.896 0.1428571492
113724  29.116  6.827  -16.795 0.1428571492
113725  28.250  6.448  -17.164 0.4285714328
111565  27.664  5.059  -15.152 0.8571428657
115994  26.022  7.673  -18.872 0.1428571492
114870  28.801  7.790  -17.467 0.1428571492
113738  27.173  6.966  -18.302 0.1428571492
113726  27.494  6.737  -17.554 0.4285714328
116972  27.014  9.293  -17.358 0.1428571492
116971  27.673  9.444  -17.483 0.1428571492
116960  26.627  9.408  -16.987 0.1428571492
114873  25.782  7.450  -18.645 0.1428571492
114849  26.658  7.616  -16.490 0.4285714328
113701  26.822  6.777  -16.074 0.5714285970
112605  27.052  6.089  -15.749 0.7142857313
112584  27.317  5.142  -13.959 0.8571428657
117923  26.258  10.608  -16.543 0.1428571492
116953  26.389  9.513  -16.200 0.1428571492
115960  26.594  8.468  -15.913 0.5714285970
113700  27.066  6.516  -15.239 0.8571428657
112604  27.270  5.522  -14.988 0.8571428657
113684  27.452  6.219  -14.204 0.8571428657
117924  25.830  11.216  -16.150 0.1428571492
117916  25.783  11.302  -15.787 0.2857142985
116945  26.585  9.446  -15.263 0.8571428657
114839  26.895  7.485  -15.594 0.8571428657
115952  27.397  8.341  -14.114 0.8571428657
119953  25.956  12.682  -14.613 0.1428571492
119961  25.196  12.901  -15.623 0.1428571492
118908  26.113  11.530  -14.789 0.4285714328
118898  26.965  11.134  -13.508 0.8571428657
117906  27.319  9.918  -14.091 0.8571428657
115942  27.532  8.388  -13.134 0.8571428657
119952  26.295  12.018  -14.273 0.4285714328
117899  27.280  10.377  -13.480 0.8571428657
116934  27.451  9.305  -13.693 0.8571428657
116923  27.379  9.415  -12.800 0.8571428657
120985  25.861  13.525  -14.084 0.1428571492
122049  25.389  14.245  -14.074 0.2857142985
119940  26.087  12.955  -13.944 0.5714285970
120970  26.735  13.005  -12.903 0.8571428657
119939  26.450  12.400  -13.681 0.8571428657
118881  27.212  11.301  -12.876 0.8571428657
119923  27.239  11.974  -12.351 0.8571428657
117885  27.324  10.379  -12.410 0.8571428657
122038  24.994  14.775  -13.356 0.2857142985
122037  25.998  14.108  -13.369 0.7142857313
122036  26.372  13.561  -13.088 0.5714285970
122018  26.475  13.837  -12.566 0.8571428657
119912  26.835  12.278  -11.124 0.8571428657
117869  27.126  10.428  -11.523 0.8571428657
121999  26.476  14.237  -11.583 0.8571428657
123018  26.312  14.629  -11.051 0.8571428657
120939  26.603  13.257  -10.935 0.8571428657
120940  26.095  13.299  -10.219 0.7142857313
119897  26.314  12.377  -10.444 0.7142857313
123040  25.903  15.455  -11.729 0.8571428657
123019  26.206  15.200  -10.670 0.8571428657
121979  26.302  14.159  -10.690 0.8571428657
122999  25.689  15.343  -9.638 0.8571428657
121980  25.890  14.273  -9.908 0.7142857313
125031  25.549  17.275  -11.650 0.7142857313
125016  26.260  16.932  -10.104 0.8571428657
125017  26.015  17.209  -10.619 0.8571428657
125003  25.436  17.563  -9.111 0.8571428657
126902  24.956  19.508  -9.533 0.7142857313
124022  25.650  16.463  -9.370 0.8571428657
127862  22.904  20.101  -13.582 0.1428571492
125943  25.649  18.053  -10.133 0.8571428657
126901  25.325  18.888  -10.118 0.7142857313
127827  24.721  20.396  -10.328 0.7142857313
125944  25.258  18.506  -9.499 0.8571428657
129666  22.555  21.693  -12.936 0.1428571492
128737  24.462  20.821  -10.826 0.5714285970
128738  24.101  21.365  -11.256 0.5714285970
129633  23.576  22.689  -10.239 0.5714285970
129653  23.541  21.805  -11.723 0.1428571492
129685  21.018  22.710  -13.920 0.1428571492
130524  23.019  23.213  -10.416 0.5714285970
131432  20.940  23.730  -13.349 0.1428571492
131448  19.309  24.784  -14.389 0.1428571492
130551  22.060  23.312  -12.386 0.1428571492
130539  23.294  22.943  -10.831 0.5714285970
132339  19.688  24.801  -13.384 0.1428571492
132320  19.933  24.965  -12.878 0.1428571492
132355  18.326  25.634  -14.426 0.1428571492
132340  19.242  25.087  -13.239 0.1428571492
89350  21.801  -15.558  -10.498 0.1428571492
89351  20.769  -15.544  -10.768 0.1428571492
96358  25.822  -8.922  -11.340 0.2857142985
96359  25.345  -9.385  -11.397 0.2857142985
95260  24.878  -9.943  -11.426 0.1428571492
102103  25.862  -4.359  -12.260 0.2857142985
110512  28.505  3.441  -14.281 0.2857142985
112614  29.257  5.736  -15.348 0.1428571492
110514  27.268  3.274  -14.291 0.8571428657
112616  27.575  5.688  -15.876 0.7142857313
117935  26.682  10.450  -17.150 0.1428571492
115953  27.033  8.397  -15.041 0.8571428657
114828  27.639  7.318  -13.618 0.8571428657
115931  27.294  8.546  -12.276 0.8571428657
122019  25.809  14.788  -12.457 0.8571428657
124054  25.930  16.320  -11.167 0.8571428657
125953  25.584  18.017  -11.071 0.8571428657
126916  25.140  19.555  -10.654 0.7142857313
127839  23.984  20.800  -11.839 0.2857142985
129644  22.965  22.643  -11.751 0.1428571492
130564  21.409  23.303  -13.214 0.1428571492
132366  19.721  25.545  -15.846 0.1428571492
89352  19.886  -15.682  -10.848 0.1428571492
92949  22.881  -12.421  -11.809 0.4285714328
94124  23.784  -11.363  -11.688 0.2857142985
92948  23.464  -11.929  -11.809 0.4285714328
94126  22.081  -11.438  -12.092 0.2857142985
99775  26.894  -6.571  -11.343 0.2857142985
99777  25.196  -7.036  -11.992 0.2857142985
98631  24.908  -7.523  -11.976 0.2857142985
104303  26.033  -1.954  -13.119 0.7142857313
115982  27.748  8.560  -17.589 0.1428571492
117934  27.289  10.515  -17.541 0.1428571492
118917  25.554  11.872  -15.961 0.1428571492
118909  25.763  12.106  -15.316 0.2857142985
117907  26.732  10.441  -14.438 0.8571428657
113674  27.482  6.327  -13.145 1.0000000000
120997  25.188  13.706  -14.840 0.1428571492
122050  24.549  14.650  -14.502 0.1428571492
123059  24.605  15.584  -13.003 0.2857142985
118850  25.678  11.518  -10.090 0.8571428657
123058  25.233  15.597  -12.408 0.5714285970
125048  25.155  17.043  -12.391 0.5714285970
125032  25.063  17.671  -12.233 0.5714285970
126915  25.405  18.722  -10.832 0.7142857313
127838  24.496  20.281  -11.415 0.4285714328
126930  24.286  19.169  -12.431 0.2857142985
127848  23.758  20.250  -12.612 0.2857142985
128748  23.009  21.178  -12.723 0.1428571492
129654  22.905  22.101  -12.266 0.1428571492
131406  21.558  24.209  -11.718 0.2857142985
129667  21.935  22.347  -13.289 0.1428571492
131420  21.174  23.922  -12.817 0.1428571492
131421  20.685  24.554  -12.455 0.1428571492
132304  20.312  25.250  -11.812 0.1428571492
130580  20.530  23.354  -14.247 0.1428571492
132341  18.402  25.338  -13.275 0.1428571492
133354  18.134  26.561  -14.920 0.1428571492
124072  24.807  16.397  -12.686 0.4285714328
125049  24.413  17.402  -12.827 0.4285714328
125970  24.024  18.367  -12.848 0.4285714328
126925  24.947  19.094  -11.624 0.5714285970
127847  24.397  19.715  -12.031 0.5714285970
91757  21.666  -13.957  -11.247 0.1428571492
90520  21.303  -14.721  -11.046 0.1428571492
89365  20.180  -15.060  -11.045 0.1428571492
91777  20.820  -13.580  -11.472 0.2857142985
91775  22.298  -12.877  -11.664 0.5714285970
91755  23.763  -13.544  -10.896 0.1428571492
95261  24.348  -10.447  -11.584 0.1428571492
98630  25.594  -7.572  -11.704 0.2857142985
107580  26.693  0.340  -13.519 0.7142857313
109556  27.221  2.657  -14.474 0.8571428657
112615  28.446  5.611  -15.675 0.5714285970
112626  27.574  6.248  -16.787 0.5714285970
115971  26.534  8.466  -16.881 0.2857142985
114883  26.999  8.013  -18.763 0.1428571492
113727  26.907  7.146  -17.845 0.1428571492
117915  25.999  10.633  -15.553 0.5714285970
114838  27.311  7.350  -14.672 0.8571428657
116944  27.161  9.323  -14.482 0.8571428657
118899  26.591  11.434  -13.978 0.8571428657
120958  27.070  13.046  -11.900 0.8571428657
120969  27.116  12.549  -12.451 0.8571428657
118865  27.010  11.357  -11.276 0.8571428657
128757  22.445  21.132  -13.489 0.1428571492
129643  23.497  22.400  -11.256 0.5714285970
128727  24.072  21.926  -10.332 0.5714285970
131405  22.245  23.809  -11.219 0.4285714328
131458  19.681  24.754  -15.150 0.1428571492
131447  20.094  24.089  -14.669 0.1428571492
129655  22.411  22.668  -12.533 0.1428571492
131449  18.808  25.074  -13.886 0.1428571492
96343  26.458  -9.508  -10.954 0.1428571492
124071  25.504  16.360  -12.075 0.5714285970
94125  23.016  -11.353  -12.145 0.4285714328
99787  24.662  -6.489  -12.331 0.5714285970
132303  21.047  24.840  -11.411 0.1428571492
98640  24.176  -7.305  -12.201 0.5714285970
98641  23.453  -7.230  -12.296 0.5714285970
98643  21.975  -7.241  -12.069 0.2857142985
100932  23.831  -5.547  -12.688 0.5714285970
99789  22.829  -6.409  -12.250 0.5714285970
97486  22.176  -8.490  -12.208 0.4285714328
99788  23.656  -6.422  -12.351 0.5714285970
98632  21.424  -7.322  -11.641 0.2857142985
99790  22.043  -6.432  -12.171 0.4285714328
102104  24.945  -4.508  -12.888 0.4285714328
102105  24.008  -4.595  -13.077 0.5714285970
102106  23.028  -4.666  -12.925 0.5714285970
102107  22.229  -4.761  -12.620 0.4285714328
103228  25.224  -3.534  -13.008 0.5714285970
103229  24.315  -3.535  -13.196 0.5714285970
103241  24.760  -2.881  -13.203 0.7142857313
103242  24.289  -2.853  -13.191 0.4285714328
104305  24.990  -2.215  -13.111 0.4285714328
100934  22.135  -5.602  -12.388 0.4285714328
99778  21.362  -6.452  -11.777 0.2857142985
99779  20.803  -6.550  -11.272 0.2857142985
103240  25.308  -2.761  -13.070 0.7142857313
105365  25.265  -1.501  -13.234 0.7142857313
105353  24.019  -1.148  -12.604 0.4285714328
107582  25.304  -0.160  -12.976 0.7142857313
106500  24.061  -0.325  -12.549 0.5714285970
107563  24.557  0.348  -12.640 0.7142857313
107564  23.515  0.447  -12.505 0.2857142985
105364  26.043  -1.460  -13.524 0.5714285970
106516  25.592  -0.758  -13.391 0.5714285970
106517  24.797  -0.755  -12.909 0.7142857313
107562  25.468  0.564  -12.810 0.7142857313
108566  24.867  1.365  -12.440 0.7142857313
109527  25.324  2.309  -12.162 0.7142857313
109528  24.171  2.357  -12.213 0.7142857313
108567  23.825  1.370  -12.383 0.4285714328
107581  26.003  -0.070  -13.137 0.5714285970
109526  26.396  2.391  -13.005 0.5714285970
110482  25.682  3.370  -12.172 0.7142857313
111521  26.125  4.343  -12.060 0.7142857313
110483  24.537  3.399  -12.137 0.7142857313
111502  25.282  5.151  -11.651 0.5714285970
111555  27.593  4.427  -14.364 0.7142857313
110501  26.742  3.452  -13.574 0.5714285970
110481  26.317  3.538  -12.720 0.7142857313
112567  26.604  4.791  -12.359 0.8571428657
110484  23.563  3.376  -12.646 0.4285714328
112551  26.405  5.437  -11.859 0.7142857313
113660  26.760  6.405  -11.832 0.7142857313
112568  24.922  5.413  -11.737 0.5714285970
112552  25.467  5.733  -11.534 0.7142857313
111556  27.194  3.935  -13.958 0.5714285970
112566  27.106  5.235  -12.884 0.8571428657
113675  27.164  6.332  -12.374 0.8571428657
113661  26.054  6.546  -11.374 0.7142857313
113662  25.107  6.726  -11.440 0.5714285970
114784  24.816  8.085  -10.941 0.2857142985
112565  27.397  5.685  -13.550 0.7142857313
114817  27.145  6.877  -11.937 0.7142857313
115903  25.110  9.038  -10.709 0.7142857313
114800  26.746  7.492  -11.537 0.8571428657
116889  26.384  10.082  -10.598 0.8571428657
114799  27.168  8.007  -11.905 0.8571428657
115917  25.690  8.705  -10.702 0.5714285970
116907  26.180  9.062  -10.698 0.8571428657
116890  25.787  9.639  -10.492 0.8571428657
116891  24.741  9.729  -10.710 0.7142857313
116905  27.177  9.479  -11.904 0.8571428657
117853  26.094  10.640  -10.392 0.8571428657
117870  26.706  10.585  -10.844 0.8571428657
118849  26.503  11.471  -10.629 0.8571428657
121964  25.223  14.293  -9.156 0.7142857313
121965  24.364  14.327  -8.795 0.7142857313
123000  24.843  15.471  -8.848 0.5714285970
152821  23.538  14.650  -8.627 0.7142857313
124023  24.910  16.593  -8.782 0.7142857313
124989  24.680  17.351  -8.612 0.8571428657
124990  23.941  17.524  -8.386 0.7142857313
124009  23.387  16.564  -8.329 0.7142857313
125933  22.645  18.714  -8.321 0.7142857313
124992  22.254  17.922  -8.675 0.5714285970
126881  24.254  19.643  -8.576 0.7142857313
126882  23.280  19.755  -8.282 0.7142857313
125934  21.693  18.670  -8.784 0.5714285970
126883  22.215  19.816  -8.402 0.5714285970
126884  21.121  19.719  -8.652 0.5714285970
125935  20.848  18.891  -9.141 0.5714285970
127799  22.927  21.111  -8.464 0.5714285970
127800  21.569  20.869  -8.370 0.5714285970
126885  20.103  19.517  -9.172 0.5714285970
127801  20.455  20.631  -8.651 0.5714285970
128704  21.881  22.081  -8.529 0.5714285970
126886  19.365  19.699  -9.551 0.4285714328
125947  19.328  18.149  -10.199 0.4285714328
127802  19.568  20.453  -9.081 0.5714285970
128708  18.495  20.756  -8.510 0.4285714328
106499  27.409  -0.964  -13.296 0.2857142985
109545  26.881  2.549  -14.117 0.5714285970
128707  19.038  21.139  -8.764 0.2857142985
127803  18.802  20.109  -9.366 0.4285714328
127804  18.187  19.943  -8.925 0.2857142985
97499  23.893  -7.774  -12.243 0.5714285970
96379  22.712  -8.765  -12.377 0.5714285970
100930  25.368  -5.391  -12.320 0.2857142985
99786  25.116  -5.989  -12.416 0.4285714328
98642  22.708  -7.259  -12.282 0.5714285970
97502  21.890  -7.897  -12.054 0.2857142985
103230  23.289  -3.619  -13.015 0.4285714328
100921  20.640  -5.550  -11.444 0.2857142985
102088  21.591  -4.744  -12.262 0.2857142985
105367  23.970  -1.864  -12.939 0.5714285970
107560  28.500  0.548  -13.099 0.2857142985
106502  22.377  -0.614  -12.522 0.2857142985
114816  27.418  7.398  -12.424 0.8571428657
114801  25.550  7.733  -11.043 0.7142857313
120923  25.356  13.430  -9.650 0.7142857313
120924  24.762  12.747  -9.243 0.7142857313
124991  22.917  17.553  -8.408 0.7142857313
125945  21.103  18.160  -9.352 0.5714285970
126903  19.567  19.029  -9.792 0.2857142985
127798  23.777  20.517  -8.547 0.5714285970
127814  24.278  20.747  -9.330 0.5714285970
127815  23.739  21.117  -8.807 0.5714285970
128705  20.791  21.761  -8.520 0.2857142985
112585  27.178  4.753  -13.578 0.7142857313
111540  26.993  4.326  -13.490 0.7142857313
115915  26.871  8.598  -11.635 0.7142857313
125931  24.687  18.414  -8.746 0.8571428657
104304  25.625  -2.151  -13.082 0.5714285970
118835  25.053  11.612  -9.570 0.7142857313
107561  26.200  0.633  -12.974 0.5714285970
97501  22.560  -8.059  -12.286 0.5714285970
100931  24.665  -5.442  -12.690 0.5714285970
100933  22.954  -5.560  -12.492 0.5714285970
100920  21.390  -5.577  -12.029 0.4285714328
103210  21.817  -4.213  -12.398 0.4285714328
104306  24.386  -2.350  -13.115 0.5714285970
104293  23.712  -2.626  -13.039 0.4285714328
105366  24.593  -1.652  -12.963 0.5714285970
106501  23.284  -0.480  -12.466 0.4285714328
105354  23.149  -1.554  -12.748 0.4285714328
108564  26.584  1.218  -13.114 0.7142857313
108565  25.863  1.374  -12.650 0.7142857313
111522  24.991  4.559  -11.879 0.7142857313
111520  26.650  4.260  -12.833 0.5714285970
111501  25.704  4.963  -11.584 0.7142857313
111523  23.712  4.522  -12.576 0.2857142985
114802  24.510  7.635  -11.318 0.5714285970
114803  23.780  7.532  -11.812 0.2857142985
115916  26.294  8.516  -11.090 0.8571428657
124008  24.241  16.623  -8.415 0.7142857313
125932  23.642  18.603  -8.368 0.8571428657
128706  19.809  21.466  -8.691 0.5714285970
103211  21.374  -3.685  -12.035 0.1428571492
103232  21.644  -3.219  -12.228 0.4285714328
92951  21.020  -12.516  -11.653 0.4285714328
100918  26.976  -5.529  -11.678 0.1428571492
104290  27.291  -2.303  -12.579 0.1428571492
102086  27.026  -4.474  -12.076 0.1428571492
100917  27.891  -5.478  -11.289 0.1428571492
104289  27.921  -2.022  -12.319 0.1428571492
103225  27.554  -3.067  -12.171 0.1428571492
103209  27.574  -3.743  -12.095 0.1428571492
105350  27.620  -1.404  -12.806 0.1428571492
108584  29.110  1.693  -13.330 0.2857142985
110500  28.666  2.787  -14.048 0.1428571492
119898  25.994  12.366  -10.195 0.5714285970
134334  16.241  27.997  -13.540 0.1428571492
118851  24.518  11.107  -10.260 0.4285714328
134319  16.133  27.651  -12.800 0.1428571492
132321  19.226  25.423  -12.485 0.1428571492
152812  23.014  12.788  -9.127 0.4285714328
152820  23.643  13.433  -8.773 0.5714285970
121956  22.906  14.926  -8.507 0.4285714328
132295  18.742  25.586  -9.870 0.2857142985
130497  21.123  24.064  -8.812 0.2857142985
123003  21.036  14.184  -9.931 0.1428571492
122986  22.347  15.284  -8.635 0.5714285970
131372  19.242  24.028  -8.897 0.2857142985
128703  22.792  22.480  -8.778 0.4285714328
123002  21.653  15.033  -8.907 0.4285714328
124024  22.135  16.826  -9.248 0.5714285970
130498  20.088  23.556  -8.554 0.2857142985
124026  20.457  16.064  -9.791 0.4285714328
129612  19.104  22.166  -8.501 0.1428571492
129611  19.977  22.518  -8.471 0.1428571492
124027  19.669  16.262  -10.034 0.1428571492
125946  20.284  18.376  -9.747 0.4285714328
131373  18.178  24.064  -8.728 0.1428571492
125007  19.951  17.227  -9.937 0.2857142985
129613  18.576  21.743  -8.130 0.2857142985
127785  17.746  19.988  -7.738 0.1428571492
130500  18.239  22.860  -8.117 0.1428571492
128693  18.222  21.204  -7.713 0.1428571492
129599  18.051  22.253  -7.387 0.1428571492
129600  17.929  22.639  -6.912 0.1428571492
94127  21.191  -11.534  -11.730 0.4285714328
95265  20.532  -10.684  -11.265 0.2857142985
103208  28.232  -3.425  -11.707 0.1428571492
106498  28.122  -0.490  -13.096 0.1428571492
119881  23.966  12.048  -9.323 0.2857142985
128726  24.349  21.145  -10.293 0.4285714328
130510  22.184  23.900  -9.686 0.2857142985
131382  18.747  24.438  -9.109 0.2857142985
131380  20.128  24.907  -9.389 0.2857142985
96344  25.913  -10.018  -11.007 0.1428571492
95245  25.422  -10.579  -11.020 0.1428571492
109542  28.837  2.273  -13.736 0.1428571492
123004  19.976  15.240  -10.328 0.1428571492
152811  23.680  11.346  -10.197 0.4285714328
125005  21.759  17.490  -9.224 0.5714285970
128717  23.682  21.901  -9.295 0.4285714328
132281  18.393  25.142  -9.234 0.2857142985
132280  19.323  25.200  -9.706 0.2857142985
131379  21.142  24.797  -9.777 0.2857142985
132278  20.589  25.262  -10.338 0.2857142985
132294  19.258  25.645  -10.419 0.2857142985
133303  18.104  26.365  -11.282 0.1428571492
133292  17.641  26.766  -10.459 0.1428571492
132322  18.257  25.849  -12.119 0.1428571492
131374  17.701  23.663  -7.805 0.2857142985
132306  18.544  26.038  -11.468 0.1428571492
133320  17.222  26.531  -12.375 0.1428571492
132305  19.194  25.827  -11.394 0.1428571492
110511  29.169  3.735  -13.974 0.2857142985
130525  22.542  23.673  -10.566 0.4285714328
133279  18.341  25.829  -9.641 0.2857142985
132292  20.871  25.199  -10.826 0.2857142985
132293  20.107  25.545  -10.796 0.1428571492
108585  28.355  1.464  -13.560 0.4285714328
129621  22.961  23.062  -9.530 0.2857142985
131392  21.476  24.690  -10.778 0.2857142985
121955  23.328  15.216  -8.452 0.5714285970
124010  22.471  16.384  -8.794 0.5714285970
129608  22.614  23.061  -9.045 0.2857142985
119880  25.037  11.781  -9.402 0.5714285970
125006  20.878  17.271  -9.659 0.5714285970
129610  21.007  22.898  -8.505 0.2857142985
104273  27.895  -2.640  -12.108 0.1428571492
102085  28.046  -4.449  -11.630 0.1428571492
105338  28.357  -1.462  -12.426 0.1428571492
131381  19.313  24.657  -9.246 0.2857142985
131371  20.094  24.373  -8.890 0.2857142985
130496  21.827  23.929  -9.067 0.2857142985
130499  19.107  23.190  -8.600 0.1428571492
124025  21.548  16.144  -9.334 0.4285714328
124011  21.974  15.726  -8.892 0.5714285970
95266  19.852  -10.984  -10.872 0.2857142985
106485  28.769  -1.023  -12.506 0.1428571492
132279  20.134  25.358  -10.005 0.2857142985
133290  18.886  25.924  -10.803 0.2857142985
133304  17.301  26.867  -11.455 0.1428571492
113663  24.329  6.716  -11.804 0.2857142985
132273  16.836  25.733  -7.449 0.1428571492
132282  17.601  25.359  -8.789 0.1428571492
133266  16.849  26.484  -7.382 0.1428571492
130481  17.878  23.323  -6.552 0.1428571492
132265  16.906  25.956  -6.905 0.1428571492
132272  17.245  24.932  -8.049 0.1428571492
133272  17.195  25.663  -8.650 0.1428571492
131364  17.505  24.065  -7.028 0.1428571492
131356  17.717  24.188  -6.121 0.1428571492
133251  17.714  25.702  -6.390 0.1428571492
134270  17.416  27.144  -7.532 0.1428571492
132264  17.356  25.255  -6.802 0.1428571492
133249  19.180  26.122  -6.482 0.1428571492
133265  17.612  26.362  -6.834 0.1428571492
112553  24.781  6.041  -11.709 0.2857142985
132255  18.041  25.130  -6.182 0.1428571492
133264  18.679  26.706  -6.848 0.1428571492
134271  16.960  27.016  -7.979 0.1428571492
103227  25.925  -3.024  -12.709 0.2857142985
132271  17.832  24.886  -8.680 0.1428571492
133280  17.629  26.190  -9.327 0.1428571492
133273  16.837  26.276  -8.346 0.1428571492
133281  16.942  26.974  -9.170 0.1428571492
133250  18.289  25.938  -6.327 0.1428571492
132254  18.859  25.314  -6.084 0.1428571492
96361  23.473  -9.259  -12.216 0.4285714328
97500  23.456  -8.172  -12.309 0.2857142985
97485  23.972  -8.806  -12.147 0.1428571492
95262  23.248  -10.382  -12.094 0.2857142985
96362  22.368  -9.333  -12.190 0.4285714328
97484  24.454  -8.350  -11.994 0.1428571492
96378  23.054  -8.573  -12.415 0.2857142985
121957  22.496  14.013  -9.052 0.2857142985
95263  22.271  -10.408  -12.004 0.2857142985
95264  21.390  -10.498  -11.581 0.2857142985
96363  21.506  -9.423  -11.580 0.2857142985
104294  22.675  -2.600  -12.694 0.2857142985
105355  22.087  -1.590  -12.541 0.2857142985
108568  22.841  1.382  -12.680 0.1428571492
109529  23.166  2.414  -12.597 0.2857142985
113676  23.662  6.696  -12.293 0.1428571492
115918  23.912  8.097  -11.438 0.1428571492
115905  23.662  9.131  -11.287 0.1428571492
115919  23.274  8.614  -11.795 0.1428571492
116892  23.815  9.781  -10.980 0.1428571492
116893  23.152  10.052  -11.086 0.1428571492
117872  22.236  11.989  -10.257 0.1428571492
152819  21.320  12.955  -10.395 0.1428571492
126904  18.884  19.202  -9.906 0.1428571492
125954  18.850  17.654  -10.156 0.1428571492
126905  18.506  18.842  -9.670 0.1428571492
127817  18.557  19.494  -9.510 0.1428571492
94128  20.399  -11.725  -11.364 0.2857142985
117854  25.188  10.553  -10.323 0.2857142985
117857  22.808  10.693  -11.154 0.1428571492
94129  19.870  -11.994  -10.860 0.2857142985
103231  22.192  -3.662  -12.549 0.2857142985
111541  23.279  5.089  -13.030 0.1428571492
112569  24.169  5.668  -12.184 0.1428571492
113685  22.373  6.579  -13.173 0.1428571492
114818  23.162  7.514  -12.317 0.1428571492
115932  22.800  8.074  -12.360 0.1428571492
125948  18.655  18.047  -9.932 0.1428571492
104295  21.652  -2.533  -12.285 0.2857142985
115904  24.287  8.710  -11.051 0.1428571492
125018  19.198  17.051  -10.060 0.1428571492
117855  24.235  10.592  -10.535 0.1428571492
96364  20.608  -9.501  -11.019 0.2857142985
116908  23.327  9.456  -11.345 0.1428571492
114819  22.515  7.528  -12.806 0.1428571492
94110  19.577  -11.402  -10.280 0.1428571492
94111  19.323  -11.746  -9.850 0.1428571492
111553  29.303  4.517  -14.196 0.1428571492
124085  24.153  16.483  -13.583 0.1428571492
92953  19.820  -12.761  -10.854 0.1428571492
95247  20.065  -9.990  -10.564 0.1428571492
97487  21.531  -8.343  -11.752 0.1428571492
98633  20.864  -7.453  -11.164 0.1428571492
123070  24.348  15.524  -13.917 0.1428571492
125064  23.817  17.218  -13.456 0.1428571492
92952  20.310  -12.669  -11.225 0.1428571492
112603  28.948  5.220  -14.934 0.1428571492
97488  20.761  -8.430  -11.166 0.1428571492
104292  25.966  -2.321  -12.928 0.5714285970
105352  26.287  -1.742  -13.183 0.7142857313
106514  27.098  -0.531  -13.761 0.7142857313
109555  27.526  2.796  -14.552 0.8571428657
111539  27.244  4.470  -13.912 0.7142857313
112550  26.844  5.849  -12.227 0.8571428657
112586  23.493  5.400  -12.724 0.1428571492
112617  27.079  6.335  -16.431 0.5714285970
112627  27.156  6.675  -17.098 0.4285714328
113677  23.017  6.678  -12.762 0.1428571492
113715  26.785  6.981  -16.911 0.1428571492
113739  26.891  7.174  -18.752 0.1428571492
113750  27.062  7.358  -18.566 0.1428571492
113751  26.649  6.859  -18.998 0.1428571492
113752  25.948  7.090  -19.805 0.1428571492
113753  25.389  7.429  -20.135 0.1428571492
113762  26.701  7.471  -19.244 0.1428571492
113763  26.357  7.490  -19.741 0.1428571492
113764  25.841  7.565  -20.065 0.1428571492
113765  25.389  7.911  -20.120 0.1428571492
114783  25.078  8.437  -10.808 0.5714285970
114861  26.619  7.659  -17.512 0.4285714328
114871  27.646  7.789  -17.850 0.1428571492
114872  27.015  8.239  -18.218 0.1428571492
114874  25.302  7.766  -19.407 0.1428571492
114884  26.627  8.169  -19.191 0.1428571492
114885  25.408  7.395  -19.659 0.1428571492
114886  25.165  7.761  -19.875 0.1428571492
114896  26.614  7.771  -19.559 0.1428571492
114897  26.160  8.191  -19.986 0.1428571492
115983  26.953  8.160  -17.965 0.1428571492
115984  26.355  8.098  -18.116 0.1428571492
115985  25.696  7.862  -18.812 0.1428571492
115995  25.591  8.082  -19.320 0.1428571492
116906  26.647  9.532  -11.025 0.8571428657
116909  22.811  9.765  -11.609 0.1428571492
117856  23.358  10.799  -10.805 0.1428571492
117900  26.904  10.854  -13.856 0.8571428657
118834  25.520  11.876  -9.731 0.7142857313
118864  27.321  11.261  -11.998 0.8571428657
118882  26.825  11.687  -13.385 0.8571428657
118916  25.817  11.483  -15.481 0.2857142985
119911  27.217  12.074  -11.756 0.8571428657
119924  26.929  12.156  -12.931 0.8571428657
120957  27.249  12.432  -12.105 0.8571428657
120984  26.250  13.262  -13.508 0.5714285970
122000  26.118  14.860  -11.785 0.8571428657
122020  25.020  15.096  -12.681 0.2857142985
122983  24.474  16.084  -8.601 0.7142857313
122984  23.895  15.644  -8.412 0.5714285970
122985  23.010  15.667  -8.375 0.5714285970
123001  24.167  15.030  -8.663 0.7142857313
123039  26.220  14.894  -11.356 0.8571428657
124021  26.137  16.739  -9.740 0.8571428657
124036  26.252  16.738  -9.949 0.8571428657
124037  26.151  16.347  -10.128 0.8571428657
125001  26.268  16.961  -9.851 0.8571428657
125002  26.091  17.219  -9.755 0.8571428657
125004  22.379  17.260  -8.951 0.5714285970
125955  18.675  17.652  -10.042 0.1428571492
125959  25.217  18.166  -11.716 0.5714285970
125960  24.655  18.315  -12.273 0.4285714328
126924  25.324  18.520  -11.324 0.8571428657
126931  23.753  19.192  -13.080 0.2857142985
127816  18.745  19.599  -9.613 0.1428571492
127849  23.014  20.667  -13.095 0.1428571492
128716  24.165  21.464  -9.770 0.5714285970
128747  23.575  21.272  -12.085 0.2857142985
129609  22.025  23.243  -8.887 0.2857142985
129622  22.475  23.335  -9.252 0.2857142985
129668  21.315  22.950  -13.551 0.1428571492
130509  22.704  23.476  -10.028 0.4285714328
130511  21.619  24.230  -9.279 0.2857142985
130540  22.766  23.205  -11.378 0.5714285970
130541  22.169  23.643  -11.686 0.4285714328
130550  22.650  22.812  -12.086 0.1428571492
130565  20.906  23.390  -13.670 0.1428571492
131370  20.647  24.584  -9.159 0.2857142985
131378  21.762  24.441  -10.213 0.2857142985
131391  22.036  24.187  -10.698 0.4285714328
131407  20.892  24.704  -11.849 0.1428571492
131433  20.230  24.221  -13.565 0.1428571492
131434  19.342  24.829  -13.692 0.1428571492
131435  18.933  25.098  -13.551 0.1428571492
132323  17.668  26.131  -12.340 0.1428571492
133302  18.657  26.111  -11.057 0.2857142985
133319  17.688  26.329  -11.930 0.1428571492
134280  17.334  27.679  -8.182 0.1428571492
134311  15.757  28.203  -12.250 0.1428571492
134320  15.939  28.261  -12.967 0.1428571492
134335  16.104  28.403  -13.272 0.1428571492
135287  16.462  28.345  -13.836 0.1428571492
153026  25.840  8.264  -19.352 0.1428571492
153027  25.709  7.928  -18.923 0.1428571492
