#!ascii label  , from subject 3631 vox2ras=TkReg
995
63601  -23.477  -31.733  -11.769 0.4285714328
65926  -23.504  -29.461  -11.966 0.2857142985
64739  -23.452  -30.529  -11.849 0.4285714328
65927  -23.852  -29.792  -11.299 0.4285714328
65905  -24.450  -29.403  -10.944 0.4285714328
68047  -23.731  -28.364  -12.083 0.2857142985
67052  -24.054  -28.890  -11.572 0.4285714328
68048  -24.374  -27.692  -11.592 0.4285714328
69148  -23.806  -26.754  -13.026 0.4285714328
68062  -24.100  -26.905  -12.366 0.4285714328
70261  -24.153  -25.605  -13.689 0.4285714328
71339  -24.710  -24.898  -13.238 0.4285714328
71368  -23.928  -24.468  -14.923 0.5714285970
71354  -24.626  -24.780  -14.093 0.5714285970
72543  -25.539  -23.536  -13.490 0.2857142985
72561  -25.096  -23.659  -14.739 0.7142857313
73695  -25.927  -22.290  -15.139 0.7142857313
73679  -26.099  -22.263  -14.269 0.4285714328
73678  -25.725  -22.951  -14.479 0.7142857313
74747  -26.787  -21.150  -14.578 0.5714285970
73702  -25.712  -22.208  -15.493 0.5714285970
74768  -26.679  -21.098  -15.609 0.5714285970
74776  -26.606  -21.069  -16.140 0.5714285970
75767  -27.240  -20.596  -15.244 0.5714285970
74775  -26.103  -21.502  -15.917 0.5714285970
75744  -27.873  -20.113  -14.696 0.4285714328
75783  -27.676  -19.931  -16.344 0.5714285970
76763  -29.069  -19.166  -16.159 0.5714285970
75795  -26.738  -20.625  -17.209 0.7142857313
76782  -27.966  -19.427  -16.543 0.7142857313
76783  -28.958  -19.443  -17.277 0.7142857313
77779  -29.737  -18.794  -17.086 0.5714285970
76781  -27.476  -19.947  -16.619 0.5714285970
76779  -25.289  -20.080  -15.408 0.5714285970
76792  -28.450  -19.284  -17.171 0.8571428657
77780  -30.195  -18.402  -17.056 0.5714285970
77793  -27.054  -19.033  -17.065 0.7142857313
77792  -26.569  -19.243  -17.008 0.5714285970
78740  -30.517  -18.230  -17.905 0.7142857313
78722  -30.735  -18.171  -17.038 0.5714285970
77795  -28.670  -18.946  -17.621 0.7142857313
78739  -29.735  -18.410  -17.941 0.7142857313
78758  -30.887  -17.855  -18.599 0.5714285970
77796  -29.234  -19.067  -17.960 0.7142857313
78759  -32.121  -17.851  -18.643 0.5714285970
78737  -28.350  -18.236  -17.180 0.5714285970
78738  -28.901  -18.114  -17.879 0.7142857313
78757  -30.017  -17.757  -18.248 0.7142857313
79784  -31.193  -16.915  -19.067 0.7142857313
79782  -29.385  -17.071  -18.066 0.7142857313
80877  -30.309  -15.964  -18.811 0.7142857313
81959  -31.605  -15.120  -18.590 0.7142857313
80878  -31.334  -15.765  -18.847 0.5714285970
80876  -29.408  -15.785  -17.939 0.7142857313
79770  -28.327  -17.327  -17.020 0.5714285970
81966  -31.440  -14.364  -18.836 0.5714285970
83046  -32.537  -13.247  -19.224 0.5714285970
80875  -28.962  -16.379  -17.491 0.8571428657
83045  -31.583  -13.434  -19.137 0.7142857313
83044  -30.588  -13.432  -18.793 0.7142857313
80888  -29.825  -15.170  -18.439 0.8571428657
81964  -29.820  -14.412  -18.517 0.7142857313
85032  -30.196  -11.887  -18.538 0.8571428657
84053  -31.678  -12.525  -19.432 0.5714285970
83037  -29.580  -13.510  -17.814 0.8571428657
81958  -29.445  -14.539  -17.738 0.8571428657
83043  -29.935  -13.749  -18.633 0.8571428657
85041  -29.805  -11.227  -18.546 0.8571428657
86116  -29.458  -10.421  -18.683 0.8571428657
87247  -29.275  -9.437  -18.833 0.8571428657
84044  -30.134  -12.498  -18.397 0.8571428657
86104  -29.805  -10.507  -17.943 0.8571428657
87228  -29.912  -9.569  -16.930 1.0000000000
87237  -29.598  -9.575  -17.916 1.0000000000
85031  -29.907  -11.556  -17.844 0.8571428657
88305  -29.468  -8.484  -17.962 1.0000000000
86093  -30.002  -10.098  -17.509 1.0000000000
89316  -29.590  -7.499  -16.951 1.0000000000
90313  -29.828  -6.512  -14.843 0.7142857313
88297  -29.657  -8.574  -16.877 1.0000000000
88287  -29.628  -8.659  -15.648 1.0000000000
89307  -29.732  -7.557  -15.794 1.0000000000
93343  -30.434  -3.099  -14.807 1.0000000000
93322  -30.150  -3.145  -14.126 0.8571428657
95305  -30.231  -1.130  -14.423 0.8571428657
94302  -30.227  -2.102  -14.420 1.0000000000
99180  -30.338  2.449  -14.544 0.8571428657
98216  -30.227  1.369  -14.276 0.8571428657
97283  -30.257  0.431  -14.629 1.0000000000
100995  -29.926  5.097  -15.178 0.8571428657
100993  -30.321  4.028  -14.975 0.8571428657
101804  -29.301  5.638  -14.916 0.7142857313
100118  -28.336  3.708  -14.116 0.5714285970
101803  -28.080  5.932  -15.051 0.7142857313
102645  -28.657  6.650  -15.305 0.5714285970
100988  -25.769  4.572  -14.758 0.5714285970
100117  -27.303  3.744  -14.205 0.5714285970
102642  -25.771  6.536  -15.412 0.4285714328
103477  -26.068  7.345  -15.715 0.4285714328
101793  -24.393  5.527  -14.086 0.2857142985
101785  -24.319  5.619  -13.492 0.2857142985
101794  -24.648  5.373  -14.629 0.2857142985
67051  -23.591  -28.869  -12.057 0.2857142985
75782  -27.153  -20.559  -16.368 0.5714285970
78721  -30.163  -18.398  -17.437 0.5714285970
80889  -30.435  -15.107  -18.832 0.7142857313
81965  -30.514  -14.337  -18.844 0.7142857313
84052  -30.753  -12.504  -18.976 0.8571428657
85051  -30.501  -11.237  -19.530 0.8571428657
85050  -29.746  -11.077  -19.137 0.8571428657
91330  -29.513  -5.467  -16.083 0.8571428657
101762  -24.701  5.846  -12.380 0.1428571492
67063  -23.189  -28.779  -12.598 0.2857142985
67078  -23.211  -27.877  -13.266 0.2857142985
68061  -23.614  -27.625  -12.606 0.2857142985
69129  -24.715  -26.279  -11.831 0.4285714328
70230  -24.752  -25.499  -12.041 0.4285714328
70271  -23.679  -25.158  -14.460 0.5714285970
71370  -24.839  -24.297  -14.367 0.5714285970
72566  -24.633  -23.153  -15.188 0.2857142985
73694  -25.526  -22.788  -15.237 0.7142857313
74767  -26.321  -21.686  -14.971 0.4285714328
73701  -25.426  -22.238  -15.550 0.5714285970
76735  -28.535  -19.712  -14.248 0.4285714328
74780  -25.825  -21.090  -16.186 0.7142857313
74781  -26.057  -21.150  -16.411 0.7142857313
75768  -27.683  -19.983  -15.829 0.7142857313
76762  -28.424  -19.612  -15.378 0.4285714328
76780  -25.640  -19.768  -16.098 0.5714285970
76789  -26.132  -19.841  -17.129 0.5714285970
79785  -32.502  -16.623  -18.987 0.5714285970
77777  -26.807  -18.594  -16.495 0.5714285970
78741  -31.496  -18.282  -17.764 0.5714285970
78755  -29.124  -17.561  -17.981 0.7142857313
78756  -29.428  -17.817  -18.078 0.7142857313
79769  -28.076  -17.696  -16.747 0.8571428657
84061  -30.928  -11.970  -19.348 0.5714285970
84043  -29.783  -12.497  -17.672 1.0000000000
86076  -29.612  -10.739  -15.836 1.0000000000
91298  -29.581  -5.450  -14.129 0.7142857313
91315  -29.817  -5.476  -15.092 1.0000000000
92287  -30.024  -4.298  -14.318 0.7142857313
92305  -29.812  -4.567  -15.368 1.0000000000
94317  -30.403  -2.334  -15.282 0.8571428657
99177  -30.183  1.959  -13.916 0.8571428657
96296  -30.328  -0.518  -14.842 1.0000000000
96304  -30.394  -0.809  -15.432 1.0000000000
100991  -28.840  4.419  -14.386 0.7142857313
101795  -25.211  5.310  -15.001 0.7142857313
101797  -27.407  5.267  -14.941 0.7142857313
101802  -27.038  6.083  -15.187 0.7142857313
100115  -25.354  3.838  -14.303 0.4285714328
102632  -24.258  6.135  -14.565 0.2857142985
102641  -24.847  6.647  -15.281 0.4285714328
102644  -27.588  6.747  -15.345 0.4285714328
103476  -25.124  7.356  -15.573 0.4285714328
102631  -23.952  6.407  -13.924 0.2857142985
73700  -24.727  -22.354  -15.351 0.4285714328
74774  -25.378  -21.462  -15.646 0.4285714328
102634  -25.302  5.987  -15.218 0.4285714328
101796  -26.193  5.536  -15.158 0.7142857313
102633  -24.655  5.974  -15.060 0.2857142985
64740  -23.756  -30.391  -11.139 0.4285714328
65941  -23.199  -29.971  -12.450 0.2857142985
69162  -23.596  -26.317  -13.522 0.2857142985
69163  -23.960  -26.259  -13.312 0.4285714328
69149  -24.187  -26.228  -12.821 0.4285714328
70249  -24.521  -25.562  -12.649 0.4285714328
70260  -23.368  -25.743  -13.994 0.4285714328
70272  -24.255  -24.990  -14.504 0.4285714328
72560  -24.327  -23.753  -14.961 0.2857142985
71355  -25.058  -24.290  -13.831 0.4285714328
72567  -25.093  -22.958  -15.446 0.5714285970
75788  -26.558  -20.926  -16.728 0.5714285970
76791  -27.464  -19.865  -16.923 0.7142857313
77753  -29.930  -18.395  -15.732 0.5714285970
75787  -25.870  -20.656  -16.635 0.7142857313
75780  -25.474  -20.656  -15.970 0.7142857313
77794  -28.012  -18.954  -16.900 0.5714285970
79783  -30.119  -16.947  -18.633 0.7142857313
78720  -27.804  -18.095  -16.690 0.7142857313
79781  -28.839  -17.143  -17.605 0.8571428657
80862  -28.451  -16.347  -16.807 0.8571428657
90299  -29.215  -6.396  -14.003 0.8571428657
100120  -30.114  3.506  -14.600 0.8571428657
100119  -29.360  3.526  -14.197 0.8571428657
101798  -28.448  5.141  -14.685 0.7142857313
100990  -27.860  4.472  -14.511 0.5714285970
100989  -26.790  4.548  -14.682 0.5714285970
100114  -24.652  3.899  -14.267 0.4285714328
101801  -26.394  6.219  -15.315 0.4285714328
100973  -24.110  4.811  -13.036 0.2857142985
101774  -24.333  5.708  -12.938 0.2857142985
101775  -24.349  5.790  -12.811 0.1428571492
68076  -23.346  -27.079  -13.337 0.2857142985
106107  -24.329  10.350  -17.693 0.2857142985
106098  -23.579  10.130  -16.943 0.1428571492
105180  -24.903  8.936  -15.970 0.2857142985
106108  -25.324  10.832  -17.308 0.2857142985
105189  -23.935  9.657  -16.768 0.1428571492
103474  -23.678  7.404  -14.907 0.1428571492
104297  -24.513  8.167  -15.761 0.2857142985
104296  -23.742  8.211  -15.412 0.1428571492
106102  -27.225  10.086  -16.541 0.2857142985
105191  -25.398  9.544  -16.315 0.2857142985
103499  -29.443  7.589  -19.164 0.2857142985
105197  -28.798  9.342  -17.870 0.2857142985
106090  -23.664  10.027  -15.795 0.1428571492
105181  -25.929  8.800  -16.016 0.2857142985
103487  -29.848  7.688  -17.207 0.2857142985
101814  -29.589  5.535  -18.732 0.1428571492
104313  -29.438  8.375  -17.716 0.2857142985
105194  -28.353  9.293  -16.906 0.2857142985
105179  -23.909  9.142  -16.152 0.1428571492
104307  -27.850  8.540  -16.074 0.2857142985
105192  -26.515  9.467  -16.183 0.2857142985
100135  -26.523  2.944  -20.063 0.1428571492
101010  -28.897  4.317  -19.228 0.1428571492
103491  -30.233  6.871  -17.779 0.4285714328
103483  -28.688  7.897  -15.985 0.2857142985
98239  -29.221  1.806  -17.949 0.2857142985
100999  -30.557  4.483  -16.740 0.4285714328
102649  -30.249  6.437  -16.092 0.2857142985
103478  -27.044  7.416  -15.709 0.2857142985
97319  -27.689  0.314  -18.814 0.1428571492
100132  -29.537  3.380  -18.302 0.2857142985
102652  -30.434  6.334  -16.905 0.4285714328
99185  -30.504  2.434  -16.690 0.5714285970
101808  -30.413  5.497  -16.339 0.7142857313
95349  -28.141  -1.709  -18.236 0.1428571492
97307  -28.556  0.150  -18.231 0.1428571492
102646  -29.638  6.535  -15.502 0.4285714328
98233  -30.223  1.798  -16.991 0.4285714328
94354  -26.809  -2.721  -19.314 0.2857142985
99182  -30.599  2.391  -15.682 0.7142857313
95326  -30.398  -1.553  -15.727 0.8571428657
96316  -29.846  -0.729  -16.715 0.8571428657
98226  -30.311  1.260  -16.340 0.5714285970
92345  -26.909  -4.245  -19.857 0.2857142985
93384  -26.677  -3.552  -19.720 0.2857142985
98225  -29.837  0.717  -16.731 0.7142857313
98209  -29.187  1.502  -13.129 0.5714285970
97286  -30.302  0.165  -15.535 0.8571428657
91364  -27.105  -5.432  -20.205 0.1428571492
94343  -28.382  -2.626  -17.884 0.7142857313
90373  -27.519  -5.947  -20.862 0.1428571492
86065  -27.185  -10.861  -13.985 0.5714285970
88286  -29.463  -9.136  -14.984 0.8571428657
88273  -29.330  -8.418  -14.617 0.5714285970
92306  -30.174  -3.857  -15.041 0.8571428657
91339  -29.012  -5.435  -17.018 0.8571428657
93367  -29.912  -3.053  -16.323 0.8571428657
90369  -28.000  -6.538  -20.567 0.2857142985
92330  -29.086  -4.510  -17.318 0.8571428657
94344  -29.190  -2.596  -17.344 0.8571428657
90370  -28.902  -6.560  -21.103 0.4285714328
91348  -28.412  -5.408  -18.499 0.7142857313
93379  -28.752  -3.678  -17.796 0.7142857313
84983  -25.589  -11.355  -15.034 0.2857142985
86075  -29.141  -10.818  -14.844 0.5714285970
86066  -28.276  -10.841  -14.192 0.5714285970
90334  -29.279  -6.470  -16.995 0.8571428657
92318  -29.611  -4.301  -16.274 0.8571428657
89352  -28.095  -7.080  -19.988 0.4285714328
90354  -28.226  -6.438  -18.788 0.8571428657
92339  -28.615  -4.694  -18.009 0.8571428657
89353  -28.906  -7.373  -20.351 0.4285714328
80828  -26.749  -15.684  -15.283 0.7142857313
81912  -26.014  -14.665  -15.222 0.4285714328
80848  -27.924  -15.942  -15.783 0.7142857313
81935  -28.884  -14.890  -15.683 0.8571428657
82990  -27.982  -13.828  -14.566 0.5714285970
83994  -27.057  -12.798  -14.616 0.5714285970
83993  -26.102  -12.537  -15.202 0.4285714328
83011  -29.307  -13.814  -15.492 0.8571428657
83995  -27.917  -12.740  -14.701 0.5714285970
84986  -28.051  -11.839  -14.349 0.5714285970
85000  -29.462  -11.737  -15.761 0.7142857313
84999  -28.923  -11.801  -14.856 0.5714285970
87256  -29.338  -9.175  -19.683 0.7142857313
89324  -29.359  -7.365  -18.054 0.7142857313
88322  -31.481  -8.408  -19.868 0.2857142985
88332  -30.284  -8.318  -20.373 0.4285714328
88331  -29.766  -7.960  -20.132 0.5714285970
78719  -27.305  -17.950  -16.276 0.4285714328
79745  -26.722  -16.787  -15.383 0.4285714328
80827  -25.819  -15.572  -15.204 0.4285714328
81950  -29.238  -14.712  -16.720 0.7142857313
84032  -29.608  -12.642  -16.736 0.8571428657
86129  -30.473  -10.451  -19.988 0.7142857313
86145  -31.151  -9.449  -20.388 0.2857142985
86144  -30.532  -9.682  -20.384 0.5714285970
86128  -29.585  -10.328  -19.545 0.5714285970
77752  -26.456  -18.450  -15.761 0.4285714328
78697  -25.306  -17.589  -14.638 0.5714285970
79758  -27.669  -17.065  -16.076 0.5714285970
79746  -27.162  -16.415  -15.545 0.5714285970
80863  -28.853  -15.579  -16.826 0.7142857313
84054  -32.613  -12.081  -19.195 0.4285714328
85053  -32.030  -10.970  -19.362 0.4285714328
86130  -31.389  -10.169  -19.950 0.4285714328
75779  -25.111  -20.715  -15.148 0.5714285970
78723  -31.763  -18.097  -16.571 0.4285714328
81968  -33.148  -13.890  -18.635 0.4285714328
81960  -32.144  -14.900  -18.477 0.4285714328
83039  -33.346  -13.365  -18.124 0.4285714328
84055  -33.120  -12.537  -18.986 0.4285714328
71320  -25.514  -24.323  -11.685 0.1428571492
79801  -33.265  -15.657  -18.665 0.4285714328
80892  -33.301  -15.041  -18.416 0.4285714328
72527  -25.567  -23.661  -12.236 0.1428571492
72528  -26.177  -23.019  -12.508 0.1428571492
75743  -27.383  -20.672  -14.088 0.2857142985
78703  -32.691  -18.330  -15.449 0.2857142985
77799  -34.795  -18.966  -17.255 0.2857142985
77797  -33.414  -18.551  -16.407 0.2857142985
78700  -30.403  -18.025  -15.299 0.4285714328
78744  -34.902  -18.062  -17.564 0.2857142985
78742  -32.862  -18.260  -17.342 0.2857142985
79787  -34.427  -17.286  -17.895 0.2857142985
78761  -34.142  -17.585  -18.087 0.4285714328
72508  -25.694  -23.850  -11.748 0.1428571492
71340  -25.110  -24.215  -12.789 0.1428571492
73662  -26.549  -22.158  -13.255 0.2857142985
74729  -27.032  -21.387  -13.464 0.2857142985
76722  -29.904  -19.456  -13.006 0.2857142985
77730  -31.300  -18.281  -14.043 0.2857142985
76736  -29.328  -18.944  -14.460 0.2857142985
78684  -31.806  -18.083  -14.528 0.2857142985
74731  -28.841  -21.074  -12.156 0.2857142985
72529  -27.015  -22.621  -12.298 0.2857142985
74730  -27.906  -21.259  -12.749 0.2857142985
76721  -28.954  -19.603  -13.398 0.2857142985
67032  -24.746  -28.632  -10.894 0.2857142985
70231  -25.239  -25.332  -11.565 0.1428571492
63582  -23.763  -32.105  -10.921 0.2857142985
62435  -23.934  -32.713  -11.050 0.2857142985
62453  -23.666  -32.750  -11.574 0.2857142985
69115  -25.326  -27.083  -10.932 0.2857142985
62467  -23.308  -32.726  -12.578 0.2857142985
61399  -23.579  -34.030  -12.913 0.1428571492
73664  -28.364  -21.913  -11.897 0.2857142985
75727  -29.365  -20.262  -12.546 0.2857142985
77755  -32.263  -18.181  -14.639 0.2857142985
76737  -30.549  -18.733  -13.524 0.2857142985
79771  -34.255  -16.084  -17.376 0.2857142985
81914  -27.686  -14.996  -14.710 0.7142857313
80880  -33.831  -15.359  -17.613 0.4285714328
81967  -32.462  -14.317  -18.826 0.4285714328
84062  -31.524  -11.723  -19.478 0.4285714328
86131  -32.168  -10.006  -19.245 0.2857142985
87258  -31.948  -8.946  -19.427 0.2857142985
87265  -30.660  -8.973  -20.574 0.5714285970
96286  -30.033  -0.350  -14.173 0.7142857313
89347  -28.573  -7.413  -19.672 0.7142857313
94330  -30.227  -2.411  -16.061 0.8571428657
100110  -28.747  3.033  -13.711 0.4285714328
89354  -29.960  -7.386  -20.426 0.2857142985
94329  -29.738  -2.458  -16.652 0.8571428657
98220  -30.486  1.338  -15.146 0.8571428657
93378  -28.052  -3.412  -18.371 0.5714285970
104301  -28.136  8.167  -15.942 0.2857142985
98231  -28.907  0.727  -17.807 0.4285714328
99188  -29.568  2.339  -17.830 0.4285714328
106080  -23.734  10.025  -14.854 0.1428571492
102654  -29.966  6.156  -18.423 0.2857142985
101005  -29.435  4.578  -18.664 0.1428571492
106110  -28.038  10.144  -17.161 0.2857142985
63583  -24.460  -31.559  -10.173 0.1428571492
64757  -23.262  -30.607  -12.479 0.2857142985
65906  -25.197  -29.426  -10.277 0.1428571492
72499  -26.864  -23.897  -11.107 0.1428571492
72511  -28.267  -23.503  -11.045 0.1428571492
75725  -27.612  -20.892  -13.366 0.2857142985
77731  -32.311  -18.553  -14.055 0.2857142985
77781  -33.296  -18.581  -15.613 0.2857142985
78698  -26.290  -17.711  -15.064 0.5714285970
77729  -30.384  -18.167  -14.636 0.2857142985
80826  -24.601  -15.297  -15.132 0.2857142985
79772  -34.587  -16.970  -17.254 0.2857142985
80864  -34.054  -15.586  -16.832 0.2857142985
80829  -27.311  -15.541  -15.175 0.7142857313
80849  -28.463  -15.578  -16.100 0.5714285970
83009  -25.490  -13.036  -15.499 0.4285714328
82989  -26.938  -13.738  -14.891 0.5714285970
86064  -26.095  -10.913  -14.325 0.2857142985
84984  -26.399  -11.894  -14.670 0.5714285970
81961  -33.535  -14.337  -17.798 0.2857142985
80879  -32.246  -15.608  -18.682 0.4285714328
83010  -28.647  -13.465  -14.804 0.7142857313
84034  -33.172  -12.724  -17.546 0.1428571492
84045  -32.913  -11.954  -18.154 0.4285714328
85033  -32.842  -11.170  -17.695 0.1428571492
86117  -32.491  -10.262  -18.150 0.1428571492
86143  -29.780  -9.804  -20.195 0.5714285970
89355  -30.470  -8.052  -20.353 0.2857142985
91357  -27.883  -5.491  -19.152 0.7142857313
95325  -30.097  -1.590  -16.418 0.8571428657
90375  -28.547  -5.786  -21.323 0.2857142985
91381  -28.046  -5.382  -21.532 0.1428571492
102640  -24.140  6.663  -15.060 0.2857142985
92346  -27.507  -4.709  -19.458 0.4285714328
90374  -27.955  -6.094  -21.124 0.4285714328
92362  -26.402  -4.400  -21.080 0.1428571492
96326  -28.720  -0.777  -17.998 0.5714285970
93393  -26.160  -3.919  -20.286 0.1428571492
94355  -27.616  -2.651  -18.531 0.1428571492
96337  -26.789  -0.697  -19.068 0.1428571492
105173  -23.649  9.143  -15.174 0.1428571492
98232  -29.524  1.275  -17.350 0.5714285970
95348  -27.205  -1.718  -18.720 0.1428571492
102655  -30.308  6.339  -17.750 0.2857142985
101006  -29.911  4.324  -18.146 0.2857142985
99193  -29.101  2.309  -18.341 0.2857142985
99192  -28.496  2.245  -18.882 0.1428571492
99198  -27.659  2.359  -19.467 0.1428571492
100137  -28.502  3.380  -19.123 0.1428571492
103498  -28.940  6.964  -19.838 0.2857142985
102662  -28.900  6.066  -19.759 0.1428571492
101818  -28.444  5.482  -19.979 0.1428571492
65907  -25.940  -29.951  -9.718 0.1428571492
70232  -26.286  -25.025  -10.946 0.1428571492
77782  -34.139  -18.813  -15.991 0.2857142985
88313  -31.477  -8.056  -19.506 0.2857142985
100145  -26.930  3.906  -20.221 0.1428571492
103506  -28.374  7.305  -20.615 0.2857142985
63619  -23.285  -31.287  -12.530 0.2857142985
63602  -23.697  -31.074  -10.974 0.2857142985
64720  -24.313  -30.278  -10.590 0.1428571492
67033  -25.392  -28.534  -10.335 0.1428571492
68032  -25.065  -27.906  -10.686 0.1428571492
71319  -24.826  -24.904  -12.270 0.1428571492
72544  -25.944  -22.768  -13.611 0.2857142985
74728  -26.650  -21.729  -13.555 0.2857142985
77754  -30.245  -18.279  -16.567 0.4285714328
79759  -28.086  -16.660  -16.449 0.5714285970
83047  -33.123  -12.982  -18.903 0.4285714328
83028  -29.452  -13.667  -16.693 0.7142857313
88312  -29.273  -8.302  -18.895 0.7142857313
87215  -29.633  -9.763  -15.882 0.8571428657
85019  -29.768  -11.635  -16.799 0.8571428657
90327  -29.714  -6.500  -15.956 0.8571428657
99176  -29.607  2.455  -13.689 0.5714285970
100123  -30.506  3.408  -15.242 0.7142857313
101805  -30.130  5.673  -15.514 0.5714285970
103479  -28.102  7.543  -15.576 0.2857142985
103481  -29.829  7.122  -16.000 0.2857142985
104299  -26.464  8.078  -15.889 0.2857142985
85052  -31.316  -10.995  -19.583 0.4285714328
78760  -33.256  -17.511  -18.196 0.4285714328
93354  -29.793  -3.543  -16.288 0.8571428657
96317  -30.306  -0.721  -16.075 0.8571428657
104300  -27.420  8.168  -15.855 0.2857142985
104298  -25.472  8.095  -15.857 0.2857142985
103475  -24.268  7.379  -15.401 0.2857142985
106100  -24.849  10.056  -16.961 0.2857142985
106099  -24.032  9.820  -17.251 0.1428571492
105190  -24.442  9.528  -16.576 0.2857142985
106101  -26.005  10.272  -16.643 0.2857142985
104318  -29.519  8.260  -18.511 0.2857142985
104312  -28.924  8.779  -17.181 0.2857142985
104309  -29.301  8.274  -16.975 0.2857142985
103490  -29.953  7.228  -18.155 0.2857142985
103488  -30.268  6.981  -17.409 0.2857142985
105182  -26.904  8.742  -15.921 0.2857142985
106103  -27.880  9.709  -16.643 0.2857142985
101815  -30.011  5.267  -18.090 0.2857142985
101819  -29.032  5.258  -19.369 0.1428571492
104308  -28.538  8.479  -16.482 0.2857142985
100136  -27.256  3.401  -19.886 0.1428571492
101009  -28.022  4.555  -19.690 0.1428571492
102663  -29.483  6.396  -19.116 0.1428571492
98238  -28.676  1.277  -18.310 0.1428571492
100126  -30.672  3.459  -16.219 0.5714285970
100129  -30.341  3.409  -17.382 0.4285714328
101811  -30.440  5.414  -17.256 0.5714285970
97318  -26.850  0.149  -19.130 0.1428571492
96338  -27.887  -0.752  -18.553 0.1428571492
100128  -29.924  2.866  -17.744 0.4285714328
95335  -28.925  -1.689  -17.667 0.4285714328
97308  -29.117  0.134  -17.621 0.5714285970
95336  -29.538  -1.636  -17.022 0.7142857313
97297  -29.969  0.150  -16.343 0.7142857313
90363  -27.232  -5.885  -19.968 0.4285714328
93366  -29.533  -3.465  -16.899 0.8571428657
87214  -29.229  -9.859  -14.974 0.5714285970
88272  -28.741  -8.822  -14.338 0.4285714328
87203  -28.483  -9.820  -14.269 0.4285714328
90344  -28.888  -6.364  -18.124 0.8571428657
90343  -28.568  -5.922  -18.320 0.8571428657
90364  -27.621  -6.337  -19.693 0.4285714328
92338  -28.183  -4.423  -18.700 0.8571428657
89335  -28.611  -7.278  -18.858 0.7142857313
81934  -28.385  -15.338  -15.302 0.7142857313
81915  -28.479  -14.738  -14.835 0.7142857313
82991  -28.849  -14.199  -14.876 0.7142857313
84010  -25.710  -12.865  -15.431 0.4285714328
84009  -25.228  -12.322  -15.679 0.2857142985
84012  -29.383  -12.742  -15.677 0.7142857313
87264  -29.898  -8.879  -20.260 0.5714285970
88321  -29.403  -7.955  -19.649 0.7142857313
79757  -27.196  -17.430  -15.828 0.5714285970
84046  -33.133  -12.608  -18.528 0.4285714328
79786  -33.780  -16.419  -18.302 0.4285714328
75726  -28.231  -20.362  -13.325 0.2857142985
78724  -32.644  -18.358  -16.108 0.2857142985
78702  -32.050  -17.894  -15.323 0.2857142985
78743  -34.039  -18.381  -17.809 0.2857142985
78701  -30.798  -17.805  -15.827 0.2857142985
78683  -31.139  -17.874  -14.845 0.2857142985
71321  -26.130  -24.354  -11.241 0.1428571492
72509  -26.204  -23.796  -11.513 0.1428571492
73663  -27.436  -21.992  -12.531 0.2857142985
72510  -27.104  -23.288  -11.540 0.1428571492
62436  -24.356  -32.686  -10.629 0.1428571492
61370  -24.100  -33.290  -11.189 0.1428571492
62437  -25.319  -32.672  -9.986 0.1428571492
85043  -32.615  -11.070  -18.694 0.2857142985
63584  -25.530  -31.547  -9.626 0.1428571492
65884  -25.584  -28.920  -10.069 0.1428571492
104288  -23.413  8.248  -14.594 0.1428571492
96274  -29.074  0.159  -13.011 0.5714285970
94282  -29.038  -2.444  -13.112 0.4285714328
95292  -28.315  -1.530  -13.131 0.4285714328
96285  -29.524  -0.209  -13.424 0.5714285970
95293  -29.222  -1.368  -13.361 0.5714285970
97276  -29.911  0.576  -13.916 0.4285714328
91297  -28.922  -5.451  -13.393 0.4285714328
92286  -29.278  -4.454  -13.504 0.4285714328
92285  -28.362  -4.486  -13.203 0.4285714328
93321  -29.582  -3.378  -13.538 0.5714285970
94283  -29.715  -2.290  -13.715 0.5714285970
89294  -29.489  -7.525  -14.583 0.5714285970
78726  -35.578  -18.363  -15.939 0.1428571492
78725  -35.198  -17.704  -16.611 0.1428571492
79761  -34.897  -16.844  -16.177 0.1428571492
77798  -34.040  -18.744  -16.917 0.1428571492
77760  -36.358  -19.706  -14.629 0.1428571492
77784  -35.418  -19.129  -16.363 0.1428571492
77734  -36.023  -18.676  -13.926 0.1428571492
78705  -35.615  -18.112  -14.801 0.1428571492
77722  -35.540  -18.234  -12.799 0.1428571492
77733  -33.866  -19.417  -14.280 0.1428571492
76765  -34.920  -19.884  -14.990 0.1428571492
77757  -33.997  -19.057  -14.952 0.1428571492
76766  -35.611  -19.812  -15.389 0.1428571492
76742  -36.231  -19.378  -13.613 0.1428571492
76767  -36.316  -20.094  -14.881 0.1428571492
76693  -35.994  -19.221  -10.283 0.1428571492
76709  -35.722  -18.842  -12.061 0.1428571492
76692  -35.655  -18.595  -10.908 0.1428571492
70270  -23.075  -25.110  -14.264 0.2857142985
75728  -30.527  -20.428  -12.440 0.1428571492
76724  -32.136  -19.920  -12.905 0.1428571492
76723  -31.074  -19.641  -12.814 0.1428571492
76739  -32.758  -19.393  -13.442 0.1428571492
75769  -35.188  -20.499  -14.340 0.1428571492
76740  -33.847  -19.926  -13.669 0.1428571492
75748  -36.179  -20.938  -14.203 0.1428571492
76741  -34.667  -20.127  -14.180 0.1428571492
75733  -36.305  -20.851  -13.076 0.1428571492
75714  -36.146  -20.622  -11.808 0.1428571492
75706  -36.015  -20.301  -10.564 0.1428571492
76710  -35.850  -19.579  -11.377 0.1428571492
69161  -23.017  -26.450  -13.735 0.2857142985
69160  -22.366  -26.450  -13.332 0.2857142985
73665  -29.509  -22.028  -11.571 0.1428571492
74733  -31.123  -21.469  -12.358 0.1428571492
75729  -31.577  -20.638  -12.618 0.1428571492
75730  -32.529  -20.801  -12.782 0.1428571492
75746  -34.727  -20.878  -13.628 0.1428571492
76726  -33.597  -20.394  -13.172 0.1428571492
74750  -36.043  -22.064  -13.821 0.1428571492
74719  -36.387  -21.712  -12.192 0.1428571492
74737  -36.422  -21.883  -13.293 0.1428571492
75693  -36.548  -19.765  -9.711 0.1428571492
74732  -30.048  -21.258  -12.033 0.1428571492
74734  -32.029  -21.538  -12.715 0.1428571492
73670  -34.092  -22.499  -12.855 0.1428571492
73680  -34.993  -22.682  -13.171 0.1428571492
74736  -33.754  -21.718  -12.863 0.1428571492
74712  -36.214  -21.457  -10.911 0.1428571492
73651  -36.529  -22.766  -12.563 0.1428571492
74700  -36.525  -20.976  -9.807 0.1428571492
73649  -29.897  -23.025  -11.680 0.1428571492
73647  -27.803  -22.613  -11.660 0.1428571492
72531  -31.431  -23.324  -12.948 0.1428571492
73666  -30.706  -22.553  -12.093 0.1428571492
73668  -32.441  -22.304  -12.927 0.1428571492
73667  -31.647  -22.368  -12.715 0.1428571492
72548  -34.254  -23.465  -12.826 0.1428571492
72534  -33.498  -22.998  -12.910 0.1428571492
72549  -35.477  -23.694  -13.209 0.1428571492
72536  -36.294  -23.819  -12.975 0.1428571492
73681  -35.741  -22.739  -13.578 0.1428571492
73682  -36.125  -22.733  -13.692 0.1428571492
71342  -31.586  -23.838  -13.418 0.1428571492
72530  -30.832  -23.640  -12.336 0.1428571492
73650  -30.474  -23.255  -11.937 0.1428571492
72546  -32.387  -23.623  -13.506 0.1428571492
72545  -31.854  -23.558  -13.475 0.1428571492
72547  -33.135  -23.677  -13.087 0.1428571492
72532  -32.058  -22.957  -13.282 0.1428571492
73669  -33.244  -22.356  -12.881 0.1428571492
75732  -34.155  -21.157  -13.047 0.1428571492
76738  -31.697  -19.033  -13.363 0.1428571492
76676  -37.383  -19.090  -9.375 0.1428571492
76743  -36.438  -20.048  -13.969 0.1428571492
77783  -34.773  -19.351  -16.416 0.1428571492
78704  -35.344  -17.443  -15.559 0.1428571492
72514  -36.322  -23.618  -11.809 0.1428571492
73639  -36.319  -22.597  -11.343 0.1428571492
75694  -37.346  -20.260  -9.253 0.1428571492
77672  -37.403  -18.058  -9.461 0.1428571492
77671  -36.625  -17.779  -9.565 0.1428571492
77690  -35.979  -18.277  -9.988 0.1428571492
77689  -35.601  -17.690  -10.427 0.1428571492
79747  -34.884  -16.621  -15.186 0.1428571492
79760  -34.400  -16.219  -16.551 0.1428571492
97264  -28.469  0.482  -12.959 0.4285714328
98208  -28.535  1.578  -12.940 0.4285714328
102680  -27.738  6.543  -21.184 0.1428571492
97275  -29.517  0.735  -13.365 0.4285714328
104325  -28.866  8.153  -19.917 0.1428571492
78745  -35.359  -18.449  -16.804 0.1428571492
73648  -28.897  -22.767  -11.383 0.1428571492
77732  -33.313  -19.063  -14.143 0.1428571492
81951  -33.683  -14.728  -16.690 0.1428571492
83029  -33.409  -13.639  -17.074 0.1428571492
77759  -36.087  -19.173  -15.153 0.1428571492
77735  -36.306  -19.409  -14.300 0.1428571492
76784  -35.044  -19.792  -15.829 0.1428571492
76727  -35.886  -19.011  -13.047 0.1428571492
79748  -35.227  -17.140  -14.476 0.1428571492
79734  -34.979  -16.801  -13.463 0.1428571492
76764  -34.306  -19.644  -14.393 0.1428571492
77758  -34.609  -19.405  -15.679 0.1428571492
75770  -35.638  -20.529  -14.769 0.1428571492
76728  -36.137  -19.762  -12.719 0.1428571492
75771  -36.041  -20.499  -15.027 0.1428571492
76725  -33.067  -20.197  -13.073 0.1428571492
75747  -35.618  -21.108  -14.029 0.1428571492
75745  -33.984  -20.625  -13.226 0.1428571492
75731  -33.449  -20.905  -12.882 0.1428571492
74735  -32.907  -21.608  -12.786 0.1428571492
74749  -35.363  -21.883  -13.549 0.1428571492
74748  -34.560  -21.799  -13.158 0.1428571492
73671  -36.370  -22.783  -13.422 0.1428571492
72533  -32.798  -22.971  -13.160 0.1428571492
72550  -36.084  -23.217  -13.554 0.1428571492
71346  -36.021  -24.398  -12.596 0.1428571492
61397  -22.512  -33.698  -12.815 0.1428571492
62465  -22.059  -32.647  -12.491 0.1428571492
62466  -22.747  -32.681  -13.058 0.1428571492
63618  -22.985  -31.573  -13.100 0.1428571492
64756  -23.063  -30.643  -12.780 0.1428571492
65940  -22.835  -29.774  -12.726 0.1428571492
67062  -22.505  -28.849  -12.707 0.1428571492
67076  -22.116  -28.169  -12.977 0.1428571492
67061  -21.702  -28.609  -12.434 0.1428571492
68060  -21.718  -27.565  -12.588 0.1428571492
68074  -22.199  -27.386  -13.156 0.1428571492
68075  -22.807  -27.293  -13.545 0.1428571492
70248  -21.130  -25.409  -12.544 0.1428571492
70258  -21.790  -25.507  -13.150 0.1428571492
71352  -21.929  -24.554  -13.487 0.1428571492
70259  -22.587  -25.493  -13.763 0.1428571492
71353  -22.626  -24.483  -14.023 0.2857142985
71367  -23.259  -24.415  -14.511 0.1428571492
72559  -23.587  -23.498  -14.714 0.1428571492
72542  -22.129  -23.634  -13.708 0.2857142985
73699  -24.387  -22.811  -15.135 0.2857142985
76760  -24.834  -19.708  -14.366 0.4285714328
77776  -26.163  -19.065  -16.384 0.4285714328
77751  -25.867  -18.739  -15.266 0.4285714328
89293  -28.758  -7.803  -14.135 0.2857142985
89277  -28.178  -7.125  -13.557 0.2857142985
89278  -28.840  -7.046  -13.900 0.2857142985
94280  -27.053  -2.664  -13.522 0.2857142985
95291  -27.347  -1.706  -13.313 0.2857142985
96283  -27.545  -0.631  -13.439 0.4285714328
72558  -22.772  -23.610  -14.208 0.2857142985
72565  -24.167  -23.159  -15.044 0.1428571492
64755  -22.599  -30.664  -12.773 0.1428571492
69147  -21.582  -26.482  -12.631 0.1428571492
71338  -21.270  -24.578  -12.890 0.1428571492
72541  -21.291  -23.574  -13.150 0.1428571492
73690  -21.874  -21.968  -14.126 0.2857142985
73691  -22.710  -22.495  -14.159 0.2857142985
73692  -23.985  -22.446  -14.700 0.2857142985
73693  -24.426  -21.970  -14.934 0.2857142985
74773  -24.715  -21.470  -15.050 0.4285714328
75766  -24.493  -20.660  -14.310 0.4285714328
77749  -23.913  -18.422  -14.031 0.2857142985
87202  -27.396  -9.797  -14.189 0.2857142985
89292  -27.885  -7.823  -14.015 0.2857142985
89276  -27.293  -6.982  -13.706 0.2857142985
90297  -27.614  -6.285  -13.345 0.2857142985
91296  -27.970  -5.418  -13.098 0.2857142985
93319  -27.747  -3.553  -13.391 0.2857142985
93318  -26.837  -3.584  -13.859 0.2857142985
94281  -28.036  -2.578  -13.167 0.2857142985
88271  -27.613  -8.743  -14.170 0.2857142985
89291  -26.642  -7.434  -14.219 0.2857142985
88270  -26.470  -8.717  -14.479 0.2857142985
89275  -26.768  -6.734  -14.002 0.2857142985
91314  -26.357  -5.416  -14.172 0.2857142985
91295  -27.074  -5.393  -13.557 0.2857142985
92304  -26.547  -4.512  -13.971 0.2857142985
93320  -28.745  -3.520  -13.020 0.2857142985
90312  -26.310  -6.285  -14.321 0.2857142985
90296  -26.876  -6.195  -13.811 0.2857142985
76761  -25.385  -19.426  -15.108 0.4285714328
67077  -22.676  -28.151  -13.246 0.1428571492
92284  -27.396  -4.486  -13.460 0.2857142985
64738  -21.899  -30.637  -12.387 0.1428571492
65939  -22.257  -29.694  -12.432 0.1428571492
69128  -21.423  -27.039  -12.186 0.1428571492
73677  -22.318  -23.070  -13.937 0.2857142985
91313  -26.012  -5.534  -15.026 0.2857142985
78696  -24.188  -17.483  -14.551 0.2857142985
77750  -25.084  -18.588  -14.373 0.2857142985
79744  -25.560  -16.559  -14.956 0.2857142985
107053  -27.526  11.917  -20.929 0.1428571492
107061  -27.829  11.109  -21.552 0.1428571492
106124  -28.387  10.513  -19.565 0.1428571492
105205  -28.714  9.648  -18.957 0.1428571492
105215  -28.967  8.939  -19.372 0.1428571492
107898  -26.884  12.384  -21.642 0.1428571492
106109  -26.891  11.041  -17.424 0.1428571492
107873  -24.710  12.231  -19.158 0.1428571492
79743  -24.452  -16.514  -14.850 0.2857142985
104335  -28.047  8.374  -20.897 0.1428571492
106136  -27.536  10.105  -21.716 0.1428571492
104326  -29.319  8.428  -19.169 0.1428571492
105214  -28.430  9.330  -20.049 0.1428571492
105198  -29.331  8.791  -18.177 0.1428571492
106117  -27.457  11.366  -18.290 0.1428571492
105206  -29.244  8.986  -18.682 0.1428571492
107047  -27.269  12.056  -19.837 0.1428571492
107874  -25.619  12.423  -19.348 0.1428571492
107039  -26.624  12.000  -18.650 0.1428571492
107026  -24.701  11.176  -17.975 0.1428571492
107027  -25.714  11.550  -17.852 0.1428571492
106118  -28.175  10.611  -18.267 0.1428571492
107048  -28.037  11.349  -20.234 0.1428571492
106130  -28.073  10.312  -20.804 0.1428571492
107040  -27.817  11.457  -19.087 0.1428571492
106129  -27.731  9.767  -21.189 0.1428571492
89289  -24.421  -7.890  -14.755 0.1428571492
89290  -25.454  -7.695  -14.555 0.1428571492
92315  -24.409  -5.106  -15.100 0.1428571492
92302  -25.039  -4.318  -14.958 0.1428571492
92303  -25.913  -4.542  -14.738 0.1428571492
93340  -24.495  -3.502  -14.591 0.1428571492
94300  -25.175  -2.472  -14.530 0.1428571492
82988  -25.935  -13.600  -15.196 0.2857142985
83008  -24.991  -13.401  -15.520 0.1428571492
86073  -24.633  -10.450  -16.014 0.1428571492
86063  -25.419  -10.404  -14.936 0.1428571492
88285  -24.893  -9.043  -15.066 0.1428571492
90371  -29.643  -6.362  -20.759 0.1428571492
93342  -26.117  -3.656  -14.393 0.1428571492
95290  -26.488  -1.836  -13.653 0.1428571492
95289  -25.704  -1.788  -14.067 0.1428571492
95304  -25.140  -1.402  -14.467 0.2857142985
97281  -26.208  0.246  -14.410 0.2857142985
99171  -24.612  2.251  -13.833 0.2857142985
98205  -24.116  1.467  -14.261 0.2857142985
100106  -24.965  3.132  -13.835 0.2857142985
102639  -23.780  6.753  -14.553 0.1428571492
100098  -23.913  3.937  -12.462 0.1428571492
97274  -27.946  0.049  -13.212 0.2857142985
96293  -25.673  -0.689  -14.235 0.2857142985
97272  -26.848  0.680  -14.039 0.2857142985
100109  -27.818  3.023  -13.698 0.2857142985
98207  -26.063  1.373  -14.469 0.2857142985
98206  -24.972  1.630  -14.517 0.2857142985
100108  -26.763  3.061  -13.674 0.2857142985
99172  -25.311  2.136  -13.732 0.2857142985
100116  -26.263  3.836  -14.190 0.2857142985
100986  -24.488  4.700  -14.263 0.1428571492
99169  -23.326  1.722  -13.381 0.2857142985
102622  -24.202  6.334  -13.373 0.1428571492
102607  -24.319  6.495  -13.133 0.1428571492
97270  -23.587  0.561  -14.264 0.1428571492
95303  -24.345  -1.522  -14.609 0.2857142985
98204  -23.299  1.379  -13.798 0.2857142985
100113  -24.223  4.060  -13.977 0.1428571492
99170  -23.931  2.257  -13.425 0.2857142985
100104  -23.967  3.722  -13.353 0.1428571492
99161  -23.642  2.876  -12.719 0.1428571492
93339  -23.378  -3.456  -14.512 0.2857142985
98195  -22.569  1.499  -12.474 0.1428571492
99148  -23.827  3.176  -10.995 0.1428571492
99154  -23.156  2.297  -12.142 0.1428571492
92283  -22.506  -4.491  -14.066 0.1428571492
88314  -31.746  -8.231  -19.018 0.1428571492
84998  -25.074  -11.277  -15.591 0.1428571492
87211  -23.874  -9.133  -15.989 0.1428571492
90365  -30.426  -6.472  -20.146 0.1428571492
88283  -23.515  -8.649  -15.735 0.1428571492
89288  -23.961  -7.302  -14.869 0.1428571492
90324  -23.864  -6.543  -15.068 0.1428571492
90311  -25.504  -6.411  -14.862 0.1428571492
94279  -26.125  -2.651  -14.191 0.1428571492
94299  -23.901  -2.505  -14.568 0.2857142985
96292  -24.775  -0.598  -14.563 0.1428571492
97280  -25.334  0.201  -14.556 0.1428571492
98215  -25.765  0.702  -14.780 0.2857142985
97279  -24.388  0.337  -14.616 0.1428571492
98214  -25.198  0.927  -14.841 0.1428571492
98194  -22.100  1.269  -11.649 0.1428571492
98203  -22.821  1.409  -13.257 0.2857142985
99160  -23.301  1.939  -12.895 0.1428571492
100982  -24.256  4.747  -13.705 0.1428571492
99155  -23.721  3.084  -11.853 0.1428571492
89349  -30.771  -7.860  -20.194 0.1428571492
89348  -30.566  -7.303  -19.942 0.1428571492
90356  -30.632  -7.055  -19.598 0.1428571492
100105  -24.397  3.244  -13.760 0.2857142985
100987  -24.950  4.579  -14.674 0.2857142985
103458  -23.684  7.056  -13.287 0.1428571492
98198  -28.071  1.204  -12.849 0.2857142985
83992  -25.559  -11.851  -15.468 0.1428571492
99175  -28.414  2.228  -13.206 0.2857142985
87201  -26.331  -9.833  -14.401 0.1428571492
87248  -32.234  -9.247  -18.568 0.1428571492
98197  -27.171  1.117  -12.724 0.2857142985
96295  -27.006  -0.586  -13.842 0.1428571492
88268  -24.651  -8.503  -14.865 0.1428571492
90310  -24.652  -6.930  -14.814 0.1428571492
90326  -25.056  -5.887  -15.267 0.1428571492
89305  -23.605  -7.694  -15.096 0.1428571492
89306  -24.084  -8.124  -14.905 0.1428571492
91328  -24.706  -5.493  -15.286 0.1428571492
92316  -24.823  -4.946  -15.256 0.1428571492
93341  -25.404  -3.601  -14.635 0.1428571492
87213  -25.097  -9.480  -15.286 0.1428571492
94301  -25.710  -3.089  -14.491 0.1428571492
94278  -25.661  -2.296  -14.285 0.1428571492
87227  -24.202  -9.923  -16.086 0.1428571492
96281  -26.217  -1.153  -13.865 0.2857142985
97273  -27.387  0.242  -13.579 0.2857142985
97282  -27.016  -0.107  -14.056 0.2857142985
100107  -25.754  3.089  -13.705 0.2857142985
100091  -24.272  3.991  -11.500 0.1428571492
98196  -26.684  1.271  -13.515 0.2857142985
99162  -26.902  1.750  -12.936 0.2857142985
99173  -26.235  2.118  -13.329 0.2857142985
74745  -20.742  -21.871  -13.557 0.1428571492
74764  -22.104  -21.342  -14.165 0.1428571492
74762  -20.308  -21.230  -13.803 0.1428571492
76755  -19.904  -19.755  -14.169 0.1428571492
76756  -20.629  -19.512  -14.771 0.1428571492
75763  -21.376  -20.416  -14.463 0.1428571492
76777  -20.995  -18.868  -15.050 0.1428571492
74765  -23.178  -21.460  -14.075 0.1428571492
76778  -21.320  -18.683  -15.057 0.1428571492
76758  -22.601  -19.467  -14.331 0.1428571492
75742  -24.107  -20.374  -13.683 0.1428571492
77748  -22.587  -18.397  -14.413 0.1428571492
76759  -23.665  -19.487  -13.743 0.1428571492
77746  -20.531  -18.497  -14.834 0.1428571492
77774  -21.700  -18.287  -14.936 0.1428571492
80825  -23.691  -15.756  -15.072 0.1428571492
74766  -24.157  -21.475  -14.418 0.1428571492
73675  -20.531  -22.584  -13.090 0.1428571492
74761  -19.775  -21.214  -13.517 0.1428571492
75762  -20.480  -20.511  -14.278 0.1428571492
81911  -25.227  -14.503  -15.247 0.1428571492
74763  -21.190  -21.409  -14.041 0.1428571492
73676  -21.620  -22.547  -13.674 0.1428571492
75765  -23.513  -20.453  -13.962 0.1428571492
76757  -21.624  -19.315  -14.803 0.1428571492
75764  -22.359  -20.373  -14.226 0.1428571492
77747  -22.120  -18.875  -14.741 0.1428571492
78694  -20.697  -17.559  -14.808 0.1428571492
78693  -20.076  -17.854  -14.153 0.1428571492
73674  -19.934  -22.150  -13.050 0.1428571492
65885  -25.933  -29.188  -9.824 0.1428571492
70220  -26.597  -24.702  -10.853 0.1428571492
71310  -26.596  -24.343  -11.002 0.1428571492
71369  -24.523  -24.352  -14.647 0.5714285970
72498  -26.555  -24.005  -11.179 0.1428571492
74746  -26.468  -21.679  -13.997 0.2857142985
75741  -23.784  -20.079  -13.688 0.1428571492
75781  -26.520  -21.095  -16.351 0.5714285970
75789  -27.113  -20.618  -16.895 0.7142857313
75794  -26.412  -20.509  -17.150 0.7142857313
75796  -26.991  -20.642  -17.253 0.7142857313
76675  -36.604  -18.705  -9.639 0.1428571492
76733  -24.046  -19.960  -13.406 0.1428571492
76734  -24.412  -20.008  -13.800 0.1428571492
76785  -35.263  -19.579  -16.079 0.1428571492
76790  -26.867  -19.752  -17.220 0.5714285970
76793  -28.835  -19.371  -17.758 0.7142857313
76797  -26.689  -20.099  -17.390 0.5714285970
76798  -27.065  -20.125  -17.237 0.7142857313
76799  -27.207  -20.381  -17.097 0.7142857313
77756  -32.871  -18.448  -14.841 0.2857142985
77773  -21.046  -18.236  -15.145 0.1428571492
77775  -22.025  -17.894  -14.730 0.1428571492
77778  -27.404  -18.564  -16.742 0.7142857313
77800  -35.242  -18.753  -17.140 0.1428571492
78682  -30.661  -17.942  -15.119 0.2857142985
78699  -26.843  -17.844  -15.771 0.5714285970
79800  -33.013  -15.890  -18.957 0.4285714328
80847  -27.378  -16.125  -15.562 0.7142857313
80890  -31.078  -14.942  -18.954 0.7142857313
80891  -32.773  -15.243  -18.691 0.4285714328
81913  -26.778  -14.696  -15.065 0.7142857313
82987  -25.533  -14.021  -15.215 0.2857142985
83038  -29.892  -13.117  -18.348 0.8571428657
84011  -28.763  -12.740  -14.905 0.5714285970
84063  -31.923  -11.451  -19.471 0.4285714328
84985  -27.061  -11.936  -14.137 0.5714285970
85042  -30.271  -11.685  -19.030 0.8571428657
86074  -25.123  -10.370  -15.569 0.1428571492
86092  -29.947  -10.569  -16.959 1.0000000000
86105  -29.832  -9.985  -17.841 1.0000000000
87200  -25.633  -9.889  -14.750 0.1428571492
87212  -24.424  -9.420  -15.945 0.1428571492
87229  -29.845  -9.800  -17.653 1.0000000000
87238  -29.728  -9.777  -17.869 1.0000000000
87257  -31.692  -9.329  -20.013 0.2857142985
87266  -31.261  -8.917  -20.421 0.2857142985
88269  -25.262  -8.849  -14.842 0.1428571492
88284  -24.397  -8.677  -15.132 0.1428571492
88323  -31.742  -8.540  -19.466 0.2857142985
88333  -30.870  -8.414  -20.468 0.2857142985
89334  -28.173  -6.998  -18.929 0.7142857313
89336  -30.751  -7.320  -19.705 0.1428571492
89346  -28.104  -7.012  -19.314 0.4285714328
90298  -28.512  -6.331  -13.396 0.4285714328
90309  -24.187  -7.142  -14.818 0.1428571492
90355  -28.525  -6.735  -18.574 0.8571428657
90368  -27.336  -6.000  -20.353 0.4285714328
91327  -24.039  -5.468  -15.049 0.1428571492
91329  -25.291  -5.530  -15.287 0.1428571492
91349  -28.708  -5.406  -17.844 0.8571428657
91365  -27.366  -5.494  -19.727 0.4285714328
91372  -27.137  -5.423  -20.728 0.1428571492
91373  -29.121  -5.647  -21.185 0.2857142985
91380  -27.456  -5.445  -21.243 0.1428571492
91382  -28.575  -5.323  -21.434 0.2857142985
92288  -30.238  -3.614  -14.532 0.7142857313
92317  -25.488  -4.918  -15.276 0.1428571492
92319  -29.900  -4.012  -15.573 0.8571428657
92353  -26.202  -4.260  -20.739 0.1428571492
92354  -26.713  -4.687  -20.510 0.1428571492
92355  -27.122  -4.922  -19.967 0.1428571492
93355  -30.120  -3.348  -15.712 0.8571428657
93385  -27.420  -3.660  -19.158 0.2857142985
95294  -29.900  -1.248  -13.857 0.8571428657
95315  -30.379  -1.414  -15.005 0.8571428657
96275  -29.336  0.355  -13.181 0.4285714328
96282  -26.863  -1.066  -13.705 0.1428571492
96284  -28.619  -0.456  -13.064 0.5714285970
96294  -26.506  -0.543  -14.031 0.2857142985
96327  -29.343  -0.756  -17.368 0.8571428657
97262  -27.053  0.706  -13.348 0.2857142985
97263  -27.656  0.586  -13.023 0.2857142985
97265  -29.109  0.727  -12.987 0.4285714328
97271  -24.102  0.892  -14.602 0.1428571492
97296  -29.547  0.144  -16.966 0.7142857313
97341  -27.123  0.753  -19.228 0.1428571492
98199  -28.696  1.109  -12.901 0.5714285970
98210  -29.865  1.438  -13.640 0.8571428657
98213  -24.544  1.088  -14.699 0.2857142985
99163  -27.687  1.768  -12.914 0.2857142985
99164  -28.191  1.718  -12.935 0.4285714328
99174  -27.299  2.358  -13.245 0.2857142985
99179  -29.903  2.995  -14.238 0.8571428657
99189  -30.075  2.347  -17.359 0.5714285970
100131  -28.909  2.837  -18.648 0.2857142985
100133  -30.112  3.893  -17.928 0.4285714328
100138  -29.149  3.903  -18.882 0.1428571492
100992  -29.743  4.497  -14.739 0.8571428657
100996  -30.365  4.539  -15.594 0.8571428657
101002  -30.285  4.474  -17.614 0.4285714328
101008  -27.299  4.231  -20.037 0.1428571492
101017  -26.821  4.521  -20.356 0.1428571492
101761  -24.422  5.635  -12.583 0.1428571492
101799  -29.131  4.972  -14.566 0.7142857313
102643  -26.641  6.710  -15.499 0.2857142985
103480  -29.099  7.302  -15.743 0.2857142985
103484  -29.414  7.760  -16.400 0.2857142985
103485  -30.147  7.132  -16.638 0.2857142985
105183  -27.460  8.659  -15.990 0.2857142985
105193  -27.618  9.139  -16.294 0.2857142985
105223  -27.883  9.328  -20.898 0.1428571492
106106  -23.550  10.109  -17.836 0.1428571492
106137  -27.866  10.811  -21.468 0.1428571492
107054  -27.960  11.186  -21.187 0.1428571492
