#!ascii label  , from subject 3631 vox2ras=TkReg
306
27601  39.976  -66.097  3.607 0.0000000000
23066  38.766  -70.155  -4.889 0.0000000000
22938  45.751  -69.770  2.306 0.0000000000
23005  40.401  -69.425  -0.056 0.0000000000
23041  45.270  -69.929  -4.045 0.0000000000
24192  46.165  -69.465  -0.924 0.0000000000
19610  46.095  -71.616  -2.062 0.0000000000
24215  39.236  -68.186  -2.676 0.0000000000
24182  35.997  -68.319  -0.059 0.0000000000
24087  42.896  -68.128  3.796 0.0000000000
24132  43.165  -69.069  1.338 0.0000000000
24195  43.145  -69.006  -2.069 0.0000000000
23045  42.218  -69.183  -4.645 0.0000000000
19675  44.298  -72.169  -7.276 0.0000000000
25304  37.326  -67.299  5.435 0.0000000000
22902  41.099  -69.107  5.542 0.0000000000
21828  44.252  -70.484  5.541 0.0000000000
25349  37.164  -67.590  2.821 0.0000000000
20747  46.941  -71.449  -0.581 0.0000000000
24254  38.936  -68.820  -3.953 0.0000000000
24217  37.165  -68.210  -2.733 0.0000000000
24085  43.839  -69.101  2.988 0.0000000000
24130  45.073  -69.295  1.452 0.0000000000
23024  45.624  -69.751  -2.419 0.0000000000
24194  44.210  -69.387  -1.852 0.0000000000
24229  44.138  -69.233  -3.739 0.0000000000
24231  41.988  -68.418  -3.436 0.0000000000
23043  44.278  -69.628  -4.586 0.0000000000
20804  43.050  -71.203  -8.062 0.0000000000
21794  41.332  -70.750  7.511 0.0000000000
21830  42.428  -69.817  5.676 0.0000000000
21792  43.483  -71.252  7.793 0.0000000000
22961  40.655  -69.417  1.553 0.0000000000
22964  38.066  -69.523  1.723 0.0000000000
24184  34.359  -68.224  -0.490 0.0000000000
25363  33.979  -68.080  1.656 0.0000000000
22936  47.137  -70.331  2.163 0.0000000000
24151  46.003  -69.296  0.863 0.0000000000
22979  47.243  -70.272  0.735 0.0000000000
21908  46.709  -70.600  -1.414 0.0000000000
21923  46.236  -70.612  -3.231 0.0000000000
24198  40.360  -68.248  -1.783 0.0000000000
24180  38.245  -68.279  -0.763 0.0000000000
25381  37.722  -67.735  -1.470 0.0000000000
25414  36.062  -68.159  -2.091 0.0000000000
20800  37.993  -71.279  -6.937 0.0000000000
26464  41.709  -67.194  3.884 0.0000000000
25362  42.026  -68.569  2.176 0.0000000000
22983  41.793  -69.483  0.316 0.0000000000
24152  44.954  -69.163  0.555 0.0000000000
24175  43.614  -69.408  -0.933 0.0000000000
24177  41.902  -68.799  -1.393 0.0000000000
25392  41.334  -68.065  -2.634 0.0000000000
24252  40.867  -68.663  -3.992 0.0000000000
23064  40.939  -69.917  -4.995 0.0000000000
21949  44.954  -70.766  -5.325 0.0000000000
21951  43.828  -70.297  -6.047 0.0000000000
21953  42.024  -70.717  -6.531 0.0000000000
21954  40.916  -71.147  -6.790 0.0000000000
27582  38.273  -65.526  4.637 0.0000000000
26445  38.903  -66.394  4.818 0.0000000000
24055  38.697  -68.213  5.516 0.0000000000
25301  40.431  -67.649  5.058 0.0000000000
24051  42.238  -68.349  4.694 0.0000000000
21843  43.818  -69.793  4.721 0.0000000000
21842  44.992  -70.132  4.352 0.0000000000
21806  46.743  -71.480  6.166 0.0000000000
21840  47.095  -70.861  4.507 0.0000000000
24139  35.921  -68.837  1.590 0.0000000000
27602  39.379  -65.497  3.923 0.0000000000
27617  38.990  -65.006  3.658 0.0000000000
23048  39.364  -69.360  -4.409 0.0000000000
24255  37.901  -69.219  -3.844 0.0000000000
22927  44.400  -69.562  3.143 0.0000000000
24104  44.431  -69.329  2.280 0.0000000000
24103  45.172  -69.570  1.967 0.0000000000
23032  45.424  -69.697  -3.342 0.0000000000
24210  44.781  -69.439  -2.856 0.0000000000
24228  44.870  -69.570  -3.843 0.0000000000
24266  44.792  -69.890  -4.478 0.0000000000
19686  43.328  -72.480  -9.302 0.0000000000
21793  42.296  -71.022  7.466 0.0000000000
22984  40.897  -69.585  0.507 0.0000000000
22962  39.634  -69.433  1.794 0.0000000000
22986  38.886  -69.645  1.005 0.0000000000
24162  33.726  -68.185  0.170 0.0000000000
22957  47.217  -70.302  1.542 0.0000000000
21869  47.430  -70.682  1.379 0.0000000000
19589  46.323  -71.864  -1.254 0.0000000000
20761  46.884  -71.089  -1.179 0.0000000000
20774  46.450  -71.064  -2.148 0.0000000000
21922  46.327  -70.415  -2.672 0.0000000000
20775  46.124  -71.538  -2.469 0.0000000000
25395  39.591  -68.132  -2.292 0.0000000000
24199  39.194  -68.060  -1.881 0.0000000000
24200  38.154  -67.661  -1.783 0.0000000000
25413  36.860  -68.017  -2.167 0.0000000000
24218  36.253  -68.410  -2.771 0.0000000000
25415  35.358  -68.179  -1.989 0.0000000000
26463  42.166  -67.528  3.707 0.0000000000
26476  42.030  -67.534  3.392 0.0000000000
24133  42.202  -69.112  1.361 0.0000000000
24155  42.400  -69.394  0.409 0.0000000000
24172  46.539  -69.541  0.016 0.0000000000
24173  45.674  -69.279  -0.277 0.0000000000
24176  42.687  -69.101  -1.291 0.0000000000
24196  42.132  -68.422  -2.186 0.0000000000
24197  41.270  -68.216  -1.944 0.0000000000
24250  42.656  -69.008  -4.370 0.0000000000
24232  41.252  -68.291  -3.421 0.0000000000
24251  41.751  -68.748  -4.058 0.0000000000
23047  40.390  -69.254  -4.461 0.0000000000
23063  41.888  -69.666  -5.148 0.0000000000
17448  41.580  -74.291  -5.966 0.0000000000
18562  43.698  -72.841  -7.259 0.0000000000
18554  43.631  -72.853  -6.232 0.0000000000
18561  44.229  -72.504  -6.610 0.0000000000
20797  44.523  -71.429  -6.676 0.0000000000
21950  44.605  -70.667  -5.930 0.0000000000
21966  44.164  -70.880  -6.769 0.0000000000
20805  42.176  -71.166  -8.199 0.0000000000
21968  42.566  -70.884  -7.278 0.0000000000
21969  41.734  -71.119  -7.452 0.0000000000
21970  41.173  -71.282  -7.609 0.0000000000
27583  37.187  -65.183  4.944 0.0000000000
26446  37.769  -66.356  5.010 0.0000000000
25303  38.331  -67.267  5.191 0.0000000000
22888  40.495  -69.847  6.211 0.0000000000
22904  39.010  -69.068  5.774 0.0000000000
22903  40.032  -69.160  5.709 0.0000000000
24054  39.722  -68.292  5.360 0.0000000000
24053  40.653  -68.371  5.306 0.0000000000
24052  41.539  -68.273  5.019 0.0000000000
21829  43.083  -69.919  5.457 0.0000000000
21827  45.536  -70.663  5.573 0.0000000000
19434  47.020  -72.351  5.957 0.0000000000
21805  47.078  -71.700  6.001 0.0000000000
21826  46.602  -70.941  5.479 0.0000000000
24181  37.000  -68.419  -0.218 0.0000000000
24159  36.462  -68.938  0.680 0.0000000000
24113  34.744  -68.320  2.142 0.0000000000
24234  39.494  -68.466  -3.369 0.0000000000
24216  38.159  -67.881  -2.525 0.0000000000
24086  43.261  -68.476  3.476 0.0000000000
25342  43.057  -68.228  2.997 0.0000000000
24105  43.611  -68.813  2.588 0.0000000000
24131  44.066  -69.073  1.550 0.0000000000
23014  46.029  -69.743  -1.607 0.0000000000
24193  45.345  -69.494  -1.515 0.0000000000
24211  43.670  -69.079  -2.913 0.0000000000
24212  42.624  -68.606  -2.919 0.0000000000
24230  43.131  -68.849  -3.693 0.0000000000
24249  43.631  -69.291  -4.434 0.0000000000
24268  43.105  -69.216  -4.719 0.0000000000
20803  43.860  -71.559  -7.646 0.0000000000
20817  43.798  -71.976  -8.297 0.0000000000
20818  43.388  -71.836  -8.800 0.0000000000
22887  41.526  -69.828  5.905 0.0000000000
22886  42.116  -69.809  5.757 0.0000000000
21810  42.147  -70.345  6.354 0.0000000000
21809  43.338  -70.776  6.558 0.0000000000
24109  38.738  -68.560  2.435 0.0000000000
24110  37.622  -68.771  2.517 0.0000000000
24183  35.139  -68.329  -0.128 0.0000000000
24160  35.456  -68.701  0.660 0.0000000000
25372  33.758  -68.106  0.749 0.0000000000
22937  46.614  -70.116  2.406 0.0000000000
24129  45.684  -69.482  1.621 0.0000000000
22958  46.859  -69.971  1.604 0.0000000000
22980  46.900  -69.912  0.818 0.0000000000
23012  47.187  -70.217  -0.397 0.0000000000
23013  46.720  -69.967  -1.060 0.0000000000
23023  46.122  -70.094  -2.086 0.0000000000
23031  45.989  -69.925  -2.946 0.0000000000
24179  39.819  -69.010  -0.735 0.0000000000
24157  39.017  -69.180  0.085 0.0000000000
25382  37.198  -67.884  -1.077 0.0000000000
25411  37.898  -67.506  -2.112 0.0000000000
25397  37.299  -67.747  -1.737 0.0000000000
25383  36.355  -68.000  -0.831 0.0000000000
25400  34.945  -68.167  -1.316 0.0000000000
24201  33.932  -68.230  -1.486 0.0000000000
21956  38.596  -71.125  -6.236 0.0000000000
26465  40.815  -66.660  4.013 0.0000000000
26478  40.603  -66.655  3.301 0.0000000000
26477  41.371  -67.094  3.415 0.0000000000
22960  41.447  -69.379  1.139 0.0000000000
24153  43.951  -69.281  0.343 0.0000000000
24174  44.671  -69.337  -0.610 0.0000000000
24154  42.919  -69.366  0.041 0.0000000000
23003  41.780  -69.288  -0.680 0.0000000000
23004  40.976  -69.393  -0.382 0.0000000000
24178  41.034  -68.774  -1.190 0.0000000000
25409  40.553  -68.115  -2.693 0.0000000000
25424  41.503  -68.124  -3.003 0.0000000000
25426  40.987  -67.976  -2.995 0.0000000000
24233  40.452  -68.355  -3.299 0.0000000000
24253  39.905  -68.673  -3.996 0.0000000000
23065  39.870  -70.075  -4.860 0.0000000000
20792  45.413  -71.082  -4.170 0.0000000000
18537  42.286  -73.613  -6.020 0.0000000000
20794  45.206  -71.190  -5.126 0.0000000000
23059  44.854  -69.966  -4.492 0.0000000000
23060  44.560  -69.874  -4.697 0.0000000000
23061  43.786  -69.707  -5.095 0.0000000000
23077  42.945  -69.856  -5.681 0.0000000000
21967  43.434  -70.795  -7.066 0.0000000000
21952  42.907  -70.295  -6.223 0.0000000000
21937  42.340  -70.078  -5.744 0.0000000000
21938  41.475  -70.451  -5.753 0.0000000000
21939  40.398  -70.687  -5.646 0.0000000000
21940  39.269  -70.741  -5.515 0.0000000000
21955  39.696  -71.200  -6.366 0.0000000000
29978  37.730  -63.229  4.227 0.0000000000
28778  37.261  -64.138  4.678 0.0000000000
27604  37.957  -64.721  4.554 0.0000000000
27603  38.692  -64.914  4.182 0.0000000000
26467  39.023  -65.697  4.387 0.0000000000
26466  39.711  -66.331  4.337 0.0000000000
22890  38.126  -69.269  6.508 0.0000000000
25302  39.479  -67.234  5.067 0.0000000000
25321  39.756  -66.772  4.707 0.0000000000
25320  40.271  -66.977  4.646 0.0000000000
25319  41.290  -67.423  4.600 0.0000000000
24070  41.999  -67.866  4.555 0.0000000000
24069  42.577  -68.018  4.205 0.0000000000
22901  42.316  -69.181  5.193 0.0000000000
22917  42.705  -68.535  4.531 0.0000000000
24068  42.994  -68.357  4.092 0.0000000000
22915  44.172  -69.524  3.982 0.0000000000
22914  44.686  -69.807  3.660 0.0000000000
21856  45.899  -70.164  3.732 0.0000000000
21841  46.221  -70.471  4.550 0.0000000000
21855  46.688  -70.466  3.506 0.0000000000
24158  37.760  -69.348  0.719 0.0000000000
24138  36.901  -69.162  1.692 0.0000000000
24111  36.487  -68.555  2.496 0.0000000000
24140  34.955  -68.592  1.520 0.0000000000
24112  35.461  -68.401  2.342 0.0000000000
19664  45.210  -71.644  -5.248 0.0000000000
20659  47.206  -71.874  5.870 0.0000000000
20760  47.190  -70.986  -0.561 0.0000000000
20786  46.410  -70.825  -2.873 0.0000000000
20787  46.088  -71.255  -3.198 0.0000000000
20799  38.972  -71.434  -7.046 0.0000000000
21825  47.235  -71.425  5.290 0.0000000000
21844  43.344  -69.453  4.930 0.0000000000
21880  47.386  -70.672  0.527 0.0000000000
21907  47.082  -70.544  -0.830 0.0000000000
21916  46.415  -70.433  -1.866 0.0000000000
21925  46.082  -70.237  -3.289 0.0000000000
21934  44.736  -70.308  -5.026 0.0000000000
21935  44.343  -70.149  -5.348 0.0000000000
21936  42.761  -69.910  -5.688 0.0000000000
21941  38.305  -70.674  -5.570 0.0000000000
22900  43.053  -69.322  5.037 0.0000000000
22916  43.329  -68.979  4.438 0.0000000000
22925  46.072  -70.095  3.011 0.0000000000
22926  45.250  -69.951  3.210 0.0000000000
22928  43.805  -69.082  3.597 0.0000000000
22939  44.972  -69.720  2.517 0.0000000000
22940  40.171  -69.131  2.231 0.0000000000
22942  38.217  -69.165  2.218 0.0000000000
22943  37.850  -69.314  2.159 0.0000000000
22959  46.302  -69.667  1.640 0.0000000000
22963  38.746  -69.324  1.833 0.0000000000
22981  46.575  -69.673  1.121 0.0000000000
22982  42.338  -69.459  -0.165 0.0000000000
22985  39.860  -69.557  0.467 0.0000000000
22987  38.351  -69.622  1.322 0.0000000000
23000  47.335  -70.283  0.134 0.0000000000
23001  47.121  -69.922  0.031 0.0000000000
23002  42.385  -69.279  -0.777 0.0000000000
23040  45.749  -69.993  -3.544 0.0000000000
23042  44.614  -69.756  -4.474 0.0000000000
23044  42.590  -69.191  -4.720 0.0000000000
23046  41.375  -69.203  -4.528 0.0000000000
23062  42.818  -69.457  -5.161 0.0000000000
23076  43.262  -69.897  -5.648 0.0000000000
24137  37.565  -69.409  1.828 0.0000000000
24150  46.555  -69.589  0.704 0.0000000000
24156  39.569  -69.244  -0.076 0.0000000000
24161  34.465  -68.365  0.590 0.0000000000
24213  41.775  -68.189  -2.883 0.0000000000
24214  39.923  -68.346  -2.873 0.0000000000
24247  44.855  -69.794  -4.312 0.0000000000
24248  44.510  -69.582  -4.306 0.0000000000
24265  44.820  -69.820  -4.645 0.0000000000
24267  43.332  -69.375  -4.853 0.0000000000
25300  41.015  -67.871  5.063 0.0000000000
25318  42.141  -67.557  4.103 0.0000000000
25333  42.983  -68.181  3.336 0.0000000000
25334  42.642  -67.914  3.521 0.0000000000
25384  35.545  -68.113  -0.737 0.0000000000
25385  35.004  -68.198  -0.672 0.0000000000
25393  40.792  -68.034  -2.425 0.0000000000
25394  40.072  -68.115  -2.273 0.0000000000
25396  37.731  -67.541  -1.872 0.0000000000
25398  36.601  -67.916  -1.561 0.0000000000
25399  35.816  -68.032  -1.425 0.0000000000
25407  41.393  -67.897  -2.825 0.0000000000
25408  41.097  -67.858  -2.766 0.0000000000
25410  39.882  -68.197  -2.503 0.0000000000
25412  37.557  -67.725  -2.186 0.0000000000
25425  41.289  -68.015  -2.962 0.0000000000
26444  39.489  -66.650  4.752 0.0000000000
