#!ascii label  , from subject 4085 vox2ras=TkReg
1458
58561  -36.851  -45.740  53.307 0.0000000000
73900  -49.396  -31.451  52.515 0.0000000000
65956  -43.555  -39.185  51.547 0.0000000000
34637  -9.516  -63.647  64.557 0.0000000000
56075  -33.947  -46.721  57.828 0.0000000000
42713  -23.553  -59.262  64.557 0.0000000000
36107  -31.567  -62.385  63.391 0.0000000000
44245  -37.630  -55.900  61.733 0.0000000000
51450  -38.695  -50.467  62.135 0.0000000000
41431  -16.086  -58.586  59.377 0.0000000000
44179  -19.881  -58.385  64.583 0.0000000000
44258  -20.386  -56.442  59.511 0.0000000000
41439  -28.819  -58.682  58.954 0.0000000000
42779  -33.371  -58.647  60.409 0.0000000000
57176  -38.047  -46.835  60.697 0.0000000000
57225  -42.363  -46.167  58.142 0.0000000000
68375  -46.796  -36.213  51.029 0.0000000000
60877  -39.967  -42.512  51.917 0.0000000000
76244  -46.190  -30.905  48.348 0.0000000000
31774  -5.902  -65.877  65.418 0.0000000000
54789  -36.125  -47.018  63.025 0.0000000000
58481  -34.202  -44.278  56.691 0.0000000000
42823  -24.273  -58.131  59.239 0.0000000000
37490  -27.040  -61.998  63.840 0.0000000000
60824  -45.570  -43.007  56.117 0.0000000000
77327  -54.049  -28.338  46.479 0.0000000000
46940  -36.559  -54.968  59.122 0.0000000000
49306  -37.397  -52.756  59.548 0.0000000000
42794  -18.869  -57.795  59.222 0.0000000000
44288  -31.901  -56.725  58.833 0.0000000000
45649  -34.449  -56.388  58.357 0.0000000000
41419  -36.201  -58.234  60.770 0.0000000000
57270  -37.421  -46.032  56.808 0.0000000000
56035  -40.537  -47.061  59.217 0.0000000000
58487  -40.043  -45.400  55.854 0.0000000000
70540  -48.688  -34.410  51.505 0.0000000000
69445  -48.884  -35.907  54.090 0.0000000000
75022  -50.031  -30.401  53.306 0.0000000000
33279  -8.204  -64.675  61.425 0.0000000000
33231  -8.041  -65.637  64.656 0.0000000000
53698  -36.770  -48.230  60.701 0.0000000000
53668  -37.350  -48.372  63.204 0.0000000000
56015  -35.148  -46.580  60.593 0.0000000000
58386  -34.873  -44.729  59.818 0.0000000000
58427  -33.277  -44.777  57.499 0.0000000000
44159  -21.768  -58.292  64.488 0.0000000000
42697  -20.972  -58.740  65.579 0.0000000000
42663  -23.054  -58.902  66.406 0.0000000000
40014  -24.966  -60.591  66.652 0.0000000000
46970  -22.905  -55.129  57.294 0.0000000000
44324  -24.491  -57.164  56.498 0.0000000000
38854  -29.841  -60.915  61.223 0.0000000000
38852  -27.309  -60.594  61.062 0.0000000000
37492  -29.048  -62.560  62.710 0.0000000000
33220  -27.901  -64.522  65.252 0.0000000000
40151  -12.325  -60.807  61.295 0.0000000000
41341  -13.265  -60.223  63.748 0.0000000000
40026  -12.957  -59.904  66.900 0.0000000000
63459  -41.009  -40.725  51.403 0.0000000000
60851  -42.621  -42.606  53.880 0.0000000000
63378  -44.487  -40.954  54.237 0.0000000000
79335  -54.871  -25.813  46.764 0.0000000000
35974  -7.931  -63.435  68.308 0.0000000000
44192  -37.723  -56.247  64.945 0.0000000000
48074  -38.846  -53.294  64.735 0.0000000000
48122  -38.195  -53.339  62.120 0.0000000000
51490  -38.113  -50.725  59.515 0.0000000000
41380  -15.582  -58.870  61.318 0.0000000000
41328  -17.288  -58.919  64.047 0.0000000000
41364  -18.454  -58.786  61.545 0.0000000000
42759  -20.015  -58.049  61.190 0.0000000000
129577  -21.818  -57.915  62.406 0.0000000000
44308  -27.226  -57.731  57.222 0.0000000000
44286  -29.852  -56.653  58.469 0.0000000000
41416  -31.000  -58.772  59.514 0.0000000000
40142  -32.605  -60.277  61.361 0.0000000000
41368  -34.914  -59.529  62.271 0.0000000000
42748  -36.342  -57.892  63.464 0.0000000000
41450  -14.491  -58.931  58.207 0.0000000000
55971  -39.160  -46.870  63.325 0.0000000000
54744  -42.787  -47.277  65.485 0.0000000000
54792  -41.087  -47.325  62.733 0.0000000000
57160  -42.992  -46.418  61.345 0.0000000000
67164  -44.978  -38.102  51.452 0.0000000000
65922  -45.673  -39.150  54.258 0.0000000000
67127  -47.284  -37.806  53.925 0.0000000000
27441  -0.811  -68.880  67.000 0.0000000000
59754  -37.615  -44.268  52.285 0.0000000000
63514  -38.527  -40.103  49.700 0.0000000000
68411  -41.487  -36.243  49.531 0.0000000000
69516  -43.655  -35.021  49.457 0.0000000000
71690  -44.573  -33.278  49.602 0.0000000000
73921  -46.574  -31.919  50.499 0.0000000000
76190  -47.708  -30.912  50.908 0.0000000000
76242  -44.368  -31.066  48.202 0.0000000000
34543  -5.852  -64.074  67.964 0.0000000000
33171  -4.194  -65.811  68.196 0.0000000000
30295  -2.428  -67.397  67.462 0.0000000000
53583  -39.500  -49.485  67.973 0.0000000000
50315  -39.208  -51.404  65.485 0.0000000000
53622  -38.361  -48.731  65.913 0.0000000000
55921  -37.922  -46.656  64.677 0.0000000000
58373  -36.870  -45.665  61.672 0.0000000000
58430  -36.190  -45.537  58.612 0.0000000000
58535  -35.261  -45.660  54.501 0.0000000000
41310  -19.152  -58.875  65.775 0.0000000000
45623  -22.018  -56.488  59.735 0.0000000000
42776  -23.294  -59.321  62.368 0.0000000000
41436  -26.051  -59.130  59.025 0.0000000000
38850  -25.480  -60.337  61.529 0.0000000000
38784  -25.147  -60.880  64.725 0.0000000000
37424  -26.124  -62.494  66.114 0.0000000000
36137  -9.831  -63.304  61.691 0.0000000000
38848  -11.075  -61.521  60.751 0.0000000000
37466  -10.603  -62.138  64.346 0.0000000000
59695  -41.206  -43.855  54.842 0.0000000000
59651  -43.645  -43.991  57.210 0.0000000000
58437  -46.048  -44.359  58.686 0.0000000000
62046  -47.117  -41.482  55.109 0.0000000000
76210  -49.442  -30.542  50.890 0.0000000000
75064  -51.417  -30.086  50.652 0.0000000000
76230  -52.973  -29.400  50.044 0.0000000000
76282  -52.455  -29.535  46.919 0.0000000000
78309  -54.940  -27.496  49.611 0.0000000000
46939  -35.838  -54.799  58.548 0.0000000000
48166  -36.272  -54.301  58.625 0.0000000000
48188  -35.920  -53.813  57.806 0.0000000000
45648  -33.419  -56.325  58.279 0.0000000000
45673  -34.888  -55.820  58.213 0.0000000000
45650  -35.666  -56.030  58.734 0.0000000000
58512  -37.042  -45.339  55.328 0.0000000000
58486  -38.749  -45.401  55.883 0.0000000000
58513  -37.967  -44.814  55.315 0.0000000000
72803  -49.172  -32.735  51.742 0.0000000000
70512  -49.724  -34.327  53.160 0.0000000000
72768  -50.507  -32.945  52.817 0.0000000000
72753  -51.145  -32.097  54.043 0.0000000000
75021  -49.509  -30.888  52.927 0.0000000000
34659  -9.020  -64.100  62.544 0.0000000000
33246  -7.723  -65.364  63.349 0.0000000000
33232  -8.650  -65.042  64.301 0.0000000000
54834  -35.493  -47.295  58.855 0.0000000000
54823  -35.453  -47.300  60.047 0.0000000000
56031  -34.535  -46.166  59.318 0.0000000000
57193  -34.395  -45.540  59.427 0.0000000000
57245  -33.266  -45.637  57.496 0.0000000000
41287  -14.733  -59.730  65.927 0.0000000000
44160  -22.492  -58.525  64.589 0.0000000000
44111  -22.759  -58.540  65.589 0.0000000000
42698  -23.410  -58.939  65.408 0.0000000000
41255  -24.059  -59.522  66.621 0.0000000000
42700  -24.327  -59.525  65.233 0.0000000000
37508  -30.735  -61.770  62.211 0.0000000000
37507  -29.650  -62.027  62.296 0.0000000000
36106  -30.899  -62.755  63.292 0.0000000000
36060  -29.920  -63.728  64.679 0.0000000000
41360  -14.498  -59.536  62.433 0.0000000000
41325  -13.999  -59.811  64.392 0.0000000000
41305  -13.804  -59.851  65.165 0.0000000000
52496  -41.575  -49.123  67.786 0.0000000000
64735  -41.681  -39.987  51.233 0.0000000000
63433  -42.691  -40.620  53.080 0.0000000000
64711  -43.589  -39.751  52.802 0.0000000000
44232  -37.834  -56.142  62.686 0.0000000000
46858  -38.466  -54.791  63.316 0.0000000000
46895  -37.951  -54.365  61.712 0.0000000000
50396  -37.840  -51.737  59.669 0.0000000000
51501  -37.356  -50.245  58.072 0.0000000000
52624  -36.999  -49.315  58.480 0.0000000000
41404  -15.817  -58.731  60.326 0.0000000000
41381  -16.612  -58.774  61.150 0.0000000000
41382  -17.605  -58.931  60.884 0.0000000000
42796  -20.033  -57.121  59.629 0.0000000000
42773  -19.699  -57.997  60.283 0.0000000000
42774  -20.473  -56.910  60.537 0.0000000000
129574  -21.344  -57.863  62.593 0.0000000000
129573  -20.806  -56.893  61.145 0.0000000000
45666  -28.955  -56.189  57.647 0.0000000000
44262  -32.343  -57.541  58.868 0.0000000000
44261  -31.601  -57.451  58.885 0.0000000000
42778  -32.426  -58.678  60.098 0.0000000000
41389  -32.098  -59.415  60.313 0.0000000000
41390  -33.025  -59.517  60.927 0.0000000000
41367  -33.896  -59.831  62.060 0.0000000000
41391  -34.071  -59.179  61.275 0.0000000000
42783  -36.792  -57.479  61.293 0.0000000000
41370  -36.193  -58.409  62.312 0.0000000000
44231  -37.296  -57.050  63.057 0.0000000000
44211  -37.204  -57.072  64.249 0.0000000000
41451  -15.502  -58.592  58.448 0.0000000000
57158  -38.415  -46.681  61.573 0.0000000000
55989  -40.525  -47.408  63.368 0.0000000000
56001  -40.139  -47.453  61.404 0.0000000000
56056  -41.760  -46.393  58.465 0.0000000000
57197  -41.938  -46.499  59.918 0.0000000000
57198  -42.477  -46.283  59.383 0.0000000000
57179  -43.772  -46.385  60.714 0.0000000000
57199  -43.570  -45.701  59.514 0.0000000000
67185  -45.425  -36.969  50.577 0.0000000000
67146  -45.719  -38.131  52.189 0.0000000000
68340  -47.355  -37.345  52.430 0.0000000000
69431  -48.968  -36.415  55.789 0.0000000000
68412  -42.576  -35.928  49.543 0.0000000000
70573  -41.584  -34.905  48.675 0.0000000000
72827  -42.923  -32.800  48.694 0.0000000000
72828  -43.661  -32.385  49.257 0.0000000000
72813  -45.686  -32.514  50.084 0.0000000000
75076  -44.844  -31.659  49.352 0.0000000000
75058  -45.275  -31.534  49.358 0.0000000000
31819  -6.350  -65.806  63.075 0.0000000000
31773  -4.829  -66.374  64.897 0.0000000000
35943  -6.956  -62.890  69.393 0.0000000000
35973  -6.987  -64.080  68.671 0.0000000000
35942  -6.282  -63.606  69.100 0.0000000000
34523  -3.773  -63.999  69.457 0.0000000000
33146  -3.307  -65.631  69.046 0.0000000000
31739  -3.302  -66.420  67.770 0.0000000000
30268  -2.678  -66.316  69.007 0.0000000000
28803  -1.806  -67.568  68.415 0.0000000000
49247  -39.003  -52.026  63.735 0.0000000000
49234  -38.985  -52.233  64.677 0.0000000000
51432  -39.184  -50.261  64.128 0.0000000000
54777  -36.541  -47.493  63.363 0.0000000000
53657  -37.364  -48.426  64.108 0.0000000000
54761  -36.933  -47.530  64.118 0.0000000000
54714  -37.748  -47.645  65.303 0.0000000000
57103  -36.880  -45.898  64.465 0.0000000000
57125  -37.581  -45.975  63.656 0.0000000000
55985  -36.804  -46.553  62.841 0.0000000000
59624  -34.448  -44.501  58.191 0.0000000000
59603  -35.242  -44.602  59.164 0.0000000000
58456  -35.232  -44.718  57.460 0.0000000000
58483  -35.726  -44.927  56.480 0.0000000000
58482  -34.749  -44.649  56.529 0.0000000000
42724  -18.054  -58.785  64.589 0.0000000000
42709  -18.389  -58.691  65.240 0.0000000000
42710  -19.495  -58.504  65.200 0.0000000000
42841  -23.659  -57.308  58.312 0.0000000000
46952  -22.484  -55.714  58.239 0.0000000000
44283  -23.427  -57.581  59.483 0.0000000000
42798  -23.141  -58.234  61.344 0.0000000000
42799  -23.515  -58.265  60.479 0.0000000000
44284  -28.313  -57.647  58.102 0.0000000000
42825  -26.710  -58.582  58.387 0.0000000000
41413  -27.406  -59.390  59.401 0.0000000000
37505  -27.420  -61.949  62.913 0.0000000000
38851  -26.093  -60.527  61.493 0.0000000000
38833  -26.423  -61.114  62.440 0.0000000000
38815  -24.599  -60.477  62.878 0.0000000000
38801  -25.675  -61.245  64.363 0.0000000000
38769  -25.581  -61.236  65.544 0.0000000000
37457  -26.499  -62.202  64.948 0.0000000000
40092  -34.060  -60.264  64.429 0.0000000000
38849  -11.587  -61.128  61.486 0.0000000000
38828  -11.604  -61.350  62.417 0.0000000000
37499  -10.823  -62.104  62.221 0.0000000000
38728  -12.670  -60.249  68.424 0.0000000000
59755  -38.681  -43.419  52.202 0.0000000000
59711  -39.476  -44.182  53.959 0.0000000000
59734  -40.427  -43.297  52.816 0.0000000000
60839  -44.426  -42.534  55.260 0.0000000000
59697  -42.911  -43.614  55.509 0.0000000000
59678  -44.230  -43.351  56.685 0.0000000000
58464  -44.841  -44.416  57.981 0.0000000000
59654  -46.176  -43.924  57.651 0.0000000000
64661  -47.111  -39.732  54.767 0.0000000000
63380  -46.154  -40.506  54.527 0.0000000000
63354  -47.461  -40.467  55.014 0.0000000000
76225  -46.972  -31.337  49.254 0.0000000000
76191  -48.019  -30.196  50.756 0.0000000000
76226  -47.838  -31.200  49.457 0.0000000000
75080  -49.953  -31.395  49.763 0.0000000000
75104  -51.374  -30.818  48.997 0.0000000000
76229  -52.099  -29.498  50.202 0.0000000000
76247  -52.392  -29.836  49.352 0.0000000000
77326  -52.783  -28.900  46.108 0.0000000000
77325  -51.680  -29.261  45.975 0.0000000000
76283  -53.401  -29.119  46.971 0.0000000000
77301  -53.942  -28.909  48.830 0.0000000000
77302  -54.552  -28.117  48.713 0.0000000000
78321  -55.713  -26.937  48.618 0.0000000000
80364  -56.378  -26.063  47.890 0.0000000000
45630  -37.515  -55.814  60.847 0.0000000000
46918  -37.620  -54.722  60.439 0.0000000000
46941  -37.191  -54.381  59.582 0.0000000000
49305  -37.073  -52.278  58.712 0.0000000000
41433  -17.716  -58.277  59.150 0.0000000000
45647  -32.455  -56.147  58.520 0.0000000000
44289  -32.761  -56.921  58.627 0.0000000000
44264  -34.185  -57.603  59.285 0.0000000000
42780  -34.304  -58.580  60.604 0.0000000000
44265  -35.187  -57.539  59.391 0.0000000000
44266  -36.144  -56.869  59.679 0.0000000000
57222  -38.131  -46.339  58.665 0.0000000000
56034  -39.551  -46.952  59.159 0.0000000000
56079  -38.795  -46.700  57.898 0.0000000000
57250  -40.059  -46.270  57.007 0.0000000000
58459  -40.956  -45.701  56.661 0.0000000000
69485  -47.303  -35.526  50.960 0.0000000000
68359  -48.384  -36.476  52.197 0.0000000000
69470  -48.986  -35.722  52.651 0.0000000000
69456  -49.478  -35.229  53.486 0.0000000000
76162  -51.242  -29.551  53.700 0.0000000000
31820  -7.043  -65.924  63.755 0.0000000000
31775  -6.991  -65.904  65.164 0.0000000000
52571  -37.954  -49.148  61.732 0.0000000000
51449  -38.510  -49.496  62.428 0.0000000000
53687  -37.457  -48.513  61.956 0.0000000000
54801  -36.004  -47.437  61.747 0.0000000000
55999  -35.486  -46.452  61.430 0.0000000000
57156  -35.502  -45.858  61.466 0.0000000000
57174  -34.832  -45.366  60.082 0.0000000000
58401  -34.125  -44.796  58.803 0.0000000000
59646  -33.413  -44.056  57.231 0.0000000000
44180  -20.413  -58.045  64.064 0.0000000000
44133  -20.595  -58.522  65.265 0.0000000000
44135  -21.589  -58.356  64.919 0.0000000000
42678  -22.303  -58.808  65.947 0.0000000000
38733  -24.147  -60.749  67.986 0.0000000000
45691  -23.206  -56.195  56.839 0.0000000000
42842  -24.076  -57.667  58.017 0.0000000000
40139  -29.444  -60.116  60.428 0.0000000000
40157  -28.555  -59.841  60.109 0.0000000000
38853  -28.616  -60.644  60.897 0.0000000000
37506  -28.489  -62.164  62.441 0.0000000000
36103  -27.739  -62.544  63.573 0.0000000000
36058  -27.544  -63.504  64.880 0.0000000000
36059  -28.781  -63.819  64.544 0.0000000000
40173  -13.459  -59.530  59.235 0.0000000000
40152  -12.940  -60.229  61.049 0.0000000000
40102  -12.443  -60.419  63.735 0.0000000000
40049  -12.105  -60.318  65.787 0.0000000000
40070  -13.130  -59.662  65.284 0.0000000000
62121  -40.709  -41.541  51.643 0.0000000000
60861  -40.930  -42.684  52.630 0.0000000000
62085  -42.071  -41.826  53.062 0.0000000000
62065  -43.710  -41.815  54.071 0.0000000000
62043  -44.966  -42.061  54.980 0.0000000000
75116  -45.870  -30.349  46.842 0.0000000000
75099  -47.250  -31.280  47.906 0.0000000000
75117  -46.902  -30.679  47.156 0.0000000000
77339  -53.778  -27.648  45.706 0.0000000000
77328  -54.462  -27.421  47.030 0.0000000000
78354  -54.021  -26.724  45.578 0.0000000000
79341  -54.271  -25.830  45.586 0.0000000000
36047  -9.841  -62.765  65.784 0.0000000000
34596  -9.005  -64.107  66.495 0.0000000000
46802  -38.343  -54.737  66.411 0.0000000000
46835  -38.703  -54.499  64.801 0.0000000000
48092  -38.621  -53.684  63.790 0.0000000000
49276  -38.743  -51.674  62.138 0.0000000000
48142  -37.877  -53.458  61.037 0.0000000000
49275  -38.382  -52.208  61.575 0.0000000000
50362  -38.296  -51.103  61.277 0.0000000000
52589  -37.444  -48.863  60.263 0.0000000000
54853  -36.196  -47.772  58.356 0.0000000000
41343  -15.181  -59.369  63.308 0.0000000000
41327  -15.879  -59.213  64.174 0.0000000000
41344  -16.227  -58.999  63.163 0.0000000000
41345  -17.285  -58.851  62.886 0.0000000000
41346  -18.269  -58.640  62.610 0.0000000000
41383  -18.608  -58.785  60.534 0.0000000000
42742  -19.335  -58.387  62.050 0.0000000000
42726  -20.292  -57.936  63.299 0.0000000000
44201  -20.815  -57.784  63.271 0.0000000000
45545  -21.551  -58.163  63.302 0.0000000000
45547  -22.476  -58.884  63.592 0.0000000000
44310  -28.929  -56.787  57.655 0.0000000000
42828  -29.595  -57.666  58.472 0.0000000000
44287  -30.938  -56.868  58.707 0.0000000000
42829  -30.308  -57.484  58.668 0.0000000000
41415  -30.385  -59.017  59.391 0.0000000000
40140  -30.499  -60.100  60.592 0.0000000000
38856  -31.788  -60.644  61.496 0.0000000000
37510  -32.534  -61.272  62.571 0.0000000000
37476  -32.533  -62.091  64.156 0.0000000000
38818  -33.258  -61.011  63.019 0.0000000000
40124  -34.124  -60.290  62.885 0.0000000000
41332  -34.924  -59.302  64.324 0.0000000000
41392  -35.017  -59.121  61.292 0.0000000000
41350  -35.481  -59.083  63.114 0.0000000000
41333  -35.329  -58.834  64.525 0.0000000000
42732  -36.467  -57.583  64.763 0.0000000000
41429  -13.986  -58.856  59.450 0.0000000000
55924  -39.750  -47.715  65.172 0.0000000000
54764  -40.670  -47.710  64.671 0.0000000000
54765  -41.862  -47.491  64.633 0.0000000000
54781  -42.993  -47.169  64.045 0.0000000000
56018  -40.772  -46.988  60.302 0.0000000000
54804  -41.804  -46.601  61.927 0.0000000000
65972  -43.909  -38.396  50.808 0.0000000000
64712  -44.264  -39.315  53.020 0.0000000000
65939  -45.166  -38.445  52.720 0.0000000000
65923  -46.641  -38.600  54.386 0.0000000000
65910  -47.681  -38.842  54.654 0.0000000000
129655  -48.305  -37.014  54.449 0.0000000000
65924  -48.277  -38.110  54.490 0.0000000000
58595  -35.769  -44.922  51.307 0.0000000000
58579  -37.145  -45.160  52.539 0.0000000000
59774  -36.778  -44.059  51.322 0.0000000000
59775  -37.626  -43.262  51.376 0.0000000000
60890  -38.057  -42.509  50.868 0.0000000000
62142  -39.111  -41.466  50.584 0.0000000000
63485  -40.072  -40.766  50.752 0.0000000000
64755  -40.799  -39.744  50.727 0.0000000000
65970  -41.587  -38.939  50.462 0.0000000000
67182  -42.121  -37.876  50.152 0.0000000000
67183  -43.321  -37.740  50.035 0.0000000000
68392  -43.687  -36.418  49.871 0.0000000000
69500  -45.585  -35.691  50.165 0.0000000000
71688  -42.565  -33.624  48.647 0.0000000000
70564  -43.996  -34.217  49.329 0.0000000000
70549  -45.914  -34.907  50.125 0.0000000000
70551  -47.063  -34.311  50.637 0.0000000000
72815  -47.157  -33.001  50.660 0.0000000000
73910  -47.489  -31.818  51.101 0.0000000000
75034  -47.707  -31.069  51.887 0.0000000000
75045  -47.254  -31.510  50.558 0.0000000000
76224  -46.009  -31.291  48.857 0.0000000000
76243  -45.082  -30.929  47.883 0.0000000000
76261  -44.749  -30.081  47.161 0.0000000000
34595  -7.882  -64.580  66.319 0.0000000000
34594  -6.905  -64.790  66.795 0.0000000000
33189  -5.967  -65.514  66.943 0.0000000000
34524  -4.696  -63.802  69.249 0.0000000000
33160  -4.755  -64.901  68.199 0.0000000000
31741  -4.980  -66.164  67.498 0.0000000000
31758  -3.903  -67.099  67.267 0.0000000000
30318  -3.020  -67.298  66.688 0.0000000000
30335  -2.297  -68.055  65.877 0.0000000000
28811  -1.595  -68.254  66.927 0.0000000000
53601  -40.250  -48.470  67.322 0.0000000000
51414  -38.965  -50.572  66.197 0.0000000000
52536  -38.884  -49.408  63.858 0.0000000000
52525  -38.405  -49.404  65.368 0.0000000000
53599  -38.515  -48.883  66.818 0.0000000000
54715  -38.471  -47.657  65.858 0.0000000000
54716  -39.445  -47.682  65.938 0.0000000000
55948  -38.658  -46.689  64.272 0.0000000000
57142  -38.384  -46.368  62.432 0.0000000000
57157  -37.709  -46.049  61.480 0.0000000000
58371  -35.789  -44.844  60.852 0.0000000000
58388  -36.345  -45.008  60.417 0.0000000000
57195  -37.506  -45.959  59.337 0.0000000000
57247  -36.898  -46.202  57.564 0.0000000000
58511  -36.031  -45.290  55.437 0.0000000000
58560  -35.640  -46.156  53.304 0.0000000000
57244  -32.725  -45.599  56.839 0.0000000000
58453  -32.492  -45.191  56.298 0.0000000000
59671  -32.672  -44.595  55.976 0.0000000000
59691  -32.907  -44.609  55.370 0.0000000000
58533  -33.073  -44.864  54.599 0.0000000000
58558  -33.515  -45.089  53.539 0.0000000000
58576  -33.831  -45.060  52.569 0.0000000000
58577  -34.840  -45.425  52.367 0.0000000000
42711  -20.317  -58.611  65.558 0.0000000000
46930  -20.913  -55.205  58.526 0.0000000000
48131  -21.788  -55.347  58.276 0.0000000000
46908  -21.747  -56.154  59.568 0.0000000000
44259  -22.531  -57.471  60.544 0.0000000000
129575  -22.470  -59.106  62.559 0.0000000000
42745  -23.476  -59.665  63.733 0.0000000000
44307  -26.107  -58.047  56.885 0.0000000000
42843  -25.048  -58.267  57.699 0.0000000000
41435  -25.059  -58.986  59.380 0.0000000000
40156  -27.272  -59.908  60.149 0.0000000000
40155  -26.126  -59.781  60.392 0.0000000000
41410  -24.436  -58.992  60.561 0.0000000000
40134  -24.476  -59.809  61.892 0.0000000000
40106  -24.130  -60.330  63.304 0.0000000000
41331  -24.358  -59.858  64.602 0.0000000000
40058  -25.124  -60.627  65.568 0.0000000000
38751  -25.586  -61.709  66.167 0.0000000000
34672  -8.905  -63.955  61.623 0.0000000000
34660  -9.468  -63.640  62.688 0.0000000000
38867  -11.545  -61.867  59.719 0.0000000000
37526  -11.095  -62.462  59.982 0.0000000000
37517  -10.598  -62.356  61.181 0.0000000000
36115  -10.399  -62.641  62.596 0.0000000000
36092  -9.911  -63.093  63.984 0.0000000000
36048  -10.266  -62.310  65.864 0.0000000000
40025  -12.239  -60.294  66.706 0.0000000000
58539  -39.028  -44.449  54.433 0.0000000000
58515  -39.923  -44.640  55.196 0.0000000000
58460  -41.582  -45.181  56.632 0.0000000000
60836  -41.961  -43.175  54.454 0.0000000000
59676  -42.480  -44.024  56.184 0.0000000000
58461  -43.073  -45.161  57.110 0.0000000000
58435  -44.323  -44.721  58.622 0.0000000000
64679  -44.863  -40.350  53.921 0.0000000000
62068  -45.834  -41.285  54.707 0.0000000000
60842  -46.843  -42.405  55.551 0.0000000000
77249  -48.681  -30.419  51.935 0.0000000000
77251  -49.842  -29.772  52.502 0.0000000000
76177  -50.308  -29.634  52.416 0.0000000000
75079  -49.003  -31.062  49.304 0.0000000000
75048  -50.563  -30.366  51.345 0.0000000000
76195  -51.934  -29.527  52.229 0.0000000000
76196  -52.614  -29.282  51.743 0.0000000000
77264  -53.351  -28.693  51.819 0.0000000000
76266  -52.158  -30.255  48.025 0.0000000000
76248  -53.017  -29.376  48.989 0.0000000000
77279  -54.331  -28.329  50.680 0.0000000000
78335  -55.559  -26.463  48.061 0.0000000000
46955  -35.177  -55.096  57.970 0.0000000000
46954  -34.298  -54.899  57.510 0.0000000000
58536  -36.397  -45.667  54.401 0.0000000000
58537  -37.368  -45.168  54.361 0.0000000000
72786  -48.877  -32.195  51.996 0.0000000000
72787  -49.846  -32.547  52.121 0.0000000000
72788  -50.388  -32.385  52.584 0.0000000000
72769  -50.615  -32.220  53.104 0.0000000000
73901  -50.246  -31.868  52.553 0.0000000000
73886  -50.352  -31.187  53.160 0.0000000000
34648  -9.276  -64.095  63.201 0.0000000000
33247  -8.796  -64.661  63.272 0.0000000000
34636  -9.223  -64.310  64.033 0.0000000000
54833  -34.684  -47.065  58.334 0.0000000000
54822  -34.840  -46.827  59.192 0.0000000000
56049  -34.238  -46.415  58.602 0.0000000000
56048  -33.591  -46.031  58.060 0.0000000000
41288  -15.619  -59.334  65.793 0.0000000000
41307  -15.368  -59.477  65.077 0.0000000000
44161  -23.269  -58.912  64.728 0.0000000000
44137  -23.022  -58.630  65.194 0.0000000000
44162  -23.762  -59.096  65.037 0.0000000000
42699  -23.825  -59.215  65.211 0.0000000000
42714  -23.973  -59.298  64.856 0.0000000000
36128  -31.226  -62.266  62.781 0.0000000000
36127  -30.484  -62.413  62.661 0.0000000000
36083  -31.629  -62.732  64.181 0.0000000000
41306  -14.516  -59.777  65.065 0.0000000000
65955  -42.409  -39.433  51.026 0.0000000000
64736  -42.893  -40.015  51.883 0.0000000000
64737  -43.513  -39.646  52.088 0.0000000000
45594  -38.130  -55.194  62.352 0.0000000000
45610  -37.767  -55.210  61.406 0.0000000000
50410  -37.047  -51.342  57.904 0.0000000000
50395  -37.566  -51.076  58.758 0.0000000000
41405  -16.798  -58.688  60.177 0.0000000000
129576  -20.847  -56.351  60.229 0.0000000000
42804  -32.845  -58.251  59.455 0.0000000000
44268  -37.438  -56.338  61.263 0.0000000000
44244  -37.290  -56.783  61.849 0.0000000000
55987  -39.145  -47.013  62.092 0.0000000000
56000  -39.030  -47.067  60.985 0.0000000000
57224  -41.661  -46.131  57.763 0.0000000000
56037  -42.052  -46.367  58.822 0.0000000000
57226  -43.049  -45.826  58.544 0.0000000000
68374  -46.033  -36.679  50.903 0.0000000000
67147  -46.681  -37.628  51.940 0.0000000000
67148  -47.142  -37.257  51.691 0.0000000000
129670  -49.128  -36.394  56.795 0.0000000000
69522  -41.247  -35.079  48.490 0.0000000000
73936  -44.332  -31.870  49.452 0.0000000000
73935  -43.835  -31.806  49.030 0.0000000000
75075  -44.210  -31.459  48.803 0.0000000000
31793  -5.545  -65.940  64.071 0.0000000000
31792  -4.622  -66.304  63.687 0.0000000000
35931  -6.487  -63.528  69.477 0.0000000000
31708  -2.979  -65.918  68.990 0.0000000000
28794  -2.566  -67.175  69.717 0.0000000000
50348  -38.897  -51.123  62.523 0.0000000000
50335  -39.117  -51.151  63.416 0.0000000000
54776  -36.675  -47.053  63.829 0.0000000000
55919  -36.890  -46.775  64.683 0.0000000000
55968  -36.773  -46.649  63.508 0.0000000000
55969  -36.967  -46.326  63.501 0.0000000000
59647  -34.128  -44.074  57.427 0.0000000000
59648  -34.649  -44.472  57.732 0.0000000000
58455  -34.593  -44.380  57.182 0.0000000000
58509  -33.775  -44.790  55.768 0.0000000000
42725  -19.118  -58.424  63.756 0.0000000000
44156  -19.934  -58.458  64.919 0.0000000000
42822  -23.713  -57.541  58.783 0.0000000000
44282  -23.140  -57.152  58.787 0.0000000000
44260  -23.409  -57.862  59.936 0.0000000000
41438  -28.054  -58.867  59.007 0.0000000000
37504  -26.580  -61.639  63.361 0.0000000000
38817  -25.864  -61.230  63.573 0.0000000000
37489  -26.305  -61.656  64.056 0.0000000000
37473  -26.111  -61.675  64.681 0.0000000000
37474  -26.674  -61.984  64.436 0.0000000000
40076  -34.253  -59.940  65.162 0.0000000000
38780  -11.698  -61.073  65.341 0.0000000000
60876  -39.235  -42.731  51.709 0.0000000000
59733  -39.582  -43.681  53.026 0.0000000000
59756  -39.685  -43.035  52.380 0.0000000000
60823  -44.780  -43.023  56.008 0.0000000000
60822  -44.076  -43.080  55.910 0.0000000000
59679  -45.074  -43.546  56.665 0.0000000000
59680  -45.873  -43.482  56.819 0.0000000000
64662  -47.961  -39.512  54.916 0.0000000000
76245  -47.012  -31.273  48.569 0.0000000000
75122  -51.234  -30.844  48.029 0.0000000000
75105  -51.995  -30.412  49.127 0.0000000000
75123  -51.679  -30.569  48.541 0.0000000000
77314  -54.065  -28.720  47.746 0.0000000000
77315  -54.692  -27.904  47.688 0.0000000000
78320  -55.131  -27.431  48.662 0.0000000000
45629  -36.996  -55.815  59.763 0.0000000000
46917  -37.275  -55.009  59.578 0.0000000000
48189  -36.674  -53.068  58.247 0.0000000000
49325  -36.482  -52.396  57.718 0.0000000000
45699  -32.651  -55.192  57.361 0.0000000000
44290  -33.749  -57.021  58.723 0.0000000000
44263  -33.238  -57.642  59.040 0.0000000000
44291  -34.782  -57.014  58.822 0.0000000000
45651  -36.437  -55.765  59.183 0.0000000000
45628  -36.340  -56.145  59.313 0.0000000000
57248  -38.027  -46.415  57.619 0.0000000000
56078  -38.424  -46.491  58.151 0.0000000000
57272  -39.279  -46.007  56.403 0.0000000000
57223  -40.978  -46.245  57.495 0.0000000000
70539  -47.698  -34.441  51.001 0.0000000000
69486  -48.370  -35.599  51.532 0.0000000000
70524  -49.108  -34.910  52.018 0.0000000000
70501  -49.974  -34.437  54.315 0.0000000000
70483  -49.889  -35.014  55.637 0.0000000000
70502  -50.262  -34.256  55.152 0.0000000000
76146  -50.879  -29.703  54.197 0.0000000000
76161  -50.148  -29.622  53.331 0.0000000000
31795  -7.367  -65.905  64.382 0.0000000000
53699  -37.385  -48.697  61.214 0.0000000000
56032  -34.910  -46.597  59.860 0.0000000000
54813  -36.192  -47.524  60.966 0.0000000000
54812  -35.528  -47.110  61.203 0.0000000000
54800  -35.793  -46.983  62.070 0.0000000000
55998  -35.285  -45.892  60.734 0.0000000000
56014  -34.902  -46.004  59.984 0.0000000000
57192  -33.894  -45.141  58.843 0.0000000000
58428  -33.747  -44.761  58.092 0.0000000000
59623  -33.901  -44.440  57.992 0.0000000000
59622  -33.408  -44.398  57.598 0.0000000000
44158  -21.072  -58.184  64.551 0.0000000000
44110  -22.458  -58.608  65.599 0.0000000000
42662  -22.755  -58.813  66.312 0.0000000000
41256  -24.523  -60.050  66.643 0.0000000000
40013  -24.369  -60.312  67.192 0.0000000000
44323  -23.684  -56.816  56.776 0.0000000000
44306  -24.107  -57.428  57.321 0.0000000000
42860  -24.521  -57.714  57.259 0.0000000000
38835  -29.006  -61.460  61.705 0.0000000000
37491  -28.663  -62.559  62.781 0.0000000000
36125  -28.082  -62.528  62.930 0.0000000000
36104  -28.667  -62.829  63.231 0.0000000000
36080  -28.310  -62.979  64.236 0.0000000000
36081  -29.346  -63.348  63.926 0.0000000000
41401  -13.290  -59.487  60.821 0.0000000000
40103  -12.708  -60.232  64.160 0.0000000000
40069  -12.526  -59.996  65.202 0.0000000000
40087  -12.869  -59.954  64.583 0.0000000000
40052  -14.269  -59.857  66.518 0.0000000000
40051  -13.700  -59.934  66.057 0.0000000000
62122  -41.410  -41.331  51.858 0.0000000000
62103  -41.141  -41.746  52.132 0.0000000000
63407  -43.573  -40.848  53.816 0.0000000000
63406  -42.961  -41.116  53.615 0.0000000000
63377  -44.037  -41.352  54.173 0.0000000000
62066  -44.444  -41.856  54.460 0.0000000000
78352  -52.305  -27.728  44.736 0.0000000000
78353  -53.184  -27.376  45.072 0.0000000000
34569  -9.663  -63.180  67.273 0.0000000000
35944  -7.997  -62.783  69.539 0.0000000000
44170  -37.593  -56.246  65.915 0.0000000000
45530  -38.044  -55.470  65.687 0.0000000000
45553  -38.359  -55.358  64.594 0.0000000000
46874  -38.442  -54.307  62.880 0.0000000000
46857  -38.402  -54.551  63.885 0.0000000000
48104  -38.691  -53.095  62.978 0.0000000000
49260  -38.510  -52.689  62.349 0.0000000000
48168  -37.460  -53.579  59.990 0.0000000000
49289  -37.818  -52.549  60.394 0.0000000000
51491  -38.282  -51.246  60.004 0.0000000000
50379  -38.149  -51.574  60.497 0.0000000000
51475  -38.233  -51.236  60.306 0.0000000000
51474  -38.228  -50.654  60.469 0.0000000000
52590  -37.866  -49.548  60.840 0.0000000000
52610  -38.012  -49.698  59.826 0.0000000000
53724  -36.704  -48.442  58.864 0.0000000000
41362  -16.429  -58.862  62.132 0.0000000000
41363  -17.438  -58.758  61.888 0.0000000000
41406  -17.717  -58.804  59.892 0.0000000000
41407  -18.515  -58.370  59.663 0.0000000000
42758  -19.324  -58.597  61.049 0.0000000000
129579  -21.470  -58.014  62.862 0.0000000000
129578  -21.579  -58.271  62.925 0.0000000000
45546  -21.828  -58.861  63.130 0.0000000000
44311  -29.389  -56.645  58.028 0.0000000000
44285  -29.152  -57.287  58.040 0.0000000000
45646  -31.456  -55.979  58.764 0.0000000000
45645  -30.462  -55.968  58.706 0.0000000000
42802  -30.964  -58.067  59.148 0.0000000000
42801  -30.086  -58.337  58.734 0.0000000000
41387  -30.163  -59.505  60.123 0.0000000000
41388  -31.013  -59.263  60.118 0.0000000000
40159  -32.347  -59.890  60.708 0.0000000000
40141  -31.629  -60.153  60.654 0.0000000000
38857  -32.290  -60.677  61.779 0.0000000000
38838  -32.038  -60.955  62.138 0.0000000000
38839  -32.771  -60.913  62.094 0.0000000000
40125  -34.575  -59.910  62.864 0.0000000000
40110  -34.469  -59.970  63.744 0.0000000000
41349  -35.036  -59.332  63.422 0.0000000000
42781  -35.184  -58.532  60.637 0.0000000000
41393  -35.798  -58.634  61.319 0.0000000000
41351  -35.976  -58.783  63.075 0.0000000000
42747  -35.540  -58.485  63.587 0.0000000000
42731  -35.629  -58.197  64.401 0.0000000000
44212  -38.119  -56.427  63.826 0.0000000000
44191  -37.077  -56.860  65.329 0.0000000000
41379  -14.643  -59.165  61.457 0.0000000000
55949  -39.670  -47.388  64.471 0.0000000000
55950  -40.021  -48.051  64.930 0.0000000000
54763  -40.167  -47.567  64.260 0.0000000000
54779  -41.040  -47.418  63.851 0.0000000000
54780  -42.237  -47.242  63.537 0.0000000000
56017  -39.819  -47.054  60.174 0.0000000000
57177  -42.171  -46.404  60.456 0.0000000000
56003  -41.779  -46.527  61.312 0.0000000000
57143  -42.568  -46.290  61.576 0.0000000000
55974  -42.632  -46.940  62.609 0.0000000000
55991  -43.137  -46.534  62.109 0.0000000000
56005  -43.836  -46.460  61.565 0.0000000000
57180  -44.689  -46.017  60.945 0.0000000000
65973  -44.522  -38.228  51.040 0.0000000000
65957  -44.415  -38.605  51.563 0.0000000000
67132  -46.607  -37.673  52.981 0.0000000000
65931  -46.325  -38.275  53.562 0.0000000000
68342  -48.529  -36.569  53.205 0.0000000000
68341  -47.988  -36.989  52.591 0.0000000000
129656  -48.179  -36.681  53.792 0.0000000000
129651  -48.575  -37.245  55.310 0.0000000000
28810  -1.061  -68.590  66.427 0.0000000000
28825  -0.967  -68.637  65.886 0.0000000000
27454  -0.664  -68.959  66.210 0.0000000000
60910  -36.939  -42.691  49.890 0.0000000000
59795  -37.453  -42.851  50.511 0.0000000000
60911  -37.804  -42.243  50.014 0.0000000000
62141  -38.294  -41.421  50.032 0.0000000000
63483  -38.290  -40.913  49.778 0.0000000000
62143  -39.628  -41.348  50.938 0.0000000000
63484  -38.897  -40.614  49.958 0.0000000000
64754  -39.797  -39.834  49.963 0.0000000000
65969  -40.336  -38.773  49.863 0.0000000000
64756  -41.444  -39.532  50.823 0.0000000000
68390  -41.585  -37.172  49.823 0.0000000000
68391  -42.435  -36.817  50.073 0.0000000000
68413  -43.309  -35.655  49.474 0.0000000000
69498  -43.799  -35.643  49.624 0.0000000000
68393  -44.916  -36.431  50.185 0.0000000000
69499  -44.448  -35.388  49.948 0.0000000000
71689  -43.428  -33.434  49.168 0.0000000000
70565  -44.785  -34.402  49.697 0.0000000000
70566  -45.582  -34.471  49.790 0.0000000000
70550  -46.496  -34.404  50.216 0.0000000000
71692  -46.039  -34.177  49.632 0.0000000000
72814  -46.648  -32.780  50.362 0.0000000000
73922  -47.143  -32.428  50.705 0.0000000000
73909  -47.044  -32.149  50.638 0.0000000000
75060  -46.621  -31.481  50.277 0.0000000000
76223  -45.174  -31.297  48.609 0.0000000000
76206  -45.711  -31.420  49.281 0.0000000000
30353  -3.891  -66.652  64.229 0.0000000000
34567  -8.166  -64.022  67.425 0.0000000000
35972  -6.388  -64.057  68.310 0.0000000000
34566  -7.171  -64.334  67.281 0.0000000000
34565  -6.406  -64.729  67.447 0.0000000000
34593  -6.475  -65.055  66.972 0.0000000000
33173  -5.841  -65.190  67.992 0.0000000000
34513  -5.614  -63.930  69.433 0.0000000000
33159  -4.159  -65.095  68.309 0.0000000000
34531  -4.246  -64.119  68.774 0.0000000000
33172  -4.958  -65.534  67.899 0.0000000000
31740  -4.366  -66.343  67.654 0.0000000000
31738  -2.850  -66.657  68.023 0.0000000000
30296  -3.044  -67.247  67.554 0.0000000000
30317  -2.408  -67.643  66.425 0.0000000000
30294  -2.201  -67.845  66.712 0.0000000000
27428  -1.637  -68.143  69.085 0.0000000000
53584  -40.094  -49.096  68.063 0.0000000000
53585  -40.852  -48.882  67.886 0.0000000000
48057  -38.502  -54.088  65.651 0.0000000000
48041  -38.356  -53.961  66.134 0.0000000000
48058  -38.696  -53.620  65.583 0.0000000000
49221  -38.947  -52.564  65.771 0.0000000000
50306  -39.168  -51.525  66.475 0.0000000000
52560  -37.878  -48.678  62.531 0.0000000000
52548  -38.770  -49.416  63.287 0.0000000000
52547  -38.285  -48.908  63.374 0.0000000000
53644  -37.769  -48.568  65.025 0.0000000000
51413  -38.610  -49.988  66.633 0.0000000000
52512  -38.500  -49.449  66.249 0.0000000000
52493  -38.510  -49.519  66.842 0.0000000000
55900  -37.518  -46.981  65.018 0.0000000000
54694  -39.352  -48.100  66.718 0.0000000000
55902  -38.727  -47.224  65.488 0.0000000000
55922  -38.396  -46.884  64.901 0.0000000000
57141  -37.338  -46.295  62.616 0.0000000000
57126  -38.237  -46.213  63.421 0.0000000000
57155  -35.306  -45.250  60.907 0.0000000000
57138  -35.508  -45.122  61.376 0.0000000000
58370  -35.349  -44.878  60.588 0.0000000000
58403  -35.668  -45.107  59.160 0.0000000000
58404  -36.210  -45.312  59.546 0.0000000000
58405  -36.865  -45.584  59.952 0.0000000000
57194  -36.870  -45.584  59.006 0.0000000000
56050  -36.922  -46.185  58.248 0.0000000000
57246  -36.418  -46.068  58.092 0.0000000000
58510  -34.980  -44.954  55.506 0.0000000000
57243  -32.387  -45.545  56.303 0.0000000000
59669  -31.445  -45.017  55.213 0.0000000000
59690  -32.077  -44.425  55.054 0.0000000000
59708  -32.286  -44.548  54.173 0.0000000000
58557  -32.706  -44.792  53.624 0.0000000000
41308  -16.280  -58.904  65.072 0.0000000000
41309  -17.353  -58.930  65.187 0.0000000000
42695  -18.821  -58.840  65.693 0.0000000000
42696  -20.745  -58.599  65.435 0.0000000000
45643  -22.383  -56.603  58.971 0.0000000000
46932  -22.040  -55.501  58.321 0.0000000000
46933  -22.077  -55.982  59.028 0.0000000000
42775  -23.133  -58.936  61.987 0.0000000000
42760  -22.954  -59.318  62.723 0.0000000000
42761  -23.340  -59.607  62.861 0.0000000000
42844  -26.361  -58.279  57.744 0.0000000000
42824  -25.536  -58.645  58.524 0.0000000000
38870  -28.060  -60.339  60.621 0.0000000000
38869  -27.791  -60.169  60.490 0.0000000000
40137  -26.501  -60.171  60.840 0.0000000000
40136  -25.726  -60.088  61.085 0.0000000000
40154  -25.207  -59.658  60.782 0.0000000000
40153  -24.593  -59.542  61.349 0.0000000000
40122  -24.677  -60.178  62.064 0.0000000000
38800  -25.141  -60.792  64.021 0.0000000000
40107  -24.537  -60.418  63.763 0.0000000000
41348  -24.355  -60.141  64.243 0.0000000000
41347  -24.142  -60.058  64.022 0.0000000000
40074  -24.653  -60.281  64.867 0.0000000000
41313  -24.520  -59.805  64.997 0.0000000000
40075  -25.098  -60.758  65.184 0.0000000000
37440  -26.120  -62.204  65.563 0.0000000000
34603  -27.629  -64.354  65.676 0.0000000000
38802  -33.273  -61.398  63.879 0.0000000000
34673  -9.248  -63.678  62.143 0.0000000000
40171  -12.637  -60.818  60.521 0.0000000000
38883  -12.359  -61.261  59.322 0.0000000000
37525  -10.520  -63.060  60.135 0.0000000000
37482  -10.743  -62.071  63.213 0.0000000000
36093  -10.363  -62.642  63.585 0.0000000000
36070  -10.183  -62.625  64.292 0.0000000000
37465  -10.125  -62.421  64.651 0.0000000000
37448  -10.079  -62.226  65.157 0.0000000000
40050  -12.714  -59.873  66.016 0.0000000000
54719  -42.373  -47.779  66.453 0.0000000000
58580  -37.558  -44.697  52.841 0.0000000000
58563  -38.245  -44.543  53.576 0.0000000000
59694  -40.226  -44.230  54.679 0.0000000000
59674  -40.688  -44.572  55.446 0.0000000000
58488  -41.102  -45.103  55.997 0.0000000000
59675  -41.477  -44.217  56.105 0.0000000000
60850  -41.816  -42.793  53.656 0.0000000000
60837  -42.800  -43.206  54.734 0.0000000000
59677  -43.399  -43.654  56.244 0.0000000000
59650  -43.001  -44.721  56.729 0.0000000000
58462  -43.362  -44.826  57.471 0.0000000000
58463  -44.047  -44.494  57.844 0.0000000000
58436  -45.106  -44.516  58.811 0.0000000000
58409  -46.442  -44.638  59.627 0.0000000000
65929  -44.635  -39.154  53.139 0.0000000000
64695  -44.630  -39.684  53.471 0.0000000000
64680  -45.486  -39.894  54.090 0.0000000000
63381  -46.809  -40.770  54.757 0.0000000000
62069  -46.458  -41.183  54.794 0.0000000000
62045  -46.314  -41.806  55.109 0.0000000000
76175  -48.426  -30.714  52.233 0.0000000000
77260  -48.156  -30.318  51.421 0.0000000000
77276  -49.100  -30.326  51.062 0.0000000000
77261  -48.740  -30.299  51.299 0.0000000000
77262  -49.380  -30.366  51.539 0.0000000000
76176  -49.953  -30.116  51.963 0.0000000000
76192  -49.769  -30.418  51.509 0.0000000000
75078  -48.261  -31.210  48.990 0.0000000000
75101  -48.672  -31.360  48.575 0.0000000000
75081  -50.965  -31.143  49.763 0.0000000000
73939  -50.515  -31.119  50.268 0.0000000000
75063  -50.778  -30.502  50.704 0.0000000000
76211  -50.858  -30.169  51.486 0.0000000000
76212  -51.391  -29.872  51.265 0.0000000000
76213  -52.062  -29.516  51.154 0.0000000000
76214  -52.878  -29.536  51.025 0.0000000000
77278  -53.693  -29.011  50.881 0.0000000000
77265  -54.209  -28.340  51.564 0.0000000000
76281  -51.278  -29.640  46.801 0.0000000000
76267  -53.283  -29.500  47.892 0.0000000000
77291  -54.355  -28.164  49.716 0.0000000000
78300  -54.803  -27.602  50.531 0.0000000000
78345  -54.508  -26.599  46.790 0.0000000000
78334  -55.009  -26.965  47.777 0.0000000000
79324  -55.124  -26.201  47.462 0.0000000000
45671  -33.236  -55.495  57.839 0.0000000000
45672  -34.242  -55.729  57.882 0.0000000000
58485  -37.713  -45.621  55.970 0.0000000000
57271  -38.359  -46.158  56.503 0.0000000000
58514  -39.074  -44.674  55.191 0.0000000000
71664  -48.243  -33.615  51.331 0.0000000000
71665  -49.254  -33.538  51.708 0.0000000000
71649  -49.949  -33.576  52.547 0.0000000000
71626  -51.261  -32.543  54.846 0.0000000000
72754  -51.409  -31.991  54.762 0.0000000000
73871  -51.566  -31.181  54.825 0.0000000000
73870  -50.932  -31.168  54.028 0.0000000000
33258  -8.370  -64.603  62.381 0.0000000000
33214  -8.555  -65.327  65.229 0.0000000000
54835  -36.261  -47.691  59.329 0.0000000000
54824  -36.354  -47.732  60.157 0.0000000000
56030  -33.967  -45.743  58.768 0.0000000000
57219  -33.588  -45.274  58.005 0.0000000000
44136  -22.315  -58.511  65.089 0.0000000000
42680  -23.175  -58.603  65.976 0.0000000000
42664  -23.395  -59.181  66.310 0.0000000000
42681  -23.639  -59.314  65.831 0.0000000000
41274  -24.099  -59.598  66.081 0.0000000000
41275  -24.546  -59.964  65.981 0.0000000000
37519  -30.583  -61.239  61.618 0.0000000000
37518  -30.093  -61.551  61.736 0.0000000000
36105  -29.813  -62.947  63.021 0.0000000000
36082  -30.513  -63.338  63.951 0.0000000000
41342  -14.244  -59.753  63.451 0.0000000000
41324  -13.388  -59.847  64.636 0.0000000000
41286  -14.203  -59.919  65.551 0.0000000000
63460  -42.140  -40.801  52.025 0.0000000000
63461  -42.682  -40.394  52.351 0.0000000000
64710  -42.943  -40.173  52.521 0.0000000000
63434  -43.404  -40.298  53.335 0.0000000000
45572  -38.401  -55.343  63.332 0.0000000000
45595  -38.489  -54.942  62.935 0.0000000000
51489  -37.573  -50.002  58.972 0.0000000000
42795  -19.450  -57.539  59.495 0.0000000000
41408  -19.139  -58.041  59.800 0.0000000000
42743  -20.830  -57.956  61.974 0.0000000000
42803  -31.947  -58.194  59.224 0.0000000000
42777  -31.559  -58.726  59.683 0.0000000000
41417  -32.593  -59.631  60.723 0.0000000000
40160  -32.673  -59.782  60.918 0.0000000000
41366  -33.209  -59.985  61.723 0.0000000000
41420  -36.574  -57.932  60.963 0.0000000000
41394  -36.464  -58.136  61.474 0.0000000000
42762  -36.772  -57.668  62.247 0.0000000000
41430  -15.128  -58.899  59.367 0.0000000000
55972  -40.021  -47.460  63.718 0.0000000000
55988  -40.034  -47.431  62.707 0.0000000000
54791  -40.529  -47.473  62.184 0.0000000000
56055  -41.112  -46.507  58.412 0.0000000000
56036  -41.535  -46.613  59.366 0.0000000000
57178  -42.907  -46.331  60.423 0.0000000000
58406  -44.024  -45.179  58.981 0.0000000000
67165  -45.737  -37.506  51.247 0.0000000000
69446  -49.233  -35.723  54.478 0.0000000000
68318  -48.828  -36.384  54.694 0.0000000000
77263  -52.764  -28.891  52.374 0.0000000000
64753  -38.925  -39.742  49.729 0.0000000000
69514  -41.782  -35.251  49.152 0.0000000000
69515  -42.763  -35.143  49.179 0.0000000000
71674  -45.324  -33.125  49.741 0.0000000000
72829  -44.606  -32.410  49.720 0.0000000000
72830  -45.098  -32.384  49.888 0.0000000000
73937  -45.132  -31.926  49.851 0.0000000000
75059  -45.791  -31.392  50.029 0.0000000000
76222  -44.719  -31.347  48.683 0.0000000000
30338  -3.992  -66.773  65.466 0.0000000000
35956  -6.941  -63.225  68.805 0.0000000000
35955  -6.312  -63.814  68.645 0.0000000000
34533  -5.599  -63.782  68.646 0.0000000000
33127  -4.778  -64.475  69.376 0.0000000000
33136  -3.967  -64.997  68.914 0.0000000000
33158  -3.651  -65.656  68.459 0.0000000000
31722  -3.280  -65.933  67.938 0.0000000000
31721  -2.868  -65.985  68.356 0.0000000000
30280  -2.531  -66.875  68.427 0.0000000000
28793  -2.216  -67.231  69.315 0.0000000000
50325  -39.150  -51.248  64.448 0.0000000000
53676  -36.718  -47.971  62.889 0.0000000000
53667  -36.935  -47.951  63.647 0.0000000000
54762  -37.170  -48.058  64.212 0.0000000000
54740  -37.358  -47.840  64.599 0.0000000000
54739  -37.213  -47.077  64.772 0.0000000000
57077  -36.958  -46.406  65.244 0.0000000000
57089  -37.289  -46.046  64.951 0.0000000000
57104  -37.534  -45.968  64.401 0.0000000000
57124  -37.105  -45.865  63.859 0.0000000000
55986  -37.160  -46.486  63.141 0.0000000000
58362  -36.710  -45.893  62.012 0.0000000000
59602  -34.744  -44.333  59.022 0.0000000000
59588  -35.136  -44.590  59.628 0.0000000000
59625  -35.035  -44.535  58.323 0.0000000000
58429  -35.587  -44.956  58.384 0.0000000000
58457  -36.167  -45.468  57.514 0.0000000000
41271  -21.572  -59.058  65.853 0.0000000000
45665  -23.051  -56.214  58.018 0.0000000000
41409  -23.616  -58.733  61.371 0.0000000000
42845  -27.453  -57.992  57.937 0.0000000000
42826  -27.731  -58.339  58.439 0.0000000000
41437  -27.114  -59.098  58.826 0.0000000000
38834  -27.900  -61.232  61.982 0.0000000000
38832  -25.218  -60.546  62.150 0.0000000000
38816  -25.271  -60.759  63.154 0.0000000000
38785  -25.558  -61.276  64.967 0.0000000000
37456  -25.948  -61.725  65.157 0.0000000000
36036  -26.350  -62.637  65.820 0.0000000000
40132  -12.316  -61.181  62.099 0.0000000000
38827  -11.065  -61.546  61.783 0.0000000000
38809  -11.051  -61.498  62.777 0.0000000000
38794  -11.058  -61.528  63.737 0.0000000000
37449  -10.727  -61.730  65.494 0.0000000000
40004  -13.128  -59.806  67.817 0.0000000000
40003  -12.432  -60.285  67.642 0.0000000000
59732  -38.596  -44.122  53.161 0.0000000000
59712  -40.505  -43.704  53.796 0.0000000000
60852  -43.355  -42.576  54.328 0.0000000000
60838  -43.530  -42.944  55.271 0.0000000000
59652  -44.547  -43.973  57.296 0.0000000000
59653  -45.358  -43.990  57.393 0.0000000000
59628  -46.647  -44.250  58.039 0.0000000000
64681  -46.362  -39.563  54.570 0.0000000000
63353  -46.792  -40.191  54.636 0.0000000000
62047  -48.044  -41.339  55.509 0.0000000000
76208  -47.938  -30.942  50.191 0.0000000000
76209  -48.569  -30.600  50.435 0.0000000000
75082  -51.586  -30.258  49.977 0.0000000000
76228  -51.695  -29.772  50.632 0.0000000000
75083  -51.965  -29.905  49.631 0.0000000000
77337  -51.787  -28.445  45.207 0.0000000000
80376  -55.417  -25.774  47.172 0.0000000000
48167  -36.739  -53.616  59.014 0.0000000000
41432  -16.978  -58.485  59.291 0.0000000000
42820  -19.196  -57.184  58.741 0.0000000000
44281  -19.963  -56.479  58.910 0.0000000000
45642  -20.405  -55.810  58.764 0.0000000000
45669  -30.956  -55.978  57.918 0.0000000000
42805  -33.749  -58.179  59.760 0.0000000000
42806  -34.681  -58.118  59.950 0.0000000000
42807  -35.637  -57.890  60.247 0.0000000000
44292  -35.466  -56.910  59.106 0.0000000000
42808  -36.441  -57.544  60.570 0.0000000000
44267  -37.044  -56.720  60.702 0.0000000000
57196  -38.062  -46.552  59.667 0.0000000000
56016  -38.898  -46.778  59.969 0.0000000000
56033  -38.777  -46.615  59.063 0.0000000000
56053  -39.234  -46.786  58.409 0.0000000000
56080  -39.475  -46.599  57.728 0.0000000000
57249  -39.020  -46.484  57.135 0.0000000000
56054  -40.154  -46.630  58.211 0.0000000000
58431  -41.522  -45.799  57.115 0.0000000000
69484  -46.881  -35.722  50.846 0.0000000000
68376  -47.687  -36.374  51.252 0.0000000000
68377  -48.154  -36.457  51.626 0.0000000000
69455  -48.965  -35.911  53.672 0.0000000000
69471  -49.433  -34.925  52.689 0.0000000000
70464  -49.724  -35.494  56.570 0.0000000000
76147  -51.638  -29.563  54.562 0.0000000000
33257  -7.670  -65.097  61.999 0.0000000000
31843  -6.204  -65.387  61.847 0.0000000000
31794  -6.540  -65.946  64.326 0.0000000000
51460  -38.332  -50.157  61.491 0.0000000000
53677  -37.196  -48.302  62.504 0.0000000000
53686  -36.675  -48.053  61.831 0.0000000000
54790  -36.166  -47.540  62.537 0.0000000000
55984  -36.045  -46.368  62.291 0.0000000000
57173  -34.365  -45.017  59.427 0.0000000000
58385  -34.437  -44.788  59.313 0.0000000000
59601  -34.347  -44.587  58.638 0.0000000000
59673  -33.660  -44.248  56.617 0.0000000000
44157  -20.349  -58.432  64.900 0.0000000000
44134  -20.953  -58.364  64.920 0.0000000000
44108  -21.372  -58.442  65.156 0.0000000000
44109  -22.053  -58.542  65.265 0.0000000000
42677  -21.665  -58.777  65.588 0.0000000000
41272  -22.251  -59.053  66.077 0.0000000000
40012  -23.705  -59.947  67.431 0.0000000000
44305  -23.640  -57.001  57.577 0.0000000000
40158  -29.586  -59.488  59.839 0.0000000000
40175  -28.575  -59.196  59.333 0.0000000000
40138  -28.864  -60.235  60.439 0.0000000000
38836  -29.634  -61.521  61.692 0.0000000000
36079  -27.213  -62.591  64.409 0.0000000000
34627  -28.236  -64.394  64.880 0.0000000000
34604  -28.511  -64.700  65.556 0.0000000000
40172  -13.274  -60.245  59.879 0.0000000000
40133  -12.861  -60.567  61.909 0.0000000000
40085  -12.080  -60.638  64.403 0.0000000000
40086  -12.459  -60.231  64.508 0.0000000000
60893  -40.211  -42.016  51.634 0.0000000000
59757  -40.335  -42.767  52.364 0.0000000000
60878  -40.635  -42.193  52.128 0.0000000000
60862  -41.636  -42.379  52.946 0.0000000000
60863  -42.232  -42.311  53.290 0.0000000000
62105  -42.199  -41.309  53.006 0.0000000000
62086  -42.704  -41.684  53.348 0.0000000000
62064  -43.158  -42.054  53.819 0.0000000000
60853  -43.940  -42.399  54.621 0.0000000000
60840  -45.227  -42.493  55.508 0.0000000000
75098  -46.481  -30.744  47.752 0.0000000000
75118  -47.787  -31.526  47.176 0.0000000000
77338  -53.048  -28.173  45.458 0.0000000000
78344  -54.242  -27.372  46.283 0.0000000000
78366  -53.272  -26.723  44.723 0.0000000000
78355  -54.464  -26.042  46.200 0.0000000000
34621  -9.527  -63.556  65.593 0.0000000000
34568  -9.158  -63.724  67.362 0.0000000000
35957  -7.753  -62.734  68.925 0.0000000000
46816  -38.453  -54.628  65.536 0.0000000000
48073  -38.718  -54.013  64.435 0.0000000000
48093  -38.882  -52.836  63.862 0.0000000000
49261  -38.853  -52.088  62.726 0.0000000000
50363  -38.603  -51.225  61.873 0.0000000000
51461  -38.510  -50.743  61.672 0.0000000000
52609  -37.329  -49.052  59.325 0.0000000000
53710  -36.822  -48.320  59.767 0.0000000000
41329  -17.982  -58.667  63.354 0.0000000000
42772  -19.205  -58.495  60.529 0.0000000000
44181  -21.297  -57.890  63.845 0.0000000000
44202  -21.218  -57.876  63.005 0.0000000000
44182  -21.918  -58.356  63.921 0.0000000000
44183  -22.619  -58.664  64.007 0.0000000000
44184  -23.110  -59.019  64.230 0.0000000000
45695  -28.581  -56.009  57.084 0.0000000000
44328  -28.537  -56.815  57.287 0.0000000000
44309  -28.206  -57.427  57.582 0.0000000000
42827  -28.687  -58.057  58.541 0.0000000000
42800  -29.336  -58.363  58.716 0.0000000000
41414  -29.365  -59.034  59.226 0.0000000000
38855  -30.923  -60.674  61.250 0.0000000000
38837  -31.292  -61.158  61.881 0.0000000000
37509  -31.776  -61.669  62.618 0.0000000000
37493  -32.009  -62.015  63.377 0.0000000000
37494  -32.593  -61.579  63.266 0.0000000000
38819  -33.537  -60.943  63.673 0.0000000000
40123  -33.450  -60.491  62.414 0.0000000000
40109  -33.798  -60.575  63.447 0.0000000000
38803  -33.631  -60.837  64.280 0.0000000000
40093  -34.457  -59.746  64.595 0.0000000000
41369  -35.557  -58.959  62.236 0.0000000000
42746  -35.373  -58.862  63.582 0.0000000000
42730  -35.233  -58.742  63.948 0.0000000000
41316  -35.524  -58.770  65.306 0.0000000000
41428  -13.159  -58.988  59.950 0.0000000000
41402  -13.886  -58.961  60.639 0.0000000000
41403  -14.805  -58.929  60.439 0.0000000000
54742  -40.515  -47.836  65.495 0.0000000000
54778  -40.466  -47.507  64.073 0.0000000000
54766  -42.725  -47.171  64.580 0.0000000000
54802  -40.880  -47.341  61.874 0.0000000000
56019  -41.542  -46.665  60.436 0.0000000000
56002  -41.073  -46.968  61.216 0.0000000000
54793  -41.910  -46.875  62.447 0.0000000000
55975  -43.480  -47.018  63.424 0.0000000000
56021  -44.340  -46.314  61.356 0.0000000000
65937  -43.844  -39.473  52.200 0.0000000000
65938  -44.469  -39.079  52.481 0.0000000000
65930  -45.365  -38.863  53.449 0.0000000000
67131  -45.844  -38.347  52.974 0.0000000000
65909  -47.034  -39.130  54.996 0.0000000000
68331  -47.782  -37.214  53.350 0.0000000000
64682  -48.472  -38.690  55.063 0.0000000000
28836  -1.429  -68.454  65.410 0.0000000000
58578  -36.109  -45.812  51.878 0.0000000000
59752  -36.215  -45.153  51.470 0.0000000000
59753  -36.683  -44.888  51.773 0.0000000000
59776  -38.473  -42.804  51.475 0.0000000000
60912  -38.414  -41.965  50.521 0.0000000000
60892  -39.631  -42.141  51.423 0.0000000000
62120  -40.000  -41.513  51.271 0.0000000000
63458  -40.444  -41.128  51.272 0.0000000000
63486  -40.681  -40.307  51.087 0.0000000000
64734  -40.978  -40.114  51.239 0.0000000000
65954  -41.774  -39.504  50.830 0.0000000000
67181  -41.041  -37.933  49.761 0.0000000000
65971  -42.906  -38.834  50.346 0.0000000000
67184  -44.603  -37.543  50.551 0.0000000000
68394  -45.686  -36.453  50.334 0.0000000000
68395  -46.211  -36.164  50.449 0.0000000000
70562  -42.090  -34.512  48.773 0.0000000000
70563  -43.125  -34.353  48.961 0.0000000000
69517  -44.197  -34.737  49.657 0.0000000000
69501  -46.549  -35.444  50.520 0.0000000000
69502  -47.031  -34.827  50.655 0.0000000000
71675  -46.200  -33.439  49.827 0.0000000000
71676  -47.068  -33.599  50.605 0.0000000000
71663  -47.643  -33.623  51.043 0.0000000000
72801  -47.574  -32.881  51.228 0.0000000000
72785  -48.050  -32.135  51.724 0.0000000000
73899  -48.352  -31.567  52.140 0.0000000000
73898  -47.821  -31.609  51.795 0.0000000000
75046  -47.569  -31.261  51.122 0.0000000000
76189  -47.431  -31.273  50.394 0.0000000000
76207  -46.842  -31.325  49.970 0.0000000000
75097  -45.592  -30.595  47.475 0.0000000000
75115  -45.317  -30.283  47.035 0.0000000000
34620  -8.989  -64.537  65.320 0.0000000000
34619  -8.285  -64.950  65.620 0.0000000000
33191  -7.163  -65.134  66.269 0.0000000000
33212  -6.745  -65.536  65.892 0.0000000000
33211  -6.125  -65.485  66.188 0.0000000000
31760  -5.696  -65.807  66.267 0.0000000000
35930  -5.954  -63.726  69.287 0.0000000000
34525  -5.449  -63.668  69.127 0.0000000000
34541  -4.702  -64.413  68.534 0.0000000000
33161  -5.327  -64.629  68.090 0.0000000000
33188  -5.347  -65.793  67.397 0.0000000000
31759  -4.884  -66.438  66.500 0.0000000000
30320  -4.255  -66.800  66.085 0.0000000000
31757  -3.355  -67.151  67.523 0.0000000000
30334  -1.904  -68.321  65.986 0.0000000000
27442  -1.041  -68.537  67.633 0.0000000000
28812  -1.493  -68.024  67.786 0.0000000000
27443  -1.194  -68.373  67.876 0.0000000000
48025  -38.599  -53.800  67.082 0.0000000000
51441  -38.948  -50.080  63.058 0.0000000000
51425  -38.818  -50.383  65.192 0.0000000000
52535  -38.128  -49.130  64.419 0.0000000000
52526  -38.674  -49.700  64.623 0.0000000000
51404  -38.919  -50.512  67.118 0.0000000000
52494  -38.759  -49.685  67.454 0.0000000000
53600  -39.230  -48.870  67.477 0.0000000000
53623  -38.435  -48.239  66.115 0.0000000000
54693  -38.741  -48.293  66.686 0.0000000000
54695  -40.057  -48.102  66.548 0.0000000000
54741  -39.836  -47.734  65.584 0.0000000000
55923  -39.300  -47.079  65.222 0.0000000000
57105  -38.050  -46.066  64.102 0.0000000000
57139  -35.772  -45.521  61.702 0.0000000000
58361  -36.303  -45.441  61.782 0.0000000000
58372  -36.391  -45.018  61.272 0.0000000000
58387  -35.547  -44.858  59.934 0.0000000000
58389  -37.012  -45.408  60.886 0.0000000000
57175  -37.511  -46.045  60.353 0.0000000000
57221  -37.254  -46.180  58.383 0.0000000000
57269  -36.955  -45.828  57.002 0.0000000000
58458  -36.666  -45.790  57.108 0.0000000000
58484  -36.686  -45.599  56.435 0.0000000000
56074  -33.328  -46.252  57.169 0.0000000000
57218  -33.145  -45.194  57.349 0.0000000000
58454  -32.808  -44.955  56.939 0.0000000000
59644  -32.661  -44.814  56.358 0.0000000000
59645  -33.060  -44.542  56.903 0.0000000000
59672  -33.173  -44.436  56.417 0.0000000000
59692  -33.361  -44.508  56.084 0.0000000000
59709  -32.738  -44.638  54.732 0.0000000000
58508  -33.235  -44.760  55.265 0.0000000000
58534  -34.157  -45.259  54.581 0.0000000000
58575  -32.749  -44.891  52.439 0.0000000000
58559  -34.427  -45.782  53.461 0.0000000000
45622  -20.848  -55.905  59.594 0.0000000000
129580  -21.326  -56.507  60.388 0.0000000000
42797  -22.578  -58.304  62.089 0.0000000000
44225  -22.641  -59.212  63.365 0.0000000000
44204  -22.866  -59.026  63.802 0.0000000000
42727  -23.307  -59.446  63.947 0.0000000000
42861  -25.140  -57.820  56.871 0.0000000000
40174  -27.985  -59.455  59.584 0.0000000000
41412  -26.574  -59.468  59.599 0.0000000000
41411  -25.555  -59.334  59.951 0.0000000000
41386  -23.847  -59.360  61.994 0.0000000000
38831  -24.644  -60.326  62.390 0.0000000000
40121  -24.224  -60.133  62.491 0.0000000000
41365  -23.682  -60.110  63.095 0.0000000000
42728  -23.980  -59.604  64.439 0.0000000000
42729  -24.252  -59.560  64.759 0.0000000000
42715  -24.344  -59.531  64.908 0.0000000000
41295  -24.549  -59.963  65.396 0.0000000000
41276  -24.887  -60.351  65.948 0.0000000000
40037  -25.345  -60.639  66.051 0.0000000000
40015  -25.450  -61.042  66.508 0.0000000000
36057  -26.782  -62.840  64.931 0.0000000000
36037  -26.616  -63.040  65.507 0.0000000000
36013  -26.583  -63.446  66.135 0.0000000000
34687  -8.472  -64.381  60.638 0.0000000000
34649  -9.565  -63.648  63.574 0.0000000000
38868  -11.925  -61.283  60.618 0.0000000000
37516  -10.275  -63.068  60.889 0.0000000000
36138  -10.440  -62.582  61.905 0.0000000000
36114  -9.990  -63.202  63.018 0.0000000000
36069  -9.758  -62.818  64.838 0.0000000000
58562  -37.617  -44.911  53.437 0.0000000000
58538  -38.285  -44.661  54.328 0.0000000000
59693  -39.549  -44.432  54.706 0.0000000000
58432  -42.097  -45.543  57.232 0.0000000000
60849  -41.170  -43.114  53.263 0.0000000000
59713  -41.303  -43.275  54.038 0.0000000000
59696  -42.109  -43.581  55.374 0.0000000000
59649  -42.187  -44.819  56.632 0.0000000000
58433  -42.858  -45.407  57.584 0.0000000000
58434  -43.567  -45.112  58.390 0.0000000000
58407  -44.538  -45.113  59.452 0.0000000000
64694  -43.880  -40.183  53.438 0.0000000000
63408  -44.288  -40.415  53.729 0.0000000000
63379  -45.320  -40.729  54.356 0.0000000000
62067  -45.104  -41.462  54.644 0.0000000000
62044  -45.586  -41.949  55.056 0.0000000000
60841  -46.003  -42.488  55.540 0.0000000000
60825  -46.392  -42.981  56.200 0.0000000000
59681  -46.611  -43.431  56.906 0.0000000000
75036  -49.056  -31.077  52.705 0.0000000000
76159  -48.921  -30.650  52.474 0.0000000000
76160  -49.572  -30.297  52.978 0.0000000000
77238  -49.250  -30.354  52.378 0.0000000000
77239  -49.619  -29.944  52.668 0.0000000000
76178  -51.012  -29.511  52.820 0.0000000000
76246  -47.650  -31.373  48.652 0.0000000000
76227  -48.546  -31.007  49.705 0.0000000000
75061  -49.217  -30.923  50.145 0.0000000000
75062  -49.985  -30.966  50.617 0.0000000000
75047  -50.155  -30.562  51.210 0.0000000000
76193  -50.373  -30.155  51.778 0.0000000000
76194  -50.951  -29.766  52.023 0.0000000000
76179  -51.839  -29.628  53.198 0.0000000000
77254  -54.191  -28.275  52.367 0.0000000000
76265  -50.716  -30.063  47.423 0.0000000000
77290  -53.750  -28.897  49.863 0.0000000000
79325  -55.789  -26.046  47.760 0.0000000000
28784  -2.378  -67.437  69.849 0.0000000000
28835  -0.959  -68.753  65.564 0.0000000000
30316  -2.113  -68.128  66.362 0.0000000000
30319  -3.850  -66.987  66.258 0.0000000000
31709  -3.397  -65.816  69.165 0.0000000000
31776  -7.594  -65.877  65.010 0.0000000000
33137  -3.873  -64.754  69.046 0.0000000000
33147  -3.797  -65.485  68.929 0.0000000000
33148  -4.140  -64.890  68.780 0.0000000000
33157  -3.269  -65.652  68.756 0.0000000000
33170  -3.685  -66.001  68.026 0.0000000000
33190  -6.556  -65.226  66.523 0.0000000000
33196  -27.647  -64.304  65.436 0.0000000000
33197  -27.815  -64.476  65.474 0.0000000000
33213  -7.712  -65.455  65.604 0.0000000000
33219  -27.720  -64.359  65.309 0.0000000000
34510  -3.893  -64.227  69.530 0.0000000000
34511  -4.039  -64.252  69.038 0.0000000000
34522  -3.972  -64.453  69.188 0.0000000000
34532  -4.874  -63.808  68.741 0.0000000000
34542  -5.154  -64.061  68.244 0.0000000000
34544  -6.646  -64.291  67.959 0.0000000000
34597  -9.651  -63.375  66.557 0.0000000000
34626  -27.597  -64.159  65.246 0.0000000000
36012  -26.455  -62.891  66.023 0.0000000000
36126  -28.421  -62.553  62.838 0.0000000000
36129  -31.645  -62.124  62.999 0.0000000000
37425  -26.338  -62.924  66.351 0.0000000000
37441  -26.486  -62.570  65.235 0.0000000000
40036  -24.938  -60.414  66.177 0.0000000000
40068  -12.332  -60.533  65.048 0.0000000000
40091  -24.593  -60.357  64.403 0.0000000000
40108  -33.555  -60.691  62.961 0.0000000000
40135  -25.025  -60.034  61.527 0.0000000000
41296  -24.808  -60.337  65.691 0.0000000000
41314  -24.706  -60.301  65.288 0.0000000000
41330  -24.189  -59.802  64.404 0.0000000000
41384  -19.061  -58.383  60.186 0.0000000000
41385  -23.505  -59.005  61.753 0.0000000000
41418  -32.799  -59.592  60.858 0.0000000000
42661  -22.542  -58.794  66.197 0.0000000000
42679  -22.753  -58.558  66.037 0.0000000000
42682  -24.103  -59.507  65.614 0.0000000000
42744  -23.243  -59.350  63.856 0.0000000000
42782  -35.734  -58.404  60.685 0.0000000000
44138  -23.480  -58.934  65.070 0.0000000000
44203  -22.799  -58.889  63.832 0.0000000000
44205  -23.134  -59.299  63.632 0.0000000000
44226  -23.118  -59.414  63.285 0.0000000000
45573  -38.490  -54.998  63.171 0.0000000000
46817  -38.715  -54.186  65.350 0.0000000000
46836  -39.133  -54.005  65.009 0.0000000000
46875  -38.495  -54.753  63.082 0.0000000000
48105  -38.884  -52.529  63.313 0.0000000000
50380  -38.200  -51.440  60.214 0.0000000000
50397  -38.173  -51.554  60.068 0.0000000000
51424  -38.610  -49.955  65.969 0.0000000000
51440  -38.684  -49.436  62.996 0.0000000000
53598  -38.472  -49.149  66.495 0.0000000000
53656  -37.028  -47.991  64.018 0.0000000000
54713  -37.444  -47.091  65.095 0.0000000000
54738  -36.878  -47.029  64.744 0.0000000000
54760  -36.881  -46.973  64.466 0.0000000000
54803  -41.465  -47.005  61.901 0.0000000000
55899  -37.312  -46.752  64.987 0.0000000000
55901  -38.119  -47.169  65.176 0.0000000000
55920  -36.901  -46.597  64.929 0.0000000000
55945  -36.769  -46.531  64.389 0.0000000000
55946  -36.782  -46.249  64.796 0.0000000000
55947  -38.030  -46.474  64.436 0.0000000000
55970  -37.283  -46.227  63.420 0.0000000000
55973  -40.498  -47.447  63.760 0.0000000000
55990  -42.296  -46.286  61.959 0.0000000000
56004  -43.305  -46.450  61.591 0.0000000000
56006  -44.484  -46.128  61.820 0.0000000000
56020  -44.204  -46.419  61.112 0.0000000000
56051  -36.986  -46.325  58.057 0.0000000000
56052  -38.675  -46.597  58.442 0.0000000000
56076  -36.686  -46.121  58.235 0.0000000000
56077  -36.745  -46.257  58.042 0.0000000000
57078  -37.153  -46.428  65.117 0.0000000000
57088  -36.879  -46.119  65.138 0.0000000000
57102  -36.661  -46.108  64.031 0.0000000000
57123  -36.777  -46.046  63.860 0.0000000000
57140  -36.469  -46.021  62.194 0.0000000000
57144  -42.709  -46.343  61.768 0.0000000000
57159  -42.432  -46.351  61.194 0.0000000000
57161  -43.434  -46.485  61.306 0.0000000000
57220  -36.727  -45.942  58.436 0.0000000000
58359  -35.479  -44.943  61.109 0.0000000000
58360  -35.815  -45.003  61.473 0.0000000000
58402  -34.498  -44.640  59.141 0.0000000000
58465  -45.522  -44.305  58.092 0.0000000000
58532  -32.691  -44.691  54.139 0.0000000000
59587  -35.003  -44.401  59.479 0.0000000000
59626  -42.561  -45.242  56.943 0.0000000000
59627  -42.836  -45.236  56.997 0.0000000000
59670  -32.226  -44.912  55.554 0.0000000000
59710  -38.750  -44.443  53.886 0.0000000000
59731  -37.905  -44.478  53.076 0.0000000000
60879  -41.224  -42.123  52.469 0.0000000000
60891  -38.896  -42.195  51.096 0.0000000000
62087  -43.206  -41.487  53.753 0.0000000000
62104  -41.814  -41.616  52.467 0.0000000000
62119  -39.425  -41.713  51.092 0.0000000000
63432  -42.163  -41.056  52.674 0.0000000000
64696  -45.310  -39.390  53.757 0.0000000000
67145  -44.925  -38.466  52.103 0.0000000000
67166  -46.601  -37.027  51.410 0.0000000000
67167  -47.221  -36.835  51.432 0.0000000000
68332  -48.513  -36.159  54.093 0.0000000000
68357  -47.276  -37.419  51.933 0.0000000000
68358  -47.782  -37.087  51.791 0.0000000000
69523  -41.390  -35.121  48.691 0.0000000000
70548  -45.223  -34.923  50.124 0.0000000000
70567  -46.041  -34.540  49.853 0.0000000000
70572  -41.409  -34.939  48.501 0.0000000000
71673  -44.979  -33.047  49.738 0.0000000000
71691  -45.441  -33.810  49.539 0.0000000000
72802  -48.530  -32.830  51.603 0.0000000000
72812  -45.040  -32.772  49.797 0.0000000000
73885  -49.731  -31.159  52.906 0.0000000000
73920  -45.729  -31.871  50.229 0.0000000000
73923  -50.187  -31.017  50.500 0.0000000000
73924  -50.387  -30.908  50.486 0.0000000000
73938  -50.233  -31.195  50.349 0.0000000000
75020  -48.867  -30.855  52.611 0.0000000000
75035  -48.565  -31.095  52.450 0.0000000000
75057  -44.847  -31.438  49.005 0.0000000000
75077  -45.279  -31.675  49.618 0.0000000000
76174  -48.045  -30.545  51.739 0.0000000000
76204  -44.936  -31.347  48.794 0.0000000000
76205  -45.116  -31.393  48.956 0.0000000000
77237  -48.952  -30.469  52.252 0.0000000000
77248  -48.258  -30.418  51.702 0.0000000000
77250  -49.445  -30.284  51.934 0.0000000000
77277  -49.393  -30.408  51.269 0.0000000000
