#!ascii label  , from subject 4085 vox2ras=TkReg
1447
93700  -36.298  -13.027  49.060 0.0000000000
91819  -49.615  -14.224  36.926 0.0000000000
97539  -43.046  -8.743  55.821 0.0000000000
92685  -44.957  -13.765  45.711 0.0000000000
86618  -45.296  -18.977  53.780 0.0000000000
97665  -42.684  -8.604  43.382 0.0000000000
101424  -47.163  -4.378  48.566 0.0000000000
104509  -39.920  -0.561  49.931 0.0000000000
88719  -35.692  -17.256  54.691 0.0000000000
90771  -40.106  -15.115  46.614 0.0000000000
92739  -42.450  -13.062  42.731 0.0000000000
96689  -39.236  -9.884  46.586 0.0000000000
100325  -45.920  -5.783  59.771 0.0000000000
97585  -47.420  -7.999  52.814 0.0000000000
99423  -43.848  -6.117  55.890 0.0000000000
101394  -41.657  -4.629  50.602 0.0000000000
104463  -44.489  -0.689  53.960 0.0000000000
95869  -47.475  -10.158  36.133 0.0000000000
95721  -34.023  -10.102  52.257 0.0000000000
94708  -39.346  -11.695  52.241 0.0000000000
93695  -50.242  -12.360  49.336 0.0000000000
89801  -44.701  -15.812  49.736 0.0000000000
88804  -39.057  -17.672  49.253 0.0000000000
85610  -39.063  -20.423  52.607 0.0000000000
94846  -46.508  -10.966  38.417 0.0000000000
98629  -45.157  -7.155  38.406 0.0000000000
97603  -42.457  -8.072  50.408 0.0000000000
99517  -46.240  -6.214  45.177 0.0000000000
102442  -47.320  -3.615  39.998 0.0000000000
102414  -43.229  -3.942  42.715 0.0000000000
101468  -39.586  -3.745  45.431 0.0000000000
91689  -37.793  -14.497  46.482 0.0000000000
93730  -38.695  -12.292  45.464 0.0000000000
94746  -36.985  -11.666  47.197 0.0000000000
102245  -47.421  -3.792  59.466 0.0000000000
99397  -45.951  -6.684  57.922 0.0000000000
102276  -45.438  -4.152  57.436 0.0000000000
102301  -43.403  -3.327  55.562 0.0000000000
93866  -48.658  -12.375  36.704 0.0000000000
95671  -33.405  -10.567  55.324 0.0000000000
95688  -36.382  -10.127  55.494 0.0000000000
87700  -45.000  -17.639  51.831 0.0000000000
88808  -42.411  -16.848  50.174 0.0000000000
87697  -42.597  -18.657  51.377 0.0000000000
86614  -38.053  -19.156  53.285 0.0000000000
88798  -32.026  -17.410  49.724 0.0000000000
92648  -31.910  -13.648  49.670 0.0000000000
91649  -29.793  -14.332  49.895 0.0000000000
93759  -46.762  -12.917  43.826 0.0000000000
94812  -42.434  -11.353  41.737 0.0000000000
93794  -44.237  -12.210  41.074 0.0000000000
95815  -43.871  -10.113  40.295 0.0000000000
96788  -46.429  -9.208  37.958 0.0000000000
98615  -43.762  -7.909  40.788 0.0000000000
96620  -41.621  -10.052  54.064 0.0000000000
96664  -40.970  -9.685  51.725 0.0000000000
95729  -43.119  -10.128  52.610 0.0000000000
100441  -48.234  -5.701  50.568 0.0000000000
99479  -46.902  -6.170  49.274 0.0000000000
100460  -48.792  -5.064  47.174 0.0000000000
100492  -47.832  -5.183  43.873 0.0000000000
101501  -47.721  -4.177  44.236 0.0000000000
102416  -45.573  -3.610  42.147 0.0000000000
101473  -45.949  -4.383  45.529 0.0000000000
103161  -40.008  -2.891  50.926 0.0000000000
101418  -40.464  -4.666  48.241 0.0000000000
102343  -38.450  -3.023  48.710 0.0000000000
102365  -37.425  -3.026  46.416 0.0000000000
104511  -37.834  -0.485  48.417 0.0000000000
91694  -42.285  -14.967  45.965 0.0000000000
90802  -43.949  -14.729  43.981 0.0000000000
91723  -40.991  -14.309  44.649 0.0000000000
93757  -40.486  -11.964  43.923 0.0000000000
96707  -41.306  -9.502  44.762 0.0000000000
98462  -44.294  -7.889  58.207 0.0000000000
96624  -45.242  -8.903  54.502 0.0000000000
97520  -46.835  -8.451  56.735 0.0000000000
99436  -46.825  -6.877  54.432 0.0000000000
99458  -44.832  -6.236  52.094 0.0000000000
101408  -44.224  -4.793  49.565 0.0000000000
100414  -42.543  -5.541  52.473 0.0000000000
102324  -41.423  -3.200  53.302 0.0000000000
104497  -42.056  -0.497  51.934 0.0000000000
96826  -46.214  -8.969  35.645 0.0000000000
94730  -35.371  -11.912  50.512 0.0000000000
94733  -37.621  -11.730  50.772 0.0000000000
95722  -36.985  -9.932  52.110 0.0000000000
97558  -38.505  -8.430  54.564 0.0000000000
97497  -40.084  -9.038  57.573 0.0000000000
100357  -38.484  -6.168  57.517 0.0000000000
98442  -41.636  -7.882  58.344 0.0000000000
92676  -47.928  -13.019  47.768 0.0000000000
91653  -47.014  -14.237  49.858 0.0000000000
90751  -44.178  -14.708  48.424 0.0000000000
90749  -41.966  -15.592  48.109 0.0000000000
89824  -39.832  -16.204  47.978 0.0000000000
86554  -44.816  -19.196  56.251 0.0000000000
88703  -40.364  -17.737  56.022 0.0000000000
86596  -41.227  -19.752  54.900 0.0000000000
86615  -42.521  -20.385  53.075 0.0000000000
86663  -38.610  -19.382  50.554 0.0000000000
91661  -34.821  -14.718  49.383 0.0000000000
92800  -51.152  -12.832  38.606 0.0000000000
92761  -45.735  -13.262  41.749 0.0000000000
93831  -48.129  -12.775  39.573 0.0000000000
94861  -49.513  -11.064  37.471 0.0000000000
97757  -49.913  -8.776  37.040 0.0000000000
97755  -47.888  -7.820  36.204 0.0000000000
99605  -46.937  -5.896  35.688 0.0000000000
95752  -38.641  -10.374  49.743 0.0000000000
97620  -41.075  -8.781  47.915 0.0000000000
97627  -42.717  -8.400  46.246 0.0000000000
98521  -45.147  -7.768  51.550 0.0000000000
99492  -44.330  -6.689  47.744 0.0000000000
98581  -44.199  -7.419  44.578 0.0000000000
98608  -45.307  -6.837  41.920 0.0000000000
100530  -45.979  -5.357  39.086 0.0000000000
100545  -45.033  -4.832  37.028 0.0000000000
100469  -42.971  -4.833  46.733 0.0000000000
101486  -41.492  -3.752  44.508 0.0000000000
101496  -39.930  -4.279  42.975 0.0000000000
101484  -38.576  -4.377  43.906 0.0000000000
102378  -36.539  -2.955  44.964 0.0000000000
92671  -36.231  -13.490  47.830 0.0000000000
93718  -37.266  -12.420  46.678 0.0000000000
93701  -36.480  -12.447  48.893 0.0000000000
102260  -47.286  -4.176  58.472 0.0000000000
102303  -46.140  -2.001  56.428 0.0000000000
92815  -49.157  -13.411  36.756 0.0000000000
87685  -45.162  -18.112  52.361 0.0000000000
87698  -43.492  -18.190  51.493 0.0000000000
86635  -44.169  -19.051  52.648 0.0000000000
88786  -31.659  -18.012  50.057 0.0000000000
90727  -30.412  -15.599  49.824 0.0000000000
93720  -46.188  -12.879  45.799 0.0000000000
92696  -45.848  -13.643  45.010 0.0000000000
96736  -42.480  -9.444  42.557 0.0000000000
95805  -42.651  -10.484  41.387 0.0000000000
96752  -43.145  -9.503  41.656 0.0000000000
96765  -44.179  -9.559  40.117 0.0000000000
97678  -43.552  -8.371  42.209 0.0000000000
96597  -42.137  -9.600  54.775 0.0000000000
95691  -42.467  -10.459  53.818 0.0000000000
96622  -43.499  -9.989  54.833 0.0000000000
101399  -47.581  -4.825  50.056 0.0000000000
101426  -48.885  -4.810  48.972 0.0000000000
101438  -47.690  -4.280  47.600 0.0000000000
101476  -48.446  -4.193  45.760 0.0000000000
102384  -47.403  -3.692  46.353 0.0000000000
101455  -46.010  -4.481  46.627 0.0000000000
103820  -39.952  -1.935  50.883 0.0000000000
103160  -39.421  -2.685  50.371 0.0000000000
103818  -39.093  -1.579  49.864 0.0000000000
103828  -38.165  -1.795  48.882 0.0000000000
104513  -39.264  -0.470  49.008 0.0000000000
90772  -40.918  -15.412  46.272 0.0000000000
91704  -41.644  -15.015  45.288 0.0000000000
91703  -40.734  -14.744  45.447 0.0000000000
94764  -39.084  -11.492  45.403 0.0000000000
93745  -40.256  -12.455  44.389 0.0000000000
95767  -39.726  -10.721  45.281 0.0000000000
95774  -40.718  -10.593  44.377 0.0000000000
96696  -40.287  -9.857  45.677 0.0000000000
98445  -45.046  -7.776  58.655 0.0000000000
97502  -45.576  -8.663  57.355 0.0000000000
98446  -46.002  -7.677  58.504 0.0000000000
100382  -44.946  -5.689  57.207 0.0000000000
99412  -46.325  -7.103  56.293 0.0000000000
98502  -45.304  -6.862  55.130 0.0000000000
99444  -46.185  -6.552  53.640 0.0000000000
99442  -43.973  -6.659  53.969 0.0000000000
100425  -43.709  -5.978  51.756 0.0000000000
100412  -43.050  -6.031  54.303 0.0000000000
103788  -44.132  -1.399  54.665 0.0000000000
102318  -42.076  -3.161  54.080 0.0000000000
103801  -42.634  -1.246  53.533 0.0000000000
103806  -41.540  -1.344  52.497 0.0000000000
104488  -43.176  -0.199  52.934 0.0000000000
96818  -47.314  -9.397  35.859 0.0000000000
95739  -34.407  -10.263  51.449 0.0000000000
94721  -35.924  -11.226  50.998 0.0000000000
96646  -35.350  -9.634  52.562 0.0000000000
95689  -37.132  -10.158  55.848 0.0000000000
97557  -37.297  -8.919  54.826 0.0000000000
130119  -38.027  -9.441  55.842 0.0000000000
97536  -39.264  -8.451  55.315 0.0000000000
97496  -38.554  -8.847  57.212 0.0000000000
101338  -38.715  -4.902  56.445 0.0000000000
99393  -40.020  -7.233  58.288 0.0000000000
100360  -41.047  -6.214  57.641 0.0000000000
99373  -42.758  -6.418  58.314 0.0000000000
100361  -42.009  -5.025  57.718 0.0000000000
93710  -48.806  -12.529  47.559 0.0000000000
93702  -49.248  -12.671  48.462 0.0000000000
90732  -47.628  -14.574  50.595 0.0000000000
89803  -46.276  -15.012  49.977 0.0000000000
90753  -45.733  -14.394  48.755 0.0000000000
90742  -44.967  -15.245  49.017 0.0000000000
90750  -42.771  -14.942  48.198 0.0000000000
90740  -43.001  -15.596  49.073 0.0000000000
88806  -40.853  -17.523  49.742 0.0000000000
89813  -40.700  -16.409  48.706 0.0000000000
89811  -39.115  -17.039  48.536 0.0000000000
88701  -38.537  -17.096  55.465 0.0000000000
86594  -39.162  -19.143  54.692 0.0000000000
85594  -39.772  -20.478  53.496 0.0000000000
85585  -41.499  -20.418  54.251 0.0000000000
85611  -40.167  -20.396  52.542 0.0000000000
86631  -40.722  -20.136  52.065 0.0000000000
86642  -38.792  -19.872  51.295 0.0000000000
92642  -34.145  -13.713  49.860 0.0000000000
91651  -33.668  -14.484  49.677 0.0000000000
91803  -51.594  -13.086  39.088 0.0000000000
92722  -43.746  -13.821  43.050 0.0000000000
92723  -44.628  -13.735  43.143 0.0000000000
92741  -44.216  -13.441  42.398 0.0000000000
93828  -45.501  -11.654  39.445 0.0000000000
93815  -46.302  -12.496  40.192 0.0000000000
94837  -46.675  -11.695  39.045 0.0000000000
94849  -49.235  -11.760  38.193 0.0000000000
94848  -48.555  -11.245  38.023 0.0000000000
95855  -50.081  -10.090  37.798 0.0000000000
95853  -48.758  -9.940  37.581 0.0000000000
97726  -45.843  -8.042  37.772 0.0000000000
97727  -46.577  -8.385  37.439 0.0000000000
97738  -46.409  -7.279  37.332 0.0000000000
98661  -47.704  -6.551  35.940 0.0000000000
99588  -46.688  -6.165  36.552 0.0000000000
94724  -38.428  -11.290  51.459 0.0000000000
94734  -38.380  -11.159  50.498 0.0000000000
94725  -39.365  -11.268  51.346 0.0000000000
97602  -41.252  -8.663  50.795 0.0000000000
97608  -40.793  -8.824  49.899 0.0000000000
97609  -41.547  -8.414  49.607 0.0000000000
97621  -41.807  -8.549  47.588 0.0000000000
97616  -42.362  -8.092  48.099 0.0000000000
97575  -46.841  -8.259  53.687 0.0000000000
97583  -45.750  -8.582  52.767 0.0000000000
98512  -46.599  -7.916  52.430 0.0000000000
99494  -46.616  -6.061  47.126 0.0000000000
99485  -45.586  -6.402  48.494 0.0000000000
99493  -45.641  -6.425  47.376 0.0000000000
98568  -44.131  -7.255  45.753 0.0000000000
99516  -45.044  -6.588  45.408 0.0000000000
98589  -44.841  -7.132  43.407 0.0000000000
99538  -46.219  -6.396  43.389 0.0000000000
101520  -47.693  -4.351  41.460 0.0000000000
100516  -46.711  -5.079  41.062 0.0000000000
101537  -47.347  -4.186  39.422 0.0000000000
100537  -45.539  -5.057  38.176 0.0000000000
101544  -46.080  -4.081  38.055 0.0000000000
100536  -44.955  -5.016  38.213 0.0000000000
102439  -45.532  -3.715  39.280 0.0000000000
102415  -44.468  -3.704  42.516 0.0000000000
101510  -44.152  -3.974  41.034 0.0000000000
101407  -42.892  -5.269  49.806 0.0000000000
101421  -43.850  -4.677  48.590 0.0000000000
101420  -42.662  -4.993  48.509 0.0000000000
101431  -40.189  -4.692  47.170 0.0000000000
101451  -41.051  -4.543  46.243 0.0000000000
101469  -40.655  -3.898  45.167 0.0000000000
102411  -40.468  -3.384  43.319 0.0000000000
102397  -40.121  -3.255  43.981 0.0000000000
101495  -39.233  -4.317  43.512 0.0000000000
102381  -39.042  -3.440  44.947 0.0000000000
103173  -36.873  -1.912  46.984 0.0000000000
102379  -37.194  -3.052  45.348 0.0000000000
103194  -36.387  -2.638  45.450 0.0000000000
103202  -36.201  -2.769  44.726 0.0000000000
91690  -38.613  -14.461  46.235 0.0000000000
92694  -39.024  -13.359  45.557 0.0000000000
92683  -38.109  -13.405  46.210 0.0000000000
93719  -37.989  -12.301  46.274 0.0000000000
95763  -37.906  -10.958  46.768 0.0000000000
99376  -46.412  -6.644  58.825 0.0000000000
100344  -47.315  -5.668  58.884 0.0000000000
101330  -45.987  -4.854  57.886 0.0000000000
101344  -44.478  -4.821  57.100 0.0000000000
101362  -43.155  -4.370  55.799 0.0000000000
103110  -44.688  -2.923  56.309 0.0000000000
103120  -44.970  -2.460  55.667 0.0000000000
94873  -48.162  -11.142  36.423 0.0000000000
94681  -33.961  -10.941  54.493 0.0000000000
96614  -34.728  -9.622  53.746 0.0000000000
95672  -34.409  -10.262  55.288 0.0000000000
88793  -45.130  -16.631  50.916 0.0000000000
88809  -43.181  -16.620  50.057 0.0000000000
88791  -43.499  -17.158  50.693 0.0000000000
87719  -42.549  -17.943  50.738 0.0000000000
88789  -40.548  -17.931  49.971 0.0000000000
87643  -36.898  -17.884  54.171 0.0000000000
85607  -35.744  -20.178  52.357 0.0000000000
89793  -33.186  -16.772  49.426 0.0000000000
91659  -32.422  -14.758  49.617 0.0000000000
90735  -31.925  -15.659  49.459 0.0000000000
91650  -30.839  -14.554  49.806 0.0000000000
93772  -42.201  -12.331  42.491 0.0000000000
92759  -43.862  -12.898  41.842 0.0000000000
94813  -43.213  -11.406  41.129 0.0000000000
94814  -43.995  -11.298  40.618 0.0000000000
94834  -44.685  -10.806  39.509 0.0000000000
95840  -45.892  -10.032  38.487 0.0000000000
96786  -45.011  -9.770  39.024 0.0000000000
97715  -44.342  -8.558  39.598 0.0000000000
98628  -44.575  -7.487  39.435 0.0000000000
96638  -40.073  -10.389  53.410 0.0000000000
94709  -40.172  -11.672  51.834 0.0000000000
95709  -41.293  -10.746  53.184 0.0000000000
95746  -42.057  -9.874  51.940 0.0000000000
96667  -43.333  -9.435  52.033 0.0000000000
99452  -47.709  -6.741  52.096 0.0000000000
99462  -47.569  -6.826  51.293 0.0000000000
99463  -48.337  -6.330  50.694 0.0000000000
100453  -48.080  -5.622  48.410 0.0000000000
100483  -47.780  -5.702  45.689 0.0000000000
99518  -47.346  -6.140  45.046 0.0000000000
99531  -48.177  -5.297  44.707 0.0000000000
100501  -47.701  -4.467  43.941 0.0000000000
101512  -47.414  -3.899  42.405 0.0000000000
102427  -46.494  -3.530  41.531 0.0000000000
101511  -46.374  -3.726  42.289 0.0000000000
101499  -45.720  -3.982  43.061 0.0000000000
101488  -44.168  -4.136  44.018 0.0000000000
102333  -40.387  -3.563  51.383 0.0000000000
101405  -40.666  -4.506  49.274 0.0000000000
101392  -39.871  -4.401  49.941 0.0000000000
101417  -39.401  -4.284  48.071 0.0000000000
101416  -38.784  -3.986  47.706 0.0000000000
101448  -38.310  -3.706  46.505 0.0000000000
102347  -38.106  -3.390  48.015 0.0000000000
103831  -37.134  -1.647  47.805 0.0000000000
104515  -36.709  -0.378  47.316 0.0000000000
91696  -44.094  -14.259  46.118 0.0000000000
91707  -44.528  -14.235  45.158 0.0000000000
91706  -43.547  -14.526  45.186 0.0000000000
91725  -43.107  -14.921  44.194 0.0000000000
92720  -41.870  -13.422  43.313 0.0000000000
92707  -39.808  -13.376  44.811 0.0000000000
93746  -40.789  -12.957  44.222 0.0000000000
93771  -41.661  -12.414  43.021 0.0000000000
94786  -41.354  -11.448  43.184 0.0000000000
95784  -41.648  -10.489  43.599 0.0000000000
96722  -42.093  -9.508  43.818 0.0000000000
97517  -43.479  -8.310  56.872 0.0000000000
96600  -44.247  -8.992  55.341 0.0000000000
97519  -45.500  -8.767  56.394 0.0000000000
96601  -46.715  -9.262  55.958 0.0000000000
97565  -47.509  -8.693  55.079 0.0000000000
98477  -46.613  -7.632  57.041 0.0000000000
98491  -47.107  -7.932  55.867 0.0000000000
99437  -47.242  -7.449  54.075 0.0000000000
99451  -47.430  -6.494  52.484 0.0000000000
100428  -47.110  -5.428  51.341 0.0000000000
100446  -46.126  -4.947  49.955 0.0000000000
101422  -45.079  -4.582  48.596 0.0000000000
100437  -44.340  -5.337  50.530 0.0000000000
100436  -43.273  -5.326  50.818 0.0000000000
101395  -42.271  -5.071  51.062 0.0000000000
100403  -42.045  -4.713  54.181 0.0000000000
101374  -41.721  -4.202  53.385 0.0000000000
101384  -41.411  -4.359  51.630 0.0000000000
102328  -40.550  -2.888  51.845 0.0000000000
103810  -40.722  -1.402  51.470 0.0000000000
105203  -41.094  -0.134  50.663 0.0000000000
93683  -35.821  -12.494  50.195 0.0000000000
93693  -36.914  -12.223  50.151 0.0000000000
94732  -36.739  -12.040  51.003 0.0000000000
95742  -37.094  -11.088  51.553 0.0000000000
95724  -38.272  -10.752  52.412 0.0000000000
97569  -35.960  -8.703  53.682 0.0000000000
97571  -37.765  -8.563  53.673 0.0000000000
96637  -39.281  -10.007  53.157 0.0000000000
97559  -39.800  -8.797  54.151 0.0000000000
97537  -40.497  -8.398  55.325 0.0000000000
98475  -41.555  -8.291  57.071 0.0000000000
98456  -37.960  -7.803  57.954 0.0000000000
98457  -39.369  -8.178  58.058 0.0000000000
97484  -40.776  -8.835  58.168 0.0000000000
97499  -42.286  -8.362  57.603 0.0000000000
97487  -43.032  -7.817  58.337 0.0000000000
98444  -43.696  -7.557  58.724 0.0000000000
99375  -44.667  -5.966  59.365 0.0000000000
93722  -47.656  -12.769  46.343 0.0000000000
92674  -46.335  -13.398  47.118 0.0000000000
91655  -48.652  -13.834  50.318 0.0000000000
92654  -48.654  -13.277  49.339 0.0000000000
91675  -47.086  -14.037  48.835 0.0000000000
91673  -45.744  -13.961  48.374 0.0000000000
91685  -44.231  -14.323  47.042 0.0000000000
91670  -42.921  -14.572  47.305 0.0000000000
90765  -42.326  -14.955  47.047 0.0000000000
90763  -40.786  -15.607  47.197 0.0000000000
89799  -42.516  -16.185  49.420 0.0000000000
89825  -40.692  -15.865  47.979 0.0000000000
90762  -39.952  -15.550  47.330 0.0000000000
90769  -38.515  -15.124  46.647 0.0000000000
88680  -41.691  -17.540  56.940 0.0000000000
87646  -39.249  -18.269  54.880 0.0000000000
87625  -40.532  -18.160  55.701 0.0000000000
86552  -42.680  -19.061  56.274 0.0000000000
86574  -43.005  -19.595  55.525 0.0000000000
86598  -43.195  -20.043  54.524 0.0000000000
86616  -43.336  -19.871  53.459 0.0000000000
86633  -42.492  -19.829  52.323 0.0000000000
87695  -40.988  -19.084  51.055 0.0000000000
87732  -38.863  -18.251  49.696 0.0000000000
92658  -35.521  -14.354  48.637 0.0000000000
93690  -35.105  -13.413  49.566 0.0000000000
94729  -34.314  -11.921  50.503 0.0000000000
94719  -33.797  -11.018  50.929 0.0000000000
95719  -32.266  -10.385  52.965 0.0000000000
90855  -49.649  -14.482  39.441 0.0000000000
92787  -51.008  -13.644  38.528 0.0000000000
91810  -49.739  -14.062  37.961 0.0000000000
91743  -45.438  -13.739  43.875 0.0000000000
92744  -46.831  -13.172  42.548 0.0000000000
93795  -45.466  -12.660  41.029 0.0000000000
93796  -46.452  -13.045  41.055 0.0000000000
93817  -48.358  -13.024  40.451 0.0000000000
93832  -49.211  -12.841  39.532 0.0000000000
93846  -49.888  -12.609  38.609 0.0000000000
93859  -49.617  -12.246  37.765 0.0000000000
94875  -49.851  -11.079  37.013 0.0000000000
95871  -49.481  -10.094  36.532 0.0000000000
96819  -48.958  -9.240  36.423 0.0000000000
96801  -47.320  -8.748  37.373 0.0000000000
97756  -48.988  -8.685  36.674 0.0000000000
96829  -48.342  -9.009  35.931 0.0000000000
97764  -47.178  -8.118  35.801 0.0000000000
98671  -46.927  -7.057  35.698 0.0000000000
99603  -45.199  -6.258  35.756 0.0000000000
94737  -37.395  -11.726  49.706 0.0000000000
95756  -37.919  -10.392  48.394 0.0000000000
96682  -38.631  -9.930  47.604 0.0000000000
96669  -40.063  -9.876  50.571 0.0000000000
96678  -39.530  -9.315  48.952 0.0000000000
96683  -39.403  -9.338  47.832 0.0000000000
96691  -41.129  -8.846  46.696 0.0000000000
97636  -41.821  -8.580  45.621 0.0000000000
98579  -42.687  -7.963  44.893 0.0000000000
96641  -44.896  -10.033  53.820 0.0000000000
97582  -44.337  -8.997  52.360 0.0000000000
98532  -43.830  -7.617  50.747 0.0000000000
99472  -46.544  -6.777  50.586 0.0000000000
99477  -44.519  -6.908  49.750 0.0000000000
98542  -43.548  -6.900  49.039 0.0000000000
99491  -43.315  -7.055  47.324 0.0000000000
98567  -43.399  -7.723  45.389 0.0000000000
97653  -43.393  -8.183  44.006 0.0000000000
97667  -44.117  -7.854  42.881 0.0000000000
99561  -45.071  -6.795  40.229 0.0000000000
99553  -46.675  -5.619  41.989 0.0000000000
100515  -46.061  -5.750  40.792 0.0000000000
99577  -45.623  -6.104  38.244 0.0000000000
99587  -45.756  -5.910  36.893 0.0000000000
99594  -45.518  -4.959  36.440 0.0000000000
102432  -45.322  -3.704  40.151 0.0000000000
101435  -44.865  -4.449  47.561 0.0000000000
101453  -43.524  -4.629  46.369 0.0000000000
101471  -43.188  -4.382  45.308 0.0000000000
101432  -41.341  -4.852  47.323 0.0000000000
101470  -41.870  -4.372  45.278 0.0000000000
101487  -42.612  -3.935  44.400 0.0000000000
102423  -41.508  -3.748  42.549 0.0000000000
101506  -40.824  -4.292  42.614 0.0000000000
98588  -40.504  -6.559  43.059 0.0000000000
102380  -38.189  -3.333  45.089 0.0000000000
102394  -37.474  -3.617  44.514 0.0000000000
105228  -41.404  0.608  49.785 0.0000000000
106006  -40.189  1.146  48.298 0.0000000000
106005  -39.417  1.011  48.041 0.0000000000
106023  -38.139  1.394  47.240 0.0000000000
106041  -36.610  1.127  46.474 0.0000000000
92660  -36.259  -13.143  48.686 0.0000000000
87671  -46.181  -18.240  53.455 0.0000000000
88746  -45.812  -18.057  52.915 0.0000000000
87670  -45.353  -18.609  53.279 0.0000000000
87684  -44.394  -18.544  52.350 0.0000000000
87669  -44.618  -18.921  52.887 0.0000000000
88785  -30.803  -17.714  50.313 0.0000000000
92686  -45.569  -13.217  46.011 0.0000000000
93731  -46.083  -13.200  45.532 0.0000000000
96751  -42.415  -9.855  41.795 0.0000000000
96737  -43.027  -8.990  42.282 0.0000000000
97677  -42.971  -8.662  42.680 0.0000000000
96598  -42.799  -9.537  55.205 0.0000000000
96621  -42.622  -10.120  54.545 0.0000000000
101411  -47.464  -4.557  49.374 0.0000000000
101425  -48.077  -4.478  48.682 0.0000000000
102356  -47.551  -3.968  47.051 0.0000000000
101437  -46.928  -3.980  47.696 0.0000000000
101456  -46.753  -3.802  46.841 0.0000000000
104502  -39.737  -0.891  50.060 0.0000000000
103819  -39.475  -1.482  50.165 0.0000000000
104508  -39.524  -0.789  49.569 0.0000000000
104507  -39.052  -0.839  49.227 0.0000000000
105226  -39.708  -0.118  49.079 0.0000000000
91692  -40.262  -14.657  46.046 0.0000000000
95765  -39.314  -10.809  46.059 0.0000000000
95768  -40.305  -10.449  44.997 0.0000000000
96695  -39.636  -10.313  45.897 0.0000000000
98426  -45.562  -7.186  59.148 0.0000000000
98427  -46.131  -7.096  59.022 0.0000000000
99410  -44.511  -6.081  56.464 0.0000000000
99424  -44.784  -6.682  55.739 0.0000000000
99434  -44.811  -6.832  54.823 0.0000000000
99443  -45.106  -6.717  53.800 0.0000000000
99433  -43.861  -6.454  55.027 0.0000000000
100405  -43.190  -5.732  55.277 0.0000000000
103787  -43.148  -1.411  54.273 0.0000000000
103802  -43.268  -0.934  54.199 0.0000000000
104478  -43.728  -0.304  53.587 0.0000000000
93865  -47.895  -12.059  36.714 0.0000000000
94872  -47.326  -11.142  36.600 0.0000000000
96661  -34.511  -10.040  52.018 0.0000000000
96662  -35.002  -9.970  51.931 0.0000000000
96645  -34.639  -9.920  52.521 0.0000000000
95675  -37.785  -9.835  56.684 0.0000000000
130117  -38.228  -9.200  56.723 0.0000000000
100379  -41.149  -5.617  57.062 0.0000000000
99407  -42.058  -5.765  57.098 0.0000000000
93703  -50.137  -12.290  48.547 0.0000000000
90741  -43.891  -15.488  48.959 0.0000000000
89800  -43.663  -16.133  49.695 0.0000000000
88805  -39.896  -17.486  49.590 0.0000000000
89796  -40.313  -17.155  49.415 0.0000000000
88820  -39.230  -17.186  49.022 0.0000000000
88819  -38.543  -17.275  48.531 0.0000000000
88700  -37.508  -17.060  55.420 0.0000000000
85593  -38.723  -20.330  53.466 0.0000000000
85623  -39.339  -20.301  51.789 0.0000000000
85622  -38.344  -20.203  51.684 0.0000000000
89783  -34.058  -15.638  49.425 0.0000000000
90729  -33.969  -15.257  49.546 0.0000000000
90737  -33.557  -15.322  49.612 0.0000000000
93818  -49.481  -12.751  40.629 0.0000000000
92721  -42.870  -13.691  43.126 0.0000000000
92740  -43.198  -13.250  42.364 0.0000000000
94836  -46.123  -11.399  38.790 0.0000000000
94847  -47.208  -11.256  38.531 0.0000000000
93844  -47.904  -11.789  38.581 0.0000000000
95843  -48.739  -10.513  37.601 0.0000000000
95842  -47.939  -10.335  37.815 0.0000000000
98641  -45.888  -6.841  37.570 0.0000000000
98650  -46.560  -6.670  36.936 0.0000000000
94707  -38.419  -11.367  52.087 0.0000000000
97610  -42.197  -7.840  49.111 0.0000000000
97584  -46.993  -8.302  52.844 0.0000000000
98513  -47.215  -7.764  52.518 0.0000000000
99507  -46.664  -5.946  46.607 0.0000000000
99506  -46.013  -6.122  46.297 0.0000000000
99528  -45.454  -6.476  44.233 0.0000000000
101521  -48.149  -4.006  40.866 0.0000000000
101528  -47.490  -4.346  40.460 0.0000000000
101529  -47.631  -3.903  40.142 0.0000000000
101545  -47.036  -3.847  38.511 0.0000000000
102458  -47.011  -3.328  39.096 0.0000000000
102448  -46.137  -3.463  38.718 0.0000000000
102441  -46.766  -3.499  39.849 0.0000000000
102401  -43.860  -3.760  43.189 0.0000000000
102425  -43.595  -3.985  42.031 0.0000000000
101406  -41.690  -4.722  49.508 0.0000000000
101450  -39.895  -4.320  46.141 0.0000000000
102382  -39.875  -3.527  44.675 0.0000000000
102396  -39.346  -3.417  44.157 0.0000000000
101467  -39.073  -3.569  45.517 0.0000000000
103842  -36.264  -1.508  46.487 0.0000000000
103184  -36.491  -2.280  46.310 0.0000000000
92684  -38.767  -13.932  45.968 0.0000000000
94745  -36.967  -11.887  46.868 0.0000000000
94754  -37.498  -11.610  46.682 0.0000000000
94755  -38.273  -11.530  46.308 0.0000000000
95758  -37.403  -10.910  47.517 0.0000000000
100345  -47.393  -5.636  59.336 0.0000000000
101316  -47.430  -5.033  59.033 0.0000000000
102277  -46.724  -3.760  57.938 0.0000000000
101331  -46.729  -4.972  58.225 0.0000000000
101329  -45.157  -4.908  57.522 0.0000000000
102275  -44.834  -4.409  57.301 0.0000000000
102285  -44.475  -3.831  56.865 0.0000000000
102286  -45.551  -3.226  56.881 0.0000000000
103122  -46.507  -1.835  55.911 0.0000000000
103121  -45.789  -2.205  55.844 0.0000000000
103772  -45.233  -1.816  55.266 0.0000000000
92814  -48.519  -13.724  36.568 0.0000000000
94670  -33.502  -11.135  55.222 0.0000000000
94671  -34.103  -11.065  54.894 0.0000000000
89763  -46.012  -16.816  52.061 0.0000000000
88773  -45.188  -17.036  51.569 0.0000000000
88792  -44.461  -16.950  50.803 0.0000000000
88772  -44.433  -17.480  51.226 0.0000000000
87718  -41.799  -18.409  50.511 0.0000000000
87734  -41.169  -18.146  49.979 0.0000000000
86677  -33.234  -19.499  49.749 0.0000000000
88799  -32.861  -17.691  49.631 0.0000000000
89792  -32.432  -16.656  49.516 0.0000000000
89791  -31.602  -16.635  49.530 0.0000000000
90728  -31.183  -15.289  49.680 0.0000000000
93792  -42.323  -11.887  42.064 0.0000000000
93793  -42.927  -12.359  41.734 0.0000000000
95806  -43.386  -10.439  40.757 0.0000000000
95807  -43.992  -10.720  40.246 0.0000000000
94824  -44.532  -11.272  39.899 0.0000000000
95816  -44.374  -10.344  39.800 0.0000000000
95826  -44.907  -10.337  39.202 0.0000000000
97701  -44.027  -8.713  40.326 0.0000000000
97714  -44.120  -8.421  40.008 0.0000000000
98627  -43.902  -8.013  39.966 0.0000000000
96639  -40.799  -10.426  53.480 0.0000000000
95708  -40.385  -11.070  52.957 0.0000000000
95711  -43.196  -10.363  53.241 0.0000000000
95710  -42.125  -10.580  53.124 0.0000000000
95728  -42.390  -10.173  52.443 0.0000000000
96666  -42.610  -9.500  51.841 0.0000000000
100419  -48.134  -6.329  51.656 0.0000000000
99453  -48.129  -6.458  51.400 0.0000000000
100430  -48.348  -6.046  51.171 0.0000000000
100454  -48.552  -5.300  48.437 0.0000000000
100459  -48.189  -5.515  47.457 0.0000000000
100473  -48.392  -5.418  46.368 0.0000000000
100484  -48.415  -5.205  45.295 0.0000000000
101491  -48.029  -3.720  44.773 0.0000000000
100494  -48.344  -4.197  44.849 0.0000000000
101500  -47.086  -4.261  43.723 0.0000000000
101489  -45.806  -4.325  44.364 0.0000000000
101498  -44.566  -3.859  43.212 0.0000000000
101472  -44.576  -4.492  45.325 0.0000000000
102341  -39.781  -3.727  50.621 0.0000000000
103166  -38.970  -2.899  49.701 0.0000000000
102340  -39.332  -3.668  49.821 0.0000000000
102344  -38.929  -3.488  48.857 0.0000000000
102348  -38.787  -3.833  48.190 0.0000000000
103169  -38.160  -2.630  48.659 0.0000000000
103827  -37.673  -1.282  48.478 0.0000000000
104516  -37.183  -0.668  47.937 0.0000000000
91695  -43.129  -14.712  46.007 0.0000000000
91724  -41.889  -14.517  44.194 0.0000000000
91739  -42.568  -14.302  43.567 0.0000000000
92709  -41.185  -13.523  44.107 0.0000000000
91702  -39.864  -14.177  45.404 0.0000000000
93758  -40.987  -12.475  43.679 0.0000000000
94785  -40.735  -11.424  43.748 0.0000000000
95775  -41.370  -10.335  44.194 0.0000000000
96721  -41.691  -10.002  44.157 0.0000000000
96708  -41.972  -9.022  44.474 0.0000000000
97501  -44.463  -8.283  57.564 0.0000000000
97518  -44.692  -8.579  56.653 0.0000000000
96578  -46.533  -8.707  56.862 0.0000000000
96586  -46.184  -8.988  56.592 0.0000000000
96587  -47.102  -9.019  56.398 0.0000000000
96602  -47.392  -9.220  55.603 0.0000000000
96588  -47.810  -9.054  56.117 0.0000000000
98463  -46.041  -7.375  57.999 0.0000000000
98476  -46.002  -7.177  57.512 0.0000000000
99426  -46.684  -7.032  55.523 0.0000000000
98490  -46.699  -7.458  56.190 0.0000000000
99427  -47.205  -7.420  54.976 0.0000000000
99445  -47.081  -6.740  53.409 0.0000000000
99449  -45.469  -6.478  52.778 0.0000000000
99460  -46.286  -5.851  51.939 0.0000000000
100427  -46.132  -5.516  51.375 0.0000000000
100439  -46.685  -4.986  50.514 0.0000000000
100438  -45.495  -5.278  50.429 0.0000000000
100426  -45.029  -5.883  51.262 0.0000000000
100424  -42.744  -5.369  51.611 0.0000000000
101385  -41.983  -4.964  52.036 0.0000000000
101361  -42.787  -4.561  55.115 0.0000000000
101371  -43.015  -3.968  55.082 0.0000000000
102325  -41.811  -2.650  53.654 0.0000000000
102317  -41.756  -3.665  53.692 0.0000000000
101377  -41.464  -4.197  52.609 0.0000000000
102329  -40.929  -3.353  52.214 0.0000000000
103148  -41.240  -2.408  52.724 0.0000000000
104486  -41.877  -0.750  52.175 0.0000000000
103805  -41.018  -1.577  52.049 0.0000000000
104496  -41.536  -0.739  51.650 0.0000000000
104495  -40.939  -0.444  51.018 0.0000000000
105204  -41.531  -0.075  50.868 0.0000000000
95868  -46.459  -10.272  36.641 0.0000000000
97753  -45.738  -8.724  35.654 0.0000000000
93684  -36.632  -12.163  50.563 0.0000000000
94731  -36.303  -11.892  50.700 0.0000000000
95741  -36.515  -10.482  51.628 0.0000000000
95723  -37.530  -10.542  51.985 0.0000000000
96648  -37.374  -9.611  52.586 0.0000000000
96615  -35.295  -9.266  54.365 0.0000000000
96616  -36.283  -9.531  54.848 0.0000000000
98500  -38.015  -8.751  55.450 0.0000000000
97580  -38.356  -9.401  53.131 0.0000000000
97572  -38.775  -8.999  53.439 0.0000000000
97573  -39.421  -9.332  53.615 0.0000000000
97514  -39.647  -8.525  56.409 0.0000000000
97515  -41.042  -8.367  56.671 0.0000000000
100377  -39.070  -5.536  57.047 0.0000000000
99391  -37.832  -6.708  57.760 0.0000000000
99392  -38.800  -7.046  58.144 0.0000000000
99371  -40.914  -7.518  58.424 0.0000000000
99370  -40.429  -7.829  58.470 0.0000000000
97485  -41.517  -8.475  58.157 0.0000000000
97486  -42.409  -8.120  58.226 0.0000000000
98443  -42.557  -7.508  58.286 0.0000000000
100340  -42.535  -5.222  58.225 0.0000000000
100341  -43.447  -5.400  58.661 0.0000000000
99374  -44.103  -6.401  59.194 0.0000000000
100342  -44.423  -5.388  59.102 0.0000000000
94765  -50.455  -11.752  46.010 0.0000000000
93709  -47.996  -12.678  47.132 0.0000000000
92675  -47.204  -13.151  47.338 0.0000000000
92688  -46.809  -12.977  46.662 0.0000000000
90731  -46.965  -14.702  50.488 0.0000000000
91642  -48.074  -14.411  50.631 0.0000000000
91654  -47.705  -14.233  50.144 0.0000000000
92643  -49.123  -13.355  49.929 0.0000000000
91666  -48.126  -13.800  49.799 0.0000000000
92653  -47.972  -13.457  48.873 0.0000000000
91665  -47.537  -13.836  49.335 0.0000000000
90752  -45.203  -14.506  48.594 0.0000000000
92662  -45.666  -13.648  47.583 0.0000000000
91672  -44.730  -13.898  47.813 0.0000000000
91671  -43.687  -14.448  47.634 0.0000000000
90764  -41.756  -15.496  47.246 0.0000000000
89826  -41.351  -15.695  47.839 0.0000000000
89798  -41.574  -16.581  49.385 0.0000000000
90761  -39.025  -15.646  47.312 0.0000000000
86576  -45.232  -19.442  55.370 0.0000000000
88678  -39.745  -17.244  56.590 0.0000000000
88679  -40.570  -17.503  56.539 0.0000000000
87602  -40.649  -17.851  56.130 0.0000000000
87667  -37.666  -18.620  53.670 0.0000000000
87644  -37.433  -17.973  54.158 0.0000000000
87668  -38.236  -18.757  53.689 0.0000000000
86595  -40.163  -19.602  54.947 0.0000000000
86571  -39.900  -18.896  55.491 0.0000000000
86572  -40.874  -19.050  55.474 0.0000000000
87626  -41.420  -18.624  55.964 0.0000000000
86573  -42.026  -19.047  55.483 0.0000000000
86597  -42.237  -20.010  54.879 0.0000000000
85596  -41.854  -20.646  53.427 0.0000000000
85586  -42.337  -20.482  54.194 0.0000000000
85597  -42.718  -20.414  53.715 0.0000000000
86634  -43.500  -19.358  52.666 0.0000000000
86643  -39.509  -19.722  51.306 0.0000000000
86644  -40.572  -19.661  51.347 0.0000000000
86664  -39.644  -19.138  50.792 0.0000000000
87716  -39.757  -18.483  50.310 0.0000000000
87715  -39.051  -18.768  50.281 0.0000000000
90738  -34.668  -15.589  48.856 0.0000000000
90747  -35.169  -15.964  48.481 0.0000000000
91662  -35.305  -14.917  48.968 0.0000000000
91669  -35.236  -14.947  48.330 0.0000000000
92651  -35.375  -13.911  49.282 0.0000000000
92650  -34.783  -13.877  49.637 0.0000000000
93681  -33.654  -12.764  50.037 0.0000000000
93682  -34.827  -12.854  49.907 0.0000000000
92649  -32.913  -13.968  49.510 0.0000000000
94717  -31.828  -11.319  51.779 0.0000000000
94705  -32.249  -10.977  52.207 0.0000000000
95704  -32.469  -10.814  53.707 0.0000000000
91792  -51.277  -13.894  39.866 0.0000000000
91811  -51.441  -13.155  38.751 0.0000000000
92799  -50.318  -13.257  38.475 0.0000000000
91726  -43.971  -14.585  44.401 0.0000000000
91708  -45.132  -14.013  44.842 0.0000000000
91727  -44.721  -14.221  44.380 0.0000000000
92742  -45.144  -13.424  42.482 0.0000000000
92724  -45.493  -13.484  43.354 0.0000000000
92760  -44.763  -13.103  41.696 0.0000000000
93816  -47.313  -12.849  40.276 0.0000000000
93867  -49.371  -12.265  36.990 0.0000000000
94876  -50.192  -10.497  37.302 0.0000000000
97743  -49.991  -9.304  37.519 0.0000000000
95872  -50.287  -10.038  36.856 0.0000000000
96820  -49.848  -9.266  36.617 0.0000000000
96789  -47.327  -9.620  37.676 0.0000000000
97739  -46.942  -7.718  36.709 0.0000000000
97740  -48.183  -8.451  36.882 0.0000000000
97766  -48.537  -8.489  36.169 0.0000000000
97765  -47.899  -8.153  35.895 0.0000000000
98662  -47.726  -7.339  35.807 0.0000000000
98670  -45.754  -7.021  35.597 0.0000000000
99604  -46.017  -6.104  35.794 0.0000000000
94738  -37.892  -11.075  49.214 0.0000000000
96677  -38.717  -9.665  48.707 0.0000000000
95744  -40.462  -10.603  51.645 0.0000000000
95743  -39.849  -10.998  51.352 0.0000000000
95750  -40.135  -10.146  51.006 0.0000000000
97614  -40.927  -8.733  48.925 0.0000000000
96679  -40.265  -9.147  49.354 0.0000000000
96684  -40.259  -9.020  48.318 0.0000000000
96690  -40.466  -9.171  47.018 0.0000000000
97622  -42.532  -8.351  47.217 0.0000000000
97626  -41.749  -8.575  46.642 0.0000000000
97651  -42.005  -8.708  44.903 0.0000000000
97637  -42.547  -8.191  45.318 0.0000000000
97562  -45.219  -8.385  54.847 0.0000000000
96623  -44.496  -9.415  54.660 0.0000000000
96642  -45.412  -9.338  54.244 0.0000000000
97596  -45.410  -8.073  52.064 0.0000000000
97595  -44.744  -8.321  51.926 0.0000000000
97594  -43.471  -8.580  51.492 0.0000000000
98520  -44.329  -7.802  51.410 0.0000000000
99473  -47.822  -6.568  50.114 0.0000000000
99461  -46.875  -6.963  51.350 0.0000000000
99478  -45.559  -6.569  49.581 0.0000000000
99484  -44.562  -6.612  48.907 0.0000000000
99476  -43.956  -6.899  49.471 0.0000000000
98547  -43.959  -6.759  48.528 0.0000000000
98546  -43.480  -7.102  48.116 0.0000000000
98580  -43.146  -7.853  44.724 0.0000000000
97654  -44.129  -7.949  43.642 0.0000000000
98599  -45.520  -6.909  42.803 0.0000000000
98598  -44.648  -7.456  42.429 0.0000000000
99551  -45.170  -6.863  40.973 0.0000000000
99539  -47.162  -5.531  43.718 0.0000000000
99545  -46.864  -5.566  42.864 0.0000000000
100524  -46.668  -4.704  39.833 0.0000000000
100523  -46.123  -5.629  40.110 0.0000000000
100546  -45.682  -5.003  37.176 0.0000000000
100553  -45.029  -5.120  36.141 0.0000000000
100552  -43.974  -5.073  36.397 0.0000000000
102426  -44.828  -3.558  41.313 0.0000000000
101518  -43.801  -4.531  40.877 0.0000000000
101434  -43.542  -4.742  47.365 0.0000000000
101419  -41.542  -4.823  48.397 0.0000000000
102399  -41.922  -3.553  43.706 0.0000000000
102412  -41.280  -3.350  43.129 0.0000000000
102421  -40.191  -3.673  42.962 0.0000000000
101497  -40.375  -4.643  42.990 0.0000000000
100505  -40.725  -5.151  43.070 0.0000000000
100499  -40.048  -5.124  43.271 0.0000000000
102409  -39.093  -3.878  43.880 0.0000000000
100497  -38.834  -5.030  43.717 0.0000000000
102354  -37.805  -3.628  46.874 0.0000000000
102366  -38.167  -3.221  46.029 0.0000000000
101482  -36.777  -4.252  44.191 0.0000000000
106024  -39.445  1.669  47.313 0.0000000000
106043  -38.559  1.976  46.638 0.0000000000
106022  -36.976  1.075  47.245 0.0000000000
92682  -37.133  -13.468  46.900 0.0000000000
93708  -36.684  -12.398  47.501 0.0000000000
102261  -47.721  -3.861  58.809 0.0000000000
102278  -47.482  -2.883  58.271 0.0000000000
102287  -46.263  -2.451  57.102 0.0000000000
103112  -46.804  -1.718  56.537 0.0000000000
103774  -47.354  -1.475  55.526 0.0000000000
96613  -33.125  -9.563  55.112 0.0000000000
96594  -33.722  -9.683  55.314 0.0000000000
88758  -45.731  -17.461  52.404 0.0000000000
87699  -44.435  -18.045  51.651 0.0000000000
87683  -43.448  -18.739  52.195 0.0000000000
89782  -30.797  -16.719  49.683 0.0000000000
93733  -47.607  -12.684  45.332 0.0000000000
93732  -46.721  -13.058  45.152 0.0000000000
92697  -46.535  -13.285  44.675 0.0000000000
92711  -46.465  -13.310  44.203 0.0000000000
95794  -42.083  -10.430  42.065 0.0000000000
96764  -43.639  -9.502  40.691 0.0000000000
97690  -43.637  -8.666  41.212 0.0000000000
98606  -43.772  -7.970  41.550 0.0000000000
97561  -41.722  -9.345  54.629 0.0000000000
101400  -48.193  -5.277  50.072 0.0000000000
101401  -48.540  -5.515  50.142 0.0000000000
101412  -48.229  -4.828  49.493 0.0000000000
101439  -48.380  -4.771  47.939 0.0000000000
100474  -48.834  -4.790  46.064 0.0000000000
101458  -48.251  -4.412  46.723 0.0000000000
102385  -47.872  -3.592  45.799 0.0000000000
101475  -47.847  -3.561  45.339 0.0000000000
101490  -47.039  -4.132  44.710 0.0000000000
101474  -47.152  -3.852  45.721 0.0000000000
103159  -38.879  -2.062  49.971 0.0000000000
103165  -38.534  -2.495  49.262 0.0000000000
103824  -38.816  -1.404  49.497 0.0000000000
104512  -38.549  -0.720  48.831 0.0000000000
90773  -41.818  -15.258  46.291 0.0000000000
91693  -41.841  -15.128  45.836 0.0000000000
90779  -41.336  -15.226  45.779 0.0000000000
93744  -39.354  -12.425  44.957 0.0000000000
94774  -39.687  -11.539  44.698 0.0000000000
94775  -40.284  -11.461  44.242 0.0000000000
95773  -40.073  -10.888  44.647 0.0000000000
96706  -40.661  -10.100  44.948 0.0000000000
97488  -45.041  -8.385  58.148 0.0000000000
97490  -46.071  -8.172  58.172 0.0000000000
98447  -46.191  -8.038  58.089 0.0000000000
100383  -45.663  -6.103  57.622 0.0000000000
99411  -45.613  -6.687  56.862 0.0000000000
99425  -45.753  -6.793  55.721 0.0000000000
99435  -45.814  -6.756  54.802 0.0000000000
99448  -44.335  -6.511  52.877 0.0000000000
100415  -43.217  -6.155  53.132 0.0000000000
103137  -43.448  -2.494  54.994 0.0000000000
102319  -42.943  -3.249  54.686 0.0000000000
103136  -42.954  -2.193  54.252 0.0000000000
103144  -42.284  -2.298  53.695 0.0000000000
103143  -41.781  -2.058  53.273 0.0000000000
103800  -41.996  -1.417  53.087 0.0000000000
103807  -42.158  -1.115  52.918 0.0000000000
104487  -42.480  -0.463  52.523 0.0000000000
96817  -46.688  -9.431  36.094 0.0000000000
94720  -34.890  -11.032  50.797 0.0000000000
95740  -35.419  -10.447  51.413 0.0000000000
96663  -35.756  -9.815  51.863 0.0000000000
96647  -36.380  -9.346  52.612 0.0000000000
96617  -37.040  -9.935  55.178 0.0000000000
98499  -37.852  -9.323  55.414 0.0000000000
97535  -38.556  -8.500  55.378 0.0000000000
97513  -38.422  -8.822  56.172 0.0000000000
100358  -39.450  -6.256  57.728 0.0000000000
100359  -40.430  -6.203  57.758 0.0000000000
99394  -40.965  -6.717  58.094 0.0000000000
99372  -41.748  -7.096  58.163 0.0000000000
99395  -41.719  -6.303  57.625 0.0000000000
99396  -42.190  -5.679  57.747 0.0000000000
94757  -50.526  -11.772  47.094 0.0000000000
93711  -50.043  -12.268  47.705 0.0000000000
90744  -46.523  -14.567  49.795 0.0000000000
91664  -46.704  -14.333  49.194 0.0000000000
90743  -45.887  -14.736  49.252 0.0000000000
89815  -42.364  -15.689  48.674 0.0000000000
88807  -41.536  -17.141  49.945 0.0000000000
89797  -40.777  -16.925  49.360 0.0000000000
89812  -39.735  -16.706  48.962 0.0000000000
89823  -38.776  -16.668  47.800 0.0000000000
85592  -37.885  -19.828  53.260 0.0000000000
86593  -38.505  -19.127  53.887 0.0000000000
85582  -38.577  -19.789  53.992 0.0000000000
85583  -39.388  -20.159  54.341 0.0000000000
85584  -40.482  -20.287  54.314 0.0000000000
85595  -40.841  -20.268  53.480 0.0000000000
85612  -41.172  -20.090  52.772 0.0000000000
86632  -41.409  -19.878  52.153 0.0000000000
85624  -40.116  -20.286  51.658 0.0000000000
89807  -34.967  -16.534  48.629 0.0000000000
90730  -34.314  -15.268  49.384 0.0000000000
91652  -34.302  -14.575  49.638 0.0000000000
92641  -33.517  -13.602  49.698 0.0000000000
91793  -51.603  -13.280  39.749 0.0000000000
93848  -51.415  -12.662  39.367 0.0000000000
93847  -51.082  -12.485  39.149 0.0000000000
91740  -43.375  -14.478  43.505 0.0000000000
91741  -44.195  -14.380  43.701 0.0000000000
93814  -45.190  -12.003  40.129 0.0000000000
93829  -46.137  -11.999  39.419 0.0000000000
93830  -47.264  -12.222  39.240 0.0000000000
93845  -48.632  -12.190  38.775 0.0000000000
94860  -49.081  -10.767  37.486 0.0000000000
94862  -50.137  -10.369  37.535 0.0000000000
96803  -49.268  -9.416  37.535 0.0000000000
97716  -44.903  -8.246  38.768 0.0000000000
97754  -47.546  -7.059  36.259 0.0000000000
98651  -47.164  -6.566  36.401 0.0000000000
99596  -46.997  -5.778  36.351 0.0000000000
95748  -38.883  -10.767  50.476 0.0000000000
96671  -41.136  -9.166  51.437 0.0000000000
96670  -40.551  -9.524  51.040 0.0000000000
97615  -41.693  -8.461  48.539 0.0000000000
97574  -46.024  -8.774  53.963 0.0000000000
96654  -45.408  -9.354  53.573 0.0000000000
98522  -45.957  -7.596  52.010 0.0000000000
100452  -47.422  -5.818  48.594 0.0000000000
99486  -46.579  -6.076  48.106 0.0000000000
99505  -44.644  -6.674  46.516 0.0000000000
99537  -45.495  -6.657  43.540 0.0000000000
100508  -47.112  -4.780  42.232 0.0000000000
100531  -46.560  -4.514  38.837 0.0000000000
100538  -46.363  -4.282  38.351 0.0000000000
101543  -45.639  -4.471  38.443 0.0000000000
101535  -45.260  -4.301  38.924 0.0000000000
101509  -43.761  -4.192  41.454 0.0000000000
101433  -42.450  -4.882  47.437 0.0000000000
101485  -40.908  -3.589  44.524 0.0000000000
102398  -40.966  -3.335  43.951 0.0000000000
102383  -40.501  -3.500  44.453 0.0000000000
102410  -39.693  -3.619  43.432 0.0000000000
102395  -38.494  -3.736  44.346 0.0000000000
103185  -36.976  -2.651  46.805 0.0000000000
103195  -36.842  -2.777  46.088 0.0000000000
102393  -36.451  -3.287  44.353 0.0000000000
103193  -35.809  -2.334  44.879 0.0000000000
91691  -39.396  -14.428  46.037 0.0000000000
92693  -38.420  -12.696  45.866 0.0000000000
93729  -38.366  -12.091  45.904 0.0000000000
94763  -38.607  -11.713  45.805 0.0000000000
94756  -38.805  -11.312  46.094 0.0000000000
95764  -38.573  -10.688  46.526 0.0000000000
99355  -46.144  -6.504  59.394 0.0000000000
99342  -47.347  -6.050  59.980 0.0000000000
99377  -47.208  -6.186  59.215 0.0000000000
100363  -46.288  -5.810  58.257 0.0000000000
101315  -47.262  -4.758  58.563 0.0000000000
100362  -45.608  -5.484  57.701 0.0000000000
99409  -43.974  -5.749  56.296 0.0000000000
100397  -43.415  -5.356  56.119 0.0000000000
101343  -43.818  -4.595  56.520 0.0000000000
102284  -43.621  -3.807  56.314 0.0000000000
103109  -43.921  -3.129  56.286 0.0000000000
103111  -45.348  -2.673  56.233 0.0000000000
103119  -44.097  -2.459  55.626 0.0000000000
103771  -44.583  -2.049  55.290 0.0000000000
104464  -45.273  -0.734  54.059 0.0000000000
95685  -33.811  -10.724  54.096 0.0000000000
95706  -34.134  -10.235  53.311 0.0000000000
95686  -34.431  -10.272  54.459 0.0000000000
95687  -35.432  -10.035  55.029 0.0000000000
96595  -34.475  -9.523  55.815 0.0000000000
95663  -35.063  -9.970  56.047 0.0000000000
95673  -35.639  -10.137  55.778 0.0000000000
89786  -44.548  -16.391  50.343 0.0000000000
89785  -43.855  -16.650  50.337 0.0000000000
88771  -43.824  -17.754  51.153 0.0000000000
88790  -42.763  -17.404  50.585 0.0000000000
87736  -42.205  -17.435  50.282 0.0000000000
87735  -41.762  -17.824  50.027 0.0000000000
88788  -40.092  -17.961  50.150 0.0000000000
88720  -36.825  -17.552  54.656 0.0000000000
88744  -36.099  -17.596  53.999 0.0000000000
87666  -36.665  -18.315  53.799 0.0000000000
86612  -35.927  -19.133  53.527 0.0000000000
86628  -35.296  -19.618  52.902 0.0000000000
86613  -37.062  -19.500  53.418 0.0000000000
85608  -36.955  -20.161  52.747 0.0000000000
90736  -32.955  -15.760  49.690 0.0000000000
91658  -31.591  -14.656  49.676 0.0000000000
90734  -31.142  -15.970  49.492 0.0000000000
92647  -31.258  -14.053  49.654 0.0000000000
93773  -42.674  -12.769  42.308 0.0000000000
93813  -44.489  -11.717  40.439 0.0000000000
94825  -45.079  -11.537  39.695 0.0000000000
94835  -45.124  -11.148  39.270 0.0000000000
95828  -46.062  -10.737  38.347 0.0000000000
95827  -45.473  -10.660  38.715 0.0000000000
95839  -45.312  -10.007  38.824 0.0000000000
96787  -45.396  -9.193  38.772 0.0000000000
96775  -44.621  -9.482  39.423 0.0000000000
96776  -44.773  -8.889  39.128 0.0000000000
95707  -39.687  -10.958  52.817 0.0000000000
94695  -39.908  -11.445  52.641 0.0000000000
95726  -40.677  -11.138  52.430 0.0000000000
95727  -41.373  -10.539  52.527 0.0000000000
95690  -41.892  -10.513  53.565 0.0000000000
95745  -41.462  -10.014  52.095 0.0000000000
96665  -41.700  -9.429  51.701 0.0000000000
97593  -42.150  -8.741  51.403 0.0000000000
98514  -47.537  -7.593  52.842 0.0000000000
98524  -47.460  -7.277  52.150 0.0000000000
100450  -48.789  -5.503  49.399 0.0000000000
99481  -48.610  -5.783  49.087 0.0000000000
100448  -47.633  -5.993  49.008 0.0000000000
100458  -47.361  -5.699  47.731 0.0000000000
100472  -47.342  -5.723  46.641 0.0000000000
100482  -46.893  -5.891  45.841 0.0000000000
99530  -47.737  -5.569  44.370 0.0000000000
100485  -48.475  -4.498  45.224 0.0000000000
100493  -48.162  -4.690  44.384 0.0000000000
100500  -47.479  -4.780  43.410 0.0000000000
101513  -48.039  -3.864  41.513 0.0000000000
102428  -47.573  -3.650  41.332 0.0000000000
102434  -47.083  -3.506  40.657 0.0000000000
101383  -40.951  -4.233  51.175 0.0000000000
101393  -40.656  -4.398  50.422 0.0000000000
101404  -39.688  -4.332  49.073 0.0000000000
101430  -39.263  -4.230  47.053 0.0000000000
101449  -38.932  -3.779  46.155 0.0000000000
101429  -38.483  -3.905  47.063 0.0000000000
102353  -37.398  -3.103  47.287 0.0000000000
103168  -37.598  -2.337  48.274 0.0000000000
102346  -37.530  -2.859  47.823 0.0000000000
103174  -37.247  -2.433  47.516 0.0000000000
103830  -36.647  -1.125  47.259 0.0000000000
91705  -42.587  -14.790  45.151 0.0000000000
90791  -43.469  -14.846  43.835 0.0000000000
91722  -40.326  -14.082  44.874 0.0000000000
92708  -40.558  -13.455  44.510 0.0000000000
92738  -42.046  -12.806  42.900 0.0000000000
94797  -41.724  -11.899  42.744 0.0000000000
94798  -41.938  -11.329  42.513 0.0000000000
95783  -41.130  -10.805  43.759 0.0000000000
94787  -41.660  -10.868  43.022 0.0000000000
95785  -42.021  -10.362  42.956 0.0000000000
96599  -43.712  -9.336  55.333 0.0000000000
97540  -44.056  -8.983  56.021 0.0000000000
97541  -44.840  -8.544  55.606 0.0000000000
97542  -45.950  -8.783  55.648 0.0000000000
97563  -45.961  -8.667  54.699 0.0000000000
97543  -46.629  -9.224  55.282 0.0000000000
98509  -47.158  -8.203  54.280 0.0000000000
98510  -47.622  -8.015  53.851 0.0000000000
98464  -46.244  -7.867  57.909 0.0000000000
98478  -47.027  -8.154  56.391 0.0000000000
98504  -47.385  -8.103  54.868 0.0000000000
99446  -47.639  -7.137  53.156 0.0000000000
100418  -48.071  -6.099  51.958 0.0000000000
99450  -46.572  -6.226  52.507 0.0000000000
100417  -47.395  -5.819  52.036 0.0000000000
100429  -47.858  -5.736  51.311 0.0000000000
100440  -47.619  -5.353  50.646 0.0000000000
101398  -46.956  -4.605  49.918 0.0000000000
101410  -46.534  -4.608  49.430 0.0000000000
101423  -46.176  -4.426  48.595 0.0000000000
101409  -45.375  -4.902  49.544 0.0000000000
100445  -44.198  -4.866  50.121 0.0000000000
100444  -43.748  -5.025  50.192 0.0000000000
100404  -42.489  -5.147  54.721 0.0000000000
100411  -42.275  -5.311  53.607 0.0000000000
101370  -42.419  -4.136  54.577 0.0000000000
100410  -41.929  -4.630  53.712 0.0000000000
101378  -42.025  -4.788  52.908 0.0000000000
102334  -40.865  -3.927  51.649 0.0000000000
103152  -40.323  -2.468  51.491 0.0000000000
103147  -40.738  -2.146  52.178 0.0000000000
104503  -40.206  -0.796  50.470 0.0000000000
105218  -40.841  0.095  50.466 0.0000000000
93692  -36.150  -12.739  49.563 0.0000000000
93685  -37.181  -12.194  51.047 0.0000000000
94722  -36.749  -11.694  51.376 0.0000000000
94723  -37.555  -11.474  51.477 0.0000000000
95725  -38.986  -10.860  52.541 0.0000000000
96633  -34.887  -9.747  53.122 0.0000000000
96634  -35.460  -9.138  53.391 0.0000000000
97556  -36.118  -8.692  54.325 0.0000000000
97570  -36.704  -8.657  53.616 0.0000000000
97578  -37.247  -8.880  52.979 0.0000000000
97579  -37.975  -9.119  53.016 0.0000000000
96650  -38.678  -10.243  52.762 0.0000000000
96618  -39.835  -9.647  53.663 0.0000000000
96619  -40.563  -9.709  53.832 0.0000000000
97560  -41.106  -8.986  54.392 0.0000000000
97538  -41.873  -8.775  55.359 0.0000000000
97516  -42.163  -8.321  56.661 0.0000000000
98458  -40.117  -8.787  58.468 0.0000000000
97498  -41.258  -8.554  57.575 0.0000000000
98460  -41.748  -8.351  57.313 0.0000000000
97500  -43.439  -8.007  58.007 0.0000000000
98461  -43.819  -7.752  58.299 0.0000000000
98425  -44.675  -7.110  59.277 0.0000000000
99353  -44.615  -6.678  59.373 0.0000000000
100324  -45.137  -5.571  59.506 0.0000000000
93724  -49.679  -12.116  46.762 0.0000000000
93723  -48.670  -12.395  46.508 0.0000000000
93721  -46.824  -12.798  45.963 0.0000000000
92687  -46.186  -13.062  46.433 0.0000000000
92673  -45.651  -13.534  46.851 0.0000000000
92665  -48.318  -13.096  48.412 0.0000000000
92664  -47.374  -13.547  48.386 0.0000000000
91674  -46.575  -13.989  48.588 0.0000000000
92663  -46.461  -13.584  47.919 0.0000000000
92661  -45.208  -13.683  47.267 0.0000000000
92672  -44.872  -13.747  46.716 0.0000000000
91684  -43.450  -14.500  46.813 0.0000000000
91683  -42.689  -14.703  46.622 0.0000000000
90774  -42.291  -15.006  46.492 0.0000000000
89814  -41.596  -16.034  48.582 0.0000000000
90770  -39.262  -15.072  46.678 0.0000000000
91682  -36.921  -14.576  47.008 0.0000000000
92670  -35.700  -14.208  48.082 0.0000000000
86600  -45.575  -19.155  54.424 0.0000000000
88659  -42.358  -16.919  57.795 0.0000000000
88681  -42.671  -17.749  57.293 0.0000000000
88682  -43.216  -17.850  57.457 0.0000000000
88721  -37.951  -17.606  54.829 0.0000000000
88722  -38.936  -17.676  54.971 0.0000000000
88723  -39.469  -17.819  55.145 0.0000000000
87624  -39.766  -18.165  55.299 0.0000000000
87603  -41.135  -18.061  56.338 0.0000000000
87604  -42.097  -18.444  56.564 0.0000000000
87605  -43.316  -18.301  57.002 0.0000000000
86553  -43.721  -19.201  56.333 0.0000000000
86575  -44.086  -19.608  55.415 0.0000000000
86599  -44.369  -19.662  54.432 0.0000000000
86617  -44.571  -19.282  53.428 0.0000000000
87682  -42.860  -19.165  52.047 0.0000000000
86646  -42.318  -19.281  51.588 0.0000000000
86645  -41.591  -19.487  51.538 0.0000000000
87696  -41.655  -18.859  51.116 0.0000000000
87717  -40.806  -18.530  50.417 0.0000000000
87733  -39.510  -17.913  49.858 0.0000000000
85637  -37.575  -20.264  50.852 0.0000000000
85638  -38.235  -20.001  50.878 0.0000000000
86681  -37.678  -19.129  49.551 0.0000000000
86682  -38.447  -18.797  49.855 0.0000000000
88803  -38.174  -17.731  49.058 0.0000000000
92659  -35.904  -13.513  48.817 0.0000000000
92652  -35.725  -13.285  49.289 0.0000000000
93691  -35.463  -13.033  49.526 0.0000000000
95738  -33.395  -10.403  51.689 0.0000000000
91660  -33.133  -14.861  49.610 0.0000000000
94718  -32.664  -11.220  51.303 0.0000000000
95737  -32.686  -10.547  52.117 0.0000000000
95720  -33.223  -10.253  52.665 0.0000000000
95705  -33.149  -10.651  53.614 0.0000000000
94680  -33.308  -11.096  54.429 0.0000000000
94669  -32.965  -11.030  55.412 0.0000000000
94692  -31.734  -10.980  53.709 0.0000000000
94679  -32.483  -11.067  54.742 0.0000000000
95670  -32.714  -10.563  55.175 0.0000000000
90862  -49.513  -14.615  38.414 0.0000000000
91802  -51.376  -13.556  38.965 0.0000000000
91801  -50.448  -13.958  38.954 0.0000000000
92810  -49.527  -13.290  37.530 0.0000000000
92695  -45.119  -13.918  45.207 0.0000000000
91728  -45.354  -13.886  44.331 0.0000000000
92710  -45.891  -13.611  44.024 0.0000000000
91742  -45.004  -13.958  43.783 0.0000000000
92725  -46.503  -13.175  43.377 0.0000000000
93797  -47.411  -13.047  41.371 0.0000000000
93833  -50.354  -12.546  39.745 0.0000000000
94874  -49.008  -11.128  36.625 0.0000000000
95870  -48.499  -9.993  36.046 0.0000000000
95841  -46.781  -10.295  38.265 0.0000000000
96802  -48.317  -9.316  37.391 0.0000000000
97741  -49.180  -8.733  37.235 0.0000000000
95877  -48.140  -9.373  35.781 0.0000000000
96828  -47.684  -8.928  35.740 0.0000000000
96827  -46.865  -8.842  35.740 0.0000000000
98672  -47.491  -7.634  35.773 0.0000000000
97763  -46.138  -8.113  35.533 0.0000000000
97762  -45.393  -7.644  35.577 0.0000000000
94740  -37.065  -11.406  48.410 0.0000000000
94741  -37.530  -10.902  48.599 0.0000000000
95755  -37.375  -10.816  48.263 0.0000000000
95759  -38.121  -10.441  47.257 0.0000000000
96688  -38.611  -10.179  46.915 0.0000000000
94726  -40.032  -11.306  51.478 0.0000000000
95749  -39.530  -10.501  50.712 0.0000000000
95753  -39.202  -10.030  50.022 0.0000000000
96675  -40.401  -9.410  50.181 0.0000000000
96674  -39.720  -9.711  49.904 0.0000000000
96673  -39.062  -9.686  49.534 0.0000000000
96697  -41.063  -8.982  46.030 0.0000000000
97625  -41.251  -8.770  47.161 0.0000000000
97652  -42.488  -8.413  44.404 0.0000000000
95712  -44.064  -10.321  53.975 0.0000000000
96640  -44.158  -10.132  53.313 0.0000000000
96653  -44.695  -9.494  53.110 0.0000000000
96652  -43.732  -9.778  52.598 0.0000000000
97581  -43.747  -9.258  52.070 0.0000000000
98531  -43.212  -7.637  50.278 0.0000000000
98523  -46.940  -7.388  51.892 0.0000000000
98535  -46.421  -7.212  51.391 0.0000000000
98534  -45.741  -7.440  51.045 0.0000000000
99471  -45.311  -7.052  50.336 0.0000000000
98533  -44.762  -7.460  50.789 0.0000000000
98539  -44.312  -7.273  50.282 0.0000000000
98538  -43.754  -7.239  49.861 0.0000000000
98537  -42.964  -7.469  49.542 0.0000000000
98541  -42.853  -7.446  48.559 0.0000000000
98545  -42.905  -7.616  47.595 0.0000000000
98554  -43.141  -7.962  46.939 0.0000000000
99504  -43.774  -7.064  46.799 0.0000000000
98555  -43.430  -7.665  46.252 0.0000000000
97628  -43.101  -8.121  45.720 0.0000000000
98566  -42.908  -7.856  45.180 0.0000000000
97666  -43.452  -8.238  43.127 0.0000000000
98597  -44.075  -7.807  42.026 0.0000000000
99568  -44.786  -6.962  39.859 0.0000000000
99569  -45.389  -6.489  39.466 0.0000000000
99529  -46.697  -6.014  44.313 0.0000000000
99544  -46.244  -6.389  42.372 0.0000000000
99552  -46.027  -6.173  41.374 0.0000000000
99562  -45.681  -6.332  40.489 0.0000000000
99586  -45.756  -5.051  36.719 0.0000000000
99595  -45.886  -5.672  36.300 0.0000000000
100554  -45.523  -5.551  35.919 0.0000000000
102433  -46.129  -3.511  40.507 0.0000000000
101519  -44.452  -3.969  40.512 0.0000000000
101526  -44.152  -4.590  40.079 0.0000000000
101436  -46.023  -4.422  47.651 0.0000000000
101454  -44.755  -4.528  46.467 0.0000000000
102400  -42.971  -3.880  43.464 0.0000000000
101452  -42.381  -4.665  46.462 0.0000000000
102413  -42.213  -3.594  42.913 0.0000000000
101507  -41.845  -4.306  42.163 0.0000000000
100506  -41.703  -5.132  42.862 0.0000000000
100498  -39.438  -4.994  43.462 0.0000000000
99535  -39.485  -5.950  43.576 0.0000000000
102367  -38.685  -3.450  45.538 0.0000000000
104479  -44.892  -0.307  53.525 0.0000000000
105193  -42.663  0.483  52.098 0.0000000000
105964  -42.534  0.698  51.110 0.0000000000
105220  -42.074  0.454  50.754 0.0000000000
105219  -41.523  0.274  50.425 0.0000000000
105227  -40.279  0.119  49.610 0.0000000000
105994  -41.015  1.063  49.026 0.0000000000
105993  -40.323  0.739  48.992 0.0000000000
105234  -39.955  0.440  48.904 0.0000000000
105233  -39.288  0.275  48.536 0.0000000000
105232  -38.307  0.126  48.323 0.0000000000
105239  -38.743  0.869  47.900 0.0000000000
105238  -37.806  0.649  47.810 0.0000000000
105237  -37.121  0.171  47.613 0.0000000000
105236  -36.541  0.266  46.980 0.0000000000
85581  -38.305  -19.506  53.564 0.0000000000
85591  -37.296  -19.898  53.181 0.0000000000
85613  -41.906  -20.385  52.647 0.0000000000
86551  -42.214  -18.855  56.121 0.0000000000
86570  -39.452  -18.614  55.169 0.0000000000
86629  -36.285  -19.812  53.062 0.0000000000
86630  -36.773  -19.885  53.126 0.0000000000
86665  -40.361  -18.972  50.789 0.0000000000
87627  -41.940  -18.768  56.038 0.0000000000
87645  -38.442  -18.354  54.282 0.0000000000
87647  -45.689  -18.849  53.938 0.0000000000
87720  -43.199  -17.653  50.986 0.0000000000
88745  -36.638  -17.787  54.127 0.0000000000
88797  -31.356  -17.320  49.813 0.0000000000
89735  -39.420  -17.039  56.265 0.0000000000
90739  -35.166  -15.424  48.558 0.0000000000
90780  -41.611  -15.186  45.790 0.0000000000
90792  -43.664  -14.846  44.047 0.0000000000
90801  -43.741  -14.708  43.789 0.0000000000
91663  -46.125  -14.312  48.822 0.0000000000
91812  -51.500  -12.936  38.854 0.0000000000
92669  -35.453  -14.591  48.201 0.0000000000
92788  -51.190  -13.315  38.548 0.0000000000
92801  -51.496  -12.746  39.043 0.0000000000
93673  -36.890  -12.172  51.219 0.0000000000
93674  -37.126  -12.037  51.445 0.0000000000
93707  -36.866  -12.104  46.956 0.0000000000
93717  -37.055  -12.090  46.757 0.0000000000
94694  -33.024  -11.015  53.983 0.0000000000
94696  -40.144  -11.585  52.448 0.0000000000
94706  -37.949  -11.112  52.001 0.0000000000
94735  -39.009  -10.926  50.836 0.0000000000
94753  -37.178  -11.880  46.730 0.0000000000
95692  -43.297  -10.341  54.163 0.0000000000
95693  -43.886  -10.161  54.460 0.0000000000
95854  -49.400  -10.166  37.654 0.0000000000
95856  -50.335  -9.949  37.378 0.0000000000
95876  -47.839  -9.609  35.752 0.0000000000
96577  -46.230  -8.788  57.158 0.0000000000
96593  -33.098  -10.098  55.167 0.0000000000
96596  -37.712  -9.885  55.537 0.0000000000
96603  -47.862  -9.069  55.711 0.0000000000
96625  -47.522  -9.035  55.169 0.0000000000
96626  -47.746  -8.994  55.432 0.0000000000
96635  -36.079  -8.887  53.293 0.0000000000
96636  -38.635  -9.703  53.085 0.0000000000
96649  -38.068  -9.971  52.852 0.0000000000
96651  -43.045  -9.839  52.297 0.0000000000
96804  -49.832  -9.542  37.652 0.0000000000
96805  -50.161  -9.546  37.467 0.0000000000
96821  -50.279  -9.385  37.098 0.0000000000
97489  -45.755  -8.289  58.184 0.0000000000
97503  -46.301  -8.361  57.574 0.0000000000
97521  -47.347  -8.603  56.220 0.0000000000
97544  -47.637  -8.679  55.639 0.0000000000
97554  -33.348  -9.249  55.218 0.0000000000
97555  -35.557  -8.708  53.947 0.0000000000
97564  -46.999  -8.800  54.688 0.0000000000
97576  -47.445  -8.150  53.183 0.0000000000
97592  -41.512  -8.918  51.441 0.0000000000
97601  -40.688  -9.052  50.499 0.0000000000
97604  -43.232  -7.992  50.714 0.0000000000
97638  -42.975  -7.959  45.437 0.0000000000
97679  -44.065  -7.838  42.422 0.0000000000
97702  -44.357  -9.081  39.920 0.0000000000
97742  -49.779  -9.101  37.414 0.0000000000
97758  -50.089  -9.185  37.322 0.0000000000
98440  -40.102  -8.117  58.470 0.0000000000
98441  -40.769  -8.265  58.416 0.0000000000
98459  -41.505  -8.435  57.360 0.0000000000
98474  -41.325  -8.383  57.205 0.0000000000
98488  -45.281  -6.811  55.444 0.0000000000
98489  -45.562  -6.809  55.280 0.0000000000
98501  -45.018  -6.851  55.297 0.0000000000
98503  -47.295  -8.310  54.607 0.0000000000
98543  -44.019  -6.660  48.933 0.0000000000
98556  -44.013  -7.224  46.345 0.0000000000
98590  -45.535  -6.790  43.269 0.0000000000
99341  -47.226  -6.121  60.195 0.0000000000
99354  -45.113  -6.430  59.415 0.0000000000
99356  -46.985  -6.359  59.792 0.0000000000
99357  -47.397  -6.040  59.594 0.0000000000
99378  -47.432  -6.033  59.171 0.0000000000
99408  -42.075  -5.374  57.424 0.0000000000
99459  -45.709  -5.993  52.005 0.0000000000
99470  -44.733  -7.196  50.285 0.0000000000
99474  -48.653  -6.145  49.791 0.0000000000
99480  -48.086  -6.138  49.254 0.0000000000
99483  -44.100  -6.730  49.220 0.0000000000
99487  -48.320  -5.826  48.876 0.0000000000
99488  -48.456  -5.616  48.744 0.0000000000
99490  -43.053  -7.491  47.127 0.0000000000
99503  -43.233  -7.404  46.825 0.0000000000
99519  -47.942  -5.593  45.008 0.0000000000
100314  -47.220  -5.812  60.192 0.0000000000
100327  -47.322  -5.691  59.794 0.0000000000
100343  -46.967  -6.023  58.777 0.0000000000
100364  -47.025  -5.501  58.543 0.0000000000
100380  -41.962  -5.086  57.063 0.0000000000
100381  -44.185  -5.394  56.592 0.0000000000
100396  -42.793  -5.076  55.517 0.0000000000
100416  -46.714  -5.745  51.862 0.0000000000
100442  -48.721  -5.772  50.264 0.0000000000
100447  -46.547  -4.733  49.978 0.0000000000
100449  -47.963  -5.908  48.827 0.0000000000
100456  -42.690  -4.900  46.912 0.0000000000
100457  -42.991  -4.982  47.055 0.0000000000
100470  -43.282  -4.868  46.872 0.0000000000
100471  -46.709  -5.871  46.349 0.0000000000
100562  -45.438  -5.839  35.842 0.0000000000
101300  -47.293  -4.943  59.453 0.0000000000
101342  -41.872  -4.537  57.371 0.0000000000
101369  -41.928  -4.095  53.962 0.0000000000
101375  -41.970  -4.734  53.395 0.0000000000
101396  -44.590  -4.912  49.990 0.0000000000
101397  -44.908  -5.133  50.082 0.0000000000
101413  -48.652  -5.281  49.718 0.0000000000
101457  -47.777  -4.165  46.932 0.0000000000
101492  -48.363  -3.976  45.169 0.0000000000
101505  -40.369  -3.885  42.728 0.0000000000
101536  -45.711  -3.891  38.492 0.0000000000
101538  -47.337  -3.704  39.344 0.0000000000
101546  -47.124  -3.504  38.908 0.0000000000
102302  -45.770  -2.476  56.527 0.0000000000
102355  -47.377  -3.919  47.332 0.0000000000
102368  -47.329  -3.668  46.991 0.0000000000
102369  -47.742  -3.919  46.505 0.0000000000
102370  -48.168  -3.905  46.038 0.0000000000
102386  -48.251  -3.771  45.491 0.0000000000
102402  -48.140  -3.583  45.254 0.0000000000
102403  -48.249  -3.728  45.140 0.0000000000
102429  -47.946  -3.756  41.105 0.0000000000
102435  -47.703  -3.721  40.712 0.0000000000
102440  -46.119  -3.531  39.592 0.0000000000
102447  -45.635  -3.749  38.774 0.0000000000
102449  -46.668  -3.344  39.175 0.0000000000
102450  -47.069  -3.439  39.355 0.0000000000
102456  -46.572  -3.596  38.448 0.0000000000
102457  -46.789  -3.423  38.730 0.0000000000
103811  -41.230  -1.265  51.894 0.0000000000
103825  -39.238  -1.320  49.765 0.0000000000
104477  -42.972  -0.527  53.175 0.0000000000
105202  -40.771  0.298  50.588 0.0000000000
105205  -42.251  0.043  51.502 0.0000000000
105217  -40.963  0.136  50.750 0.0000000000
105231  -37.629  -0.016  48.079 0.0000000000
105954  -42.673  0.805  51.586 0.0000000000
105955  -42.832  1.152  52.021 0.0000000000
105961  -40.737  0.267  50.847 0.0000000000
105962  -40.948  0.178  50.594 0.0000000000
105963  -41.238  -0.036  50.492 0.0000000000
105976  -40.755  0.308  50.595 0.0000000000
105977  -41.171  0.071  50.421 0.0000000000
105978  -41.451  0.043  50.546 0.0000000000
106021  -36.537  0.736  46.712 0.0000000000
