#!ascii label  , from subject 4085 vox2ras=TkReg
1051
112643  44.423  7.880  38.442 0.0000000000
115063  48.027  11.952  38.661 0.0000000000
106629  52.727  1.533  40.855 0.0000000000
110087  39.840  5.693  41.204 0.0000000000
108415  41.979  3.545  41.120 0.0000000000
115838  45.537  11.569  33.475 0.0000000000
115724  41.604  13.270  44.931 0.0000000000
118248  41.761  16.640  42.753 0.0000000000
105604  52.489  0.047  46.456 0.0000000000
103730  47.660  -1.925  45.984 0.0000000000
112680  49.118  8.974  33.871 0.0000000000
109310  47.870  4.168  38.312 0.0000000000
112639  52.255  7.483  37.977 0.0000000000
109267  50.260  5.164  42.332 0.0000000000
120965  42.082  20.627  39.949 0.0000000000
117682  50.490  15.822  38.280 0.0000000000
105651  45.762  0.999  43.770 0.0000000000
111792  42.372  7.224  40.462 0.0000000000
108432  40.680  4.013  40.592 0.0000000000
110126  42.739  5.067  38.718 0.0000000000
114320  44.553  10.439  35.944 0.0000000000
113452  42.003  9.757  39.505 0.0000000000
118864  40.380  17.430  47.102 0.0000000000
104644  51.061  -0.884  48.199 0.0000000000
102723  51.986  -2.605  47.932 0.0000000000
101752  49.678  -4.040  48.592 0.0000000000
121589  45.822  21.966  37.867 0.0000000000
114318  49.938  10.796  35.999 0.0000000000
111826  51.358  7.680  35.834 0.0000000000
114289  50.649  10.008  37.954 0.0000000000
113394  48.275  9.815  42.887 0.0000000000
112615  50.146  8.439  41.229 0.0000000000
110918  47.743  6.681  42.119 0.0000000000
109246  49.186  4.199  44.080 0.0000000000
117655  45.998  15.236  41.050 0.0000000000
118242  47.960  16.382  42.297 0.0000000000
117004  48.351  14.562  38.823 0.0000000000
115804  49.271  13.276  34.700 0.0000000000
106649  50.717  2.331  38.587 0.0000000000
107574  47.509  2.771  40.343 0.0000000000
106603  48.968  1.719  42.232 0.0000000000
106612  39.804  1.878  42.567 0.0000000000
105654  41.332  0.954  43.607 0.0000000000
117715  48.114  15.218  36.523 0.0000000000
115809  43.584  12.263  35.052 0.0000000000
115047  44.526  12.760  40.886 0.0000000000
114259  47.479  10.677  40.551 0.0000000000
121523  37.413  21.263  47.451 0.0000000000
120248  38.180  19.448  43.147 0.0000000000
117602  42.685  15.218  43.936 0.0000000000
105644  53.523  0.935  43.786 0.0000000000
105623  50.638  0.282  44.389 0.0000000000
103734  51.186  -0.959  46.112 0.0000000000
101767  48.844  -3.904  45.848 0.0000000000
113483  47.128  9.384  36.199 0.0000000000
110946  45.714  5.793  38.691 0.0000000000
111818  48.522  7.453  37.604 0.0000000000
110118  50.896  5.078  38.227 0.0000000000
109306  52.864  4.079  38.194 0.0000000000
114273  51.738  10.455  40.259 0.0000000000
110095  51.996  6.088  40.131 0.0000000000
109273  53.355  3.999  41.190 0.0000000000
108377  51.899  2.843  44.751 0.0000000000
107501  50.204  2.192  46.433 0.0000000000
122113  43.104  22.377  38.439 0.0000000000
120961  45.955  20.212  39.341 0.0000000000
120265  46.976  18.993  41.234 0.0000000000
118945  49.044  17.453  39.343 0.0000000000
116444  49.073  14.064  34.821 0.0000000000
114359  47.631  10.797  33.246 0.0000000000
108441  45.488  3.650  38.914 0.0000000000
107546  44.016  2.470  42.264 0.0000000000
104699  42.192  -0.527  44.401 0.0000000000
104694  47.285  -0.012  44.866 0.0000000000
112634  43.159  7.790  39.514 0.0000000000
110949  42.640  6.050  39.697 0.0000000000
110962  43.740  6.115  38.725 0.0000000000
113473  44.979  9.718  37.330 0.0000000000
114305  43.639  10.526  36.843 0.0000000000
113451  43.068  8.945  39.486 0.0000000000
113440  42.563  8.263  40.052 0.0000000000
103708  49.584  -1.384  49.051 0.0000000000
102707  51.247  -2.692  49.787 0.0000000000
102709  49.762  -3.113  50.149 0.0000000000
102753  39.772  -2.435  43.900 0.0000000000
115068  49.192  11.142  36.904 0.0000000000
114317  51.015  10.378  36.199 0.0000000000
114290  49.558  10.423  38.208 0.0000000000
113395  47.414  9.656  43.778 0.0000000000
112603  47.156  8.580  42.569 0.0000000000
116389  46.910  13.761  39.841 0.0000000000
117005  47.593  14.335  39.705 0.0000000000
116399  48.106  13.163  38.519 0.0000000000
115080  48.848  12.460  36.617 0.0000000000
106641  51.590  1.754  39.276 0.0000000000
106632  49.501  2.121  39.902 0.0000000000
106620  51.025  1.458  41.447 0.0000000000
110089  38.315  5.278  41.922 0.0000000000
109277  39.045  4.572  41.001 0.0000000000
108431  41.595  3.891  40.472 0.0000000000
108401  40.465  3.055  41.894 0.0000000000
107549  41.144  2.531  42.411 0.0000000000
106589  41.051  1.338  43.256 0.0000000000
106610  41.538  1.887  42.858 0.0000000000
116446  46.682  13.205  35.319 0.0000000000
116430  46.052  13.393  36.253 0.0000000000
115820  44.378  12.112  34.549 0.0000000000
111785  40.601  7.314  41.818 0.0000000000
110921  39.288  6.482  42.634 0.0000000000
115726  43.024  12.655  43.035 0.0000000000
115037  44.876  11.458  41.379 0.0000000000
115018  42.373  11.808  44.256 0.0000000000
117591  40.548  15.196  45.850 0.0000000000
117596  40.483  15.606  44.825 0.0000000000
116943  42.195  14.530  44.411 0.0000000000
116361  43.894  14.050  42.414 0.0000000000
106547  53.332  0.897  45.401 0.0000000000
104690  52.686  -0.326  44.850 0.0000000000
104664  53.122  -0.382  45.930 0.0000000000
100819  50.256  -4.320  47.233 0.0000000000
101760  49.955  -3.629  46.890 0.0000000000
100832  48.937  -4.555  45.656 0.0000000000
113494  47.757  9.076  34.948 0.0000000000
112651  47.660  8.198  37.497 0.0000000000
113481  48.949  8.528  35.578 0.0000000000
111814  51.756  7.768  36.363 0.0000000000
110967  51.083  6.766  37.304 0.0000000000
111803  52.139  6.807  37.758 0.0000000000
110117  51.976  5.097  38.211 0.0000000000
110954  52.316  6.100  38.538 0.0000000000
114239  47.796  10.613  41.595 0.0000000000
114274  50.803  10.257  40.029 0.0000000000
114237  49.910  10.293  41.651 0.0000000000
110927  49.937  6.677  41.165 0.0000000000
112625  50.939  8.246  40.724 0.0000000000
110085  50.744  5.921  41.149 0.0000000000
110083  52.371  5.432  40.501 0.0000000000
109265  52.252  4.161  42.407 0.0000000000
108399  52.652  3.689  42.988 0.0000000000
109256  51.225  4.045  43.244 0.0000000000
108381  47.819  4.008  44.666 0.0000000000
108362  50.263  3.174  45.288 0.0000000000
121583  42.225  21.692  39.049 0.0000000000
120977  45.143  20.677  38.756 0.0000000000
120962  44.861  20.004  39.410 0.0000000000
118893  40.311  17.779  42.553 0.0000000000
119576  40.205  18.860  42.174 0.0000000000
118905  42.412  18.048  41.594 0.0000000000
118269  48.741  16.795  41.179 0.0000000000
118900  47.734  17.563  42.163 0.0000000000
118911  49.062  17.618  41.040 0.0000000000
119592  49.038  18.681  40.949 0.0000000000
118943  51.115  17.581  39.111 0.0000000000
118334  49.491  15.953  36.651 0.0000000000
117713  49.940  15.456  36.177 0.0000000000
114349  49.360  11.103  33.763 0.0000000000
114358  48.359  11.361  33.324 0.0000000000
113504  48.669  9.938  33.727 0.0000000000
113495  46.703  9.827  35.107 0.0000000000
110121  47.144  4.996  38.299 0.0000000000
109312  45.650  4.705  37.621 0.0000000000
108463  46.424  3.677  37.715 0.0000000000
107543  46.791  2.391  41.880 0.0000000000
107561  45.530  2.850  41.404 0.0000000000
106606  45.513  1.900  42.696 0.0000000000
106565  43.287  0.928  44.193 0.0000000000
105653  44.215  0.666  44.131 0.0000000000
104675  49.239  -0.367  45.393 0.0000000000
105625  48.779  0.555  44.357 0.0000000000
103736  47.202  -1.567  45.630 0.0000000000
110930  40.999  6.719  41.239 0.0000000000
110099  40.217  5.212  40.700 0.0000000000
110098  41.147  5.309  40.352 0.0000000000
109300  41.877  4.711  39.734 0.0000000000
109286  42.818  4.236  39.797 0.0000000000
114366  45.064  10.706  33.751 0.0000000000
112618  41.522  7.811  41.135 0.0000000000
105595  51.840  -0.417  47.089 0.0000000000
103725  52.513  -1.383  47.088 0.0000000000
103705  52.251  -1.897  48.831 0.0000000000
101751  50.944  -4.015  48.634 0.0000000000
114348  50.139  10.344  34.271 0.0000000000
112669  50.434  8.082  34.859 0.0000000000
113501  51.124  9.059  34.771 0.0000000000
112657  51.731  8.405  36.396 0.0000000000
113457  52.037  9.140  38.508 0.0000000000
114204  48.315  10.280  43.234 0.0000000000
114217  49.971  10.096  42.371 0.0000000000
113410  48.850  9.441  42.263 0.0000000000
111783  48.385  7.453  41.445 0.0000000000
110917  48.695  6.410  41.824 0.0000000000
109257  50.446  4.451  43.181 0.0000000000
110065  48.224  5.478  42.859 0.0000000000
109260  47.294  5.363  43.751 0.0000000000
109232  47.162  3.914  45.103 0.0000000000
121570  40.578  21.327  40.596 0.0000000000
118246  44.023  15.951  42.761 0.0000000000
118889  44.937  16.920  42.323 0.0000000000
117636  46.704  15.601  41.621 0.0000000000
117671  47.968  15.340  39.816 0.0000000000
117683  49.450  15.450  38.454 0.0000000000
117030  49.686  14.768  36.547 0.0000000000
116427  49.091  13.555  36.300 0.0000000000
114335  49.769  11.036  34.984 0.0000000000
108452  49.717  3.311  38.304 0.0000000000
107596  47.893  3.057  39.036 0.0000000000
107583  49.171  2.543  39.122 0.0000000000
106623  47.868  2.246  41.254 0.0000000000
106583  46.984  1.402  43.233 0.0000000000
101764  46.826  -3.302  45.685 0.0000000000
102733  46.378  -2.888  45.834 0.0000000000
107536  38.196  2.188  42.764 0.0000000000
108417  39.657  3.771  41.075 0.0000000000
107551  39.480  2.513  42.334 0.0000000000
106591  38.979  1.490  43.057 0.0000000000
105656  39.688  0.433  43.887 0.0000000000
105634  40.087  -0.160  44.235 0.0000000000
103749  40.805  -1.443  44.346 0.0000000000
117697  46.371  15.718  37.272 0.0000000000
117050  45.466  14.148  36.891 0.0000000000
115749  45.900  12.438  40.045 0.0000000000
115054  47.850  11.498  39.066 0.0000000000
115045  45.950  11.579  40.188 0.0000000000
114241  45.584  10.907  41.385 0.0000000000
114221  45.624  10.760  42.405 0.0000000000
114206  45.960  10.588  43.475 0.0000000000
114199  46.152  10.480  44.574 0.0000000000
120891  37.016  20.686  45.514 0.0000000000
120243  37.706  18.830  44.599 0.0000000000
118878  39.986  16.904  43.047 0.0000000000
118234  42.137  15.898  43.420 0.0000000000
117619  44.143  15.100  43.032 0.0000000000
116379  45.241  13.972  40.944 0.0000000000
106618  52.953  1.256  41.842 0.0000000000
106601  51.268  0.924  42.482 0.0000000000
105646  52.094  0.616  43.504 0.0000000000
105611  51.092  0.060  45.195 0.0000000000
104666  49.719  -1.114  46.160 0.0000000000
102728  51.415  -2.177  47.046 0.0000000000
103723  50.047  -2.337  46.971 0.0000000000
102731  47.854  -2.602  46.041 0.0000000000
113461  45.194  8.727  37.987 0.0000000000
111809  44.963  6.917  38.415 0.0000000000
112641  46.542  7.763  37.962 0.0000000000
111807  47.066  6.939  38.393 0.0000000000
110957  48.906  5.965  38.423 0.0000000000
111828  49.690  7.573  36.538 0.0000000000
111804  50.092  6.796  37.630 0.0000000000
110119  49.652  5.047  38.454 0.0000000000
109308  50.320  4.095  38.508 0.0000000000
108450  51.973  3.061  38.256 0.0000000000
107579  53.613  2.094  39.256 0.0000000000
113459  50.398  9.963  38.658 0.0000000000
113449  50.758  9.896  39.222 0.0000000000
112638  51.668  8.156  38.829 0.0000000000
113425  51.734  9.491  41.655 0.0000000000
111789  51.778  7.956  40.132 0.0000000000
111797  52.006  7.561  39.560 0.0000000000
110104  52.745  5.679  39.374 0.0000000000
109284  53.492  4.201  40.254 0.0000000000
107571  53.803  2.366  40.443 0.0000000000
107542  53.872  2.519  42.587 0.0000000000
107535  53.269  2.446  44.001 0.0000000000
107512  52.652  2.100  45.172 0.0000000000
108390  50.655  3.827  43.840 0.0000000000
108361  51.158  2.945  45.330 0.0000000000
106539  51.912  1.243  46.424 0.0000000000
106527  50.831  0.848  47.172 0.0000000000
121591  44.311  22.040  37.759 0.0000000000
120976  46.207  20.856  38.811 0.0000000000
120288  47.430  19.619  39.457 0.0000000000
118903  44.608  17.658  41.704 0.0000000000
120281  44.210  19.324  40.640 0.0000000000
120279  46.352  19.417  40.655 0.0000000000
120277  48.226  19.169  40.445 0.0000000000
118946  47.720  17.749  39.245 0.0000000000
117695  48.644  15.862  36.964 0.0000000000
117047  48.511  14.848  36.002 0.0000000000
116455  47.537  13.400  34.327 0.0000000000
115805  49.304  13.887  34.404 0.0000000000
115829  48.159  13.017  32.767 0.0000000000
115117  46.390  11.646  32.786 0.0000000000
114361  45.593  10.371  33.962 0.0000000000
113484  45.875  9.895  36.127 0.0000000000
110124  44.228  5.535  38.063 0.0000000000
109314  44.080  4.357  38.184 0.0000000000
108429  43.511  3.984  39.818 0.0000000000
108440  46.502  3.445  39.091 0.0000000000
108412  45.148  3.448  40.761 0.0000000000
107563  43.509  2.974  41.559 0.0000000000
106609  42.476  1.940  42.954 0.0000000000
105632  41.640  0.441  44.071 0.0000000000
106580  49.933  0.834  43.096 0.0000000000
106563  47.625  1.363  43.945 0.0000000000
105627  46.673  0.910  44.289 0.0000000000
103738  45.352  -1.568  45.359 0.0000000000
104697  44.276  -0.327  44.890 0.0000000000
100800  48.552  -4.341  48.743 0.0000000000
99827  48.853  -5.642  46.989 0.0000000000
112633  43.753  7.538  38.912 0.0000000000
111798  43.611  6.911  39.304 0.0000000000
113462  44.008  9.044  38.335 0.0000000000
113450  43.623  8.241  38.871 0.0000000000
103686  50.148  -2.136  49.627 0.0000000000
115062  48.596  11.435  38.099 0.0000000000
115061  49.267  10.800  37.538 0.0000000000
115756  47.466  12.329  38.924 0.0000000000
116388  47.716  13.425  38.907 0.0000000000
115766  48.135  12.593  38.459 0.0000000000
115765  48.451  12.449  37.761 0.0000000000
106640  52.673  1.607  39.753 0.0000000000
106631  50.652  1.577  40.166 0.0000000000
106630  51.809  1.507  40.502 0.0000000000
110088  38.981  5.401  41.404 0.0000000000
110100  39.516  5.119  40.892 0.0000000000
107565  41.540  2.995  41.813 0.0000000000
107548  42.046  2.539  42.392 0.0000000000
116464  46.551  12.705  34.167 0.0000000000
115818  46.288  12.650  34.809 0.0000000000
133119  45.105  11.706  34.226 0.0000000000
110931  40.293  6.385  41.590 0.0000000000
110920  39.979  6.805  42.278 0.0000000000
110932  39.590  6.008  41.944 0.0000000000
110077  38.864  5.762  42.260 0.0000000000
115727  42.567  13.160  43.779 0.0000000000
115022  42.521  12.350  43.677 0.0000000000
115723  42.022  12.726  44.476 0.0000000000
116935  41.144  14.272  45.660 0.0000000000
117590  40.919  14.750  45.422 0.0000000000
116345  42.032  13.673  44.494 0.0000000000
116352  43.242  13.576  43.198 0.0000000000
105609  52.976  0.691  45.928 0.0000000000
105603  53.071  -0.195  46.268 0.0000000000
100828  49.616  -4.466  46.476 0.0000000000
112671  48.578  8.782  34.483 0.0000000000
113482  48.263  9.035  35.879 0.0000000000
112670  49.354  8.461  34.747 0.0000000000
112649  52.136  7.319  37.411 0.0000000000
111802  52.268  7.126  38.662 0.0000000000
114238  48.986  10.787  41.679 0.0000000000
110086  50.127  6.063  41.578 0.0000000000
110926  50.563  6.481  40.842 0.0000000000
109276  50.587  5.426  41.697 0.0000000000
109275  51.218  5.182  41.655 0.0000000000
109266  51.442  4.566  42.501 0.0000000000
108364  47.984  3.427  45.388 0.0000000000
121569  41.295  21.579  40.168 0.0000000000
121573  42.055  21.323  39.616 0.0000000000
121572  42.474  20.986  39.355 0.0000000000
120979  43.278  20.530  39.262 0.0000000000
120963  43.724  20.094  39.822 0.0000000000
118249  40.742  16.830  42.625 0.0000000000
118892  41.441  17.520  42.002 0.0000000000
118891  42.631  17.166  42.053 0.0000000000
117669  50.200  16.175  39.148 0.0000000000
118284  49.614  16.903  40.056 0.0000000000
118923  50.549  17.398  39.588 0.0000000000
118282  51.260  16.835  39.142 0.0000000000
117693  50.728  16.401  37.923 0.0000000000
117694  50.583  15.832  37.316 0.0000000000
113503  49.757  9.721  33.800 0.0000000000
112681  48.365  9.342  34.218 0.0000000000
109311  46.614  4.233  37.729 0.0000000000
106584  46.022  1.514  43.250 0.0000000000
106585  45.111  1.331  43.321 0.0000000000
105652  44.875  0.740  43.875 0.0000000000
104668  48.189  -1.290  45.969 0.0000000000
104676  47.916  -0.746  45.598 0.0000000000
111793  41.790  7.091  40.986 0.0000000000
110940  41.427  6.228  40.616 0.0000000000
110939  42.187  6.528  40.300 0.0000000000
110108  43.026  5.690  39.016 0.0000000000
110109  42.398  5.352  39.413 0.0000000000
109299  42.302  4.708  39.424 0.0000000000
109287  42.279  4.292  39.864 0.0000000000
109316  42.783  4.618  38.814 0.0000000000
114338  44.477  10.411  34.518 0.0000000000
133113  43.962  10.572  34.142 0.0000000000
114321  43.384  10.492  35.709 0.0000000000
113463  42.871  9.688  38.431 0.0000000000
114306  42.472  10.628  37.016 0.0000000000
112627  42.599  7.638  40.126 0.0000000000
112628  42.116  7.941  40.683 0.0000000000
104660  51.680  -0.533  47.828 0.0000000000
104642  52.417  -1.232  48.112 0.0000000000
104643  52.011  -0.973  48.462 0.0000000000
101743  51.037  -3.616  49.640 0.0000000000
101750  51.594  -3.377  49.235 0.0000000000
100809  50.560  -4.509  47.753 0.0000000000
100810  49.987  -4.681  48.051 0.0000000000
122120  45.180  22.664  37.541 0.0000000000
122119  46.177  22.672  37.506 0.0000000000
114334  50.713  10.363  35.042 0.0000000000
113502  50.635  9.465  34.391 0.0000000000
114302  50.590  10.141  37.218 0.0000000000
113479  51.482  9.411  36.308 0.0000000000
113470  51.168  9.697  37.314 0.0000000000
113469  51.757  9.097  37.350 0.0000000000
114203  48.642  10.022  42.737 0.0000000000
111775  47.136  7.609  42.238 0.0000000000
111774  47.779  7.678  41.819 0.0000000000
110075  48.485  5.958  42.323 0.0000000000
110064  48.941  5.419  42.543 0.0000000000
110076  47.931  6.039  42.652 0.0000000000
110053  46.959  5.498  43.810 0.0000000000
109248  47.097  4.845  44.378 0.0000000000
117637  45.828  15.527  41.748 0.0000000000
117617  45.676  15.793  42.319 0.0000000000
116387  48.163  13.793  38.633 0.0000000000
117670  49.015  15.846  39.417 0.0000000000
117018  48.850  14.698  37.675 0.0000000000
116410  49.156  13.851  36.860 0.0000000000
115079  49.501  12.042  36.115 0.0000000000
107593  50.254  2.588  38.402 0.0000000000
107594  49.309  2.791  38.473 0.0000000000
107582  49.778  2.456  38.794 0.0000000000
106621  49.885  1.930  41.240 0.0000000000
106622  48.604  2.137  40.960 0.0000000000
106604  47.649  2.004  42.076 0.0000000000
106582  48.154  1.493  43.136 0.0000000000
108392  38.510  2.644  42.539 0.0000000000
109289  40.561  4.613  40.463 0.0000000000
109290  39.800  4.560  40.685 0.0000000000
108433  40.127  4.185  40.592 0.0000000000
107550  40.322  2.593  42.294 0.0000000000
108402  39.915  3.138  41.885 0.0000000000
106613  39.246  1.981  42.502 0.0000000000
106590  40.152  1.263  43.156 0.0000000000
105655  40.752  0.723  43.632 0.0000000000
105633  40.627  0.064  44.135 0.0000000000
104701  40.419  -0.642  44.264 0.0000000000
118318  47.921  16.515  37.622 0.0000000000
117716  47.045  15.020  36.792 0.0000000000
115793  44.863  12.882  36.263 0.0000000000
115794  44.026  12.882  36.113 0.0000000000
115795  42.937  12.718  36.088 0.0000000000
115046  45.088  12.071  40.684 0.0000000000
114200  45.066  10.530  44.356 0.0000000000
121534  37.082  21.556  45.968 0.0000000000
120883  37.163  20.596  46.343 0.0000000000
120238  37.546  19.007  45.210 0.0000000000
119562  38.185  18.396  44.887 0.0000000000
118875  38.395  17.840  44.014 0.0000000000
117594  41.971  15.063  44.407 0.0000000000
117603  41.599  15.432  44.097 0.0000000000
118235  40.642  16.173  43.758 0.0000000000
117601  43.546  15.397  43.340 0.0000000000
115741  44.259  13.123  41.450 0.0000000000
116370  44.501  14.059  41.635 0.0000000000
115750  45.095  13.042  40.432 0.0000000000
106599  53.202  1.374  42.767 0.0000000000
105666  52.275  0.908  42.895 0.0000000000
105645  52.931  0.841  43.466 0.0000000000
104673  51.598  -0.467  45.661 0.0000000000
105610  51.708  -0.006  45.198 0.0000000000
104674  50.544  -0.629  45.769 0.0000000000
103721  52.301  -2.023  47.427 0.0000000000
102727  51.782  -2.260  47.379 0.0000000000
101761  49.188  -3.598  46.374 0.0000000000
102729  49.539  -2.856  46.833 0.0000000000
102730  48.742  -2.701  46.423 0.0000000000
101762  48.402  -3.363  45.997 0.0000000000
101763  47.586  -3.326  45.749 0.0000000000
101768  48.228  -3.915  45.345 0.0000000000
113472  46.144  9.165  37.209 0.0000000000
113460  45.980  8.397  37.771 0.0000000000
112652  46.657  8.502  37.490 0.0000000000
112650  48.540  8.072  37.298 0.0000000000
112640  47.201  7.560  37.912 0.0000000000
111806  48.193  6.801  38.280 0.0000000000
112668  51.150  7.899  34.732 0.0000000000
112658  50.503  7.710  35.362 0.0000000000
111827  50.674  7.456  35.996 0.0000000000
110968  50.709  6.575  37.534 0.0000000000
110956  50.196  6.119  38.159 0.0000000000
109307  51.520  4.076  38.280 0.0000000000
108437  52.801  2.426  38.619 0.0000000000
109305  53.323  3.408  38.578 0.0000000000
114277  47.156  11.031  39.742 0.0000000000
114276  48.440  10.745  39.394 0.0000000000
113448  51.498  9.796  39.399 0.0000000000
113447  52.143  9.492  39.857 0.0000000000
113409  49.997  9.630  42.091 0.0000000000
114216  50.426  9.904  42.076 0.0000000000
113426  50.639  9.553  41.612 0.0000000000
111790  51.379  7.715  40.323 0.0000000000
110936  52.084  7.146  40.241 0.0000000000
110945  52.576  6.551  39.442 0.0000000000
110105  52.447  5.996  39.679 0.0000000000
109274  52.616  4.735  41.484 0.0000000000
108424  53.534  3.268  40.839 0.0000000000
107557  53.714  2.544  41.525 0.0000000000
108408  53.298  3.512  42.023 0.0000000000
108388  52.738  2.883  43.939 0.0000000000
108387  53.347  2.685  43.689 0.0000000000
107528  52.985  2.303  44.628 0.0000000000
107529  52.479  2.511  44.971 0.0000000000
108391  49.837  4.136  43.746 0.0000000000
108379  49.843  3.731  44.545 0.0000000000
107516  49.684  2.680  45.811 0.0000000000
107515  50.657  2.629  45.843 0.0000000000
107499  51.709  1.934  45.951 0.0000000000
107500  51.138  2.024  46.248 0.0000000000
105606  51.241  0.793  46.908 0.0000000000
122654  42.530  23.327  39.514 0.0000000000
122647  42.347  23.672  40.419 0.0000000000
122112  44.005  22.607  38.023 0.0000000000
120960  46.813  20.286  39.148 0.0000000000
118888  46.057  16.941  42.295 0.0000000000
119582  47.433  18.313  41.705 0.0000000000
119583  46.380  18.406  41.689 0.0000000000
120267  45.337  18.923  41.211 0.0000000000
120266  45.936  19.107  41.366 0.0000000000
118924  49.504  17.919  40.080 0.0000000000
119601  48.623  18.621  40.208 0.0000000000
120287  48.170  19.091  39.987 0.0000000000
118925  48.637  18.114  39.739 0.0000000000
118299  48.437  17.151  38.376 0.0000000000
117731  49.595  15.252  35.549 0.0000000000
117714  49.106  15.338  36.169 0.0000000000
117067  48.948  14.758  35.458 0.0000000000
116445  48.121  13.859  35.386 0.0000000000
116454  48.551  13.881  34.032 0.0000000000
116426  49.318  13.825  35.884 0.0000000000
116443  49.035  14.269  35.112 0.0000000000
115107  48.775  12.406  33.362 0.0000000000
115108  47.553  11.874  32.875 0.0000000000
115116  46.934  12.095  32.762 0.0000000000
115109  46.661  11.072  33.127 0.0000000000
115110  46.114  10.676  33.388 0.0000000000
114360  46.792  10.377  33.534 0.0000000000
113496  46.106  10.105  35.405 0.0000000000
111808  45.938  6.893  38.441 0.0000000000
110961  44.599  6.073  38.604 0.0000000000
110960  45.382  6.033  38.719 0.0000000000
108465  45.293  4.064  37.579 0.0000000000
109325  44.446  4.552  37.662 0.0000000000
108442  44.396  4.030  38.779 0.0000000000
108443  43.652  4.229  39.102 0.0000000000
108428  44.733  3.692  39.808 0.0000000000
107585  47.838  2.908  39.646 0.0000000000
108439  47.337  3.263  39.330 0.0000000000
108426  46.835  3.292  40.127 0.0000000000
107545  45.005  2.367  42.102 0.0000000000
107562  44.548  2.946  41.490 0.0000000000
107547  43.000  2.581  42.400 0.0000000000
106608  43.487  1.912  42.957 0.0000000000
105631  42.740  0.305  44.485 0.0000000000
106566  42.448  1.038  44.175 0.0000000000
103748  41.710  -1.327  44.342 0.0000000000
105647  51.100  0.683  43.453 0.0000000000
105667  50.754  0.975  42.912 0.0000000000
105648  50.008  0.571  43.651 0.0000000000
105626  47.855  0.661  44.386 0.0000000000
104695  46.211  -0.098  44.800 0.0000000000
102742  45.257  -2.909  45.108 0.0000000000
102737  45.841  -2.407  45.414 0.0000000000
111799  42.883  6.912  39.889 0.0000000000
110948  43.231  6.291  39.374 0.0000000000
114304  44.431  10.255  36.883 0.0000000000
113474  43.831  9.943  37.598 0.0000000000
103707  50.613  -1.287  49.139 0.0000000000
103706  51.536  -1.447  49.064 0.0000000000
103685  50.982  -1.971  49.587 0.0000000000
102689  50.657  -3.148  50.205 0.0000000000
101744  50.190  -3.699  49.448 0.0000000000
114303  49.844  10.435  36.956 0.0000000000
113411  47.768  9.289  42.714 0.0000000000
113412  47.224  9.162  42.999 0.0000000000
110919  47.092  6.943  42.385 0.0000000000
116992  46.307  14.511  40.419 0.0000000000
117006  47.033  14.340  40.121 0.0000000000
116398  48.313  13.495  38.052 0.0000000000
115775  48.631  12.867  37.090 0.0000000000
115069  48.692  11.981  37.035 0.0000000000
106648  51.121  2.115  38.663 0.0000000000
106642  50.409  2.122  39.051 0.0000000000
108416  40.811  3.378  41.309 0.0000000000
107566  40.847  2.940  41.966 0.0000000000
106611  40.650  1.889  42.720 0.0000000000
117048  47.833  14.303  36.282 0.0000000000
117049  46.681  14.105  36.811 0.0000000000
116447  46.238  13.030  35.811 0.0000000000
115807  45.809  12.741  35.636 0.0000000000
115821  43.816  11.907  34.474 0.0000000000
111776  40.136  7.571  42.414 0.0000000000
111777  39.489  7.373  42.678 0.0000000000
115039  43.932  12.806  41.922 0.0000000000
115038  44.236  12.216  41.464 0.0000000000
115032  43.544  12.241  42.269 0.0000000000
115021  43.185  11.591  43.192 0.0000000000
118219  40.165  16.424  46.508 0.0000000000
117595  41.219  14.893  44.831 0.0000000000
116953  43.433  14.557  43.404 0.0000000000
116353  42.723  14.016  43.895 0.0000000000
105620  53.474  0.533  44.552 0.0000000000
105621  52.761  0.193  44.214 0.0000000000
104671  53.311  -0.343  45.241 0.0000000000
104672  52.513  -0.543  45.775 0.0000000000
103733  51.772  -1.133  46.235 0.0000000000
101755  50.872  -3.844  47.644 0.0000000000
101756  50.466  -3.424  47.346 0.0000000000
100827  50.108  -4.116  46.916 0.0000000000
100829  49.174  -4.153  46.080 0.0000000000
113471  47.116  8.977  37.143 0.0000000000
112661  47.795  8.858  36.690 0.0000000000
112660  48.797  8.406  36.596 0.0000000000
111829  49.038  7.800  37.105 0.0000000000
111815  51.502  7.206  36.936 0.0000000000
110955  51.395  6.189  37.781 0.0000000000
110116  52.575  5.224  38.768 0.0000000000
114258  48.711  10.519  40.608 0.0000000000
114257  49.850  10.300  40.785 0.0000000000
114256  50.857  10.419  40.953 0.0000000000
111781  50.005  7.614  40.870 0.0000000000
112626  50.384  7.939  40.787 0.0000000000
110938  50.494  6.753  40.674 0.0000000000
110937  51.103  6.642  40.417 0.0000000000
110096  51.356  5.970  40.562 0.0000000000
110084  51.723  5.531  40.893 0.0000000000
108409  52.671  3.973  42.195 0.0000000000
108400  51.826  3.870  42.905 0.0000000000
108389  51.716  3.509  43.761 0.0000000000
108380  48.721  3.807  44.657 0.0000000000
108363  49.200  3.316  45.308 0.0000000000
122104  41.606  22.340  40.021 0.0000000000
122109  41.967  22.390  39.246 0.0000000000
122114  42.374  22.043  38.701 0.0000000000
121582  42.832  21.183  38.887 0.0000000000
120978  43.944  20.466  38.860 0.0000000000
119569  38.936  18.364  42.968 0.0000000000
119577  39.176  19.037  42.553 0.0000000000
119575  40.894  18.317  41.882 0.0000000000
118257  48.422  16.475  41.982 0.0000000000
118886  47.879  16.888  42.474 0.0000000000
118899  48.604  17.206  42.024 0.0000000000
119581  48.390  18.091  41.573 0.0000000000
120264  48.044  18.967  41.225 0.0000000000
118944  50.245  17.807  39.184 0.0000000000
118298  49.752  17.266  38.408 0.0000000000
118316  50.366  16.663  37.811 0.0000000000
117730  50.039  15.195  35.408 0.0000000000
115099  49.574  12.478  33.942 0.0000000000
114350  48.446  10.622  33.362 0.0000000000
113509  47.969  10.163  33.377 0.0000000000
114351  46.542  10.000  34.049 0.0000000000
113505  47.442  9.768  34.007 0.0000000000
110959  46.318  5.858  38.689 0.0000000000
110106  45.660  5.517  38.507 0.0000000000
110122  46.015  4.956  38.289 0.0000000000
109322  46.191  3.829  37.390 0.0000000000
108455  46.146  3.479  38.171 0.0000000000
107559  47.296  2.450  41.183 0.0000000000
107560  46.450  2.713  41.239 0.0000000000
107544  45.969  2.432  42.044 0.0000000000
106607  44.518  1.843  42.825 0.0000000000
106586  44.019  1.190  43.622 0.0000000000
106564  43.806  0.779  44.119 0.0000000000
105630  43.747  0.315  44.537 0.0000000000
105624  49.587  0.297  44.536 0.0000000000
104692  48.961  0.066  44.733 0.0000000000
104693  48.332  -0.002  44.858 0.0000000000
104677  46.777  -0.804  45.242 0.0000000000
110941  40.629  5.935  40.922 0.0000000000
110097  41.933  5.731  40.017 0.0000000000
110110  41.838  5.025  39.793 0.0000000000
109288  41.516  4.533  40.055 0.0000000000
108430  42.507  3.938  40.311 0.0000000000
115843  43.729  11.092  33.443 0.0000000000
114339  43.117  10.556  34.325 0.0000000000
113441  41.987  8.934  40.439 0.0000000000
113429  41.514  8.396  41.031 0.0000000000
111784  41.187  7.421  41.359 0.0000000000
117587  40.404  15.606  46.938 0.0000000000
116932  40.470  14.798  46.754 0.0000000000
105594  52.282  -0.554  47.142 0.0000000000
104658  52.502  -0.872  47.319 0.0000000000
103720  52.696  -1.860  47.936 0.0000000000
102722  52.193  -2.471  48.513 0.0000000000
103683  52.084  -2.340  49.123 0.0000000000
102719  51.780  -3.147  48.614 0.0000000000
102720  51.337  -3.270  48.134 0.0000000000
100820  49.996  -4.851  47.266 0.0000000000
112679  50.104  8.761  34.179 0.0000000000
112678  50.946  8.526  34.599 0.0000000000
111841  51.694  8.132  35.010 0.0000000000
114316  51.430  9.823  35.773 0.0000000000
112667  51.525  8.460  35.522 0.0000000000
111825  51.584  7.955  35.682 0.0000000000
112648  52.146  8.051  37.392 0.0000000000
114219  48.087  10.619  42.569 0.0000000000
114218  49.041  10.340  42.465 0.0000000000
113428  49.165  8.987  41.981 0.0000000000
112602  47.884  8.498  42.166 0.0000000000
112601  48.494  8.624  42.006 0.0000000000
112616  49.007  8.484  41.686 0.0000000000
110928  48.961  6.855  41.404 0.0000000000
110916  49.259  6.451  41.608 0.0000000000
110074  49.470  5.859  41.942 0.0000000000
109268  49.468  5.326  42.542 0.0000000000
109258  49.201  4.925  43.290 0.0000000000
109259  47.864  5.113  43.559 0.0000000000
109247  48.323  4.487  44.127 0.0000000000
120949  41.396  20.667  40.267 0.0000000000
118247  42.934  16.374  42.746 0.0000000000
118890  43.778  16.929  42.148 0.0000000000
118245  45.329  16.245  42.519 0.0000000000
118244  46.334  16.381  42.483 0.0000000000
117615  47.369  15.911  42.116 0.0000000000
117654  46.886  15.349  40.885 0.0000000000
117653  47.748  15.576  40.734 0.0000000000
117634  48.287  16.023  41.358 0.0000000000
117652  48.486  16.213  40.406 0.0000000000
117017  49.706  15.314  37.499 0.0000000000
117031  49.350  14.685  37.092 0.0000000000
116409  49.386  14.174  36.422 0.0000000000
115790  49.001  12.833  35.473 0.0000000000
115791  48.727  13.077  36.247 0.0000000000
115090  49.454  12.116  34.810 0.0000000000
109309  49.086  4.113  38.645 0.0000000000
108453  48.632  3.446  38.505 0.0000000000
107595  48.458  2.963  38.725 0.0000000000
107584  48.413  2.684  39.331 0.0000000000
106633  48.805  2.279  40.156 0.0000000000
107558  47.892  2.355  40.754 0.0000000000
106605  46.485  1.939  42.550 0.0000000000
105650  46.343  1.268  43.682 0.0000000000
102732  47.070  -2.791  45.906 0.0000000000
102736  46.677  -2.260  45.612 0.0000000000
101770  46.088  -3.408  45.281 0.0000000000
106592  37.593  1.380  43.419 0.0000000000
108403  38.829  3.066  42.050 0.0000000000
107552  38.845  2.302  42.508 0.0000000000
105657  38.416  0.458  43.663 0.0000000000
103750  40.105  -1.193  44.170 0.0000000000
117717  45.998  14.889  37.221 0.0000000000
133118  43.809  11.427  34.047 0.0000000000
115055  46.661  11.773  39.422 0.0000000000
114278  46.450  11.251  39.925 0.0000000000
114260  46.314  10.891  40.510 0.0000000000
114261  45.468  11.279  40.745 0.0000000000
114240  46.591  10.576  41.483 0.0000000000
114205  47.177  10.296  43.558 0.0000000000
120244  37.418  19.457  44.316 0.0000000000
120234  37.246  20.103  45.894 0.0000000000
120239  37.195  19.810  45.331 0.0000000000
119565  37.703  19.204  43.826 0.0000000000
118880  38.537  18.220  43.456 0.0000000000
118220  39.704  16.796  45.987 0.0000000000
118232  43.596  15.700  43.164 0.0000000000
117618  44.808  15.487  42.567 0.0000000000
116967  45.135  15.153  42.089 0.0000000000
116969  43.986  14.600  42.830 0.0000000000
116369  45.025  14.209  41.374 0.0000000000
116993  45.614  14.665  40.878 0.0000000000
116378  45.971  13.438  40.117 0.0000000000
115757  46.660  12.871  39.393 0.0000000000
106619  52.095  0.937  41.653 0.0000000000
105673  52.354  0.707  42.296 0.0000000000
106579  51.718  0.909  43.015 0.0000000000
105622  51.822  0.218  44.524 0.0000000000
105612  50.208  0.006  45.099 0.0000000000
104667  48.766  -1.176  46.051 0.0000000000
103729  48.289  -1.835  46.271 0.0000000000
104665  52.521  -0.538  46.451 0.0000000000
103732  52.355  -1.113  46.485 0.0000000000
103727  50.757  -1.723  46.639 0.0000000000
102725  50.216  -2.897  47.189 0.0000000000
103728  49.353  -1.901  46.654 0.0000000000
112642  45.503  7.800  38.259 0.0000000000
110958  47.656  5.920  38.487 0.0000000000
110120  48.378  5.004  38.492 0.0000000000
112659  49.769  7.974  35.621 0.0000000000
111816  50.508  7.046  36.982 0.0000000000
111817  49.521  7.237  37.300 0.0000000000
111805  49.263  6.794  37.999 0.0000000000
108451  50.832  3.245  38.346 0.0000000000
107592  51.118  2.605  38.471 0.0000000000
107581  51.817  2.358  38.666 0.0000000000
107580  52.624  2.008  38.812 0.0000000000
114291  48.723  10.870  38.614 0.0000000000
114275  49.796  10.271  39.563 0.0000000000
113458  51.217  9.623  38.345 0.0000000000
114236  50.752  10.110  41.606 0.0000000000
114255  51.742  10.616  41.216 0.0000000000
112614  51.280  8.939  41.244 0.0000000000
112623  52.290  9.211  41.266 0.0000000000
113446  52.549  9.794  40.710 0.0000000000
112632  51.942  8.550  39.994 0.0000000000
110944  52.782  6.097  39.001 0.0000000000
109296  53.186  4.761  39.223 0.0000000000
109285  52.970  5.199  40.161 0.0000000000
109295  53.567  3.784  39.050 0.0000000000
108436  53.962  3.114  39.741 0.0000000000
106639  53.361  1.775  40.257 0.0000000000
106628  53.459  1.802  41.151 0.0000000000
106617  53.611  1.816  42.143 0.0000000000
106598  53.938  1.651  43.046 0.0000000000
108398  53.471  3.061  43.210 0.0000000000
107534  53.691  2.286  43.548 0.0000000000
106576  53.625  1.448  43.913 0.0000000000
106559  53.287  1.506  44.790 0.0000000000
106560  52.934  1.864  45.075 0.0000000000
106538  52.603  0.879  46.170 0.0000000000
108378  50.960  3.448  44.656 0.0000000000
107513  52.082  2.250  45.467 0.0000000000
106549  52.093  1.722  45.875 0.0000000000
105605  51.625  0.283  46.661 0.0000000000
105596  50.793  -0.058  47.261 0.0000000000
105580  50.603  -0.328  48.006 0.0000000000
121590  44.907  21.955  37.852 0.0000000000
121581  44.181  21.524  38.271 0.0000000000
121580  45.479  21.385  38.316 0.0000000000
121579  46.465  21.401  38.322 0.0000000000
120975  47.071  21.019  38.871 0.0000000000
120959  47.212  20.414  38.911 0.0000000000
120933  41.637  20.161  40.711 0.0000000000
120948  42.302  20.141  40.423 0.0000000000
118904  43.463  17.796  41.606 0.0000000000
118902  45.702  17.675  41.951 0.0000000000
120282  43.271  19.662  40.572 0.0000000000
120292  43.952  19.610  40.276 0.0000000000
120291  44.577  19.374  39.999 0.0000000000
120290  45.690  19.438  39.866 0.0000000000
120289  46.668  19.756  39.859 0.0000000000
120278  47.354  19.332  40.505 0.0000000000
119602  48.072  18.736  39.588 0.0000000000
118317  49.309  16.743  37.339 0.0000000000
116428  47.816  13.863  35.996 0.0000000000
116463  46.945  12.916  33.600 0.0000000000
117046  49.881  14.682  35.606 0.0000000000
115817  49.271  14.113  33.968 0.0000000000
115816  49.428  13.414  33.720 0.0000000000
115828  48.908  13.337  33.204 0.0000000000
116461  48.596  13.547  33.339 0.0000000000
116462  47.915  13.356  33.441 0.0000000000
116471  46.971  12.576  33.038 0.0000000000
115837  46.549  12.200  32.822 0.0000000000
115118  45.416  10.999  33.357 0.0000000000
133114  44.999  10.448  34.116 0.0000000000
114337  45.550  10.260  35.199 0.0000000000
114352  46.259  10.160  34.629 0.0000000000
114319  45.269  10.244  35.951 0.0000000000
111810  44.164  6.908  38.707 0.0000000000
110125  43.484  5.347  38.373 0.0000000000
110134  44.585  5.122  37.446 0.0000000000
110135  43.918  4.985  37.791 0.0000000000
109315  43.414  4.671  38.383 0.0000000000
109298  43.009  4.319  39.171 0.0000000000
108414  42.999  3.539  40.887 0.0000000000
108454  47.322  3.538  38.455 0.0000000000
108411  46.084  3.210  40.734 0.0000000000
108427  45.809  3.487  39.896 0.0000000000
108413  44.073  3.498  40.750 0.0000000000
107564  42.497  3.026  41.696 0.0000000000
106588  41.875  1.384  43.605 0.0000000000
106587  42.930  1.492  43.669 0.0000000000
104700  41.229  -0.565  44.307 0.0000000000
106602  50.186  1.219  42.482 0.0000000000
106561  48.965  0.875  43.908 0.0000000000
106581  49.228  1.030  43.287 0.0000000000
103737  46.275  -1.572  45.387 0.0000000000
104678  45.776  -0.806  45.292 0.0000000000
102738  44.929  -2.228  45.221 0.0000000000
104696  45.209  -0.203  44.906 0.0000000000
105628  45.560  0.415  44.332 0.0000000000
105629  44.645  0.275  44.457 0.0000000000
104698  43.300  -0.672  44.661 0.0000000000
101753  48.978  -4.086  48.566 0.0000000000
100811  48.978  -4.740  48.203 0.0000000000
99814  48.747  -5.353  47.655 0.0000000000
100821  49.403  -5.177  47.500 0.0000000000
101723  51.121  -3.142  49.998 0.0000000000
101724  50.968  -3.326  50.048 0.0000000000
101725  50.593  -3.459  50.030 0.0000000000
101741  51.625  -3.044  49.496 0.0000000000
101742  51.388  -3.130  49.712 0.0000000000
101749  51.791  -3.066  49.313 0.0000000000
101759  50.363  -3.895  47.187 0.0000000000
102687  51.138  -2.913  49.978 0.0000000000
102688  50.994  -2.985  50.148 0.0000000000
102706  51.719  -2.761  49.451 0.0000000000
102708  50.676  -2.695  50.007 0.0000000000
102718  52.064  -2.787  49.084 0.0000000000
102724  50.994  -2.681  47.526 0.0000000000
102735  47.291  -2.233  45.812 0.0000000000
103684  51.706  -2.179  49.399 0.0000000000
103722  50.516  -2.442  47.053 0.0000000000
103726  51.908  -1.721  46.892 0.0000000000
103735  47.833  -1.455  45.908 0.0000000000
104659  52.250  -0.662  47.750 0.0000000000
104689  53.201  -0.168  44.605 0.0000000000
104691  52.144  -0.173  45.233 0.0000000000
105581  50.313  0.004  48.035 0.0000000000
105608  53.389  0.172  45.784 0.0000000000
105649  49.316  0.726  43.983 0.0000000000
105665  52.665  1.016  42.530 0.0000000000
105668  50.396  0.836  43.113 0.0000000000
105672  52.621  0.789  41.984 0.0000000000
106548  52.685  1.465  45.612 0.0000000000
106562  48.459  1.116  43.914 0.0000000000
106577  53.452  1.264  43.408 0.0000000000
106578  52.002  0.867  43.016 0.0000000000
106600  51.947  0.701  42.550 0.0000000000
106643  49.733  2.360  39.167 0.0000000000
107514  51.393  2.439  45.725 0.0000000000
107527  53.414  2.007  44.183 0.0000000000
107572  48.836  2.407  39.690 0.0000000000
107573  48.256  2.450  40.097 0.0000000000
107575  46.940  2.840  40.726 0.0000000000
107590  53.391  2.537  38.770 0.0000000000
107591  53.134  2.334  38.697 0.0000000000
108360  51.619  2.637  45.331 0.0000000000
108376  52.540  2.656  44.582 0.0000000000
108410  46.574  2.993  40.702 0.0000000000
108425  47.449  3.151  39.879 0.0000000000
108438  52.438  2.550  38.573 0.0000000000
108448  53.622  2.944  38.858 0.0000000000
108449  52.951  2.906  38.559 0.0000000000
108456  45.291  3.719  38.055 0.0000000000
108457  44.694  4.087  37.887 0.0000000000
108464  45.851  3.690  37.536 0.0000000000
108466  44.905  4.329  37.591 0.0000000000
109297  43.710  4.355  38.704 0.0000000000
109313  45.282  5.000  37.407 0.0000000000
109323  45.802  4.144  37.397 0.0000000000
109324  45.130  4.619  37.419 0.0000000000
109326  43.961  4.636  37.970 0.0000000000
110073  50.234  5.665  41.751 0.0000000000
110094  52.496  5.659  39.933 0.0000000000
110107  45.355  5.630  38.473 0.0000000000
110123  45.168  5.407  37.957 0.0000000000
110133  45.006  5.149  37.307 0.0000000000
110929  48.377  6.786  41.596 0.0000000000
110947  45.483  5.745  38.624 0.0000000000
110953  52.690  5.794  38.884 0.0000000000
111782  49.350  7.591  41.187 0.0000000000
111791  50.552  7.373  40.567 0.0000000000
111819  47.698  7.394  37.939 0.0000000000
111834  51.695  8.010  35.266 0.0000000000
111835  51.536  7.800  35.130 0.0000000000
111836  51.010  7.542  35.187 0.0000000000
111842  51.422  8.124  34.807 0.0000000000
112604  40.504  8.166  42.168 0.0000000000
112612  52.247  9.287  41.452 0.0000000000
112613  52.044  9.120  41.431 0.0000000000
112617  48.269  8.150  41.783 0.0000000000
112624  51.985  8.626  40.852 0.0000000000
112677  51.409  8.555  34.944 0.0000000000
113393  48.573  9.815  42.617 0.0000000000
113408  50.354  9.705  41.946 0.0000000000
113424  52.254  9.478  41.560 0.0000000000
113427  49.642  9.077  41.858 0.0000000000
113438  52.437  9.478  41.168 0.0000000000
113439  52.279  9.240  40.542 0.0000000000
113475  43.040  10.253  37.609 0.0000000000
113480  51.147  9.955  36.762 0.0000000000
113485  45.023  10.133  36.460 0.0000000000
113491  51.339  9.264  35.344 0.0000000000
113492  51.072  9.621  34.923 0.0000000000
113493  48.494  8.601  35.105 0.0000000000
113506  46.728  9.878  34.425 0.0000000000
113510  47.475  10.217  33.447 0.0000000000
114234  52.255  9.765  41.684 0.0000000000
114235  51.659  10.116  41.846 0.0000000000
114254  52.464  10.193  41.358 0.0000000000
114272  52.338  10.296  40.650 0.0000000000
114333  51.299  9.991  35.367 0.0000000000
114336  46.190  10.171  35.095 0.0000000000
114367  44.880  10.561  33.955 0.0000000000
115053  48.435  11.140  38.816 0.0000000000
115070  45.009  13.133  36.433 0.0000000000
115071  45.085  12.911  36.607 0.0000000000
115081  45.093  13.025  36.242 0.0000000000
115082  45.027  13.081  36.427 0.0000000000
115091  43.540  11.815  34.466 0.0000000000
115122  44.363  10.687  33.832 0.0000000000
115735  43.629  13.111  42.485 0.0000000000
115742  44.039  13.489  41.982 0.0000000000
115751  44.675  13.476  41.031 0.0000000000
115776  45.045  13.260  36.535 0.0000000000
115777  44.850  13.208  36.358 0.0000000000
115792  45.357  13.089  36.232 0.0000000000
115806  46.288  12.808  35.264 0.0000000000
115808  44.666  12.641  35.342 0.0000000000
115819  45.410  12.328  34.740 0.0000000000
115830  46.433  12.323  33.252 0.0000000000
115831  46.207  12.105  34.042 0.0000000000
115836  47.284  12.473  32.861 0.0000000000
116335  41.451  13.486  45.500 0.0000000000
116346  41.551  13.784  45.085 0.0000000000
116360  44.249  14.287  42.132 0.0000000000
116371  44.090  13.866  41.980 0.0000000000
116380  44.831  13.789  41.235 0.0000000000
116411  45.268  13.239  36.385 0.0000000000
116412  44.980  13.286  36.616 0.0000000000
116429  47.271  13.633  36.122 0.0000000000
116431  44.641  13.603  36.709 0.0000000000
116453  49.057  13.844  33.466 0.0000000000
116456  46.754  13.065  34.406 0.0000000000
116470  47.417  13.015  32.971 0.0000000000
116936  40.660  14.561  46.206 0.0000000000
116944  41.603  14.223  44.876 0.0000000000
116954  42.779  14.588  43.952 0.0000000000
116968  44.459  14.667  42.368 0.0000000000
116981  45.256  14.697  41.454 0.0000000000
116982  44.805  14.672  41.885 0.0000000000
116991  47.253  14.904  40.294 0.0000000000
117066  49.573  14.794  35.237 0.0000000000
117068  48.414  14.448  35.779 0.0000000000
117604  40.944  15.454  44.331 0.0000000000
117616  46.547  15.917  42.196 0.0000000000
117635  47.538  15.666  41.504 0.0000000000
117668  51.019  16.433  38.881 0.0000000000
117681  50.833  16.382  38.275 0.0000000000
117696  47.493  15.734  37.221 0.0000000000
118223  40.032  16.137  45.559 0.0000000000
118233  43.187  15.777  43.300 0.0000000000
118236  39.576  16.817  43.692 0.0000000000
118241  48.221  16.486  42.211 0.0000000000
118243  47.225  16.375  42.500 0.0000000000
118258  48.022  15.968  41.973 0.0000000000
118283  50.796  16.819  39.415 0.0000000000
118296  51.155  16.936  38.788 0.0000000000
118297  50.692  17.228  38.579 0.0000000000
118315  50.783  16.701  38.329 0.0000000000
118333  50.147  16.308  36.849 0.0000000000
118871  38.591  17.745  44.670 0.0000000000
118879  39.228  17.629  43.270 0.0000000000
118885  48.286  16.717  42.278 0.0000000000
118887  47.024  17.034  42.681 0.0000000000
118894  39.555  18.309  42.668 0.0000000000
118901  46.753  17.652  42.095 0.0000000000
118906  41.605  18.387  41.655 0.0000000000
118922  51.184  17.150  39.288 0.0000000000
119564  37.911  18.652  43.925 0.0000000000
119570  38.458  18.870  43.175 0.0000000000
119571  38.001  19.164  43.534 0.0000000000
119578  38.581  19.376  42.772 0.0000000000
120249  37.687  19.628  43.467 0.0000000000
120258  37.934  19.779  43.056 0.0000000000
120280  45.225  19.110  40.712 0.0000000000
120934  41.089  20.280  40.971 0.0000000000
120947  43.029  20.201  40.203 0.0000000000
120950  40.749  20.620  40.738 0.0000000000
120964  42.693  20.577  39.665 0.0000000000
121514  37.223  21.702  47.644 0.0000000000
121524  36.974  21.463  46.986 0.0000000000
122108  42.477  22.714  38.858 0.0000000000
122661  42.873  23.230  38.814 0.0000000000
122674  45.654  23.502  37.624 0.0000000000
