#!ascii label  , from subject 4079 vox2ras=TkReg
962
47770  -37.810  -42.309  42.106 0.0000000000
43376  -21.157  -45.641  44.838 0.0000000000
44366  -29.044  -45.537  43.263 0.0000000000
73755  -45.300  -13.186  32.638 0.0000000000
77547  -50.050  -11.469  26.929 0.0000000000
43274  -15.104  -44.796  50.880 0.0000000000
72795  -42.102  -15.230  35.451 0.0000000000
50623  -39.052  -38.359  41.013 0.0000000000
45465  -33.125  -43.797  41.994 0.0000000000
43330  -17.109  -44.862  46.605 0.0000000000
39633  -18.572  -49.962  49.287 0.0000000000
49752  -32.040  -39.727  37.794 0.0000000000
52568  -33.457  -36.783  37.568 0.0000000000
44362  -24.498  -45.476  43.317 0.0000000000
49690  -27.822  -39.404  40.067 0.0000000000
62104  -41.086  -27.251  31.626 0.0000000000
67828  -42.430  -21.437  32.558 0.0000000000
70932  -44.988  -19.362  31.894 0.0000000000
38625  -11.729  -51.136  51.180 0.0000000000
35640  -9.041  -53.626  53.228 0.0000000000
55608  -33.910  -33.978  37.000 0.0000000000
56717  -35.172  -32.708  35.779 0.0000000000
57793  -38.241  -31.702  32.696 0.0000000000
38660  -14.288  -50.215  49.537 0.0000000000
42361  -21.242  -47.807  46.507 0.0000000000
42363  -23.842  -47.430  47.263 0.0000000000
46612  -35.395  -43.022  42.174 0.0000000000
44307  -19.197  -42.546  46.246 0.0000000000
43348  -19.123  -45.947  45.680 0.0000000000
41427  -19.713  -47.507  46.891 0.0000000000
49712  -31.984  -37.878  40.705 0.0000000000
49728  -30.222  -39.673  38.440 0.0000000000
64869  -39.335  -24.084  33.359 0.0000000000
64880  -41.778  -24.307  31.714 0.0000000000
68843  -39.292  -20.477  33.661 0.0000000000
72835  -42.296  -16.594  32.167 0.0000000000
73760  -44.144  -15.682  31.244 0.0000000000
70952  -47.451  -18.864  30.712 0.0000000000
73771  -46.022  -15.270  29.971 0.0000000000
73796  -47.515  -14.853  28.600 0.0000000000
54525  -32.764  -35.058  41.430 0.0000000000
53519  -34.600  -35.669  37.215 0.0000000000
56675  -30.949  -33.139  39.517 0.0000000000
58854  -33.419  -30.435  36.295 0.0000000000
59967  -34.993  -29.941  35.438 0.0000000000
56742  -37.475  -33.173  33.716 0.0000000000
58871  -36.556  -29.205  34.686 0.0000000000
61053  -37.993  -27.786  34.085 0.0000000000
44364  -26.746  -46.104  43.399 0.0000000000
40464  -12.589  -47.952  50.454 0.0000000000
41362  -14.211  -47.376  48.861 0.0000000000
32706  -9.155  -56.656  54.474 0.0000000000
32696  -7.858  -57.162  55.213 0.0000000000
70863  -40.337  -18.046  36.339 0.0000000000
53489  -39.265  -36.260  41.472 0.0000000000
45445  -30.655  -44.203  42.447 0.0000000000
43295  -15.765  -44.428  48.515 0.0000000000
41384  -15.634  -47.574  47.951 0.0000000000
41408  -17.321  -47.569  47.020 0.0000000000
77561  -51.552  -11.461  25.933 0.0000000000
47825  -35.101  -41.056  39.427 0.0000000000
49731  -36.129  -39.665  38.805 0.0000000000
50680  -33.136  -38.321  37.720 0.0000000000
45401  -20.682  -43.267  44.415 0.0000000000
44338  -22.767  -45.008  44.006 0.0000000000
46573  -22.960  -41.976  43.713 0.0000000000
47749  -24.221  -41.628  42.900 0.0000000000
47751  -26.047  -41.321  41.492 0.0000000000
49669  -26.488  -38.738  41.377 0.0000000000
47768  -27.507  -42.255  40.816 0.0000000000
46649  -29.710  -42.052  39.626 0.0000000000
47822  -32.203  -41.862  39.242 0.0000000000
57818  -42.630  -30.987  32.432 0.0000000000
70909  -40.580  -18.595  32.837 0.0000000000
69891  -43.767  -19.597  32.401 0.0000000000
74712  -49.171  -13.989  27.559 0.0000000000
37699  -9.782  -52.268  52.440 0.0000000000
33624  -10.900  -55.513  53.521 0.0000000000
51597  -36.780  -37.955  38.728 0.0000000000
53511  -36.915  -36.054  39.475 0.0000000000
55574  -36.958  -34.710  39.254 0.0000000000
57724  -31.256  -31.608  38.058 0.0000000000
56705  -33.939  -32.645  36.824 0.0000000000
55612  -37.984  -34.351  38.500 0.0000000000
55626  -38.748  -34.393  37.139 0.0000000000
55665  -39.712  -33.952  34.228 0.0000000000
57778  -41.044  -32.302  33.304 0.0000000000
60011  -39.578  -29.312  31.995 0.0000000000
62094  -38.640  -26.838  33.246 0.0000000000
42388  -25.546  -47.066  46.316 0.0000000000
40442  -11.675  -48.304  51.815 0.0000000000
38638  -13.143  -50.696  50.346 0.0000000000
39631  -16.346  -49.980  49.044 0.0000000000
32693  -5.807  -57.228  54.788 0.0000000000
42384  -21.463  -47.318  45.804 0.0000000000
41430  -22.725  -47.641  47.025 0.0000000000
43350  -22.023  -46.701  45.301 0.0000000000
46613  -36.418  -42.772  41.998 0.0000000000
44336  -19.888  -44.358  44.540 0.0000000000
44319  -18.682  -44.416  45.453 0.0000000000
43375  -20.034  -45.772  45.061 0.0000000000
43349  -19.939  -46.533  45.435 0.0000000000
65768  -38.502  -22.639  35.403 0.0000000000
66817  -39.268  -22.099  33.703 0.0000000000
68830  -38.703  -20.914  35.092 0.0000000000
73743  -44.500  -13.489  33.439 0.0000000000
73742  -43.831  -13.985  32.899 0.0000000000
73754  -44.570  -14.013  32.104 0.0000000000
73770  -45.136  -15.762  29.845 0.0000000000
73762  -45.620  -13.957  31.356 0.0000000000
74682  -46.329  -13.857  30.387 0.0000000000
55590  -32.193  -34.169  40.258 0.0000000000
59951  -35.036  -29.028  35.873 0.0000000000
58870  -35.979  -30.299  34.493 0.0000000000
58858  -36.715  -28.880  35.396 0.0000000000
59968  -37.168  -28.667  35.339 0.0000000000
44365  -27.945  -45.810  43.221 0.0000000000
43398  -27.868  -46.564  43.938 0.0000000000
43399  -28.910  -46.279  43.886 0.0000000000
41318  -13.295  -46.368  50.555 0.0000000000
42307  -14.174  -46.352  49.444 0.0000000000
75677  -50.424  -12.825  26.853 0.0000000000
31805  -8.317  -57.365  55.166 0.0000000000
49681  -40.585  -39.419  42.381 0.0000000000
51561  -39.021  -37.516  41.138 0.0000000000
45464  -32.104  -43.803  42.050 0.0000000000
44391  -32.955  -44.280  43.376 0.0000000000
44305  -17.581  -43.768  46.865 0.0000000000
44294  -16.864  -43.013  48.319 0.0000000000
43296  -16.306  -43.606  49.146 0.0000000000
43310  -16.029  -44.929  47.101 0.0000000000
43309  -15.887  -46.037  46.792 0.0000000000
43329  -16.959  -45.964  46.455 0.0000000000
41411  -20.510  -48.086  47.477 0.0000000000
41385  -19.806  -48.287  48.093 0.0000000000
47840  -33.559  -41.168  38.473 0.0000000000
48814  -34.184  -39.844  37.756 0.0000000000
49753  -32.516  -39.280  37.847 0.0000000000
46555  -21.677  -40.692  45.820 0.0000000000
46564  -21.496  -42.062  44.742 0.0000000000
47713  -22.418  -40.863  45.042 0.0000000000
47735  -23.936  -40.640  44.089 0.0000000000
47750  -24.707  -40.984  42.495 0.0000000000
48725  -25.394  -39.714  42.405 0.0000000000
49652  -28.994  -37.422  42.070 0.0000000000
49670  -27.081  -38.974  40.708 0.0000000000
48742  -26.421  -39.995  40.882 0.0000000000
48754  -27.118  -40.527  40.197 0.0000000000
47784  -28.336  -42.323  40.206 0.0000000000
48784  -28.245  -40.936  39.175 0.0000000000
49741  -30.963  -40.119  37.969 0.0000000000
48797  -30.771  -40.697  38.283 0.0000000000
47839  -32.531  -41.322  38.463 0.0000000000
47823  -33.281  -41.746  39.188 0.0000000000
61071  -41.280  -28.394  31.650 0.0000000000
61073  -43.072  -28.761  32.492 0.0000000000
62105  -42.193  -27.523  31.785 0.0000000000
66832  -41.530  -22.338  32.443 0.0000000000
64881  -42.916  -24.549  31.764 0.0000000000
72793  -40.404  -16.528  36.078 0.0000000000
71846  -40.223  -17.974  34.597 0.0000000000
71833  -41.251  -16.646  34.799 0.0000000000
71890  -43.258  -17.621  31.313 0.0000000000
70930  -42.812  -18.498  31.843 0.0000000000
70931  -43.997  -18.872  31.982 0.0000000000
70893  -45.438  -20.130  32.839 0.0000000000
74702  -47.878  -14.302  28.444 0.0000000000
75654  -48.065  -13.153  28.233 0.0000000000
75662  -48.588  -12.619  27.760 0.0000000000
38604  -10.852  -50.041  52.573 0.0000000000
38603  -10.485  -50.537  52.865 0.0000000000
37701  -10.801  -51.326  51.782 0.0000000000
34601  -11.796  -54.598  52.841 0.0000000000
32708  -10.872  -56.382  54.538 0.0000000000
50682  -35.574  -38.506  37.606 0.0000000000
49745  -36.319  -39.133  38.635 0.0000000000
51608  -35.907  -37.380  37.500 0.0000000000
54563  -33.864  -34.896  37.154 0.0000000000
53521  -36.249  -36.056  37.961 0.0000000000
54564  -35.560  -35.265  37.506 0.0000000000
53500  -36.869  -35.577  39.500 0.0000000000
55591  -36.038  -35.021  37.622 0.0000000000
59894  -31.715  -29.306  39.045 0.0000000000
57748  -34.395  -32.119  35.920 0.0000000000
57737  -33.463  -31.850  36.690 0.0000000000
56706  -35.088  -32.850  36.822 0.0000000000
56707  -36.183  -33.999  37.146 0.0000000000
55636  -36.446  -34.192  36.919 0.0000000000
55625  -38.037  -34.542  37.536 0.0000000000
55649  -37.294  -34.223  35.826 0.0000000000
57777  -37.696  -32.272  33.204 0.0000000000
55664  -38.488  -33.967  34.390 0.0000000000
56743  -38.769  -32.991  33.343 0.0000000000
55666  -40.670  -33.683  34.128 0.0000000000
56757  -39.694  -32.641  32.856 0.0000000000
57816  -40.562  -31.060  31.991 0.0000000000
58914  -39.140  -30.207  32.145 0.0000000000
62069  -38.501  -27.123  35.060 0.0000000000
63052  -38.601  -26.297  35.174 0.0000000000
44339  -24.022  -45.978  43.913 0.0000000000
43378  -23.665  -46.606  44.711 0.0000000000
43379  -24.764  -47.024  44.511 0.0000000000
39628  -13.493  -49.468  49.371 0.0000000000
39601  -12.367  -48.937  50.416 0.0000000000
38639  -14.207  -50.580  50.032 0.0000000000
40515  -16.937  -48.578  47.775 0.0000000000
40514  -15.898  -48.565  48.288 0.0000000000
39632  -17.469  -50.250  49.252 0.0000000000
41412  -21.662  -48.196  47.403 0.0000000000
41388  -22.733  -48.440  48.453 0.0000000000
42341  -23.886  -47.817  47.959 0.0000000000
42342  -24.548  -47.530  47.964 0.0000000000
46610  -33.877  -43.545  41.528 0.0000000000
45419  -34.122  -43.931  43.399 0.0000000000
45374  -18.597  -41.868  47.489 0.0000000000
44306  -18.680  -42.929  46.669 0.0000000000
44318  -18.024  -44.992  46.068 0.0000000000
42381  -18.161  -46.792  46.418 0.0000000000
42382  -18.915  -47.046  46.132 0.0000000000
41428  -20.290  -47.672  46.840 0.0000000000
49730  -31.722  -38.178  39.378 0.0000000000
50667  -32.295  -38.459  38.963 0.0000000000
49691  -29.022  -38.333  40.240 0.0000000000
49709  -28.804  -39.403  39.013 0.0000000000
49711  -30.989  -37.920  40.029 0.0000000000
63994  -39.930  -25.417  32.556 0.0000000000
63995  -40.784  -25.169  32.051 0.0000000000
64870  -39.935  -24.094  32.589 0.0000000000
66831  -40.536  -22.313  32.643 0.0000000000
67827  -41.180  -21.343  32.704 0.0000000000
72804  -41.792  -15.982  34.338 0.0000000000
74639  -43.077  -14.799  33.152 0.0000000000
72837  -43.887  -16.028  31.465 0.0000000000
71892  -44.486  -17.690  30.571 0.0000000000
70951  -46.207  -18.897  30.815 0.0000000000
72846  -45.703  -17.175  29.866 0.0000000000
72854  -46.399  -16.758  29.637 0.0000000000
72855  -47.383  -16.843  29.453 0.0000000000
73786  -47.083  -15.507  28.986 0.0000000000
74692  -46.745  -14.171  29.582 0.0000000000
36768  -13.116  -52.645  51.383 0.0000000000
36750  -12.084  -53.299  51.965 0.0000000000
35661  -13.392  -53.738  52.529 0.0000000000
53509  -32.838  -35.851  39.222 0.0000000000
53528  -33.782  -36.386  37.251 0.0000000000
54545  -32.354  -34.843  39.920 0.0000000000
54561  -32.161  -34.472  39.190 0.0000000000
55607  -32.938  -33.934  37.734 0.0000000000
59910  -32.911  -28.664  38.337 0.0000000000
59931  -33.437  -28.853  37.060 0.0000000000
59966  -34.490  -29.897  35.671 0.0000000000
57760  -34.713  -31.706  34.978 0.0000000000
56728  -35.382  -32.605  34.839 0.0000000000
57761  -35.360  -31.229  34.525 0.0000000000
58881  -36.344  -31.011  33.822 0.0000000000
58882  -37.016  -30.209  33.597 0.0000000000
58897  -38.043  -30.215  32.639 0.0000000000
59983  -37.133  -28.849  34.403 0.0000000000
44363  -25.469  -45.944  43.070 0.0000000000
43380  -25.790  -47.155  44.527 0.0000000000
44342  -26.673  -46.645  44.013 0.0000000000
40483  -13.156  -47.873  49.777 0.0000000000
40502  -13.901  -48.564  48.975 0.0000000000
34576  -9.259  -54.937  53.618 0.0000000000
36711  -8.195  -53.247  54.528 0.0000000000
33610  -8.361  -55.680  54.257 0.0000000000
33609  -7.465  -55.493  54.657 0.0000000000
33599  -7.013  -55.444  55.047 0.0000000000
54488  -39.451  -35.577  41.324 0.0000000000
45444  -29.567  -44.196  42.270 0.0000000000
44367  -29.950  -45.115  43.560 0.0000000000
43284  -16.392  -43.440  50.529 0.0000000000
43282  -15.242  -45.082  49.343 0.0000000000
42323  -14.928  -46.265  48.627 0.0000000000
42339  -15.676  -46.677  47.518 0.0000000000
41407  -16.487  -47.622  47.344 0.0000000000
40516  -18.180  -48.826  47.980 0.0000000000
41409  -18.336  -47.818  47.208 0.0000000000
40533  -18.654  -48.284  47.813 0.0000000000
39634  -19.417  -49.604  49.209 0.0000000000
77560  -50.786  -11.485  26.368 0.0000000000
47807  -35.879  -41.640  40.623 0.0000000000
48759  -37.123  -41.275  40.810 0.0000000000
48788  -35.629  -40.546  39.105 0.0000000000
49755  -34.658  -39.181  37.561 0.0000000000
51606  -33.787  -37.546  37.348 0.0000000000
50668  -32.975  -38.158  38.929 0.0000000000
51595  -33.180  -37.363  39.360 0.0000000000
52558  -33.124  -36.680  38.650 0.0000000000
53498  -33.014  -36.029  40.786 0.0000000000
43377  -22.352  -45.989  44.672 0.0000000000
45402  -21.690  -43.599  43.856 0.0000000000
45418  -22.451  -43.842  43.492 0.0000000000
44381  -23.331  -44.307  43.139 0.0000000000
46574  -23.449  -41.500  43.851 0.0000000000
46588  -23.751  -42.307  43.141 0.0000000000
45439  -24.265  -43.718  42.490 0.0000000000
45440  -25.136  -44.117  42.263 0.0000000000
46590  -25.887  -42.684  41.713 0.0000000000
45442  -27.085  -43.906  42.098 0.0000000000
49650  -26.162  -38.296  42.623 0.0000000000
48741  -26.051  -39.758  41.574 0.0000000000
47752  -26.827  -42.064  41.363 0.0000000000
46592  -27.882  -43.353  41.657 0.0000000000
46608  -29.265  -43.185  41.248 0.0000000000
46623  -30.041  -42.919  40.946 0.0000000000
46624  -31.150  -43.015  40.919 0.0000000000
47820  -29.821  -41.611  39.157 0.0000000000
47821  -31.036  -42.131  39.315 0.0000000000
46637  -32.526  -42.723  40.479 0.0000000000
46627  -34.137  -42.854  41.008 0.0000000000
47785  -34.805  -42.272  40.706 0.0000000000
46562  -19.990  -42.406  45.471 0.0000000000
63997  -43.069  -25.615  32.213 0.0000000000
70891  -39.329  -19.195  35.119 0.0000000000
69877  -40.366  -19.478  33.060 0.0000000000
68854  -41.965  -20.458  32.656 0.0000000000
72834  -41.543  -16.735  32.564 0.0000000000
70929  -41.499  -18.585  32.186 0.0000000000
68855  -43.356  -20.508  32.524 0.0000000000
68845  -44.506  -20.745  32.662 0.0000000000
74713  -50.087  -14.419  27.377 0.0000000000
76618  -49.421  -12.390  27.406 0.0000000000
77532  -48.914  -11.335  27.668 0.0000000000
37678  -9.893  -51.263  53.488 0.0000000000
35656  -9.287  -53.082  52.875 0.0000000000
36749  -11.207  -53.234  52.083 0.0000000000
35658  -10.907  -53.962  52.676 0.0000000000
34587  -9.637  -54.684  53.280 0.0000000000
33612  -10.487  -55.877  54.044 0.0000000000
48772  -37.380  -40.362  40.208 0.0000000000
49715  -37.748  -39.265  39.913 0.0000000000
50641  -37.894  -38.190  39.748 0.0000000000
52571  -35.867  -36.838  37.460 0.0000000000
52549  -36.841  -36.909  38.646 0.0000000000
51575  -37.845  -37.366  39.871 0.0000000000
53502  -38.035  -36.132  40.480 0.0000000000
54507  -38.029  -35.358  40.553 0.0000000000
54529  -38.246  -34.808  40.414 0.0000000000
56674  -31.010  -32.359  38.557 0.0000000000
56689  -31.935  -32.687  37.914 0.0000000000
58839  -32.037  -30.577  37.567 0.0000000000
56704  -32.943  -32.341  37.104 0.0000000000
56691  -34.528  -33.435  37.066 0.0000000000
55610  -35.876  -34.596  37.396 0.0000000000
55593  -37.309  -34.448  38.768 0.0000000000
55663  -37.336  -33.925  34.749 0.0000000000
55651  -39.476  -34.471  35.347 0.0000000000
57796  -41.778  -31.627  32.974 0.0000000000
58916  -40.996  -30.336  31.925 0.0000000000
61070  -39.939  -28.175  31.817 0.0000000000
60010  -38.752  -29.225  32.372 0.0000000000
61061  -38.746  -27.972  32.495 0.0000000000
62095  -39.287  -26.866  32.381 0.0000000000
63981  -38.710  -24.908  33.725 0.0000000000
64859  -38.628  -23.883  34.705 0.0000000000
43351  -23.117  -47.069  45.412 0.0000000000
42364  -24.622  -47.176  47.236 0.0000000000
42389  -26.398  -47.042  46.235 0.0000000000
38615  -11.589  -50.035  51.489 0.0000000000
40443  -12.028  -47.629  51.427 0.0000000000
39600  -12.301  -49.656  50.599 0.0000000000
38626  -12.176  -50.656  50.856 0.0000000000
37723  -13.193  -51.771  50.964 0.0000000000
41383  -15.137  -47.848  48.413 0.0000000000
40503  -15.029  -48.558  48.619 0.0000000000
38662  -15.948  -50.589  49.414 0.0000000000
30811  -6.750  -58.552  56.373 0.0000000000
31786  -6.390  -57.923  56.097 0.0000000000
33598  -6.558  -55.645  55.111 0.0000000000
47789  -38.045  -41.702  41.757 0.0000000000
42403  -21.079  -46.413  45.271 0.0000000000
47769  -37.018  -42.176  41.941 0.0000000000
42402  -20.553  -46.720  45.446 0.0000000000
66784  -38.694  -21.885  36.183 0.0000000000
67797  -38.637  -21.514  35.264 0.0000000000
68814  -38.949  -20.893  35.743 0.0000000000
58857  -36.255  -29.143  35.348 0.0000000000
44386  -28.135  -44.930  42.492 0.0000000000
42292  -14.243  -45.211  51.011 0.0000000000
42308  -14.530  -45.539  49.983 0.0000000000
76619  -49.978  -12.212  27.220 0.0000000000
75678  -51.086  -13.044  26.660 0.0000000000
76632  -50.617  -12.264  26.698 0.0000000000
50605  -40.293  -38.635  42.110 0.0000000000
51562  -39.621  -37.841  41.764 0.0000000000
45447  -32.573  -43.920  42.785 0.0000000000
43311  -16.469  -43.970  47.672 0.0000000000
48799  -32.876  -40.591  38.003 0.0000000000
48813  -33.228  -39.921  37.698 0.0000000000
49633  -25.260  -38.801  44.662 0.0000000000
47736  -24.387  -40.181  43.591 0.0000000000
48724  -24.803  -39.611  43.458 0.0000000000
49649  -25.447  -38.824  43.496 0.0000000000
49671  -28.304  -38.118  41.026 0.0000000000
49689  -27.118  -39.787  40.392 0.0000000000
48768  -27.632  -40.646  39.614 0.0000000000
49708  -28.049  -39.865  39.434 0.0000000000
49742  -31.488  -39.589  38.053 0.0000000000
48798  -31.751  -40.527  37.925 0.0000000000
48811  -31.862  -39.962  37.735 0.0000000000
66833  -42.643  -22.445  32.265 0.0000000000
67829  -43.825  -21.544  32.401 0.0000000000
72785  -41.441  -15.595  36.774 0.0000000000
72794  -40.944  -15.986  35.535 0.0000000000
70949  -44.279  -18.440  31.280 0.0000000000
70948  -43.494  -18.194  31.405 0.0000000000
70910  -45.267  -19.792  32.623 0.0000000000
38614  -11.129  -50.482  51.787 0.0000000000
38613  -10.611  -50.969  52.147 0.0000000000
37721  -11.440  -51.692  51.368 0.0000000000
51607  -34.876  -37.558  37.100 0.0000000000
54546  -36.151  -35.316  37.764 0.0000000000
55609  -35.066  -34.379  37.307 0.0000000000
56718  -35.893  -33.431  36.459 0.0000000000
55648  -36.502  -33.930  36.142 0.0000000000
56756  -38.969  -32.385  32.751 0.0000000000
57794  -39.319  -31.935  32.356 0.0000000000
57814  -38.784  -31.087  32.104 0.0000000000
44340  -25.031  -46.549  43.708 0.0000000000
39616  -13.770  -50.012  49.484 0.0000000000
37749  -14.952  -51.486  50.433 0.0000000000
38640  -15.106  -51.045  50.057 0.0000000000
39647  -17.797  -49.518  48.430 0.0000000000
39646  -16.717  -49.432  48.488 0.0000000000
37659  -9.311  -51.860  53.962 0.0000000000
36712  -8.625  -52.628  54.306 0.0000000000
49700  -39.511  -39.631  41.510 0.0000000000
41413  -22.673  -47.997  47.458 0.0000000000
42385  -22.835  -47.432  46.398 0.0000000000
42362  -23.238  -47.699  47.351 0.0000000000
41390  -24.450  -47.985  48.657 0.0000000000
46611  -34.538  -43.183  41.845 0.0000000000
45467  -34.809  -43.635  42.358 0.0000000000
45375  -19.259  -41.745  46.752 0.0000000000
42383  -20.136  -47.490  45.940 0.0000000000
42360  -20.751  -47.879  46.836 0.0000000000
50654  -32.402  -38.089  39.806 0.0000000000
49692  -30.225  -37.777  40.802 0.0000000000
49694  -32.505  -37.762  42.267 0.0000000000
49729  -30.983  -38.679  38.829 0.0000000000
63982  -39.526  -25.060  33.133 0.0000000000
63983  -40.179  -24.792  32.518 0.0000000000
67812  -39.130  -21.327  33.959 0.0000000000
66818  -39.758  -22.256  33.095 0.0000000000
67813  -39.677  -21.271  33.197 0.0000000000
67826  -40.291  -21.606  32.789 0.0000000000
67814  -40.409  -20.946  32.829 0.0000000000
74626  -42.826  -14.642  33.834 0.0000000000
74640  -43.395  -14.285  33.363 0.0000000000
73753  -43.783  -14.976  31.939 0.0000000000
72843  -43.706  -16.664  31.314 0.0000000000
72844  -44.096  -16.461  30.765 0.0000000000
71893  -45.349  -18.019  30.112 0.0000000000
72845  -44.845  -16.675  29.985 0.0000000000
72853  -45.585  -16.310  29.759 0.0000000000
73772  -46.717  -16.085  29.540 0.0000000000
73785  -46.452  -14.853  29.528 0.0000000000
75626  -46.436  -12.955  30.655 0.0000000000
74683  -46.694  -13.680  30.067 0.0000000000
55572  -31.767  -33.684  40.536 0.0000000000
55589  -32.095  -34.006  39.631 0.0000000000
55606  -31.956  -33.953  38.643 0.0000000000
58868  -34.514  -30.622  35.266 0.0000000000
57774  -35.270  -31.956  34.431 0.0000000000
58869  -35.192  -30.547  34.976 0.0000000000
57792  -37.378  -31.421  33.083 0.0000000000
61036  -37.706  -28.248  35.030 0.0000000000
44384  -25.861  -45.093  42.549 0.0000000000
43383  -28.707  -46.755  44.653 0.0000000000
43382  -27.745  -47.084  44.619 0.0000000000
41339  -13.479  -46.718  49.938 0.0000000000
41338  -13.205  -47.254  50.093 0.0000000000
41361  -13.532  -47.513  49.503 0.0000000000
33611  -9.489  -55.598  54.008 0.0000000000
34575  -8.595  -54.770  53.896 0.0000000000
32705  -8.021  -56.599  54.793 0.0000000000
32704  -7.384  -56.084  54.964 0.0000000000
32695  -7.221  -56.662  55.278 0.0000000000
52511  -39.985  -36.978  42.424 0.0000000000
53475  -39.714  -36.269  41.985 0.0000000000
54489  -40.063  -35.679  42.016 0.0000000000
53474  -39.190  -36.067  41.484 0.0000000000
44388  -30.231  -44.548  43.070 0.0000000000
44389  -31.222  -44.540  43.161 0.0000000000
43283  -15.601  -44.046  49.940 0.0000000000
43294  -15.436  -45.497  47.939 0.0000000000
42358  -16.434  -46.908  46.872 0.0000000000
40531  -17.150  -48.014  47.393 0.0000000000
40532  -17.788  -48.249  47.443 0.0000000000
41426  -18.764  -47.432  46.807 0.0000000000
40518  -19.701  -48.602  48.327 0.0000000000
40534  -19.191  -48.342  48.076 0.0000000000
39649  -19.380  -49.105  48.640 0.0000000000
40517  -18.976  -48.726  48.253 0.0000000000
48770  -35.513  -40.985  39.780 0.0000000000
48787  -34.867  -40.902  38.858 0.0000000000
49754  -33.653  -39.167  37.547 0.0000000000
50681  -34.271  -38.392  37.346 0.0000000000
50655  -32.921  -37.584  40.186 0.0000000000
52548  -33.646  -37.005  40.581 0.0000000000
52547  -32.985  -36.751  40.208 0.0000000000
51605  -33.140  -37.452  38.160 0.0000000000
44337  -21.415  -44.657  44.336 0.0000000000
46572  -22.299  -42.723  43.728 0.0000000000
46586  -22.659  -43.325  43.449 0.0000000000
45437  -22.933  -43.820  43.178 0.0000000000
46587  -23.039  -42.951  43.398 0.0000000000
46589  -24.631  -42.758  41.979 0.0000000000
49651  -27.657  -37.653  42.043 0.0000000000
50575  -28.683  -37.289  43.197 0.0000000000
49635  -27.631  -37.456  43.913 0.0000000000
47767  -26.938  -41.527  40.993 0.0000000000
46606  -27.190  -42.382  41.292 0.0000000000
46607  -27.902  -42.915  41.161 0.0000000000
45461  -28.885  -43.633  41.673 0.0000000000
46621  -27.848  -42.499  40.698 0.0000000000
46634  -29.489  -42.406  40.060 0.0000000000
46635  -30.700  -42.715  40.104 0.0000000000
49727  -29.431  -40.088  38.522 0.0000000000
48785  -28.971  -40.674  38.749 0.0000000000
48786  -29.951  -40.727  38.579 0.0000000000
47838  -31.469  -41.404  38.577 0.0000000000
47837  -30.594  -41.367  38.745 0.0000000000
47803  -31.966  -42.430  39.848 0.0000000000
47804  -32.907  -42.268  39.896 0.0000000000
46638  -33.356  -42.702  40.485 0.0000000000
47824  -34.367  -41.418  39.188 0.0000000000
47806  -35.165  -41.536  40.161 0.0000000000
47786  -35.495  -41.993  41.004 0.0000000000
46554  -20.608  -41.513  45.704 0.0000000000
46563  -20.435  -42.372  45.193 0.0000000000
45400  -19.886  -42.933  45.102 0.0000000000
57797  -42.699  -31.467  32.961 0.0000000000
62107  -43.638  -28.169  32.725 0.0000000000
61074  -43.684  -28.794  32.611 0.0000000000
63996  -41.962  -25.338  31.529 0.0000000000
70862  -39.989  -19.119  36.766 0.0000000000
70876  -39.487  -19.551  35.932 0.0000000000
70877  -39.836  -18.464  35.559 0.0000000000
71862  -40.384  -17.881  33.559 0.0000000000
70908  -39.987  -18.631  33.623 0.0000000000
69889  -41.313  -19.523  32.684 0.0000000000
72821  -42.112  -16.092  33.091 0.0000000000
72820  -41.406  -16.627  33.487 0.0000000000
69890  -42.471  -19.529  32.428 0.0000000000
69878  -44.411  -20.257  32.645 0.0000000000
68833  -45.902  -20.776  33.214 0.0000000000
73797  -48.104  -15.170  28.484 0.0000000000
74703  -48.850  -14.453  28.019 0.0000000000
74704  -49.634  -15.100  28.098 0.0000000000
76603  -48.325  -11.882  28.003 0.0000000000
76617  -48.928  -12.340  27.618 0.0000000000
76604  -48.984  -11.813  27.686 0.0000000000
76605  -49.405  -11.868  27.496 0.0000000000
37700  -10.201  -51.686  52.284 0.0000000000
38594  -10.046  -50.372  54.109 0.0000000000
37677  -9.424  -51.919  52.916 0.0000000000
36766  -11.406  -52.562  51.665 0.0000000000
35659  -11.954  -54.044  52.456 0.0000000000
34589  -11.300  -54.908  53.130 0.0000000000
35642  -10.717  -54.489  52.965 0.0000000000
35641  -10.095  -54.203  52.931 0.0000000000
34588  -10.478  -54.870  53.194 0.0000000000
33623  -10.107  -55.337  53.534 0.0000000000
32699  -10.739  -56.930  55.059 0.0000000000
48789  -36.568  -40.095  39.515 0.0000000000
50657  -36.794  -38.626  39.008 0.0000000000
49733  -37.179  -39.158  39.558 0.0000000000
50658  -37.191  -38.599  39.367 0.0000000000
53529  -34.348  -36.187  37.152 0.0000000000
52570  -35.356  -36.608  37.258 0.0000000000
53530  -35.004  -36.064  37.199 0.0000000000
53510  -36.623  -36.064  38.681 0.0000000000
52550  -37.091  -36.537  39.314 0.0000000000
52539  -37.536  -36.810  39.732 0.0000000000
52540  -38.115  -36.715  40.318 0.0000000000
53501  -37.388  -36.082  40.082 0.0000000000
54527  -36.819  -35.082  39.495 0.0000000000
54528  -37.485  -35.134  40.240 0.0000000000
55575  -37.700  -34.508  39.793 0.0000000000
58820  -31.208  -30.375  38.522 0.0000000000
57713  -30.793  -31.620  39.077 0.0000000000
57712  -30.994  -31.934  38.393 0.0000000000
57723  -31.109  -31.877  38.227 0.0000000000
59949  -33.152  -29.711  36.655 0.0000000000
59930  -32.569  -29.625  37.372 0.0000000000
58840  -32.795  -30.464  36.855 0.0000000000
57738  -34.125  -32.189  36.473 0.0000000000
56692  -35.568  -33.886  37.238 0.0000000000
56708  -36.766  -34.591  37.317 0.0000000000
56694  -37.016  -34.705  37.831 0.0000000000
55611  -37.249  -34.559  38.273 0.0000000000
55594  -38.121  -34.252  39.392 0.0000000000
56741  -36.156  -33.106  34.228 0.0000000000
56745  -41.008  -32.820  33.547 0.0000000000
56730  -41.473  -33.425  34.492 0.0000000000
56746  -41.832  -32.591  34.176 0.0000000000
57780  -42.562  -31.766  34.124 0.0000000000
57779  -41.440  -32.142  33.549 0.0000000000
58915  -40.072  -30.240  31.934 0.0000000000
60012  -40.555  -29.335  31.766 0.0000000000
59998  -38.100  -28.961  33.100 0.0000000000
63063  -39.364  -26.040  32.885 0.0000000000
63062  -38.742  -25.850  33.592 0.0000000000
63971  -38.497  -24.710  34.540 0.0000000000
43353  -24.755  -47.254  45.479 0.0000000000
43352  -24.047  -47.310  45.632 0.0000000000
42387  -24.731  -47.146  46.408 0.0000000000
42343  -25.335  -47.375  47.900 0.0000000000
42365  -25.440  -47.084  47.143 0.0000000000
43355  -26.555  -47.238  45.404 0.0000000000
43400  -29.788  -45.702  44.132 0.0000000000
39565  -11.464  -48.749  52.205 0.0000000000
41298  -12.505  -47.056  51.251 0.0000000000
39614  -12.656  -50.108  50.238 0.0000000000
38637  -12.542  -50.300  50.465 0.0000000000
38627  -13.014  -51.163  50.650 0.0000000000
41363  -14.855  -47.139  48.453 0.0000000000
39645  -15.857  -49.245  48.672 0.0000000000
39630  -15.173  -49.646  48.950 0.0000000000
78486  -51.059  -10.488  26.136 0.0000000000
31794  -5.100  -58.032  55.648 0.0000000000
31785  -5.801  -58.142  56.235 0.0000000000
31795  -6.033  -57.651  55.622 0.0000000000
32694  -6.369  -56.791  55.249 0.0000000000
41429  -22.129  -47.753  46.749 0.0000000000
46629  -35.800  -42.559  41.453 0.0000000000
44320  -19.299  -43.240  45.648 0.0000000000
44335  -19.300  -45.043  44.727 0.0000000000
43374  -19.184  -45.364  45.102 0.0000000000
65787  -38.696  -23.486  34.168 0.0000000000
65788  -39.091  -23.081  33.657 0.0000000000
65779  -38.888  -22.539  33.982 0.0000000000
67798  -38.764  -21.418  34.627 0.0000000000
68842  -38.858  -20.659  34.379 0.0000000000
73761  -44.719  -15.291  30.830 0.0000000000
74691  -46.387  -14.546  29.888 0.0000000000
55573  -32.185  -34.318  40.976 0.0000000000
56662  -31.901  -33.615  41.497 0.0000000000
56661  -31.258  -32.824  41.298 0.0000000000
58856  -35.578  -29.565  35.310 0.0000000000
44385  -26.971  -45.045  42.533 0.0000000000
42291  -13.655  -45.877  50.586 0.0000000000
74727  -50.527  -13.495  26.828 0.0000000000
32697  -9.338  -57.336  54.940 0.0000000000
31806  -8.760  -57.221  54.873 0.0000000000
31798  -8.991  -57.812  55.370 0.0000000000
31797  -7.940  -57.914  55.635 0.0000000000
52528  -39.310  -36.821  41.508 0.0000000000
45463  -31.147  -43.811  41.930 0.0000000000
45446  -31.654  -44.141  42.606 0.0000000000
44370  -32.765  -44.906  43.723 0.0000000000
44345  -33.335  -45.217  44.400 0.0000000000
44295  -17.839  -42.525  47.791 0.0000000000
44285  -17.460  -42.123  49.077 0.0000000000
44284  -16.761  -42.733  49.785 0.0000000000
43328  -16.583  -46.410  46.642 0.0000000000
42359  -17.139  -46.785  46.661 0.0000000000
41410  -19.446  -47.987  47.713 0.0000000000
41386  -20.249  -48.428  48.160 0.0000000000
40519  -20.516  -48.888  48.753 0.0000000000
47841  -34.306  -40.915  38.515 0.0000000000
48800  -33.829  -40.483  38.082 0.0000000000
47733  -22.421  -41.706  44.293 0.0000000000
48707  -24.529  -39.668  44.455 0.0000000000
48753  -26.771  -40.336  40.580 0.0000000000
47782  -26.933  -41.124  40.525 0.0000000000
47783  -27.538  -41.845  40.238 0.0000000000
47800  -28.508  -41.993  39.802 0.0000000000
47801  -29.291  -41.920  39.605 0.0000000000
60013  -41.631  -29.492  31.746 0.0000000000
60014  -42.637  -29.570  32.027 0.0000000000
61072  -42.279  -28.587  32.014 0.0000000000
62106  -42.926  -27.826  32.423 0.0000000000
65802  -41.673  -23.300  32.045 0.0000000000
65803  -42.744  -23.468  31.886 0.0000000000
71819  -40.587  -17.061  36.964 0.0000000000
70878  -40.244  -17.870  35.689 0.0000000000
71832  -40.648  -17.262  35.493 0.0000000000
71847  -40.946  -17.119  34.144 0.0000000000
71880  -42.757  -17.350  31.579 0.0000000000
70947  -42.986  -17.991  31.351 0.0000000000
69879  -44.747  -19.948  32.683 0.0000000000
74701  -47.232  -14.318  28.808 0.0000000000
75655  -48.773  -13.722  27.767 0.0000000000
39563  -10.789  -49.918  52.964 0.0000000000
33613  -11.264  -55.946  54.213 0.0000000000
49744  -35.878  -39.087  38.257 0.0000000000
50669  -35.950  -38.705  38.095 0.0000000000
50683  -36.203  -37.996  37.899 0.0000000000
54565  -36.250  -35.689  37.946 0.0000000000
54547  -36.597  -35.307  38.420 0.0000000000
55592  -36.782  -34.917  38.071 0.0000000000
57746  -33.219  -31.117  36.590 0.0000000000
57747  -33.695  -31.420  36.078 0.0000000000
55623  -36.518  -34.334  37.306 0.0000000000
55624  -37.055  -34.616  37.541 0.0000000000
55637  -37.159  -34.507  36.743 0.0000000000
55638  -38.075  -34.524  36.525 0.0000000000
56744  -40.059  -33.272  33.409 0.0000000000
56758  -40.372  -32.726  33.092 0.0000000000
57795  -40.620  -31.973  32.796 0.0000000000
57815  -39.733  -31.191  31.849 0.0000000000
62083  -38.393  -26.616  34.402 0.0000000000
63051  -38.483  -25.617  34.581 0.0000000000
39615  -12.899  -49.637  49.832 0.0000000000
37747  -13.543  -51.410  50.681 0.0000000000
37748  -14.156  -51.409  50.549 0.0000000000
49680  -40.031  -39.706  41.965 0.0000000000
50624  -39.637  -38.936  41.495 0.0000000000
41387  -21.428  -48.820  48.684 0.0000000000
41365  -22.603  -48.774  49.663 0.0000000000
41389  -23.705  -48.197  48.663 0.0000000000
42340  -23.331  -48.142  47.908 0.0000000000
45466  -34.104  -43.781  42.246 0.0000000000
45448  -33.567  -43.784  43.022 0.0000000000
43347  -18.027  -45.975  46.273 0.0000000000
49743  -31.907  -38.852  38.538 0.0000000000
49672  -29.578  -37.728  41.564 0.0000000000
49710  -29.939  -38.433  39.394 0.0000000000
63073  -40.017  -26.075  32.197 0.0000000000
63074  -40.966  -26.154  31.650 0.0000000000
64879  -40.790  -24.150  32.133 0.0000000000
65789  -39.849  -23.182  32.895 0.0000000000
65801  -40.692  -23.224  32.393 0.0000000000
72805  -42.307  -15.311  34.656 0.0000000000
73740  -42.434  -15.495  33.626 0.0000000000
73741  -42.736  -15.476  33.075 0.0000000000
74654  -43.699  -14.344  32.695 0.0000000000
73752  -43.232  -15.361  32.570 0.0000000000
72836  -43.282  -16.285  31.924 0.0000000000
71881  -43.349  -17.078  31.409 0.0000000000
71891  -43.777  -17.452  31.088 0.0000000000
70950  -45.157  -18.763  30.988 0.0000000000
71894  -46.379  -18.151  29.714 0.0000000000
71895  -47.280  -18.329  29.805 0.0000000000
75644  -47.163  -13.260  29.161 0.0000000000
37722  -12.318  -51.767  51.134 0.0000000000
36767  -12.224  -52.577  51.509 0.0000000000
36751  -12.938  -53.343  51.888 0.0000000000
52569  -34.227  -36.813  37.096 0.0000000000
53518  -33.240  -35.939  37.501 0.0000000000
54562  -32.477  -34.962  38.320 0.0000000000
54544  -32.234  -34.437  39.551 0.0000000000
59932  -34.544  -28.430  36.755 0.0000000000
59950  -33.945  -29.476  36.181 0.0000000000
58855  -33.938  -30.501  35.719 0.0000000000
57759  -34.087  -31.324  35.450 0.0000000000
56729  -35.859  -33.349  35.465 0.0000000000
56740  -35.590  -32.398  34.294 0.0000000000
57775  -35.792  -31.704  33.977 0.0000000000
57776  -36.735  -31.892  33.457 0.0000000000
58896  -37.555  -30.896  32.882 0.0000000000
58883  -37.599  -29.561  33.224 0.0000000000
59984  -37.530  -28.955  33.769 0.0000000000
61052  -37.588  -28.465  34.322 0.0000000000
61037  -38.389  -27.551  35.736 0.0000000000
44341  -26.075  -46.650  43.850 0.0000000000
43381  -26.770  -47.069  44.546 0.0000000000
43397  -27.145  -46.678  44.159 0.0000000000
41316  -12.674  -47.241  50.809 0.0000000000
42290  -13.236  -46.229  50.853 0.0000000000
41317  -12.961  -46.834  50.762 0.0000000000
40465  -12.989  -47.461  50.320 0.0000000000
40482  -13.171  -48.749  49.499 0.0000000000
40501  -13.625  -49.139  49.155 0.0000000000
39629  -14.141  -49.727  49.129 0.0000000000
34586  -8.995  -54.421  53.493 0.0000000000
35627  -8.469  -53.467  53.969 0.0000000000
35639  -8.553  -54.041  53.678 0.0000000000
35626  -8.061  -53.923  54.265 0.0000000000
34574  -7.737  -54.668  54.399 0.0000000000
34564  -7.118  -54.144  55.173 0.0000000000
70853  -40.858  -18.599  37.488 0.0000000000
71809  -41.480  -16.552  37.617 0.0000000000
71820  -40.872  -16.174  37.129 0.0000000000
55540  -39.629  -35.339  41.213 0.0000000000
44387  -29.226  -44.731  42.786 0.0000000000
43401  -30.490  -45.254  44.245 0.0000000000
44371  -33.810  -44.430  43.817 0.0000000000
43346  -17.711  -46.329  46.423 0.0000000000
41425  -17.896  -47.228  46.665 0.0000000000
39648  -18.749  -49.338  48.576 0.0000000000
47787  -36.454  -41.843  41.154 0.0000000000
48758  -36.645  -41.445  40.696 0.0000000000
48802  -35.493  -39.836  38.293 0.0000000000
48801  -34.794  -40.399  38.253 0.0000000000
48815  -34.920  -39.759  37.851 0.0000000000
49756  -35.324  -39.296  37.855 0.0000000000
50679  -32.462  -38.550  38.256 0.0000000000
51583  -33.048  -37.262  40.094 0.0000000000
54526  -33.601  -35.489  41.355 0.0000000000
44360  -22.977  -44.412  43.402 0.0000000000
44361  -23.632  -44.933  43.531 0.0000000000
44382  -24.032  -44.508  43.000 0.0000000000
47714  -23.275  -40.179  45.246 0.0000000000
47734  -23.109  -41.169  44.422 0.0000000000
45438  -23.518  -43.595  42.925 0.0000000000
44383  -24.890  -44.827  42.765 0.0000000000
45441  -25.948  -44.038  41.895 0.0000000000
47766  -26.308  -40.685  41.146 0.0000000000
46591  -27.112  -42.887  41.559 0.0000000000
45443  -28.285  -43.830  42.167 0.0000000000
45460  -28.246  -43.464  41.705 0.0000000000
45462  -30.057  -43.736  41.621 0.0000000000
46622  -28.657  -42.609  40.615 0.0000000000
46609  -29.912  -43.302  41.291 0.0000000000
45473  -30.198  -43.340  41.316 0.0000000000
45474  -30.717  -43.389  41.369 0.0000000000
45475  -31.618  -43.429  41.483 0.0000000000
45476  -32.422  -43.490  41.527 0.0000000000
48769  -28.246  -40.252  39.084 0.0000000000
46650  -30.160  -42.219  39.640 0.0000000000
47802  -31.359  -42.600  39.867 0.0000000000
46625  -32.088  -42.978  41.082 0.0000000000
46626  -33.091  -43.136  41.180 0.0000000000
47805  -34.051  -42.213  40.023 0.0000000000
46628  -35.031  -42.626  41.390 0.0000000000
45376  -20.011  -41.388  46.285 0.0000000000
45387  -19.639  -42.226  45.844 0.0000000000
60015  -43.612  -29.594  32.491 0.0000000000
63075  -42.145  -26.410  31.575 0.0000000000
63076  -43.130  -26.702  32.292 0.0000000000
69848  -39.310  -20.320  35.896 0.0000000000
69862  -38.905  -20.027  35.114 0.0000000000
69875  -38.918  -19.918  34.145 0.0000000000
70892  -39.596  -18.784  34.478 0.0000000000
69876  -39.508  -19.493  33.660 0.0000000000
68844  -39.968  -20.293  33.037 0.0000000000
68853  -40.918  -20.349  32.907 0.0000000000
71863  -40.830  -17.438  32.766 0.0000000000
71879  -41.711  -17.479  31.803 0.0000000000
67815  -44.594  -21.197  32.621 0.0000000000
69864  -44.805  -20.320  32.771 0.0000000000
75663  -49.056  -13.217  27.416 0.0000000000
75664  -49.888  -13.089  27.055 0.0000000000
77533  -49.448  -11.461  27.377 0.0000000000
78456  -48.700  -10.306  28.287 0.0000000000
37660  -9.556  -51.053  54.569 0.0000000000
36729  -9.089  -52.582  53.280 0.0000000000
36765  -10.696  -52.500  51.829 0.0000000000
36748  -10.215  -52.874  52.208 0.0000000000
35657  -9.806  -53.437  52.668 0.0000000000
32707  -10.143  -56.460  54.472 0.0000000000
32698  -9.942  -57.102  54.967 0.0000000000
48790  -37.094  -39.590  39.711 0.0000000000
50642  -38.518  -38.741  40.306 0.0000000000
51596  -36.608  -37.526  38.333 0.0000000000
52559  -35.766  -36.372  37.498 0.0000000000
52560  -36.211  -36.603  37.790 0.0000000000
51585  -36.865  -37.320  38.732 0.0000000000
51586  -37.144  -37.534  39.166 0.0000000000
51576  -38.559  -37.663  40.364 0.0000000000
52527  -38.749  -36.958  40.843 0.0000000000
53488  -38.695  -36.201  40.909 0.0000000000
53487  -38.023  -35.677  40.541 0.0000000000
54508  -38.679  -35.431  40.749 0.0000000000
57703  -30.817  -31.700  40.629 0.0000000000
58786  -31.536  -30.850  41.203 0.0000000000
59909  -32.056  -29.690  38.040 0.0000000000
57736  -32.690  -31.445  37.067 0.0000000000
57735  -32.038  -31.693  37.557 0.0000000000
56703  -32.409  -32.057  37.402 0.0000000000
56690  -33.357  -33.179  37.216 0.0000000000
56693  -36.489  -34.618  37.402 0.0000000000
56676  -37.124  -34.696  38.044 0.0000000000
55576  -38.544  -34.491  40.124 0.0000000000
55577  -39.370  -34.695  40.399 0.0000000000
54566  -38.517  -34.368  38.197 0.0000000000
55662  -36.567  -33.818  35.261 0.0000000000
55650  -38.276  -34.341  35.519 0.0000000000
57817  -42.165  -31.243  32.560 0.0000000000
58898  -41.262  -31.152  32.385 0.0000000000
58917  -42.001  -30.591  32.135 0.0000000000
62103  -40.039  -26.962  31.790 0.0000000000
61069  -39.197  -28.675  32.096 0.0000000000
61062  -39.445  -27.490  32.057 0.0000000000
64868  -38.715  -24.032  33.944 0.0000000000
65758  -38.600  -22.640  36.234 0.0000000000
42386  -23.898  -47.333  46.414 0.0000000000
43354  -25.648  -47.213  45.438 0.0000000000
42367  -27.076  -47.131  46.952 0.0000000000
42366  -26.249  -47.103  47.011 0.0000000000
42344  -26.173  -47.387  47.735 0.0000000000
43384  -29.689  -46.314  44.760 0.0000000000
39564  -11.022  -49.288  52.647 0.0000000000
39583  -11.375  -49.775  51.873 0.0000000000
40463  -12.082  -48.628  51.029 0.0000000000
39584  -11.718  -49.378  51.568 0.0000000000
37724  -14.085  -51.966  50.985 0.0000000000
42322  -14.506  -46.734  48.788 0.0000000000
38661  -14.955  -50.468  49.539 0.0000000000
39618  -18.303  -50.330  50.346 0.0000000000
38641  -15.747  -51.090  49.982 0.0000000000
30812  -7.921  -58.807  56.269 0.0000000000
30826  -7.236  -58.146  56.079 0.0000000000
30810  -5.844  -58.759  56.700 0.0000000000
31796  -6.829  -57.576  55.760 0.0000000000
33597  -5.967  -55.856  54.818 0.0000000000
30825  -6.779  -58.022  56.120 0.0000000000
33622  -9.627  -55.149  53.582 0.0000000000
36747  -9.519  -52.679  52.648 0.0000000000
37720  -10.815  -51.953  51.619 0.0000000000
42380  -17.600  -46.602  46.516 0.0000000000
44380  -23.029  -44.228  43.198 0.0000000000
44390  -32.176  -44.508  43.203 0.0000000000
45388  -20.027  -41.761  45.853 0.0000000000
46553  -20.105  -42.052  45.635 0.0000000000
46633  -28.763  -42.373  40.199 0.0000000000
46636  -31.653  -42.783  40.372 0.0000000000
47788  -37.474  -41.729  41.501 0.0000000000
47798  -27.697  -41.090  39.579 0.0000000000
47799  -27.818  -41.443  39.670 0.0000000000
47817  -27.888  -41.252  39.532 0.0000000000
47818  -28.198  -41.380  39.480 0.0000000000
47819  -28.848  -41.448  39.311 0.0000000000
48767  -27.722  -40.854  39.532 0.0000000000
48771  -36.278  -41.094  40.222 0.0000000000
48783  -27.876  -41.031  39.417 0.0000000000
48812  -32.362  -40.014  37.718 0.0000000000
49732  -36.736  -39.181  39.138 0.0000000000
50670  -36.444  -38.521  38.414 0.0000000000
50671  -36.850  -38.238  38.977 0.0000000000
53520  -35.652  -35.999  37.509 0.0000000000
56677  -37.059  -34.603  38.367 0.0000000000
56688  -31.194  -32.100  38.212 0.0000000000
58899  -41.774  -31.207  32.482 0.0000000000
58918  -42.991  -30.392  32.196 0.0000000000
59929  -32.208  -29.940  37.638 0.0000000000
65778  -38.657  -22.916  34.564 0.0000000000
66794  -38.576  -22.043  35.646 0.0000000000
66804  -38.546  -22.090  34.928 0.0000000000
66805  -38.860  -22.067  34.271 0.0000000000
67775  -38.758  -21.612  36.127 0.0000000000
67785  -38.738  -21.515  35.843 0.0000000000
67786  -38.870  -21.272  35.940 0.0000000000
68813  -38.823  -21.202  35.738 0.0000000000
68829  -38.753  -21.194  35.501 0.0000000000
68831  -44.804  -20.565  32.765 0.0000000000
68832  -45.038  -20.632  32.873 0.0000000000
68846  -45.031  -21.033  32.870 0.0000000000
69863  -39.196  -19.432  34.479 0.0000000000
69865  -45.186  -20.357  32.874 0.0000000000
69892  -44.536  -19.540  32.355 0.0000000000
71831  -40.247  -17.876  35.340 0.0000000000
71848  -41.372  -16.594  34.355 0.0000000000
72784  -40.533  -16.018  36.553 0.0000000000
72803  -41.403  -16.592  34.098 0.0000000000
72822  -42.742  -15.963  32.566 0.0000000000
73722  -42.442  -15.179  34.133 0.0000000000
73723  -42.808  -14.780  34.596 0.0000000000
74625  -42.652  -15.020  33.630 0.0000000000
74627  -43.146  -14.376  34.054 0.0000000000
74638  -42.719  -15.180  33.379 0.0000000000
74653  -43.482  -14.696  32.663 0.0000000000
75595  -43.401  -14.542  32.892 0.0000000000
75596  -43.415  -14.363  33.055 0.0000000000
75611  -43.565  -14.376  32.823 0.0000000000
75612  -43.566  -14.191  32.988 0.0000000000
78457  -49.010  -10.957  27.603 0.0000000000
78485  -50.229  -10.570  26.678 0.0000000000
