#!ascii label  , from subject 4079 vox2ras=TkReg
312
78928  -29.825  -10.377  -11.080 0.0000000000
74260  -25.788  -15.159  -11.345 0.0000000000
74251  -32.886  -15.665  -10.481 0.0000000000
71459  -29.058  -19.184  -10.613 0.0000000000
89146  -29.404  0.772  -9.817 0.0000000000
86334  -31.326  -2.463  -9.398 0.0000000000
82610  -26.013  -6.542  -12.643 0.0000000000
67425  -26.515  -22.411  -10.472 0.0000000000
73330  -28.017  -16.762  -10.761 0.0000000000
71456  -25.617  -18.528  -10.697 0.0000000000
88216  -30.015  -0.887  -9.756 0.0000000000
86363  -27.027  -2.930  -11.449 0.0000000000
78014  -25.748  -10.885  -12.020 0.0000000000
79829  -24.344  -9.366  -11.680 0.0000000000
80742  -28.309  -8.525  -12.256 0.0000000000
82576  -30.294  -6.280  -10.689 0.0000000000
80699  -31.332  -8.613  -9.929 0.0000000000
77964  -33.506  -10.955  -9.710 0.0000000000
76118  -24.089  -13.529  -10.583 0.0000000000
76138  -28.410  -12.919  -11.635 0.0000000000
77039  -31.217  -12.450  -10.163 0.0000000000
75171  -29.310  -14.559  -10.978 0.0000000000
73332  -30.190  -16.927  -10.231 0.0000000000
71468  -31.804  -18.997  -11.469 0.0000000000
84489  -24.585  -4.916  -11.666 0.0000000000
84477  -28.792  -4.663  -11.256 0.0000000000
84461  -33.145  -4.611  -9.509 0.0000000000
69420  -25.210  -20.317  -10.383 0.0000000000
69423  -28.234  -20.915  -10.741 0.0000000000
72389  -25.328  -17.506  -10.759 0.0000000000
71455  -24.491  -18.410  -10.584 0.0000000000
87285  -26.479  -2.135  -11.195 0.0000000000
86361  -25.178  -2.819  -11.603 0.0000000000
78017  -28.060  -11.066  -11.473 0.0000000000
79845  -27.317  -9.377  -12.175 0.0000000000
79830  -28.901  -9.422  -11.752 0.0000000000
80721  -29.792  -8.561  -11.244 0.0000000000
79809  -30.873  -9.558  -10.410 0.0000000000
79811  -32.299  -9.686  -9.678 0.0000000000
78905  -31.284  -10.531  -10.284 0.0000000000
75184  -25.333  -14.333  -11.230 0.0000000000
76136  -26.567  -13.252  -11.751 0.0000000000
75186  -27.189  -14.187  -11.515 0.0000000000
75188  -28.849  -13.908  -11.570 0.0000000000
74262  -27.801  -14.962  -11.408 0.0000000000
72392  -28.500  -17.885  -10.403 0.0000000000
73331  -29.076  -16.804  -10.430 0.0000000000
72393  -29.684  -18.002  -10.460 0.0000000000
72394  -30.783  -17.924  -10.780 0.0000000000
71460  -30.259  -18.996  -11.233 0.0000000000
89143  -26.218  1.015  -10.206 0.0000000000
89960  -25.571  1.804  -9.804 0.0000000000
89145  -28.380  0.786  -9.744 0.0000000000
89963  -28.921  1.652  -9.553 0.0000000000
89147  -30.411  0.684  -9.787 0.0000000000
87252  -30.320  -1.668  -9.542 0.0000000000
81658  -25.572  -7.464  -12.266 0.0000000000
81638  -24.089  -7.086  -11.429 0.0000000000
83543  -25.606  -5.637  -12.443 0.0000000000
84474  -26.350  -4.359  -12.047 0.0000000000
83545  -27.293  -5.623  -12.300 0.0000000000
82578  -32.150  -6.678  -9.642 0.0000000000
83508  -31.533  -5.760  -9.806 0.0000000000
83510  -33.836  -5.435  -9.608 0.0000000000
76121  -31.583  -13.530  -9.564 0.0000000000
77041  -33.309  -12.583  -9.904 0.0000000000
67411  -25.332  -22.508  -9.998 0.0000000000
68404  -26.433  -21.421  -10.575 0.0000000000
69421  -26.199  -20.496  -10.555 0.0000000000
68405  -27.378  -21.611  -10.850 0.0000000000
73342  -25.463  -15.678  -11.114 0.0000000000
74245  -27.009  -16.048  -11.270 0.0000000000
73328  -26.077  -16.728  -11.039 0.0000000000
72390  -26.375  -17.649  -10.858 0.0000000000
71458  -27.811  -18.846  -10.553 0.0000000000
89157  -26.951  0.294  -10.720 0.0000000000
88199  -29.821  -0.136  -9.791 0.0000000000
88213  -27.518  -0.725  -10.722 0.0000000000
87268  -28.052  -1.914  -10.700 0.0000000000
86350  -28.627  -3.009  -10.568 0.0000000000
78000  -24.297  -11.567  -11.159 0.0000000000
78937  -24.582  -10.126  -11.867 0.0000000000
80739  -25.983  -8.469  -12.310 0.0000000000
81660  -27.386  -7.547  -12.398 0.0000000000
82613  -28.526  -6.719  -11.952 0.0000000000
81640  -29.231  -7.636  -11.598 0.0000000000
81623  -30.784  -7.659  -10.435 0.0000000000
82561  -32.900  -7.197  -9.443 0.0000000000
80687  -33.469  -8.727  -9.550 0.0000000000
66416  -27.896  -23.286  -10.551 0.0000000000
67427  -28.372  -22.671  -10.795 0.0000000000
77057  -25.018  -12.539  -11.424 0.0000000000
77073  -27.107  -11.938  -11.821 0.0000000000
77075  -28.372  -11.904  -11.565 0.0000000000
78005  -30.178  -11.327  -10.918 0.0000000000
76140  -30.089  -12.804  -10.890 0.0000000000
76119  -29.937  -14.041  -10.819 0.0000000000
75173  -31.034  -14.684  -9.544 0.0000000000
74247  -28.521  -15.568  -10.832 0.0000000000
74248  -29.629  -15.734  -10.437 0.0000000000
74250  -31.795  -15.823  -9.969 0.0000000000
72396  -32.964  -17.336  -11.193 0.0000000000
72404  -32.890  -18.186  -11.425 0.0000000000
89149  -32.481  0.486  -9.665 0.0000000000
85415  -25.818  -3.684  -11.688 0.0000000000
85417  -27.535  -3.736  -11.567 0.0000000000
85386  -29.352  -3.494  -10.292 0.0000000000
83528  -29.203  -5.512  -11.310 0.0000000000
84444  -30.558  -4.846  -9.957 0.0000000000
85389  -32.224  -3.171  -9.433 0.0000000000
77979  -31.750  -11.493  -10.094 0.0000000000
77981  -33.880  -11.676  -9.949 0.0000000000
70424  -23.660  -19.324  -9.973 0.0000000000
70426  -25.944  -19.508  -10.538 0.0000000000
70427  -27.017  -19.684  -10.625 0.0000000000
70428  -28.079  -19.944  -10.555 0.0000000000
68407  -29.262  -21.769  -11.007 0.0000000000
69424  -29.191  -21.012  -10.968 0.0000000000
70430  -29.719  -20.104  -11.176 0.0000000000
86360  -24.288  -2.809  -11.380 0.0000000000
78927  -29.202  -10.318  -11.494 0.0000000000
78926  -28.483  -10.237  -11.646 0.0000000000
79831  -29.521  -9.458  -11.379 0.0000000000
78904  -30.527  -10.449  -10.688 0.0000000000
74259  -24.940  -15.236  -11.023 0.0000000000
75183  -24.541  -14.334  -10.810 0.0000000000
75185  -26.233  -14.294  -11.455 0.0000000000
74261  -26.787  -15.343  -11.365 0.0000000000
89144  -27.310  0.865  -9.934 0.0000000000
89964  -29.957  1.686  -9.834 0.0000000000
89965  -31.025  1.622  -9.782 0.0000000000
87253  -31.546  -1.418  -9.513 0.0000000000
86335  -32.329  -2.194  -9.507 0.0000000000
81657  -24.739  -7.348  -11.835 0.0000000000
82609  -25.197  -6.480  -12.221 0.0000000000
82595  -24.450  -6.386  -11.728 0.0000000000
83544  -26.437  -5.674  -12.585 0.0000000000
82579  -33.292  -6.431  -9.397 0.0000000000
83509  -32.584  -5.431  -9.506 0.0000000000
75174  -32.237  -14.670  -9.893 0.0000000000
75175  -33.241  -14.560  -10.337 0.0000000000
66414  -27.002  -22.870  -10.591 0.0000000000
67412  -25.957  -22.989  -10.160 0.0000000000
67424  -25.914  -21.925  -10.321 0.0000000000
67426  -27.505  -22.439  -10.859 0.0000000000
73327  -25.079  -16.309  -10.767 0.0000000000
72391  -27.414  -17.743  -10.705 0.0000000000
71457  -26.708  -18.651  -10.651 0.0000000000
88212  -26.477  -0.539  -11.059 0.0000000000
87286  -27.370  -2.341  -10.993 0.0000000000
86349  -28.113  -2.607  -10.813 0.0000000000
78001  -25.377  -11.500  -11.791 0.0000000000
78938  -25.242  -10.400  -12.050 0.0000000000
79844  -26.440  -9.387  -12.157 0.0000000000
80740  -26.899  -8.469  -12.422 0.0000000000
80741  -27.780  -8.493  -12.377 0.0000000000
81661  -28.415  -7.703  -12.134 0.0000000000
81639  -28.875  -8.128  -11.849 0.0000000000
80698  -30.502  -8.579  -10.694 0.0000000000
81641  -30.074  -7.645  -11.049 0.0000000000
81624  -31.562  -7.566  -9.927 0.0000000000
80685  -31.921  -8.128  -9.842 0.0000000000
81612  -33.123  -7.915  -9.540 0.0000000000
80686  -32.411  -8.678  -9.630 0.0000000000
78890  -32.897  -10.418  -9.676 0.0000000000
79795  -33.099  -9.552  -9.592 0.0000000000
77965  -34.242  -10.911  -9.823 0.0000000000
66404  -27.387  -23.714  -10.263 0.0000000000
66405  -28.317  -23.456  -10.188 0.0000000000
77037  -23.724  -12.708  -10.449 0.0000000000
77038  -24.333  -12.650  -10.851 0.0000000000
77059  -26.489  -12.266  -11.888 0.0000000000
76150  -27.658  -12.497  -11.764 0.0000000000
77074  -27.751  -11.812  -11.619 0.0000000000
76151  -28.052  -12.297  -11.655 0.0000000000
77060  -29.105  -12.121  -11.462 0.0000000000
75172  -30.041  -14.689  -10.188 0.0000000000
74246  -27.523  -15.885  -11.084 0.0000000000
74249  -30.636  -15.850  -9.928 0.0000000000
73333  -31.343  -16.994  -10.205 0.0000000000
73334  -32.407  -16.775  -10.569 0.0000000000
71461  -31.174  -18.626  -11.296 0.0000000000
72395  -31.955  -17.912  -11.132 0.0000000000
72403  -32.329  -18.526  -11.454 0.0000000000
71470  -33.519  -18.682  -11.623 0.0000000000
88215  -29.407  -0.853  -10.007 0.0000000000
88200  -30.790  -0.464  -9.620 0.0000000000
84472  -23.879  -4.756  -11.224 0.0000000000
85429  -24.445  -4.356  -11.447 0.0000000000
85414  -24.929  -3.876  -11.621 0.0000000000
85430  -24.835  -4.481  -11.685 0.0000000000
84475  -27.201  -4.565  -12.004 0.0000000000
85418  -28.333  -3.751  -11.129 0.0000000000
85401  -29.152  -4.064  -10.616 0.0000000000
82597  -29.629  -6.561  -11.248 0.0000000000
82596  -28.856  -6.124  -11.690 0.0000000000
83506  -29.881  -5.615  -10.840 0.0000000000
83495  -32.312  -4.865  -9.595 0.0000000000
83493  -31.104  -5.163  -9.780 0.0000000000
84445  -31.131  -4.492  -9.602 0.0000000000
84447  -33.150  -3.710  -9.524 0.0000000000
77062  -30.462  -12.278  -10.706 0.0000000000
77978  -30.908  -11.422  -10.512 0.0000000000
68402  -24.680  -20.844  -10.225 0.0000000000
69419  -24.321  -20.270  -10.016 0.0000000000
70425  -24.839  -19.407  -10.469 0.0000000000
69422  -27.241  -20.678  -10.715 0.0000000000
68406  -28.337  -21.760  -11.051 0.0000000000
72388  -24.274  -17.346  -10.471 0.0000000000
87266  -26.063  -1.279  -11.225 0.0000000000
87284  -25.483  -1.788  -11.531 0.0000000000
86362  -26.080  -2.881  -11.415 0.0000000000
78016  -27.275  -11.095  -11.591 0.0000000000
78940  -26.829  -10.245  -11.796 0.0000000000
78941  -27.689  -10.192  -11.703 0.0000000000
79846  -28.201  -9.306  -12.130 0.0000000000
80720  -29.170  -8.624  -11.647 0.0000000000
80700  -31.865  -9.166  -9.722 0.0000000000
79810  -31.579  -9.695  -9.941 0.0000000000
78906  -32.075  -10.557  -9.867 0.0000000000
76134  -24.833  -13.475  -11.067 0.0000000000
76135  -25.626  -13.420  -11.510 0.0000000000
76137  -27.512  -13.276  -11.778 0.0000000000
75187  -28.071  -14.001  -11.636 0.0000000000
74263  -28.533  -14.614  -11.358 0.0000000000
71467  -31.045  -19.319  -11.398 0.0000000000
89142  -25.009  1.123  -10.410 0.0000000000
89966  -32.086  1.513  -9.786 0.0000000000
87270  -29.748  -1.307  -9.847 0.0000000000
88201  -31.970  -0.434  -9.588 0.0000000000
81637  -23.499  -7.228  -10.997 0.0000000000
82594  -23.680  -6.291  -11.256 0.0000000000
83525  -24.131  -5.557  -11.486 0.0000000000
84490  -25.239  -4.812  -11.990 0.0000000000
84491  -26.004  -4.922  -12.344 0.0000000000
84492  -26.673  -4.996  -12.340 0.0000000000
83526  -27.795  -5.188  -11.887 0.0000000000
82577  -31.029  -6.649  -10.224 0.0000000000
77040  -32.214  -12.511  -9.749 0.0000000000
76122  -32.768  -13.603  -9.788 0.0000000000
76123  -33.762  -13.587  -10.295 0.0000000000
68389  -24.702  -21.944  -9.953 0.0000000000
68403  -25.292  -21.373  -10.331 0.0000000000
74244  -24.357  -15.645  -10.551 0.0000000000
73343  -25.976  -15.925  -11.215 0.0000000000
73344  -26.595  -16.162  -11.211 0.0000000000
73329  -27.019  -16.718  -11.036 0.0000000000
89155  -24.789  0.129  -10.302 0.0000000000
89156  -25.795  0.288  -10.733 0.0000000000
88197  -27.930  0.034  -10.206 0.0000000000
88198  -28.898  -0.078  -9.862 0.0000000000
88214  -28.556  -0.873  -10.364 0.0000000000
87267  -26.972  -1.494  -10.890 0.0000000000
87269  -29.283  -1.847  -10.136 0.0000000000
87251  -29.829  -2.307  -9.723 0.0000000000
86333  -30.344  -2.823  -9.543 0.0000000000
79842  -24.905  -9.589  -12.059 0.0000000000
78939  -26.033  -10.284  -12.036 0.0000000000
79843  -25.591  -9.451  -12.123 0.0000000000
80738  -24.989  -8.552  -12.033 0.0000000000
81659  -26.466  -7.495  -12.481 0.0000000000
82611  -26.923  -6.566  -12.575 0.0000000000
82612  -27.775  -6.661  -12.213 0.0000000000
82614  -29.035  -6.828  -11.702 0.0000000000
82598  -30.368  -6.954  -10.770 0.0000000000
82562  -33.671  -7.248  -9.444 0.0000000000
82563  -34.178  -7.350  -9.555 0.0000000000
81614  -34.610  -8.121  -9.780 0.0000000000
66415  -27.451  -23.105  -10.623 0.0000000000
77058  -25.835  -12.498  -11.768 0.0000000000
78002  -26.006  -11.896  -11.894 0.0000000000
78015  -26.360  -11.271  -11.886 0.0000000000
78004  -29.514  -11.250  -11.305 0.0000000000
77061  -29.831  -12.179  -11.120 0.0000000000
76139  -29.528  -13.260  -11.174 0.0000000000
76120  -30.465  -13.465  -10.365 0.0000000000
73335  -33.198  -16.541  -10.984 0.0000000000
89148  -31.462  0.583  -9.610 0.0000000000
85416  -26.667  -3.700  -11.717 0.0000000000
86365  -28.264  -3.274  -10.914 0.0000000000
83546  -28.105  -5.930  -11.926 0.0000000000
83527  -28.462  -5.316  -11.634 0.0000000000
84458  -29.488  -4.856  -10.889 0.0000000000
83507  -30.629  -5.604  -10.260 0.0000000000
84459  -30.066  -4.884  -10.443 0.0000000000
85402  -29.697  -4.455  -10.497 0.0000000000
85387  -30.072  -3.975  -9.968 0.0000000000
85388  -31.197  -3.549  -9.431 0.0000000000
85390  -33.054  -2.832  -9.599 0.0000000000
77980  -32.795  -11.464  -9.766 0.0000000000
70429  -28.927  -20.267  -10.737 0.0000000000
76149  -27.073  -12.661  -11.891 0.0000000000
77966  -34.650  -10.703  -10.113 0.0000000000
78003  -28.803  -11.155  -11.501 0.0000000000
79796  -33.926  -9.498  -9.656 0.0000000000
79832  -30.152  -9.488  -10.902 0.0000000000
80688  -34.286  -8.750  -9.682 0.0000000000
80719  -28.685  -8.611  -12.025 0.0000000000
81611  -32.345  -7.690  -9.695 0.0000000000
81613  -33.997  -7.955  -9.504 0.0000000000
81625  -34.489  -7.550  -9.735 0.0000000000
81662  -28.819  -7.199  -11.861 0.0000000000
83494  -31.823  -4.991  -9.669 0.0000000000
83542  -24.850  -5.609  -12.020 0.0000000000
84446  -32.209  -4.275  -9.530 0.0000000000
84460  -32.576  -4.789  -9.542 0.0000000000
84473  -25.686  -4.333  -11.949 0.0000000000
84476  -28.019  -4.528  -11.622 0.0000000000
86332  -29.588  -2.908  -10.045 0.0000000000
86364  -27.898  -3.014  -11.070 0.0000000000
87265  -25.563  -1.167  -11.403 0.0000000000
87287  -27.856  -2.475  -10.884 0.0000000000
