#!ascii label  , from subject 3387 vox2ras=TkReg
1651
95915  -36.495  16.632  11.570 0.0000000000
95057  -46.548  15.440  -3.677 0.0000000000
102188  -45.791  23.421  12.926 0.0000000000
94976  -45.555  15.778  4.684 0.0000000000
92919  -48.389  12.801  12.457 0.0000000000
99817  -41.355  20.507  -1.510 0.0000000000
104746  -49.540  26.414  -2.450 0.0000000000
106380  -44.608  28.810  2.520 0.0000000000
86572  -41.834  7.789  17.192 0.0000000000
95972  -40.392  16.102  7.308 0.0000000000
96063  -42.650  16.725  1.240 0.0000000000
99759  -39.627  20.112  5.669 0.0000000000
104591  -51.021  26.359  12.259 0.0000000000
103835  -47.679  25.661  5.065 0.0000000000
105536  -53.003  27.385  3.338 0.0000000000
107288  -47.886  30.013  -0.921 0.0000000000
107195  -50.282  29.094  5.457 0.0000000000
95101  -44.011  16.047  -7.566 0.0000000000
94830  -38.360  15.382  18.184 0.0000000000
99722  -40.978  20.807  12.485 0.0000000000
98875  -50.894  19.358  7.795 0.0000000000
95947  -45.692  16.659  9.575 0.0000000000
92927  -42.313  13.852  11.923 0.0000000000
88760  -42.716  8.910  12.455 0.0000000000
98104  -45.314  18.740  -5.737 0.0000000000
100703  -43.223  21.650  -7.470 0.0000000000
101425  -43.833  22.891  5.315 0.0000000000
102307  -44.763  23.798  -1.793 0.0000000000
104797  -43.470  26.115  -7.764 0.0000000000
103909  -43.613  25.938  -3.267 0.0000000000
106423  -42.166  28.867  -0.847 0.0000000000
95939  -37.753  16.834  9.092 0.0000000000
96982  -38.770  17.864  6.201 0.0000000000
98857  -37.322  19.405  9.116 0.0000000000
104605  -52.855  27.375  10.942 0.0000000000
105468  -51.370  27.500  8.020 0.0000000000
106330  -53.457  27.997  6.103 0.0000000000
106368  -52.120  29.054  3.530 0.0000000000
95077  -45.972  16.169  -5.645 0.0000000000
97838  -37.294  18.359  17.962 0.0000000000
97825  -41.261  17.665  18.408 0.0000000000
94893  -47.262  15.207  11.078 0.0000000000
94889  -43.995  15.382  10.866 0.0000000000
92930  -45.192  13.644  11.599 0.0000000000
87673  -42.442  7.717  14.558 0.0000000000
89793  -37.874  10.888  13.487 0.0000000000
91896  -36.202  12.455  16.056 0.0000000000
91909  -34.953  12.364  14.657 0.0000000000
97055  -46.867  17.650  1.713 0.0000000000
98037  -41.326  18.744  -0.813 0.0000000000
97114  -44.307  17.426  -2.485 0.0000000000
98077  -42.392  18.834  -3.846 0.0000000000
98997  -43.893  19.740  -6.721 0.0000000000
99843  -42.287  20.638  -5.331 0.0000000000
101376  -43.300  22.096  12.599 0.0000000000
102203  -41.650  23.300  8.857 0.0000000000
102992  -44.518  24.400  9.539 0.0000000000
104699  -49.446  25.699  1.496 0.0000000000
103048  -47.045  24.471  1.917 0.0000000000
103093  -47.335  24.697  -3.075 0.0000000000
103131  -45.197  25.176  -6.045 0.0000000000
104790  -47.068  26.130  -6.224 0.0000000000
104765  -43.459  26.249  -5.829 0.0000000000
104755  -47.008  26.901  -3.810 0.0000000000
107252  -46.039  29.639  0.807 0.0000000000
108053  -45.300  30.767  -2.064 0.0000000000
108027  -43.655  31.023  -0.398 0.0000000000
107298  -40.372  30.099  -1.516 0.0000000000
107264  -41.664  30.394  0.595 0.0000000000
94945  -42.834  15.251  6.313 0.0000000000
95002  -44.127  15.873  3.125 0.0000000000
96020  -40.909  16.048  4.006 0.0000000000
97022  -40.408  17.755  3.104 0.0000000000
99789  -40.626  20.111  1.696 0.0000000000
103786  -47.664  25.263  12.688 0.0000000000
103806  -46.761  25.454  9.235 0.0000000000
104625  -49.048  26.796  8.257 0.0000000000
104661  -50.003  26.678  3.999 0.0000000000
105587  -51.554  27.397  0.069 0.0000000000
105597  -48.890  28.110  -1.713 0.0000000000
107239  -51.385  29.203  1.286 0.0000000000
106384  -49.148  28.682  2.305 0.0000000000
106344  -47.676  27.842  4.311 0.0000000000
97155  -42.663  16.978  -7.644 0.0000000000
95886  -37.352  16.390  15.556 0.0000000000
98833  -37.691  19.185  12.147 0.0000000000
96896  -39.762  17.897  15.606 0.0000000000
97869  -42.846  18.485  15.889 0.0000000000
99695  -45.330  20.124  15.557 0.0000000000
101328  -45.333  22.345  16.678 0.0000000000
102147  -47.487  22.609  15.582 0.0000000000
95994  -48.155  17.302  6.318 0.0000000000
96965  -48.453  18.178  8.727 0.0000000000
95977  -45.553  16.698  7.746 0.0000000000
95962  -43.560  16.563  8.413 0.0000000000
94905  -40.870  15.142  10.002 0.0000000000
90859  -48.074  11.103  14.306 0.0000000000
88708  -43.850  8.936  17.008 0.0000000000
88733  -45.426  9.433  14.506 0.0000000000
90886  -45.943  11.173  11.971 0.0000000000
90895  -43.067  11.805  11.925 0.0000000000
93891  -37.477  14.291  13.711 0.0000000000
96107  -48.494  17.310  -2.750 0.0000000000
97085  -45.769  17.532  -0.251 0.0000000000
98080  -46.908  18.398  -3.285 0.0000000000
97150  -47.590  18.001  -5.281 0.0000000000
98126  -46.066  18.701  -7.292 0.0000000000
98136  -44.451  18.798  -8.411 0.0000000000
99867  -42.441  20.663  -9.144 0.0000000000
100575  -39.425  21.651  8.611 0.0000000000
100611  -41.785  22.011  5.345 0.0000000000
101463  -42.541  22.438  1.980 0.0000000000
102238  -45.899  24.103  4.980 0.0000000000
102275  -44.646  23.409  1.388 0.0000000000
101489  -43.238  23.123  -1.395 0.0000000000
101514  -42.909  23.489  -5.055 0.0000000000
102373  -43.086  23.307  -8.797 0.0000000000
101537  -41.218  22.446  -7.811 0.0000000000
106425  -45.988  28.185  -1.488 0.0000000000
104716  -43.526  27.203  -1.127 0.0000000000
103875  -41.359  25.618  0.215 0.0000000000
105557  -40.342  26.878  0.979 0.0000000000
105564  -38.514  27.997  0.588 0.0000000000
95925  -36.749  16.548  10.775 0.0000000000
96950  -37.312  17.602  9.027 0.0000000000
97913  -36.687  18.003  10.579 0.0000000000
105464  -52.978  27.697  9.192 0.0000000000
107184  -53.497  29.106  7.041 0.0000000000
95068  -46.221  15.877  -5.044 0.0000000000
93918  -47.610  14.463  11.686 0.0000000000
93916  -45.755  14.446  11.553 0.0000000000
91940  -46.642  12.639  11.858 0.0000000000
88744  -36.901  9.708  13.234 0.0000000000
90868  -36.568  11.200  13.797 0.0000000000
97023  -46.998  16.936  4.494 0.0000000000
96052  -46.425  16.725  2.862 0.0000000000
98949  -41.049  19.626  -1.170 0.0000000000
98050  -41.894  18.409  -2.481 0.0000000000
98967  -41.656  19.337  -2.936 0.0000000000
98977  -42.234  19.690  -4.616 0.0000000000
99826  -41.859  20.860  -2.999 0.0000000000
102187  -44.994  23.175  12.884 0.0000000000
102197  -43.897  23.857  11.046 0.0000000000
102980  -45.367  24.456  11.570 0.0000000000
103890  -50.135  25.353  -0.931 0.0000000000
103065  -48.650  24.736  -0.728 0.0000000000
103899  -48.686  25.075  -2.593 0.0000000000
103108  -47.538  25.216  -4.210 0.0000000000
103936  -48.530  25.760  -4.295 0.0000000000
104769  -46.877  26.648  -4.828 0.0000000000
105611  -48.195  26.970  -3.229 0.0000000000
107237  -45.582  29.450  1.433 0.0000000000
107267  -44.510  30.492  0.142 0.0000000000
107250  -44.248  29.762  0.782 0.0000000000
108026  -42.562  31.012  -0.268 0.0000000000
107234  -42.949  29.439  1.882 0.0000000000
94932  -41.269  15.527  6.986 0.0000000000
93968  -42.002  15.089  4.858 0.0000000000
94943  -40.907  15.627  6.213 0.0000000000
97961  -38.867  18.664  5.898 0.0000000000
97007  -39.865  17.697  4.226 0.0000000000
97975  -40.035  18.990  4.115 0.0000000000
98925  -40.457  19.349  2.125 0.0000000000
99773  -40.683  20.096  3.544 0.0000000000
103788  -49.716  26.051  12.845 0.0000000000
103804  -48.362  26.093  10.637 0.0000000000
104613  -50.059  26.904  10.281 0.0000000000
105522  -52.282  27.337  4.759 0.0000000000
105506  -50.594  27.313  5.493 0.0000000000
104676  -51.871  27.029  3.335 0.0000000000
104689  -50.780  26.641  2.280 0.0000000000
105558  -52.220  27.278  1.556 0.0000000000
106411  -51.876  28.359  0.396 0.0000000000
106402  -52.602  28.067  1.840 0.0000000000
106347  -51.218  28.916  4.154 0.0000000000
106367  -50.905  28.796  3.266 0.0000000000
106346  -50.016  28.743  4.410 0.0000000000
106365  -48.439  28.352  3.263 0.0000000000
106328  -49.083  28.506  5.217 0.0000000000
96152  -43.650  16.593  -7.859 0.0000000000
95873  -38.351  16.358  16.709 0.0000000000
96895  -38.618  17.183  15.841 0.0000000000
95874  -39.193  16.706  16.833 0.0000000000
97843  -42.075  18.250  18.208 0.0000000000
96871  -42.436  17.549  17.313 0.0000000000
97860  -43.657  18.108  16.821 0.0000000000
98808  -43.617  19.222  15.553 0.0000000000
97862  -45.191  18.961  17.273 0.0000000000
102146  -45.012  23.714  15.903 0.0000000000
100503  -47.015  21.755  16.611 0.0000000000
101331  -47.927  22.863  17.343 0.0000000000
102935  -49.266  23.901  15.997 0.0000000000
102127  -48.702  23.913  17.682 0.0000000000
97964  -49.608  18.556  5.304 0.0000000000
97942  -49.732  18.929  7.429 0.0000000000
96953  -48.590  17.867  9.819 0.0000000000
96963  -47.063  17.132  9.464 0.0000000000
95978  -46.700  17.256  7.957 0.0000000000
95964  -45.586  16.965  8.720 0.0000000000
95976  -44.440  16.322  7.475 0.0000000000
95946  -44.805  16.654  9.433 0.0000000000
93913  -42.743  14.457  11.362 0.0000000000
94907  -42.649  15.598  10.323 0.0000000000
93927  -41.346  14.760  10.722 0.0000000000
86573  -42.419  8.029  16.863 0.0000000000
87675  -43.923  8.608  14.515 0.0000000000
88746  -44.252  8.999  13.441 0.0000000000
88748  -45.963  9.734  13.531 0.0000000000
89805  -44.467  10.232  12.001 0.0000000000
90896  -44.173  11.760  11.691 0.0000000000
89815  -42.721  10.695  11.681 0.0000000000
92890  -37.763  13.754  15.566 0.0000000000
91899  -38.080  12.931  15.553 0.0000000000
96098  -49.019  17.379  -1.727 0.0000000000
96049  -43.491  16.232  2.133 0.0000000000
96065  -44.322  16.708  1.471 0.0000000000
97067  -44.067  17.153  0.215 0.0000000000
97142  -44.708  17.823  -4.186 0.0000000000
97115  -45.409  17.566  -2.300 0.0000000000
98079  -46.074  18.027  -3.564 0.0000000000
98096  -47.866  18.473  -4.572 0.0000000000
98106  -47.207  18.932  -5.460 0.0000000000
98116  -47.156  18.737  -6.274 0.0000000000
98987  -46.585  19.358  -6.256 0.0000000000
99859  -43.750  20.688  -7.506 0.0000000000
99870  -45.237  19.849  -7.921 0.0000000000
99868  -43.896  20.890  -8.701 0.0000000000
99019  -43.159  19.928  -9.305 0.0000000000
99877  -43.412  21.121  -9.190 0.0000000000
98835  -39.774  19.948  12.644 0.0000000000
99733  -38.640  20.848  10.381 0.0000000000
100561  -40.069  21.491  11.169 0.0000000000
102225  -42.902  23.229  6.997 0.0000000000
101401  -41.862  22.815  7.482 0.0000000000
101432  -42.512  22.183  5.055 0.0000000000
101443  -42.358  22.066  3.983 0.0000000000
101444  -43.300  22.539  3.749 0.0000000000
103817  -47.517  25.955  6.919 0.0000000000
103008  -46.226  24.992  7.323 0.0000000000
103026  -46.699  24.842  5.192 0.0000000000
103062  -46.313  24.182  0.093 0.0000000000
102276  -45.598  23.778  1.215 0.0000000000
102287  -44.776  23.580  0.301 0.0000000000
102286  -43.893  23.301  0.405 0.0000000000
102306  -43.995  23.481  -1.527 0.0000000000
101504  -42.816  23.003  -3.710 0.0000000000
102328  -43.904  23.958  -3.857 0.0000000000
103963  -44.537  25.767  -7.414 0.0000000000
103142  -43.864  24.721  -6.990 0.0000000000
103972  -43.137  25.201  -8.321 0.0000000000
103167  -42.291  23.816  -9.144 0.0000000000
103150  -42.401  25.022  -8.168 0.0000000000
102356  -41.311  24.041  -7.433 0.0000000000
103960  -41.703  25.002  -7.415 0.0000000000
103921  -43.326  26.025  -4.210 0.0000000000
103919  -42.468  25.625  -4.940 0.0000000000
107305  -48.233  29.486  -1.387 0.0000000000
106439  -47.516  28.790  -1.778 0.0000000000
107304  -47.160  30.058  -1.893 0.0000000000
107301  -43.664  29.874  -1.624 0.0000000000
106436  -44.310  28.910  -1.421 0.0000000000
106424  -42.737  28.328  -0.699 0.0000000000
104714  -42.346  25.983  -0.714 0.0000000000
105567  -41.738  27.261  0.187 0.0000000000
104697  -40.753  26.414  0.765 0.0000000000
105577  -40.780  28.322  -0.240 0.0000000000
107297  -39.535  30.072  -1.252 0.0000000000
106420  -39.000  28.906  -0.654 0.0000000000
106419  -38.053  29.041  -0.622 0.0000000000
106407  -37.282  28.454  0.142 0.0000000000
95958  -39.410  16.211  8.382 0.0000000000
95971  -39.275  16.541  7.226 0.0000000000
96962  -38.125  17.455  7.610 0.0000000000
97940  -38.005  18.609  7.575 0.0000000000
98873  -38.468  19.405  7.074 0.0000000000
104614  -51.228  27.341  9.971 0.0000000000
105455  -51.994  27.432  9.600 0.0000000000
105479  -52.753  27.547  7.437 0.0000000000
105523  -52.915  27.554  4.672 0.0000000000
106387  -52.810  28.442  2.865 0.0000000000
106349  -53.222  28.661  4.568 0.0000000000
107198  -52.885  29.509  5.638 0.0000000000
95089  -45.049  15.940  -6.627 0.0000000000
96853  -38.330  17.001  18.412 0.0000000000
95842  -39.556  16.613  18.140 0.0000000000
97823  -39.450  17.907  18.312 0.0000000000
95931  -46.599  16.147  10.380 0.0000000000
95929  -45.032  16.316  10.147 0.0000000000
94891  -45.446  15.168  11.197 0.0000000000
93915  -44.811  14.533  11.533 0.0000000000
92928  -43.188  13.958  11.992 0.0000000000
86600  -42.003  7.401  15.519 0.0000000000
87688  -41.820  7.787  13.711 0.0000000000
90870  -38.438  11.357  13.684 0.0000000000
90844  -37.393  12.345  15.375 0.0000000000
90855  -36.748  11.853  14.625 0.0000000000
91910  -35.946  12.399  15.047 0.0000000000
97065  -41.820  17.733  0.046 0.0000000000
97083  -43.620  17.233  -0.456 0.0000000000
97098  -42.214  17.898  -1.773 0.0000000000
97113  -43.239  17.655  -2.656 0.0000000000
97141  -43.842  17.825  -4.373 0.0000000000
98112  -44.844  19.316  -6.347 0.0000000000
98102  -43.283  18.910  -5.598 0.0000000000
98985  -42.777  19.563  -5.967 0.0000000000
100687  -42.409  21.688  -5.848 0.0000000000
100556  -41.777  21.324  12.395 0.0000000000
101380  -41.436  22.211  11.392 0.0000000000
102190  -42.316  22.854  11.373 0.0000000000
102201  -42.964  23.771  9.259 0.0000000000
102216  -44.135  23.801  7.531 0.0000000000
104673  -48.712  26.295  2.871 0.0000000000
103851  -47.016  25.230  3.506 0.0000000000
103868  -48.231  24.987  1.542 0.0000000000
103073  -47.079  24.341  -0.823 0.0000000000
103092  -46.347  24.559  -2.534 0.0000000000
102329  -45.038  24.321  -3.606 0.0000000000
103107  -46.351  24.842  -3.762 0.0000000000
103945  -46.888  25.476  -5.839 0.0000000000
104799  -45.112  26.189  -7.263 0.0000000000
104786  -43.796  26.211  -7.120 0.0000000000
104779  -45.680  26.555  -5.952 0.0000000000
104767  -44.879  26.473  -5.084 0.0000000000
104753  -45.066  26.550  -4.003 0.0000000000
107270  -47.499  29.949  -0.170 0.0000000000
108043  -46.604  30.789  -1.879 0.0000000000
107286  -46.042  30.649  -0.774 0.0000000000
108040  -43.877  30.694  -1.178 0.0000000000
107300  -42.417  29.759  -1.463 0.0000000000
107285  -41.515  29.515  -1.284 0.0000000000
108050  -42.088  30.511  -1.288 0.0000000000
108037  -40.765  30.877  -0.846 0.0000000000
108024  -40.493  30.569  -0.049 0.0000000000
94975  -44.488  15.578  4.731 0.0000000000
94989  -44.441  15.727  3.811 0.0000000000
94974  -43.524  15.392  4.508 0.0000000000
94987  -42.486  15.679  3.208 0.0000000000
96048  -42.335  16.437  2.303 0.0000000000
96004  -39.837  16.465  5.378 0.0000000000
96032  -40.679  17.032  3.307 0.0000000000
97036  -41.711  17.137  1.791 0.0000000000
98011  -41.041  18.281  0.981 0.0000000000
98929  -40.620  19.359  1.174 0.0000000000
99805  -41.046  20.721  0.355 0.0000000000
102977  -46.992  24.697  12.730 0.0000000000
103801  -46.044  25.007  10.650 0.0000000000
103798  -47.522  25.483  11.506 0.0000000000
103807  -47.497  25.951  9.012 0.0000000000
104641  -48.118  26.454  6.581 0.0000000000
104626  -49.690  27.288  7.772 0.0000000000
105487  -49.242  27.276  6.269 0.0000000000
104651  -48.895  26.661  4.980 0.0000000000
104688  -49.662  26.239  2.173 0.0000000000
103871  -50.561  25.865  0.380 0.0000000000
104735  -50.588  26.238  -1.271 0.0000000000
104733  -49.086  27.345  -1.974 0.0000000000
105585  -50.548  27.901  -1.002 0.0000000000
107290  -49.772  29.237  -0.761 0.0000000000
107272  -49.661  29.802  0.006 0.0000000000
106386  -51.868  29.122  2.155 0.0000000000
106385  -50.427  28.992  2.136 0.0000000000
107255  -49.204  29.422  0.718 0.0000000000
106398  -47.564  29.007  1.499 0.0000000000
106382  -46.944  28.563  2.360 0.0000000000
106363  -46.213  27.967  3.309 0.0000000000
95902  -36.503  16.342  13.655 0.0000000000
97895  -36.825  18.198  12.508 0.0000000000
96915  -37.360  17.802  13.684 0.0000000000
97890  -38.699  18.770  13.802 0.0000000000
98820  -40.340  19.095  14.176 0.0000000000
96869  -40.638  17.101  17.153 0.0000000000
97867  -41.088  18.331  15.685 0.0000000000
98829  -41.845  20.055  13.746 0.0000000000
99708  -43.409  20.347  14.317 0.0000000000
100550  -44.524  21.185  13.721 0.0000000000
101373  -45.933  21.629  14.281 0.0000000000
99679  -44.384  20.762  17.108 0.0000000000
99666  -46.293  20.330  17.055 0.0000000000
100520  -46.692  21.011  15.906 0.0000000000
102181  -46.736  23.311  14.025 0.0000000000
102952  -48.275  23.983  14.834 0.0000000000
103763  -49.541  25.142  14.688 0.0000000000
103764  -50.658  25.674  14.502 0.0000000000
97011  -48.416  17.786  4.563 0.0000000000
96023  -46.955  16.556  5.276 0.0000000000
97925  -49.458  18.352  9.572 0.0000000000
98874  -50.176  19.011  8.292 0.0000000000
96975  -48.769  18.080  7.695 0.0000000000
95993  -47.589  17.224  6.842 0.0000000000
96007  -46.265  16.210  5.837 0.0000000000
94947  -44.432  15.661  6.588 0.0000000000
94934  -43.062  15.553  7.163 0.0000000000
95960  -41.690  16.470  8.358 0.0000000000
94922  -43.017  16.058  9.828 0.0000000000
95943  -41.994  16.349  9.099 0.0000000000
95959  -40.603  16.308  8.426 0.0000000000
94918  -39.221  15.687  9.445 0.0000000000
88710  -45.916  9.822  16.696 0.0000000000
87661  -43.495  8.290  15.452 0.0000000000
88721  -44.861  9.080  15.407 0.0000000000
88723  -46.611  10.011  15.571 0.0000000000
88735  -46.989  10.034  14.790 0.0000000000
89795  -47.266  10.701  13.555 0.0000000000
91931  -47.213  12.184  12.308 0.0000000000
91939  -45.670  12.724  11.608 0.0000000000
91937  -43.726  12.695  11.859 0.0000000000
92917  -42.730  13.365  12.388 0.0000000000
94878  -36.684  15.381  12.907 0.0000000000
93883  -36.956  15.106  14.368 0.0000000000
93878  -37.524  14.584  16.016 0.0000000000
93862  -37.624  14.445  17.206 0.0000000000
93835  -37.730  14.994  18.508 0.0000000000
96088  -48.531  16.536  -1.191 0.0000000000
96097  -48.221  16.542  -1.881 0.0000000000
96115  -47.607  17.028  -3.599 0.0000000000
96051  -45.502  16.632  2.503 0.0000000000
97069  -45.789  17.554  0.701 0.0000000000
97100  -44.531  17.389  -1.415 0.0000000000
97101  -45.674  17.503  -1.289 0.0000000000
98065  -47.910  18.541  -2.325 0.0000000000
98082  -48.696  18.359  -3.460 0.0000000000
97131  -48.416  17.741  -3.740 0.0000000000
96123  -46.937  16.437  -4.478 0.0000000000
96130  -46.611  16.856  -5.721 0.0000000000
96141  -46.219  17.227  -6.307 0.0000000000
96154  -45.144  17.120  -7.333 0.0000000000
99852  -45.520  19.896  -7.014 0.0000000000
98125  -45.246  18.626  -7.894 0.0000000000
97177  -44.293  18.034  -8.155 0.0000000000
97175  -43.285  18.368  -8.482 0.0000000000
98134  -42.906  18.843  -8.606 0.0000000000
99008  -41.769  19.647  -8.091 0.0000000000
98850  -37.465  19.689  10.255 0.0000000000
99737  -38.319  20.668  9.333 0.0000000000
100588  -39.398  21.015  6.942 0.0000000000
101394  -40.892  22.864  9.085 0.0000000000
101410  -40.720  22.128  7.155 0.0000000000
99761  -40.938  21.156  5.222 0.0000000000
100619  -41.541  21.364  3.964 0.0000000000
100638  -41.558  21.361  1.826 0.0000000000
101479  -41.882  22.057  0.110 0.0000000000
102994  -46.024  24.943  9.271 0.0000000000
103016  -45.122  24.142  6.870 0.0000000000
102244  -44.895  23.197  4.859 0.0000000000
102255  -46.400  23.852  3.167 0.0000000000
102254  -45.509  23.342  3.347 0.0000000000
101445  -44.243  22.762  3.522 0.0000000000
101464  -43.359  22.803  1.661 0.0000000000
101480  -42.344  22.434  -0.290 0.0000000000
100660  -41.948  21.836  -1.155 0.0000000000
100672  -42.191  21.843  -3.332 0.0000000000
101523  -42.653  22.585  -6.324 0.0000000000
103118  -44.497  24.448  -5.087 0.0000000000
102349  -43.349  24.078  -6.375 0.0000000000
101539  -43.256  22.562  -8.572 0.0000000000
101552  -42.997  22.741  -9.344 0.0000000000
100715  -41.877  21.909  -8.887 0.0000000000
103941  -41.967  25.281  -6.289 0.0000000000
105604  -47.776  27.466  -2.666 0.0000000000
105603  -46.538  27.357  -2.604 0.0000000000
104729  -44.781  26.967  -2.114 0.0000000000
107303  -45.476  29.805  -2.197 0.0000000000
105593  -44.813  27.533  -1.560 0.0000000000
104728  -44.028  26.633  -1.849 0.0000000000
103885  -42.393  25.545  -1.508 0.0000000000
103070  -40.866  24.241  -1.083 0.0000000000
102296  -40.102  23.760  -0.831 0.0000000000
106421  -40.092  28.714  -0.386 0.0000000000
105565  -39.442  27.747  0.631 0.0000000000
105516  -44.907  27.694  4.149 0.0000000000
106379  -43.543  28.789  2.670 0.0000000000
106378  -42.575  29.005  2.769 0.0000000000
107246  -40.583  30.059  1.752 0.0000000000
108023  -39.456  30.564  0.212 0.0000000000
96939  -36.926  17.270  10.265 0.0000000000
96930  -36.464  17.347  11.089 0.0000000000
92920  -48.971  13.006  12.422 0.0000000000
92933  -48.122  13.453  12.090 0.0000000000
92932  -47.083  13.624  11.927 0.0000000000
91941  -47.395  12.869  12.112 0.0000000000
87683  -36.868  8.836  13.363 0.0000000000
96021  -46.145  16.103  4.160 0.0000000000
96037  -46.663  16.791  3.780 0.0000000000
98957  -41.455  19.719  -2.353 0.0000000000
98958  -41.725  20.273  -2.745 0.0000000000
99818  -41.530  20.762  -2.280 0.0000000000
102979  -44.520  23.939  11.597 0.0000000000
103901  -49.960  25.730  -1.801 0.0000000000
103900  -49.215  25.127  -2.271 0.0000000000
103912  -49.542  25.742  -2.815 0.0000000000
103095  -48.660  25.455  -3.805 0.0000000000
104758  -49.278  26.169  -3.250 0.0000000000
104757  -48.657  26.409  -3.596 0.0000000000
107236  -44.893  29.385  1.616 0.0000000000
107235  -43.938  29.374  1.748 0.0000000000
107249  -43.313  30.039  0.897 0.0000000000
98895  -39.171  19.223  5.661 0.0000000000
97962  -39.340  18.660  5.288 0.0000000000
98896  -39.635  19.540  5.133 0.0000000000
98908  -40.386  19.444  4.020 0.0000000000
98897  -40.143  19.847  4.651 0.0000000000
104590  -49.937  26.362  12.200 0.0000000000
104601  -49.310  26.336  11.545 0.0000000000
104602  -50.043  26.587  11.374 0.0000000000
104664  -52.636  27.254  4.183 0.0000000000
104663  -51.956  27.189  4.244 0.0000000000
104677  -52.673  27.217  3.511 0.0000000000
104691  -52.557  26.990  2.592 0.0000000000
105547  -53.106  27.519  2.752 0.0000000000
107210  -50.706  29.086  4.869 0.0000000000
106345  -48.690  28.212  4.149 0.0000000000
106329  -49.811  28.845  5.307 0.0000000000
95088  -44.264  15.620  -6.769 0.0000000000
95100  -43.498  15.960  -7.445 0.0000000000
94844  -38.242  15.300  17.494 0.0000000000
95857  -38.665  16.197  17.765 0.0000000000
98772  -42.764  19.066  17.848 0.0000000000
97844  -43.459  17.977  17.846 0.0000000000
97861  -44.678  18.504  16.955 0.0000000000
97845  -44.569  18.764  17.530 0.0000000000
102125  -47.661  23.504  17.648 0.0000000000
102126  -48.267  23.495  17.651 0.0000000000
98884  -51.115  19.554  6.800 0.0000000000
97952  -50.408  19.172  6.459 0.0000000000
97943  -50.513  19.348  7.105 0.0000000000
95965  -46.402  17.128  9.066 0.0000000000
93928  -42.243  14.915  10.764 0.0000000000
93912  -41.843  14.297  11.315 0.0000000000
93911  -40.956  14.235  11.381 0.0000000000
88745  -43.517  8.715  13.020 0.0000000000
88761  -43.829  9.542  12.364 0.0000000000
88762  -44.799  9.652  12.635 0.0000000000
89816  -43.725  10.665  11.645 0.0000000000
88774  -43.083  9.892  11.835 0.0000000000
91913  -38.431  12.727  14.806 0.0000000000
92891  -38.180  13.228  15.231 0.0000000000
98053  -48.909  18.862  -1.683 0.0000000000
96064  -43.352  16.543  1.392 0.0000000000
96077  -43.288  16.777  0.492 0.0000000000
98094  -45.864  18.301  -4.465 0.0000000000
98095  -47.134  18.620  -4.563 0.0000000000
98105  -46.478  19.132  -5.658 0.0000000000
98988  -47.066  19.367  -5.975 0.0000000000
100704  -43.426  21.650  -8.246 0.0000000000
98836  -40.396  20.283  12.662 0.0000000000
99728  -39.776  21.016  11.534 0.0000000000
99729  -40.358  21.042  12.026 0.0000000000
102226  -43.555  23.318  6.670 0.0000000000
101413  -42.887  22.802  6.435 0.0000000000
101424  -43.256  22.611  5.762 0.0000000000
101433  -43.268  22.470  4.739 0.0000000000
103826  -47.516  25.962  6.017 0.0000000000
103825  -47.103  25.349  6.229 0.0000000000
102299  -45.596  23.919  -1.073 0.0000000000
102288  -45.730  24.065  0.110 0.0000000000
102298  -44.805  23.669  -0.754 0.0000000000
102316  -43.933  23.548  -2.582 0.0000000000
102317  -44.862  23.842  -2.850 0.0000000000
103962  -43.662  25.749  -7.885 0.0000000000
103159  -42.504  24.523  -8.555 0.0000000000
103971  -42.754  25.368  -8.214 0.0000000000
103961  -42.348  25.369  -7.727 0.0000000000
104796  -42.852  25.960  -7.790 0.0000000000
103104  -42.388  25.528  -4.004 0.0000000000
103908  -42.735  25.627  -3.466 0.0000000000
103897  -43.193  25.822  -2.257 0.0000000000
107289  -48.891  29.720  -0.734 0.0000000000
106434  -42.554  29.224  -1.223 0.0000000000
106435  -43.107  28.897  -1.166 0.0000000000
105579  -42.401  27.631  -0.327 0.0000000000
105578  -41.447  28.106  -0.237 0.0000000000
108047  -39.417  30.315  -1.018 0.0000000000
107282  -38.837  29.595  -1.015 0.0000000000
95957  -38.295  16.802  8.131 0.0000000000
97931  -37.466  18.543  8.468 0.0000000000
97939  -37.662  18.158  7.911 0.0000000000
97932  -37.853  19.001  8.086 0.0000000000
98865  -38.212  19.459  7.864 0.0000000000
104604  -52.089  27.022  11.035 0.0000000000
104615  -52.247  27.353  10.291 0.0000000000
105480  -53.282  27.825  7.600 0.0000000000
105470  -52.862  27.617  8.315 0.0000000000
105492  -53.199  27.710  6.714 0.0000000000
105509  -53.077  27.677  5.791 0.0000000000
106350  -53.357  28.172  5.198 0.0000000000
107183  -53.145  29.696  6.452 0.0000000000
107197  -51.978  29.637  5.509 0.0000000000
95067  -45.644  15.099  -4.633 0.0000000000
95076  -45.320  15.528  -5.852 0.0000000000
97821  -37.811  17.707  18.277 0.0000000000
97822  -38.686  17.736  18.243 0.0000000000
97839  -38.118  18.322  17.842 0.0000000000
94912  -46.728  15.597  10.688 0.0000000000
94911  -46.014  15.733  10.813 0.0000000000
94892  -46.314  15.016  11.045 0.0000000000
93914  -43.765  14.744  11.377 0.0000000000
92929  -44.133  13.707  11.903 0.0000000000
89802  -39.014  10.429  12.576 0.0000000000
89801  -38.200  10.441  12.994 0.0000000000
90869  -37.439  11.363  13.868 0.0000000000
90854  -35.803  11.737  14.263 0.0000000000
97082  -42.490  17.348  -0.541 0.0000000000
97081  -41.773  18.036  -0.712 0.0000000000
98063  -42.063  18.596  -3.105 0.0000000000
97112  -42.503  18.161  -2.839 0.0000000000
97127  -43.068  17.994  -3.702 0.0000000000
97140  -43.385  18.159  -4.329 0.0000000000
98092  -43.573  18.451  -4.926 0.0000000000
98091  -42.822  18.941  -4.902 0.0000000000
99835  -41.947  20.757  -4.070 0.0000000000
99849  -42.815  20.634  -6.605 0.0000000000
100557  -42.681  21.323  12.711 0.0000000000
101381  -42.238  22.370  11.820 0.0000000000
101382  -42.870  22.460  12.192 0.0000000000
102986  -44.385  24.256  10.596 0.0000000000
102985  -43.475  24.019  10.397 0.0000000000
102996  -43.953  24.165  8.852 0.0000000000
102206  -43.851  23.956  8.186 0.0000000000
102997  -44.532  24.364  8.464 0.0000000000
104698  -48.869  25.492  1.616 0.0000000000
103861  -48.549  25.303  1.737 0.0000000000
103869  -48.849  25.196  1.007 0.0000000000
103074  -47.898  24.712  -1.268 0.0000000000
103064  -47.833  24.535  -0.232 0.0000000000
103083  -47.174  24.552  -1.913 0.0000000000
103946  -47.425  25.837  -5.720 0.0000000000
103934  -47.431  25.536  -5.047 0.0000000000
103956  -47.077  25.827  -6.216 0.0000000000
103965  -46.042  25.971  -7.114 0.0000000000
104789  -46.259  26.310  -6.510 0.0000000000
104788  -45.438  26.469  -6.796 0.0000000000
104780  -46.631  26.489  -5.767 0.0000000000
104768  -45.902  26.744  -4.983 0.0000000000
104754  -46.052  26.668  -3.931 0.0000000000
107253  -47.043  29.514  0.676 0.0000000000
107269  -46.458  29.995  -0.176 0.0000000000
108028  -44.619  30.662  -0.722 0.0000000000
108051  -43.190  30.523  -1.467 0.0000000000
108039  -42.852  31.133  -1.117 0.0000000000
107265  -42.151  30.617  0.333 0.0000000000
108038  -41.796  30.946  -0.926 0.0000000000
108025  -41.498  30.767  -0.143 0.0000000000
108013  -41.056  30.450  0.503 0.0000000000
94959  -43.656  15.325  5.497 0.0000000000
94972  -41.532  15.594  4.183 0.0000000000
94973  -42.544  15.350  4.266 0.0000000000
94986  -41.797  15.851  3.425 0.0000000000
96034  -41.980  16.052  3.070 0.0000000000
96033  -41.334  16.319  3.396 0.0000000000
95988  -39.162  16.969  6.177 0.0000000000
96003  -39.584  17.105  5.177 0.0000000000
97021  -40.070  17.920  3.713 0.0000000000
97008  -40.318  17.434  3.768 0.0000000000
96046  -40.752  17.316  2.755 0.0000000000
97035  -40.856  17.672  2.057 0.0000000000
97050  -40.983  18.025  1.391 0.0000000000
97998  -40.403  18.529  2.585 0.0000000000
99781  -40.636  20.106  2.652 0.0000000000
99797  -40.696  20.090  0.744 0.0000000000
99798  -41.024  20.763  1.287 0.0000000000
102982  -47.067  24.969  11.980 0.0000000000
104619  -48.258  26.279  9.734 0.0000000000
104624  -48.187  26.457  8.676 0.0000000000
104631  -48.185  26.454  7.587 0.0000000000
104622  -50.922  27.489  9.133 0.0000000000
104621  -50.120  27.317  8.954 0.0000000000
105467  -50.542  27.458  7.937 0.0000000000
104652  -50.213  27.084  4.786 0.0000000000
105488  -50.014  27.325  6.272 0.0000000000
105504  -49.038  27.105  5.705 0.0000000000
104674  -49.841  26.516  3.057 0.0000000000
104711  -51.369  26.831  0.746 0.0000000000
104700  -50.603  26.200  1.220 0.0000000000
104710  -51.010  26.312  0.309 0.0000000000
103881  -50.826  25.941  -0.150 0.0000000000
104722  -51.048  26.604  -0.468 0.0000000000
104721  -50.551  27.142  -1.103 0.0000000000
105586  -51.066  27.600  -0.621 0.0000000000
107257  -51.434  29.223  0.543 0.0000000000
107274  -51.389  28.964  -0.215 0.0000000000
107273  -50.669  29.483  -0.070 0.0000000000
107256  -50.485  29.471  0.962 0.0000000000
106369  -52.965  28.688  3.846 0.0000000000
106366  -49.610  28.610  3.256 0.0000000000
106400  -49.605  29.106  1.498 0.0000000000
106399  -48.630  28.960  1.464 0.0000000000
105519  -48.101  27.973  3.699 0.0000000000
106364  -47.519  28.120  3.347 0.0000000000
106343  -46.808  27.877  4.163 0.0000000000
96138  -42.520  16.481  -7.143 0.0000000000
97154  -42.244  17.579  -7.235 0.0000000000
96905  -36.789  16.878  14.256 0.0000000000
96914  -36.785  17.391  13.351 0.0000000000
96906  -37.654  17.385  14.595 0.0000000000
96907  -38.810  17.879  14.963 0.0000000000
96908  -39.341  18.243  14.986 0.0000000000
98819  -39.749  18.921  14.113 0.0000000000
97882  -39.842  18.548  14.717 0.0000000000
96855  -40.429  17.093  18.341 0.0000000000
95843  -40.487  16.688  17.980 0.0000000000
95844  -41.003  16.858  17.735 0.0000000000
97858  -42.408  18.095  16.364 0.0000000000
97857  -41.667  18.112  16.252 0.0000000000
97868  -41.966  18.528  15.697 0.0000000000
98821  -41.519  19.243  14.495 0.0000000000
98807  -42.420  19.032  15.210 0.0000000000
98830  -42.413  20.335  13.777 0.0000000000
98822  -42.702  19.876  14.434 0.0000000000
99694  -44.541  19.862  15.384 0.0000000000
99709  -44.051  20.241  14.754 0.0000000000
99718  -44.891  20.862  14.417 0.0000000000
101372  -45.131  21.797  13.710 0.0000000000
100552  -45.573  21.317  14.638 0.0000000000
102134  -44.929  23.032  16.194 0.0000000000
100499  -43.663  21.605  16.457 0.0000000000
100500  -44.827  21.541  16.773 0.0000000000
99664  -45.001  20.085  17.315 0.0000000000
99681  -45.849  20.830  17.287 0.0000000000
101343  -47.335  22.023  16.193 0.0000000000
100521  -46.928  21.504  16.380 0.0000000000
101362  -47.159  22.097  15.410 0.0000000000
101361  -46.658  21.747  15.023 0.0000000000
102165  -46.976  22.650  14.712 0.0000000000
102951  -47.385  23.467  14.514 0.0000000000
102166  -47.774  23.240  15.265 0.0000000000
102953  -49.101  24.532  15.155 0.0000000000
103744  -49.776  24.641  15.510 0.0000000000
103745  -50.569  25.129  15.504 0.0000000000
98910  -50.733  19.237  4.615 0.0000000000
97950  -49.051  18.136  5.939 0.0000000000
97963  -48.912  18.213  5.058 0.0000000000
96998  -48.322  17.527  5.656 0.0000000000
97010  -47.572  17.069  5.037 0.0000000000
96997  -47.898  16.966  5.679 0.0000000000
96954  -49.240  18.040  10.150 0.0000000000
97924  -48.905  18.453  9.121 0.0000000000
97935  -50.083  18.549  9.096 0.0000000000
97933  -48.927  18.446  8.705 0.0000000000
96976  -49.247  18.474  8.007 0.0000000000
95979  -47.498  17.466  7.589 0.0000000000
95992  -46.533  16.630  6.902 0.0000000000
95991  -45.558  16.089  6.898 0.0000000000
96006  -45.329  15.851  6.180 0.0000000000
95975  -43.317  16.171  7.684 0.0000000000
95974  -42.367  16.185  7.656 0.0000000000
95961  -42.629  16.386  8.383 0.0000000000
94909  -44.454  15.793  10.527 0.0000000000
95928  -44.303  16.304  10.042 0.0000000000
94908  -43.598  15.775  10.359 0.0000000000
94906  -41.790  15.406  10.194 0.0000000000
94921  -42.263  16.028  9.765 0.0000000000
94920  -41.404  15.916  9.613 0.0000000000
95942  -41.196  16.312  9.021 0.0000000000
94919  -40.408  15.812  9.369 0.0000000000
94928  -39.798  15.951  8.891 0.0000000000
90875  -48.489  11.637  13.722 0.0000000000
88695  -43.591  9.107  17.798 0.0000000000
88696  -44.801  9.634  17.759 0.0000000000
88697  -45.639  10.090  17.810 0.0000000000
88709  -44.608  9.180  16.579 0.0000000000
87660  -42.762  7.862  15.460 0.0000000000
88732  -44.631  9.063  14.470 0.0000000000
88722  -45.679  9.450  15.555 0.0000000000
88734  -46.349  9.819  14.521 0.0000000000
89807  -46.250  10.402  12.590 0.0000000000
89794  -46.643  10.259  13.525 0.0000000000
89808  -46.971  10.748  12.833 0.0000000000
90888  -47.490  11.436  12.799 0.0000000000
90887  -46.677  11.496  12.257 0.0000000000
90898  -46.078  11.926  11.715 0.0000000000
91930  -43.051  12.721  12.349 0.0000000000
90885  -42.715  12.351  12.347 0.0000000000
93892  -38.340  13.889  13.535 0.0000000000
93900  -38.552  14.131  12.601 0.0000000000
93899  -37.652  14.387  12.746 0.0000000000
94879  -37.141  14.806  12.617 0.0000000000
93898  -37.115  14.693  13.145 0.0000000000
93890  -36.948  14.871  13.827 0.0000000000
90843  -37.112  12.187  15.234 0.0000000000
91898  -37.773  12.610  15.534 0.0000000000
91897  -37.106  12.281  16.027 0.0000000000
93849  -36.710  14.559  17.770 0.0000000000
93850  -37.513  14.430  17.903 0.0000000000
93834  -37.236  14.931  18.216 0.0000000000
94814  -37.273  15.516  18.439 0.0000000000
95029  -48.436  16.338  -0.721 0.0000000000
96089  -49.041  16.820  -0.755 0.0000000000
97118  -49.364  17.831  -2.635 0.0000000000
96106  -47.812  16.569  -2.650 0.0000000000
96116  -48.416  17.550  -3.390 0.0000000000
96035  -44.828  16.078  3.061 0.0000000000
96050  -44.403  16.303  2.417 0.0000000000
97068  -44.779  17.332  0.583 0.0000000000
97053  -45.103  17.298  1.300 0.0000000000
97099  -43.393  17.463  -1.553 0.0000000000
97130  -46.096  17.795  -2.989 0.0000000000
97116  -46.566  17.800  -2.225 0.0000000000
97117  -47.299  18.073  -1.958 0.0000000000
98064  -47.223  18.216  -2.474 0.0000000000
98066  -48.817  18.709  -2.724 0.0000000000
98081  -47.983  18.625  -3.527 0.0000000000
98097  -48.371  18.248  -4.057 0.0000000000
97143  -48.153  17.858  -4.375 0.0000000000
96124  -47.405  17.292  -4.856 0.0000000000
96131  -47.267  17.465  -5.459 0.0000000000
98115  -46.621  18.726  -6.726 0.0000000000
97157  -46.677  17.924  -6.253 0.0000000000
97169  -46.132  18.199  -6.726 0.0000000000
97156  -45.991  17.567  -6.575 0.0000000000
97168  -45.533  17.801  -7.146 0.0000000000
98113  -45.730  19.402  -6.301 0.0000000000
98998  -45.139  19.927  -6.809 0.0000000000
99021  -44.829  19.565  -8.370 0.0000000000
99022  -45.309  19.323  -8.118 0.0000000000
98137  -45.036  19.069  -8.322 0.0000000000
98124  -44.655  18.289  -8.028 0.0000000000
97176  -43.744  18.158  -8.372 0.0000000000
99018  -42.397  19.756  -8.716 0.0000000000
98133  -42.316  19.053  -8.267 0.0000000000
97896  -37.601  18.771  12.727 0.0000000000
97905  -37.248  18.722  11.867 0.0000000000
98842  -37.585  19.431  11.480 0.0000000000
100566  -39.157  21.368  10.004 0.0000000000
99732  -38.013  20.328  9.937 0.0000000000
100570  -38.908  21.292  9.413 0.0000000000
100578  -38.633  20.703  7.971 0.0000000000
102194  -41.469  23.064  10.309 0.0000000000
101390  -41.013  22.761  9.962 0.0000000000
101422  -41.699  22.331  6.218 0.0000000000
101411  -41.347  22.347  6.859 0.0000000000
100601  -41.037  21.673  5.922 0.0000000000
100600  -40.319  21.220  6.045 0.0000000000
99768  -40.986  20.896  4.637 0.0000000000
100610  -41.398  21.477  4.949 0.0000000000
101454  -42.421  22.375  2.974 0.0000000000
100630  -41.894  22.111  2.842 0.0000000000
100646  -42.010  21.852  1.397 0.0000000000
100645  -41.424  21.368  0.898 0.0000000000
101472  -41.829  21.813  0.622 0.0000000000
103802  -46.682  25.156  10.310 0.0000000000
102988  -45.902  24.815  10.003 0.0000000000
103025  -46.066  24.334  5.710 0.0000000000
103007  -45.561  24.571  7.489 0.0000000000
103017  -45.701  24.349  6.490 0.0000000000
102228  -45.124  23.719  6.257 0.0000000000
102237  -45.435  23.698  5.491 0.0000000000
103042  -47.535  24.845  2.372 0.0000000000
103041  -47.029  24.582  2.883 0.0000000000
102264  -45.563  23.588  2.290 0.0000000000
102263  -44.780  23.253  2.436 0.0000000000
101446  -45.086  22.818  3.721 0.0000000000
101456  -44.122  22.885  2.541 0.0000000000
101465  -44.151  23.091  1.837 0.0000000000
101481  -43.185  22.952  -0.444 0.0000000000
101488  -42.602  22.414  -1.323 0.0000000000
100666  -41.847  21.788  -2.202 0.0000000000
101495  -42.684  22.720  -2.408 0.0000000000
101505  -43.074  23.490  -4.577 0.0000000000
101513  -42.553  22.931  -5.154 0.0000000000
102348  -42.916  23.398  -5.890 0.0000000000
103119  -45.356  24.870  -4.969 0.0000000000
103105  -44.837  24.483  -4.309 0.0000000000
103151  -43.580  24.920  -7.800 0.0000000000
102358  -43.315  24.179  -7.228 0.0000000000
102365  -43.124  22.913  -7.477 0.0000000000
102366  -43.160  23.501  -7.957 0.0000000000
101545  -43.193  22.611  -9.117 0.0000000000
102371  -41.761  23.313  -8.964 0.0000000000
101550  -42.011  22.553  -9.148 0.0000000000
101544  -41.626  22.540  -8.547 0.0000000000
100709  -41.594  21.548  -8.243 0.0000000000
104776  -43.309  26.127  -6.374 0.0000000000
103942  -42.684  25.758  -6.303 0.0000000000
103102  -41.038  24.559  -4.524 0.0000000000
103117  -41.474  25.057  -5.463 0.0000000000
104720  -48.814  27.806  -1.808 0.0000000000
104732  -48.448  27.463  -2.372 0.0000000000
105596  -48.114  28.139  -2.135 0.0000000000
105582  -45.723  27.316  -0.544 0.0000000000
105595  -46.318  27.723  -1.606 0.0000000000
105594  -45.426  27.530  -1.394 0.0000000000
105602  -45.512  27.181  -2.311 0.0000000000
105601  -45.058  27.101  -2.235 0.0000000000
108061  -46.236  30.730  -2.295 0.0000000000
107311  -45.464  30.370  -2.214 0.0000000000
105592  -43.843  27.854  -1.270 0.0000000000
104727  -43.315  26.193  -1.558 0.0000000000
103886  -43.001  25.953  -1.472 0.0000000000
104706  -42.060  26.428  -0.134 0.0000000000
103061  -41.393  24.845  -0.504 0.0000000000
103060  -40.800  24.483  0.040 0.0000000000
103867  -40.657  25.399  0.901 0.0000000000
104696  -40.138  26.310  1.512 0.0000000000
107284  -40.669  29.544  -1.219 0.0000000000
106409  -39.180  28.387  0.070 0.0000000000
105555  -38.811  27.251  1.457 0.0000000000
106360  -42.984  28.419  3.597 0.0000000000
107232  -41.117  29.641  2.258 0.0000000000
108012  -40.313  30.464  0.960 0.0000000000
95926  -37.615  16.357  10.040 0.0000000000
96940  -37.291  17.119  9.628 0.0000000000
96949  -37.022  17.657  9.734 0.0000000000
97923  -36.910  18.486  9.716 0.0000000000
105457  -53.132  27.621  10.125 0.0000000000
105471  -53.332  27.976  8.506 0.0000000000
106312  -53.523  28.235  6.868 0.0000000000
107160  -53.273  29.916  7.220 0.0000000000
98767  -37.525  18.893  17.484 0.0000000000
98768  -38.405  18.956  17.410 0.0000000000
93919  -48.552  14.507  11.647 0.0000000000
93917  -46.675  14.456  11.642 0.0000000000
92931  -46.160  13.628  11.754 0.0000000000
89792  -37.314  10.497  13.283 0.0000000000
89791  -36.386  10.391  13.506 0.0000000000
97024  -47.562  17.469  3.954 0.0000000000
96038  -47.304  17.263  3.367 0.0000000000
96053  -47.122  17.061  3.003 0.0000000000
97038  -46.334  17.127  2.208 0.0000000000
97097  -41.672  18.315  -1.292 0.0000000000
98049  -41.385  18.684  -1.860 0.0000000000
98062  -41.564  18.895  -2.729 0.0000000000
98076  -41.778  19.035  -3.265 0.0000000000
98968  -41.887  19.803  -3.351 0.0000000000
102186  -43.966  22.783  12.513 0.0000000000
102192  -43.836  23.469  11.701 0.0000000000
102974  -44.483  23.500  12.247 0.0000000000
103879  -49.416  25.112  -0.162 0.0000000000
103889  -49.414  25.007  -1.277 0.0000000000
103075  -48.703  24.783  -1.704 0.0000000000
103084  -48.145  24.874  -2.382 0.0000000000
103094  -48.243  25.070  -3.435 0.0000000000
103122  -48.320  25.640  -4.355 0.0000000000
103935  -47.896  25.816  -4.689 0.0000000000
104781  -47.437  26.253  -5.461 0.0000000000
104770  -47.680  26.386  -4.557 0.0000000000
104756  -47.987  26.706  -3.873 0.0000000000
105610  -47.447  27.161  -3.282 0.0000000000
106396  -46.009  29.354  1.558 0.0000000000
107251  -45.133  29.845  0.779 0.0000000000
107266  -43.804  30.501  0.336 0.0000000000
108015  -43.223  30.737  0.201 0.0000000000
107248  -42.297  30.047  1.057 0.0000000000
94944  -41.860  15.333  6.200 0.0000000000
94958  -42.528  15.141  5.202 0.0000000000
94957  -41.569  15.326  5.219 0.0000000000
94956  -40.598  15.828  5.109 0.0000000000
96995  -39.122  18.115  5.598 0.0000000000
96983  -39.221  17.570  5.635 0.0000000000
97974  -39.723  18.617  4.433 0.0000000000
97987  -40.145  18.596  3.626 0.0000000000
98916  -40.379  19.370  3.094 0.0000000000
103787  -48.624  25.791  12.589 0.0000000000
103799  -48.516  26.013  11.333 0.0000000000
104589  -49.180  26.196  12.138 0.0000000000
104612  -48.962  26.418  10.602 0.0000000000
104620  -49.077  26.712  9.433 0.0000000000
105490  -51.775  27.519  6.357 0.0000000000
105477  -51.131  27.357  7.175 0.0000000000
105507  -51.614  27.370  5.317 0.0000000000
104653  -51.205  27.219  4.759 0.0000000000
104662  -51.033  27.094  4.040 0.0000000000
104675  -50.894  26.915  3.182 0.0000000000
104690  -51.820  26.818  2.481 0.0000000000
104701  -51.768  26.895  1.656 0.0000000000
105571  -51.857  27.542  1.043 0.0000000000
106412  -52.197  28.082  1.170 0.0000000000
106401  -51.930  28.678  1.201 0.0000000000
106348  -51.807  29.128  4.121 0.0000000000
95099  -42.965  15.952  -7.251 0.0000000000
96151  -42.975  16.486  -7.741 0.0000000000
95872  -37.564  15.944  16.333 0.0000000000
96894  -37.846  16.965  15.513 0.0000000000
95887  -37.991  16.751  15.937 0.0000000000
96881  -38.987  16.829  16.517 0.0000000000
96882  -39.738  17.122  16.655 0.0000000000
96856  -41.370  17.114  18.067 0.0000000000
97826  -42.239  17.643  18.033 0.0000000000
96872  -43.111  17.711  17.263 0.0000000000
97859  -43.079  18.043  16.503 0.0000000000
98794  -44.143  18.652  16.345 0.0000000000
98809  -44.858  19.069  16.018 0.0000000000
98810  -45.642  19.549  16.412 0.0000000000
100501  -45.832  21.396  17.090 0.0000000000
101329  -46.343  22.372  17.029 0.0000000000
101330  -47.231  22.334  16.955 0.0000000000
101344  -47.862  22.632  16.822 0.0000000000
102148  -48.168  23.081  16.221 0.0000000000
102137  -48.437  23.074  17.096 0.0000000000
102149  -48.869  23.514  16.776 0.0000000000
97965  -50.305  18.941  5.515 0.0000000000
97951  -49.729  18.651  6.226 0.0000000000
97941  -49.166  18.278  6.785 0.0000000000
96964  -47.755  17.554  9.165 0.0000000000
96974  -47.728  17.702  8.174 0.0000000000
96973  -47.106  17.399  8.762 0.0000000000
95963  -44.573  16.799  8.520 0.0000000000
93929  -43.091  15.128  10.848 0.0000000000
93926  -40.391  14.699  10.811 0.0000000000
87689  -42.812  8.318  13.592 0.0000000000
87674  -43.219  8.163  14.550 0.0000000000
87690  -43.561  8.562  13.823 0.0000000000
88747  -45.120  9.413  13.534 0.0000000000
88763  -45.575  9.764  12.761 0.0000000000
89806  -45.291  10.520  12.131 0.0000000000
89817  -44.598  10.948  11.658 0.0000000000
92899  -39.395  13.092  13.980 0.0000000000
92905  -39.074  13.444  13.697 0.0000000000
93885  -37.942  13.905  14.286 0.0000000000
92897  -37.954  13.692  14.875 0.0000000000
92874  -37.967  13.216  15.842 0.0000000000
96099  -49.464  17.450  -1.132 0.0000000000
97104  -49.528  17.908  -2.068 0.0000000000
97133  -49.465  18.241  -2.977 0.0000000000
96078  -43.960  16.889  0.825 0.0000000000
97129  -45.226  17.723  -3.375 0.0000000000
98107  -47.332  18.728  -5.645 0.0000000000
97158  -47.269  18.252  -5.885 0.0000000000
98989  -47.264  19.142  -5.829 0.0000000000
99000  -46.793  19.209  -6.456 0.0000000000
99009  -44.302  20.222  -7.201 0.0000000000
99860  -44.858  20.200  -7.423 0.0000000000
99869  -44.536  20.268  -8.205 0.0000000000
99020  -43.986  19.854  -8.706 0.0000000000
99032  -43.527  20.471  -9.101 0.0000000000
99031  -43.274  20.614  -9.291 0.0000000000
98834  -38.471  19.685  12.418 0.0000000000
98843  -38.117  20.143  11.095 0.0000000000
99727  -38.890  20.564  11.449 0.0000000000
99734  -39.206  20.987  10.998 0.0000000000
100571  -39.627  21.692  9.593 0.0000000000
102204  -42.440  23.537  8.668 0.0000000000
102213  -41.910  23.170  8.108 0.0000000000
101412  -42.240  22.740  6.793 0.0000000000
101423  -42.305  22.406  5.902 0.0000000000
100620  -41.891  21.876  4.629 0.0000000000
101455  -43.305  22.709  2.739 0.0000000000
103809  -46.790  25.514  8.164 0.0000000000
103816  -46.886  25.478  7.149 0.0000000000
103018  -46.493  24.825  6.366 0.0000000000
102289  -46.341  24.197  0.399 0.0000000000
102265  -46.346  24.078  2.110 0.0000000000
102297  -43.934  23.448  -0.562 0.0000000000
102315  -43.202  23.232  -2.791 0.0000000000
102327  -43.443  23.445  -3.214 0.0000000000
103953  -45.272  25.634  -6.908 0.0000000000
103143  -44.521  25.247  -6.821 0.0000000000
103152  -44.131  25.248  -7.345 0.0000000000
103160  -42.990  24.220  -8.439 0.0000000000
102372  -42.764  23.713  -8.946 0.0000000000
103158  -41.811  24.048  -8.855 0.0000000000
102364  -41.430  23.448  -8.003 0.0000000000
103149  -41.859  24.540  -7.898 0.0000000000
103933  -43.168  26.022  -4.817 0.0000000000
103932  -42.966  25.930  -5.421 0.0000000000
103920  -42.702  25.722  -4.458 0.0000000000
103103  -42.009  25.339  -4.483 0.0000000000
106440  -48.599  28.852  -1.697 0.0000000000
106438  -46.319  28.533  -1.834 0.0000000000
107302  -44.775  29.956  -2.081 0.0000000000
105580  -43.177  27.769  -0.749 0.0000000000
104715  -42.945  26.572  -0.845 0.0000000000
104707  -42.412  26.906  -0.298 0.0000000000
104705  -41.346  26.650  0.418 0.0000000000
105566  -40.549  27.543  0.344 0.0000000000
107283  -39.731  29.535  -1.068 0.0000000000
106408  -38.298  28.491  -0.075 0.0000000000
105563  -37.900  28.240  0.438 0.0000000000
95970  -38.622  17.161  7.133 0.0000000000
95987  -38.698  17.437  6.637 0.0000000000
96961  -37.662  17.620  8.149 0.0000000000
96971  -37.832  17.907  7.595 0.0000000000
96972  -38.280  17.830  7.018 0.0000000000
97949  -38.503  18.636  6.662 0.0000000000
98882  -38.837  19.465  6.277 0.0000000000
99749  -38.762  19.939  6.742 0.0000000000
104603  -51.102  26.740  11.158 0.0000000000
105462  -51.557  27.493  8.935 0.0000000000
105463  -52.364  27.527  8.998 0.0000000000
105469  -52.157  27.540  8.169 0.0000000000
105478  -51.975  27.514  7.285 0.0000000000
105491  -52.592  27.543  6.522 0.0000000000
105537  -53.065  27.465  3.799 0.0000000000
106388  -53.346  27.949  3.407 0.0000000000
106370  -53.311  28.045  4.219 0.0000000000
107225  -52.522  29.043  4.030 0.0000000000
107199  -53.362  28.813  6.039 0.0000000000
107212  -52.671  29.245  4.638 0.0000000000
107224  -52.188  29.180  4.175 0.0000000000
107211  -51.651  29.311  4.676 0.0000000000
107196  -50.985  29.417  5.515 0.0000000000
96139  -44.868  16.174  -6.925 0.0000000000
95841  -38.579  16.299  18.258 0.0000000000
96854  -39.358  17.160  18.399 0.0000000000
97824  -40.245  17.779  18.446 0.0000000000
97840  -39.006  18.358  17.836 0.0000000000
97841  -39.881  18.505  18.235 0.0000000000
97842  -40.911  18.429  18.395 0.0000000000
95930  -45.837  16.279  10.307 0.0000000000
94910  -45.223  15.772  10.703 0.0000000000
94890  -44.602  15.290  11.124 0.0000000000
86585  -41.401  7.351  16.490 0.0000000000
86599  -41.088  7.209  15.568 0.0000000000
86613  -41.620  7.442  14.708 0.0000000000
86622  -41.337  7.473  14.262 0.0000000000
87701  -42.317  8.301  13.086 0.0000000000
90857  -38.572  12.129  14.431 0.0000000000
91912  -38.080  12.487  14.797 0.0000000000
90856  -37.696  12.088  14.669 0.0000000000
91911  -36.644  12.234  15.420 0.0000000000
97066  -42.197  17.305  0.369 0.0000000000
96087  -42.854  16.883  -0.042 0.0000000000
96086  -42.516  17.031  0.056 0.0000000000
97128  -44.041  17.493  -3.528 0.0000000000
98093  -44.565  18.276  -4.964 0.0000000000
98103  -44.092  18.769  -5.914 0.0000000000
98986  -43.453  19.182  -6.108 0.0000000000
98996  -43.115  19.982  -6.627 0.0000000000
99850  -43.387  20.276  -6.837 0.0000000000
99858  -43.123  21.134  -7.123 0.0000000000
100562  -40.736  21.521  11.616 0.0000000000
100563  -41.614  21.761  11.928 0.0000000000
101386  -41.910  22.674  11.190 0.0000000000
102195  -42.145  23.296  10.723 0.0000000000
102196  -43.178  23.615  11.008 0.0000000000
102984  -42.802  23.812  10.332 0.0000000000
102200  -42.297  23.740  9.637 0.0000000000
102205  -43.269  23.761  8.543 0.0000000000
102215  -43.372  23.611  7.581 0.0000000000
102235  -43.940  23.159  5.985 0.0000000000
103844  -48.115  26.020  3.488 0.0000000000
103843  -47.351  25.600  3.975 0.0000000000
103852  -47.611  25.569  2.910 0.0000000000
103860  -48.105  25.187  2.195 0.0000000000
103049  -47.694  24.730  1.724 0.0000000000
103057  -48.563  24.731  0.183 0.0000000000
103056  -47.887  24.704  0.834 0.0000000000
103063  -46.943  24.220  0.275 0.0000000000
103082  -46.306  24.317  -1.455 0.0000000000
102308  -45.478  24.345  -2.072 0.0000000000
102318  -45.626  24.340  -3.066 0.0000000000
103106  -45.536  24.690  -4.153 0.0000000000
103120  -46.105  25.026  -4.762 0.0000000000
103133  -46.493  25.278  -5.276 0.0000000000
103132  -46.037  25.266  -5.547 0.0000000000
103954  -45.943  25.715  -6.960 0.0000000000
103964  -45.561  25.968  -7.269 0.0000000000
104798  -44.223  26.113  -7.504 0.0000000000
104787  -44.582  26.352  -6.966 0.0000000000
104778  -44.711  26.552  -6.116 0.0000000000
104752  -44.109  26.392  -4.127 0.0000000000
104740  -44.325  26.282  -3.087 0.0000000000
107287  -46.747  30.272  -1.126 0.0000000000
108042  -45.916  30.896  -1.550 0.0000000000
107268  -45.465  30.333  -0.132 0.0000000000
108041  -44.909  30.669  -1.456 0.0000000000
108052  -44.305  30.442  -1.666 0.0000000000
107299  -41.317  30.055  -1.722 0.0000000000
108049  -41.062  30.552  -1.357 0.0000000000
108048  -40.154  30.446  -1.188 0.0000000000
108036  -39.834  30.536  -0.639 0.0000000000
94990  -45.018  15.788  4.189 0.0000000000
94988  -43.441  15.574  3.598 0.0000000000
93980  -42.265  15.179  4.719 0.0000000000
95001  -43.492  15.834  2.799 0.0000000000
95000  -42.945  15.920  2.547 0.0000000000
97037  -42.232  16.882  1.634 0.0000000000
95989  -39.928  16.124  6.232 0.0000000000
94971  -40.770  15.958  4.375 0.0000000000
96018  -39.792  17.318  4.670 0.0000000000
96019  -40.338  16.693  4.329 0.0000000000
96047  -41.214  16.930  2.576 0.0000000000
97051  -41.526  17.743  1.007 0.0000000000
98025  -41.263  18.416  0.146 0.0000000000
98010  -40.686  18.539  1.576 0.0000000000
98024  -40.835  18.753  0.795 0.0000000000
98936  -41.101  18.915  -0.262 0.0000000000
98941  -40.864  19.734  -0.510 0.0000000000
99810  -40.863  20.085  -0.523 0.0000000000
99811  -41.170  20.441  -0.591 0.0000000000
102976  -46.215  24.076  12.608 0.0000000000
102981  -46.399  24.620  11.845 0.0000000000
103797  -46.594  25.043  11.247 0.0000000000
103803  -47.707  25.850  10.272 0.0000000000
103810  -47.476  25.991  7.924 0.0000000000
104650  -48.133  26.343  5.740 0.0000000000
105476  -50.202  27.316  7.080 0.0000000000
104633  -49.585  27.265  7.203 0.0000000000
104632  -48.928  27.072  7.095 0.0000000000
104642  -48.673  26.855  6.070 0.0000000000
103836  -48.254  25.940  4.285 0.0000000000
104660  -48.973  26.326  3.793 0.0000000000
103870  -49.885  25.561  0.649 0.0000000000
103880  -50.251  25.610  -0.167 0.0000000000
103902  -50.421  25.715  -1.226 0.0000000000
104734  -49.979  26.782  -1.712 0.0000000000
105598  -49.846  27.820  -1.443 0.0000000000
106427  -50.231  28.545  -1.008 0.0000000000
106429  -51.433  28.255  -0.325 0.0000000000
106441  -49.464  28.797  -1.387 0.0000000000
107306  -49.111  29.308  -1.272 0.0000000000
107271  -48.607  30.104  -0.027 0.0000000000
107238  -51.101  29.294  1.617 0.0000000000
107254  -48.113  29.547  0.689 0.0000000000
106383  -48.043  28.569  2.361 0.0000000000
106397  -46.572  29.177  1.544 0.0000000000
106381  -45.766  28.904  2.226 0.0000000000
106362  -45.199  28.291  3.178 0.0000000000
95909  -36.478  16.510  12.562 0.0000000000
96922  -36.494  17.411  12.110 0.0000000000
97888  -37.171  18.170  13.225 0.0000000000
97889  -37.834  18.322  13.665 0.0000000000
97880  -38.392  18.182  14.316 0.0000000000
97897  -38.267  18.921  13.149 0.0000000000
98827  -39.463  19.303  13.489 0.0000000000
98828  -40.743  19.851  13.317 0.0000000000
95858  -39.601  16.663  17.438 0.0000000000
96868  -40.148  16.923  17.243 0.0000000000
96883  -40.865  17.705  16.440 0.0000000000
96870  -41.450  17.295  17.386 0.0000000000
96897  -40.529  18.061  15.777 0.0000000000
97883  -40.802  18.588  14.851 0.0000000000
99713  -41.558  20.378  13.095 0.0000000000
99714  -42.218  20.493  13.290 0.0000000000
99724  -42.504  20.755  12.986 0.0000000000
100548  -43.165  21.226  13.133 0.0000000000
98823  -43.459  19.912  14.752 0.0000000000
99716  -43.913  20.720  13.950 0.0000000000
101370  -43.661  21.850  13.066 0.0000000000
101371  -44.227  21.935  13.358 0.0000000000
102179  -44.709  22.513  13.277 0.0000000000
102180  -45.971  22.620  13.636 0.0000000000
98774  -44.737  19.341  17.543 0.0000000000
98795  -45.670  19.413  17.012 0.0000000000
98811  -46.214  20.033  16.380 0.0000000000
100502  -46.534  21.222  16.803 0.0000000000
99697  -46.381  20.389  16.190 0.0000000000
100519  -45.869  20.680  15.464 0.0000000000
102164  -46.445  22.112  14.349 0.0000000000
102964  -46.377  23.515  13.378 0.0000000000
102965  -47.203  24.080  13.694 0.0000000000
102966  -48.012  24.647  14.078 0.0000000000
102934  -48.370  23.569  15.614 0.0000000000
103762  -48.704  24.710  14.485 0.0000000000
103775  -48.544  25.159  13.652 0.0000000000
103776  -49.601  25.651  13.651 0.0000000000
103777  -50.479  26.102  13.586 0.0000000000
97978  -50.037  18.939  4.826 0.0000000000
97976  -48.965  18.146  4.535 0.0000000000
96022  -46.469  16.247  4.796 0.0000000000
96985  -48.489  17.676  6.663 0.0000000000
96008  -47.353  16.666  5.953 0.0000000000
94977  -46.037  15.799  5.034 0.0000000000
94960  -44.735  15.579  5.744 0.0000000000
94946  -43.788  15.412  6.448 0.0000000000
94935  -43.907  15.795  7.089 0.0000000000
94933  -42.120  15.613  7.031 0.0000000000
95973  -41.407  16.233  7.567 0.0000000000
95945  -43.773  16.500  9.451 0.0000000000
95944  -42.872  16.253  9.150 0.0000000000
95941  -39.124  15.980  8.990 0.0000000000
95940  -38.528  16.180  9.224 0.0000000000
95927  -38.249  15.873  9.882 0.0000000000
94886  -36.664  15.837  11.786 0.0000000000
91933  -48.575  12.366  12.961 0.0000000000
88687  -45.607  10.329  18.344 0.0000000000
89754  -46.274  10.329  17.358 0.0000000000
86586  -42.269  7.699  16.334 0.0000000000
87647  -42.872  8.199  16.345 0.0000000000
87648  -43.755  8.562  16.468 0.0000000000
87662  -44.248  8.631  15.386 0.0000000000
87649  -44.491  8.694  15.996 0.0000000000
89755  -46.757  10.482  16.569 0.0000000000
89770  -46.751  10.379  15.966 0.0000000000
88724  -47.220  10.116  15.152 0.0000000000
89782  -47.508  10.530  14.523 0.0000000000
89781  -46.931  10.293  14.189 0.0000000000
90874  -47.848  11.160  13.635 0.0000000000
90889  -48.086  11.774  13.083 0.0000000000
91932  -47.887  12.423  12.545 0.0000000000
90897  -45.209  11.693  11.694 0.0000000000
91938  -44.669  12.722  11.587 0.0000000000
92918  -43.373  13.319  12.183 0.0000000000
88773  -42.296  9.842  11.824 0.0000000000
90894  -42.175  11.348  12.030 0.0000000000
90883  -41.320  11.691  12.667 0.0000000000
90884  -42.256  12.091  12.392 0.0000000000
91929  -42.417  12.752  12.525 0.0000000000
92916  -41.890  13.334  12.484 0.0000000000
92926  -41.471  13.778  11.892 0.0000000000
94887  -37.345  14.953  11.797 0.0000000000
94873  -36.657  15.548  14.061 0.0000000000
95885  -36.879  15.975  15.176 0.0000000000
93884  -37.355  14.502  14.778 0.0000000000
94867  -37.260  15.171  15.389 0.0000000000
94859  -37.067  15.712  15.416 0.0000000000
94843  -37.769  15.321  16.673 0.0000000000
91878  -37.909  12.943  16.104 0.0000000000
93863  -38.155  14.687  17.991 0.0000000000
94815  -37.795  15.543  18.627 0.0000000000
96852  -37.508  16.970  18.425 0.0000000000
97820  -36.963  17.717  18.286 0.0000000000
96867  -36.370  16.603  18.171 0.0000000000
97819  -36.206  17.631  18.273 0.0000000000
97837  -36.456  18.431  17.841 0.0000000000
95028  -47.782  15.786  -0.855 0.0000000000
95039  -47.447  15.966  -2.021 0.0000000000
95048  -47.368  15.970  -3.034 0.0000000000
95058  -47.106  16.191  -3.488 0.0000000000
96036  -45.611  16.092  3.580 0.0000000000
96066  -45.030  16.868  1.861 0.0000000000
97054  -45.886  17.290  1.594 0.0000000000
97070  -46.604  17.922  0.952 0.0000000000
97084  -44.756  17.320  -0.431 0.0000000000
97102  -46.820  18.094  -1.091 0.0000000000
97103  -47.525  18.328  -1.623 0.0000000000
98083  -49.246  18.322  -3.163 0.0000000000
96114  -46.978  16.320  -3.770 0.0000000000
97149  -47.169  17.700  -5.769 0.0000000000
96129  -45.832  16.331  -5.970 0.0000000000
96140  -45.589  16.639  -6.695 0.0000000000
96153  -44.542  16.596  -7.452 0.0000000000
98999  -46.038  19.595  -6.816 0.0000000000
99012  -46.397  19.188  -7.078 0.0000000000
99861  -45.479  19.840  -7.326 0.0000000000
99011  -45.749  19.345  -7.552 0.0000000000
97167  -44.727  17.691  -7.696 0.0000000000
97166  -44.005  17.357  -8.127 0.0000000000
97165  -43.028  17.622  -8.103 0.0000000000
98135  -43.577  18.960  -8.722 0.0000000000
98123  -42.631  18.471  -8.036 0.0000000000
97904  -36.687  18.121  11.519 0.0000000000
97914  -36.999  18.785  10.906 0.0000000000
99739  -37.684  19.805  8.802 0.0000000000
99740  -38.180  20.200  8.438 0.0000000000
99742  -38.686  20.288  7.372 0.0000000000
99750  -39.413  20.442  6.425 0.0000000000
100568  -40.322  21.791  10.824 0.0000000000
100572  -40.133  21.839  10.155 0.0000000000
101388  -39.789  22.081  8.959 0.0000000000
101400  -41.189  22.515  7.986 0.0000000000
101393  -40.209  22.252  8.492 0.0000000000
100576  -39.802  21.938  8.371 0.0000000000
100589  -40.009  21.562  6.774 0.0000000000
99751  -39.993  20.977  6.146 0.0000000000
99760  -40.247  20.634  5.396 0.0000000000
99767  -40.569  20.268  4.356 0.0000000000
99774  -40.996  20.658  3.936 0.0000000000
99782  -41.104  20.749  3.204 0.0000000000
101442  -41.777  21.845  3.530 0.0000000000
100629  -41.536  21.607  2.892 0.0000000000
99790  -41.135  20.743  2.254 0.0000000000
100652  -41.436  21.422  -0.023 0.0000000000
100659  -41.588  21.202  -0.904 0.0000000000
103796  -45.906  24.862  11.176 0.0000000000
102987  -45.337  24.654  10.423 0.0000000000
102993  -45.300  24.605  9.350 0.0000000000
102999  -46.120  25.014  8.318 0.0000000000
102998  -45.402  24.615  8.406 0.0000000000
103006  -44.844  24.251  7.547 0.0000000000
102227  -44.494  23.624  6.650 0.0000000000
102236  -44.552  23.310  5.582 0.0000000000
103034  -46.890  25.295  4.134 0.0000000000
103033  -46.645  24.851  3.928 0.0000000000
102246  -46.205  23.938  4.198 0.0000000000
102245  -45.468  23.337  4.418 0.0000000000
101435  -44.847  22.810  4.238 0.0000000000
101434  -44.143  22.844  4.567 0.0000000000
102274  -43.810  23.172  1.177 0.0000000000
101474  -43.160  22.866  0.549 0.0000000000
101473  -42.479  22.299  0.841 0.0000000000
100653  -41.817  21.825  -0.470 0.0000000000
100665  -41.579  21.253  -1.637 0.0000000000
100695  -42.837  21.660  -6.779 0.0000000000
101531  -43.031  22.417  -7.138 0.0000000000
102340  -43.453  23.857  -5.266 0.0000000000
103130  -44.153  24.579  -6.098 0.0000000000
102357  -43.058  23.308  -6.912 0.0000000000
101538  -43.215  22.446  -7.841 0.0000000000
100711  -43.483  21.820  -8.973 0.0000000000
100717  -43.073  21.956  -9.269 0.0000000000
102379  -42.694  23.237  -9.266 0.0000000000
101551  -42.590  22.588  -9.307 0.0000000000
100716  -42.421  21.698  -9.206 0.0000000000
99866  -41.914  20.557  -8.505 0.0000000000
104785  -43.121  25.972  -7.143 0.0000000000
103951  -41.659  25.269  -7.030 0.0000000000
103931  -42.271  25.472  -5.472 0.0000000000
103129  -41.056  24.992  -6.330 0.0000000000
104745  -48.705  26.812  -2.780 0.0000000000
105605  -48.289  27.125  -2.922 0.0000000000
104743  -46.656  27.134  -3.221 0.0000000000
104742  -46.142  27.013  -3.141 0.0000000000
104741  -45.131  26.736  -2.828 0.0000000000
106446  -46.469  29.816  -2.228 0.0000000000
106437  -45.332  28.761  -1.881 0.0000000000
103898  -43.777  26.154  -2.596 0.0000000000
103071  -41.593  24.781  -1.344 0.0000000000
103054  -40.354  24.419  0.946 0.0000000000
106422  -41.118  28.959  -0.602 0.0000000000
106410  -39.808  28.121  0.175 0.0000000000
105556  -39.870  27.177  1.207 0.0000000000
105554  -37.563  27.812  1.080 0.0000000000
107180  -50.156  29.290  6.286 0.0000000000
106327  -48.065  27.993  5.279 0.0000000000
105518  -46.164  27.701  4.177 0.0000000000
105532  -45.432  27.796  3.707 0.0000000000
105531  -44.930  27.971  3.655 0.0000000000
106342  -44.360  27.913  4.817 0.0000000000
106361  -44.253  28.275  3.665 0.0000000000
107233  -41.983  29.478  2.106 0.0000000000
107223  -41.628  29.348  2.798 0.0000000000
107247  -41.288  30.029  1.290 0.0000000000
86621  -40.922  7.447  13.954 0.0000000000
88711  -46.497  10.198  16.190 0.0000000000
89771  -47.378  10.502  15.646 0.0000000000
90860  -48.513  11.413  14.742 0.0000000000
90880  -38.728  10.882  12.980 0.0000000000
93836  -38.022  15.128  18.724 0.0000000000
93851  -38.081  14.909  18.461 0.0000000000
93930  -43.599  15.280  10.891 0.0000000000
93967  -41.774  15.287  4.700 0.0000000000
93979  -42.012  15.246  4.535 0.0000000000
94816  -38.178  15.501  18.558 0.0000000000
94860  -37.346  15.517  15.939 0.0000000000
94866  -36.937  15.474  14.843 0.0000000000
94901  -36.670  16.160  11.220 0.0000000000
94927  -39.385  15.966  8.937 0.0000000000
94936  -44.408  15.894  6.997 0.0000000000
94961  -45.677  15.852  5.447 0.0000000000
94962  -46.138  15.986  5.268 0.0000000000
95839  -37.326  16.214  18.508 0.0000000000
95840  -37.974  16.224  18.534 0.0000000000
95855  -36.236  16.185  17.936 0.0000000000
95859  -40.512  16.824  17.560 0.0000000000
95860  -40.938  16.961  17.494 0.0000000000
95894  -36.745  16.221  14.659 0.0000000000
95895  -37.065  16.735  14.780 0.0000000000
95956  -37.715  17.178  8.588 0.0000000000
95990  -44.845  15.892  6.758 0.0000000000
96005  -44.845  15.705  6.330 0.0000000000
96009  -48.019  16.961  6.110 0.0000000000
96076  -42.588  16.891  0.519 0.0000000000
96850  -36.226  17.241  18.253 0.0000000000
96857  -42.208  17.516  17.772 0.0000000000
96858  -42.858  17.600  17.729 0.0000000000
96884  -41.969  17.702  16.780 0.0000000000
96885  -42.757  17.724  16.844 0.0000000000
96886  -43.193  17.813  16.860 0.0000000000
96966  -48.971  18.362  8.334 0.0000000000
96984  -48.023  17.614  7.390 0.0000000000
96996  -39.464  17.855  4.978 0.0000000000
97009  -47.000  16.708  4.881 0.0000000000
97052  -42.186  17.158  1.121 0.0000000000
97119  -49.595  18.289  -2.431 0.0000000000
97126  -42.507  18.387  -3.368 0.0000000000
97132  -49.021  17.936  -3.360 0.0000000000
97144  -48.567  18.073  -3.806 0.0000000000
97164  -42.579  18.111  -7.683 0.0000000000
97827  -42.784  17.540  17.971 0.0000000000
97846  -45.054  19.070  17.529 0.0000000000
97866  -40.393  18.321  15.350 0.0000000000
97870  -43.397  18.454  16.212 0.0000000000
97871  -45.185  18.946  16.569 0.0000000000
97872  -45.328  18.996  16.873 0.0000000000
97881  -39.040  18.466  14.526 0.0000000000
97884  -41.460  18.657  15.139 0.0000000000
97891  -39.344  18.823  14.141 0.0000000000
97922  -36.782  17.842  10.045 0.0000000000
97934  -49.500  18.604  8.578 0.0000000000
97986  -39.893  18.203  3.971 0.0000000000
98067  -49.385  18.576  -2.897 0.0000000000
98078  -43.027  18.449  -4.342 0.0000000000
98114  -46.263  19.410  -6.280 0.0000000000
98766  -36.970  18.813  17.646 0.0000000000
98773  -43.914  19.054  17.729 0.0000000000
98775  -45.382  19.542  17.291 0.0000000000
98776  -46.015  19.816  17.206 0.0000000000
98793  -43.713  18.582  16.245 0.0000000000
98796  -46.182  19.842  16.833 0.0000000000
98806  -41.843  18.862  15.139 0.0000000000
98826  -38.715  19.169  13.213 0.0000000000
98851  -38.042  20.260  10.418 0.0000000000
98864  -37.739  19.414  8.436 0.0000000000
98866  -50.150  18.753  8.697 0.0000000000
98883  -39.318  19.763  5.817 0.0000000000
98907  -39.930  19.309  4.429 0.0000000000
98935  -40.855  19.312  0.169 0.0000000000
98942  -41.012  19.257  -0.531 0.0000000000
98948  -40.858  20.003  -0.769 0.0000000000
99001  -47.240  19.154  -6.081 0.0000000000
99010  -44.583  20.135  -7.015 0.0000000000
99665  -45.878  20.328  17.324 0.0000000000
99680  -45.330  20.800  17.149 0.0000000000
99682  -46.408  20.428  16.551 0.0000000000
99696  -46.135  20.203  15.933 0.0000000000
99710  -44.796  20.648  14.934 0.0000000000
99711  -44.992  20.961  14.595 0.0000000000
99715  -42.969  20.717  13.540 0.0000000000
99717  -44.619  20.738  14.263 0.0000000000
99720  -39.369  20.404  12.092 0.0000000000
99721  -40.090  20.600  12.260 0.0000000000
99723  -41.988  20.774  12.743 0.0000000000
99736  -37.736  20.080  9.299 0.0000000000
99743  -39.171  20.727  7.088 0.0000000000
99804  -40.815  20.082  -0.085 0.0000000000
99851  -45.291  20.036  -7.137 0.0000000000
99876  -42.992  20.986  -9.381 0.0000000000
100487  -46.132  20.844  17.225 0.0000000000
100488  -46.274  20.643  17.170 0.0000000000
100518  -45.372  20.676  15.335 0.0000000000
100538  -45.126  20.691  15.241 0.0000000000
100539  -45.234  21.118  15.039 0.0000000000
100540  -45.986  21.288  15.060 0.0000000000
100549  -43.682  21.318  13.385 0.0000000000
100551  -45.176  21.114  14.238 0.0000000000
100555  -41.252  21.398  12.153 0.0000000000
100558  -43.298  21.565  12.968 0.0000000000
100564  -42.188  21.780  12.258 0.0000000000
100567  -39.602  21.404  10.586 0.0000000000
100574  -38.695  21.018  8.544 0.0000000000
100579  -39.179  21.145  7.619 0.0000000000
100580  -39.809  21.807  7.893 0.0000000000
100590  -40.778  21.931  6.660 0.0000000000
100602  -41.691  22.161  5.810 0.0000000000
100639  -41.974  21.998  2.299 0.0000000000
100710  -42.001  21.255  -8.879 0.0000000000
101318  -47.504  22.963  17.460 0.0000000000
101319  -47.883  23.130  17.618 0.0000000000
101342  -47.013  21.682  15.625 0.0000000000
101375  -42.660  22.016  12.323 0.0000000000
101377  -43.863  22.225  12.918 0.0000000000
101379  -40.815  22.193  11.054 0.0000000000
101384  -40.627  22.282  10.379 0.0000000000
101385  -41.330  22.670  10.730 0.0000000000
101389  -40.297  22.293  9.512 0.0000000000
101392  -39.792  22.005  8.610 0.0000000000
101399  -40.365  22.090  7.637 0.0000000000
101453  -41.921  22.098  3.248 0.0000000000
101496  -43.390  23.232  -2.132 0.0000000000
102124  -47.109  23.478  17.410 0.0000000000
102138  -48.856  23.656  17.354 0.0000000000
102178  -44.191  22.377  13.020 0.0000000000
102185  -43.264  22.621  12.287 0.0000000000
102191  -42.924  23.040  11.787 0.0000000000
102199  -41.496  23.314  9.776 0.0000000000
102214  -42.536  23.366  7.691 0.0000000000
102253  -44.792  22.923  3.101 0.0000000000
102277  -46.432  24.225  1.048 0.0000000000
102330  -45.614  24.567  -3.616 0.0000000000
102339  -42.893  23.456  -5.328 0.0000000000
102355  -40.701  23.542  -7.084 0.0000000000
102363  -40.917  23.012  -7.592 0.0000000000
102378  -42.199  23.233  -9.261 0.0000000000
102380  -43.033  23.149  -9.203 0.0000000000
102915  -49.104  24.351  17.669 0.0000000000
102975  -45.189  23.861  12.365 0.0000000000
102990  -43.003  24.028  9.834 0.0000000000
102991  -43.634  24.144  9.568 0.0000000000
103027  -47.005  25.258  4.479 0.0000000000
103055  -47.183  24.493  1.181 0.0000000000
103072  -46.321  24.140  -0.464 0.0000000000
103085  -48.720  24.879  -2.254 0.0000000000
103109  -48.275  25.439  -4.216 0.0000000000
103110  -48.666  25.595  -4.121 0.0000000000
103121  -46.818  25.266  -4.834 0.0000000000
103123  -48.495  25.526  -4.215 0.0000000000
103166  -41.942  23.682  -9.188 0.0000000000
103774  -47.685  24.777  13.362 0.0000000000
103789  -50.477  26.265  12.863 0.0000000000
103834  -47.266  25.398  5.639 0.0000000000
103842  -46.892  25.290  3.886 0.0000000000
103853  -48.033  26.147  2.951 0.0000000000
103877  -45.258  26.776  0.147 0.0000000000
103878  -45.587  26.636  0.225 0.0000000000
103887  -45.244  26.689  -0.198 0.0000000000
103888  -45.383  26.441  -0.015 0.0000000000
103891  -50.688  25.801  -0.757 0.0000000000
103910  -48.478  25.131  -2.883 0.0000000000
103911  -48.847  25.476  -3.111 0.0000000000
103922  -47.699  25.520  -4.630 0.0000000000
103923  -47.880  25.501  -4.455 0.0000000000
103924  -48.937  25.856  -3.845 0.0000000000
103925  -49.256  25.826  -3.332 0.0000000000
103943  -45.666  25.533  -6.611 0.0000000000
103944  -46.076  25.550  -6.317 0.0000000000
103952  -42.440  25.645  -7.080 0.0000000000
103955  -46.476  25.920  -6.623 0.0000000000
104611  -48.308  26.153  10.319 0.0000000000
104616  -52.737  27.435  10.298 0.0000000000
104654  -51.693  27.276  4.733 0.0000000000
104665  -52.882  27.293  4.115 0.0000000000
104672  -48.182  25.956  2.675 0.0000000000
104678  -52.844  27.216  3.888 0.0000000000
104686  -48.140  25.600  2.505 0.0000000000
104687  -48.679  25.763  2.150 0.0000000000
104702  -52.432  26.725  2.049 0.0000000000
104708  -45.368  27.232  0.080 0.0000000000
104709  -45.710  26.994  0.293 0.0000000000
104717  -45.191  26.995  -0.553 0.0000000000
104718  -45.531  26.978  -0.280 0.0000000000
104719  -48.613  27.809  -1.976 0.0000000000
104723  -51.269  26.777  0.150 0.0000000000
104730  -45.511  27.156  -1.204 0.0000000000
104731  -45.655  26.933  -1.056 0.0000000000
104744  -48.344  27.244  -2.713 0.0000000000
104766  -43.754  26.396  -5.228 0.0000000000
104771  -48.426  26.172  -4.272 0.0000000000
104777  -43.923  26.357  -6.307 0.0000000000
104800  -45.889  26.205  -7.078 0.0000000000
104805  -42.782  25.756  -8.042 0.0000000000
104806  -43.117  25.832  -8.140 0.0000000000
105456  -52.593  27.486  9.760 0.0000000000
105461  -50.885  27.501  8.601 0.0000000000
105475  -49.579  27.284  6.812 0.0000000000
105489  -50.884  27.399  6.292 0.0000000000
105503  -46.454  27.772  4.615 0.0000000000
105505  -49.637  27.208  5.570 0.0000000000
105508  -52.417  27.509  5.553 0.0000000000
105520  -48.380  28.156  3.663 0.0000000000
105521  -51.935  27.291  4.731 0.0000000000
105533  -45.849  27.702  3.854 0.0000000000
105534  -47.971  28.140  3.416 0.0000000000
105535  -48.197  28.164  3.492 0.0000000000
105548  -53.142  27.578  3.299 0.0000000000
105559  -52.780  27.086  1.801 0.0000000000
105568  -42.220  27.044  -0.020 0.0000000000
105569  -45.584  27.384  -0.067 0.0000000000
105570  -45.680  27.269  0.124 0.0000000000
105572  -52.366  27.605  1.510 0.0000000000
105581  -45.620  27.516  -0.643 0.0000000000
105583  -48.522  28.050  -1.937 0.0000000000
105584  -48.695  27.992  -1.797 0.0000000000
105609  -46.927  27.182  -3.254 0.0000000000
106377  -42.052  29.235  2.829 0.0000000000
106426  -46.276  27.825  -1.038 0.0000000000
106428  -50.867  28.333  -0.657 0.0000000000
106445  -45.916  29.444  -2.198 0.0000000000
107209  -50.189  28.953  5.012 0.0000000000
107213  -53.231  28.959  5.160 0.0000000000
107291  -50.719  28.932  -0.556 0.0000000000
107292  -51.144  28.661  -0.463 0.0000000000
107296  -38.884  30.082  -1.022 0.0000000000
107307  -49.460  29.160  -1.169 0.0000000000
107312  -45.987  30.236  -2.311 0.0000000000
107313  -46.535  30.474  -2.249 0.0000000000
108014  -42.715  30.539  0.443 0.0000000000
108029  -45.404  30.693  -0.975 0.0000000000
108054  -46.122  31.004  -2.132 0.0000000000
108055  -46.594  30.736  -2.168 0.0000000000
108060  -45.818  30.719  -2.244 0.0000000000
108062  -46.478  30.702  -2.336 0.0000000000
