#!ascii label  , from subject 3387 vox2ras=TkReg
425
10719  -31.767  -66.334  -12.604 0.0000000000
13270  -33.136  -63.447  -16.371 0.0000000000
16757  -32.580  -59.992  -10.751 0.0000000000
12424  -29.471  -64.749  -14.985 0.0000000000
17766  -29.558  -58.632  -14.351 0.0000000000
13165  -36.517  -63.148  -9.732 0.0000000000
15897  -38.290  -59.842  -15.613 0.0000000000
18783  -40.511  -57.502  -16.733 0.0000000000
17768  -33.713  -58.261  -13.943 0.0000000000
16809  -30.396  -59.696  -12.258 0.0000000000
19772  -32.629  -56.421  -14.465 0.0000000000
15835  -37.503  -59.936  -11.657 0.0000000000
15868  -40.221  -60.297  -13.811 0.0000000000
20818  -38.645  -55.708  -16.683 0.0000000000
19838  -39.450  -56.917  -19.029 0.0000000000
10034  -30.194  -67.891  -15.206 0.0000000000
12426  -31.446  -63.764  -15.603 0.0000000000
11654  -28.892  -65.373  -18.113 0.0000000000
11656  -31.090  -65.430  -19.118 0.0000000000
13186  -31.579  -63.589  -10.779 0.0000000000
11606  -29.908  -65.322  -13.410 0.0000000000
14930  -30.408  -62.116  -13.790 0.0000000000
14078  -30.703  -61.915  -15.724 0.0000000000
14872  -34.206  -61.631  -9.684 0.0000000000
16812  -34.787  -59.533  -12.620 0.0000000000
17799  -35.779  -57.878  -15.981 0.0000000000
16871  -42.572  -59.776  -15.693 0.0000000000
16911  -40.866  -59.118  -18.192 0.0000000000
18814  -38.286  -57.694  -18.693 0.0000000000
133151  -37.220  -55.892  -18.730 0.0000000000
10032  -28.494  -66.585  -16.129 0.0000000000
16932  -32.271  -59.241  -20.107 0.0000000000
13289  -33.826  -63.272  -18.325 0.0000000000
11660  -35.878  -65.429  -19.091 0.0000000000
19792  -34.124  -56.760  -15.202 0.0000000000
18723  -32.806  -57.865  -13.723 0.0000000000
10005  -30.803  -67.118  -13.639 0.0000000000
12427  -32.246  -63.788  -15.884 0.0000000000
12448  -30.758  -64.482  -17.033 0.0000000000
12449  -31.975  -64.545  -17.373 0.0000000000
11657  -32.238  -65.590  -18.908 0.0000000000
12450  -33.177  -64.545  -17.308 0.0000000000
14869  -31.817  -61.936  -9.835 0.0000000000
14891  -30.836  -61.567  -10.793 0.0000000000
17749  -29.711  -58.961  -13.619 0.0000000000
15847  -29.902  -60.738  -13.028 0.0000000000
15863  -29.614  -60.892  -13.819 0.0000000000
14942  -30.386  -61.824  -14.507 0.0000000000
15880  -28.822  -60.189  -15.225 0.0000000000
13189  -34.243  -63.817  -10.159 0.0000000000
13971  -35.805  -62.351  -9.571 0.0000000000
16815  -37.047  -60.280  -12.842 0.0000000000
16785  -36.505  -59.944  -12.132 0.0000000000
16838  -36.604  -59.949  -14.150 0.0000000000
16855  -35.572  -59.133  -14.402 0.0000000000
16867  -36.886  -59.053  -15.631 0.0000000000
18785  -41.976  -58.891  -16.570 0.0000000000
16898  -41.519  -59.397  -17.195 0.0000000000
18801  -41.194  -58.567  -17.660 0.0000000000
19863  -38.841  -56.143  -19.632 0.0000000000
18830  -39.231  -57.400  -19.572 0.0000000000
18829  -38.367  -57.016  -19.586 0.0000000000
18828  -37.604  -56.565  -19.120 0.0000000000
11605  -29.603  -65.258  -13.932 0.0000000000
10752  -29.345  -66.274  -14.511 0.0000000000
11625  -29.046  -65.341  -15.186 0.0000000000
10060  -27.734  -67.346  -18.594 0.0000000000
17869  -32.806  -58.240  -20.694 0.0000000000
15000  -32.458  -61.327  -19.365 0.0000000000
13300  -35.086  -63.364  -19.458 0.0000000000
17733  -33.035  -58.656  -12.500 0.0000000000
16780  -31.478  -59.622  -11.342 0.0000000000
17752  -32.480  -58.306  -13.100 0.0000000000
18721  -31.139  -57.983  -13.697 0.0000000000
18743  -30.562  -57.717  -14.285 0.0000000000
14875  -37.048  -61.557  -9.583 0.0000000000
15852  -39.157  -59.975  -13.143 0.0000000000
15884  -39.020  -60.345  -14.887 0.0000000000
18764  -39.469  -57.044  -16.041 0.0000000000
19824  -40.131  -57.317  -17.431 0.0000000000
19810  -38.689  -56.173  -17.099 0.0000000000
133158  -38.191  -55.276  -18.523 0.0000000000
133157  -38.209  -54.774  -19.651 0.0000000000
12425  -30.443  -63.991  -15.164 0.0000000000
12446  -29.110  -64.802  -16.211 0.0000000000
12447  -29.726  -64.560  -16.660 0.0000000000
11655  -29.913  -65.309  -18.600 0.0000000000
10812  -30.278  -66.874  -19.684 0.0000000000
10813  -31.199  -66.807  -19.777 0.0000000000
10071  -32.797  -67.263  -19.990 0.0000000000
10072  -33.799  -67.220  -19.875 0.0000000000
11564  -31.944  -65.353  -11.620 0.0000000000
10718  -31.051  -66.087  -12.720 0.0000000000
12389  -30.392  -64.249  -12.380 0.0000000000
12404  -30.161  -64.326  -13.343 0.0000000000
14905  -30.391  -61.584  -11.616 0.0000000000
14024  -30.471  -62.676  -12.983 0.0000000000
13245  -30.472  -63.485  -13.946 0.0000000000
13258  -31.232  -63.280  -14.875 0.0000000000
14061  -31.588  -62.467  -15.185 0.0000000000
14080  -32.245  -62.537  -16.025 0.0000000000
12354  -32.976  -64.336  -10.756 0.0000000000
13968  -32.929  -62.388  -9.622 0.0000000000
15813  -33.394  -60.612  -10.149 0.0000000000
15791  -35.269  -60.962  -9.965 0.0000000000
15814  -34.422  -60.384  -10.326 0.0000000000
16782  -33.637  -59.243  -11.510 0.0000000000
16835  -34.191  -59.082  -13.164 0.0000000000
17783  -34.684  -58.059  -14.911 0.0000000000
18780  -35.709  -57.266  -16.369 0.0000000000
15901  -41.621  -60.396  -15.343 0.0000000000
15914  -40.592  -60.446  -16.383 0.0000000000
16883  -39.450  -59.824  -16.679 0.0000000000
18816  -40.278  -58.107  -18.755 0.0000000000
17835  -39.542  -58.655  -18.555 0.0000000000
17802  -38.180  -58.831  -16.996 0.0000000000
17815  -37.438  -57.970  -17.431 0.0000000000
18796  -36.651  -57.138  -17.234 0.0000000000
10753  -29.750  -66.416  -14.015 0.0000000000
10033  -29.088  -67.113  -15.608 0.0000000000
10774  -27.906  -66.008  -17.304 0.0000000000
10052  -27.295  -67.612  -17.753 0.0000000000
15911  -29.181  -60.587  -16.592 0.0000000000
14986  -30.719  -61.847  -17.132 0.0000000000
14095  -32.669  -62.838  -16.871 0.0000000000
14104  -32.496  -62.118  -18.676 0.0000000000
13281  -33.479  -63.362  -17.316 0.0000000000
11644  -34.122  -64.750  -18.043 0.0000000000
11659  -34.486  -65.385  -18.662 0.0000000000
19793  -34.721  -56.483  -15.479 0.0000000000
10738  -31.315  -66.693  -13.072 0.0000000000
12436  -32.770  -64.091  -16.438 0.0000000000
14893  -32.259  -61.057  -10.001 0.0000000000
14892  -31.559  -61.526  -10.217 0.0000000000
15811  -31.523  -60.536  -10.630 0.0000000000
16833  -29.635  -59.690  -13.474 0.0000000000
15881  -29.238  -60.550  -14.657 0.0000000000
16853  -28.984  -59.554  -14.841 0.0000000000
13192  -37.234  -63.850  -10.211 0.0000000000
13191  -36.195  -63.826  -10.163 0.0000000000
13164  -35.524  -63.111  -9.786 0.0000000000
15883  -37.953  -60.188  -15.049 0.0000000000
15865  -37.215  -60.241  -14.118 0.0000000000
15882  -37.302  -59.928  -14.763 0.0000000000
16856  -36.632  -59.523  -14.888 0.0000000000
16868  -37.730  -59.311  -15.820 0.0000000000
18765  -40.148  -57.289  -15.583 0.0000000000
18766  -41.379  -57.878  -15.735 0.0000000000
18784  -41.365  -58.380  -16.799 0.0000000000
133153  -38.338  -55.320  -20.194 0.0000000000
18850  -38.847  -56.616  -19.827 0.0000000000
18849  -38.159  -55.562  -20.372 0.0000000000
12416  -29.669  -64.781  -14.124 0.0000000000
11617  -29.066  -65.556  -14.893 0.0000000000
12423  -29.230  -65.015  -15.262 0.0000000000
15001  -33.214  -61.281  -20.021 0.0000000000
14106  -34.504  -62.482  -19.893 0.0000000000
17753  -33.434  -58.515  -13.305 0.0000000000
17732  -32.187  -58.652  -12.414 0.0000000000
18745  -32.260  -57.230  -14.206 0.0000000000
18722  -31.927  -57.769  -13.602 0.0000000000
18744  -31.353  -57.291  -14.196 0.0000000000
15866  -38.375  -60.394  -14.029 0.0000000000
15867  -39.336  -60.399  -14.122 0.0000000000
19795  -39.311  -56.556  -15.547 0.0000000000
20819  -39.048  -56.118  -16.153 0.0000000000
19811  -39.130  -56.610  -16.741 0.0000000000
133156  -37.985  -54.957  -18.612 0.0000000000
9329  -29.264  -68.294  -15.682 0.0000000000
12434  -30.625  -64.225  -16.090 0.0000000000
11640  -30.874  -64.967  -17.990 0.0000000000
10789  -30.038  -66.000  -19.309 0.0000000000
10791  -32.918  -65.961  -19.283 0.0000000000
10814  -32.152  -66.456  -19.534 0.0000000000
10061  -33.173  -66.594  -19.579 0.0000000000
12353  -32.188  -64.234  -10.825 0.0000000000
12371  -31.575  -64.503  -11.341 0.0000000000
13220  -30.409  -63.504  -12.585 0.0000000000
16810  -30.899  -59.280  -12.019 0.0000000000
15831  -30.694  -60.622  -11.258 0.0000000000
14919  -30.237  -61.682  -12.681 0.0000000000
13229  -30.445  -63.364  -13.299 0.0000000000
14030  -30.582  -62.836  -13.780 0.0000000000
13246  -30.775  -63.209  -14.354 0.0000000000
14958  -30.397  -61.717  -15.237 0.0000000000
14959  -30.991  -61.885  -14.897 0.0000000000
14060  -31.056  -61.974  -15.361 0.0000000000
14062  -32.562  -62.862  -15.749 0.0000000000
14079  -31.164  -62.243  -16.081 0.0000000000
13163  -34.559  -63.132  -9.732 0.0000000000
13162  -33.593  -63.167  -9.700 0.0000000000
13969  -33.893  -62.350  -9.595 0.0000000000
14871  -33.190  -61.446  -9.741 0.0000000000
15789  -33.794  -61.143  -9.800 0.0000000000
15817  -37.422  -60.213  -10.542 0.0000000000
15792  -36.252  -60.937  -10.005 0.0000000000
15816  -36.454  -60.360  -10.495 0.0000000000
16813  -35.771  -59.953  -12.894 0.0000000000
16760  -35.207  -59.827  -11.143 0.0000000000
16759  -34.500  -59.721  -10.894 0.0000000000
16783  -34.594  -59.539  -11.713 0.0000000000
16811  -33.866  -59.049  -12.399 0.0000000000
16836  -34.944  -59.241  -13.677 0.0000000000
17771  -35.775  -58.782  -14.990 0.0000000000
17770  -35.100  -58.576  -14.722 0.0000000000
17784  -35.304  -58.123  -15.361 0.0000000000
18763  -35.239  -57.296  -15.733 0.0000000000
15916  -42.048  -60.110  -15.777 0.0000000000
16897  -40.859  -59.498  -17.622 0.0000000000
16885  -41.157  -59.962  -16.833 0.0000000000
16884  -40.368  -60.007  -16.989 0.0000000000
15913  -40.031  -60.276  -16.515 0.0000000000
16896  -39.956  -59.604  -17.586 0.0000000000
19823  -39.524  -57.021  -17.958 0.0000000000
18800  -40.457  -57.774  -17.958 0.0000000000
18815  -39.734  -57.510  -19.029 0.0000000000
17851  -38.968  -57.676  -19.564 0.0000000000
17852  -39.424  -58.016  -19.312 0.0000000000
17834  -38.841  -57.993  -19.052 0.0000000000
16894  -38.710  -59.041  -17.419 0.0000000000
17816  -38.462  -58.591  -17.814 0.0000000000
17801  -37.630  -58.606  -16.760 0.0000000000
18798  -37.856  -57.734  -18.104 0.0000000000
19821  -37.323  -56.553  -18.367 0.0000000000
19836  -36.984  -56.145  -18.203 0.0000000000
19809  -36.247  -56.499  -17.105 0.0000000000
10737  -30.287  -66.355  -13.411 0.0000000000
10759  -28.625  -66.080  -15.573 0.0000000000
10760  -28.987  -66.417  -15.085 0.0000000000
10044  -28.640  -67.744  -16.092 0.0000000000
10043  -28.004  -67.152  -16.723 0.0000000000
11638  -28.700  -65.186  -17.019 0.0000000000
11653  -28.342  -65.624  -17.710 0.0000000000
9358  -27.480  -68.073  -18.565 0.0000000000
10053  -27.576  -66.747  -17.760 0.0000000000
17781  -28.728  -59.307  -16.118 0.0000000000
16880  -29.082  -59.581  -16.960 0.0000000000
14994  -30.282  -60.973  -17.844 0.0000000000
14100  -31.274  -62.101  -17.386 0.0000000000
14105  -33.340  -62.409  -19.312 0.0000000000
14102  -33.031  -62.649  -18.016 0.0000000000
13282  -34.257  -63.792  -17.588 0.0000000000
12438  -34.139  -64.147  -17.250 0.0000000000
12460  -35.206  -64.620  -18.693 0.0000000000
10793  -34.481  -66.253  -19.315 0.0000000000
18747  -34.195  -57.703  -14.770 0.0000000000
18746  -33.385  -57.549  -14.420 0.0000000000
18761  -33.896  -57.221  -14.993 0.0000000000
19773  -33.572  -56.439  -14.763 0.0000000000
21696  -38.040  -54.691  -16.482 0.0000000000
21695  -37.690  -54.099  -16.824 0.0000000000
10020  -29.983  -67.018  -14.369 0.0000000000
12435  -31.676  -64.130  -16.361 0.0000000000
11641  -31.779  -65.099  -18.291 0.0000000000
11673  -31.722  -65.886  -19.263 0.0000000000
11642  -32.700  -65.025  -18.081 0.0000000000
11658  -33.296  -65.469  -18.714 0.0000000000
13995  -32.007  -63.067  -10.268 0.0000000000
13994  -31.330  -62.464  -10.477 0.0000000000
13993  -30.630  -62.281  -11.130 0.0000000000
16834  -30.077  -59.361  -12.973 0.0000000000
16808  -29.996  -60.204  -12.721 0.0000000000
14929  -29.995  -61.533  -14.018 0.0000000000
14941  -29.802  -61.352  -14.600 0.0000000000
14957  -29.618  -61.270  -15.399 0.0000000000
13970  -34.852  -62.354  -9.620 0.0000000000
16786  -37.063  -60.083  -12.460 0.0000000000
15834  -36.551  -59.992  -11.246 0.0000000000
16814  -36.584  -60.185  -12.805 0.0000000000
15849  -36.358  -60.125  -13.306 0.0000000000
16837  -36.061  -59.737  -13.855 0.0000000000
17785  -36.251  -58.596  -15.673 0.0000000000
18767  -42.448  -58.618  -15.623 0.0000000000
17787  -42.394  -59.248  -16.139 0.0000000000
16886  -41.873  -59.703  -16.383 0.0000000000
17804  -41.842  -59.183  -16.826 0.0000000000
17820  -41.647  -59.121  -17.347 0.0000000000
17837  -40.962  -58.871  -18.252 0.0000000000
19852  -39.319  -56.913  -19.590 0.0000000000
18813  -37.757  -57.172  -18.703 0.0000000000
19851  -37.556  -55.931  -19.608 0.0000000000
10736  -29.588  -65.877  -13.907 0.0000000000
11618  -29.308  -65.428  -14.595 0.0000000000
10751  -28.897  -65.849  -14.894 0.0000000000
10787  -28.118  -66.123  -18.301 0.0000000000
16933  -32.899  -59.117  -20.603 0.0000000000
15953  -32.605  -59.915  -20.288 0.0000000000
15945  -32.086  -60.193  -19.702 0.0000000000
15946  -32.720  -60.613  -20.022 0.0000000000
13290  -34.723  -63.808  -18.556 0.0000000000
13291  -35.423  -64.038  -19.177 0.0000000000
16781  -32.677  -59.319  -11.241 0.0000000000
16756  -31.973  -60.120  -10.709 0.0000000000
17713  -32.068  -59.011  -11.785 0.0000000000
17731  -31.269  -58.912  -12.281 0.0000000000
17751  -31.527  -58.344  -13.027 0.0000000000
17730  -30.669  -59.105  -12.410 0.0000000000
17750  -30.313  -58.707  -13.244 0.0000000000
17767  -30.085  -58.189  -14.154 0.0000000000
13972  -36.803  -62.370  -9.519 0.0000000000
15836  -38.760  -59.947  -11.823 0.0000000000
15851  -37.734  -60.227  -12.899 0.0000000000
15898  -38.817  -60.065  -15.548 0.0000000000
18782  -39.800  -57.130  -16.413 0.0000000000
19812  -39.879  -57.052  -17.054 0.0000000000
19822  -38.517  -56.085  -18.075 0.0000000000
21710  -38.113  -55.098  -17.728 0.0000000000
19837  -39.166  -56.556  -18.774 0.0000000000
12432  -29.164  -64.926  -15.570 0.0000000000
12433  -29.706  -64.462  -15.791 0.0000000000
10811  -29.283  -66.728  -19.459 0.0000000000
11672  -31.390  -66.144  -19.447 0.0000000000
10070  -31.836  -67.404  -20.143 0.0000000000
10081  -31.660  -68.283  -20.353 0.0000000000
10082  -32.494  -68.077  -20.389 0.0000000000
10083  -33.377  -67.933  -20.334 0.0000000000
11585  -31.442  -65.697  -12.212 0.0000000000
11563  -31.125  -65.082  -11.851 0.0000000000
11584  -30.565  -65.206  -12.515 0.0000000000
12370  -30.756  -64.521  -11.849 0.0000000000
12403  -29.788  -64.907  -13.689 0.0000000000
12417  -30.115  -64.147  -14.329 0.0000000000
15832  -31.102  -60.161  -11.128 0.0000000000
15848  -30.130  -60.737  -12.193 0.0000000000
13257  -30.619  -63.601  -14.507 0.0000000000
14943  -30.830  -62.206  -14.519 0.0000000000
13259  -32.170  -63.241  -15.550 0.0000000000
13260  -32.832  -63.187  -15.815 0.0000000000
14063  -33.025  -63.005  -15.859 0.0000000000
12372  -32.514  -64.841  -11.210 0.0000000000
13187  -32.453  -63.696  -10.438 0.0000000000
13188  -33.310  -63.771  -10.259 0.0000000000
13161  -32.704  -63.123  -9.926 0.0000000000
13967  -32.056  -62.425  -9.882 0.0000000000
14870  -32.263  -61.767  -9.740 0.0000000000
14894  -32.813  -60.877  -10.012 0.0000000000
14874  -36.047  -61.597  -9.650 0.0000000000
15833  -35.849  -60.020  -11.004 0.0000000000
15815  -35.421  -60.330  -10.544 0.0000000000
15790  -34.370  -61.011  -9.849 0.0000000000
16758  -33.544  -59.787  -10.723 0.0000000000
17715  -33.351  -58.907  -12.045 0.0000000000
17754  -34.151  -58.668  -13.655 0.0000000000
17769  -34.398  -58.357  -14.295 0.0000000000
18762  -34.544  -57.413  -15.284 0.0000000000
19794  -35.384  -56.528  -15.982 0.0000000000
15915  -41.414  -60.386  -16.135 0.0000000000
15900  -40.730  -60.612  -15.561 0.0000000000
15885  -39.995  -60.412  -14.811 0.0000000000
15899  -39.721  -60.334  -15.816 0.0000000000
16870  -39.175  -59.987  -16.016 0.0000000000
16869  -38.690  -59.678  -16.057 0.0000000000
17818  -40.821  -58.528  -18.174 0.0000000000
17836  -40.421  -58.680  -18.458 0.0000000000
18831  -39.781  -57.890  -19.267 0.0000000000
17853  -39.980  -58.311  -19.033 0.0000000000
16910  -40.249  -59.227  -18.195 0.0000000000
16909  -39.611  -59.224  -18.055 0.0000000000
16882  -38.552  -59.193  -16.860 0.0000000000
17786  -37.070  -58.595  -16.009 0.0000000000
17800  -36.559  -57.923  -16.675 0.0000000000
18797  -37.328  -57.189  -17.782 0.0000000000
17814  -36.990  -57.562  -17.272 0.0000000000
18781  -36.106  -57.116  -16.856 0.0000000000
19808  -35.778  -56.529  -16.585 0.0000000000
10004  -30.342  -66.850  -13.806 0.0000000000
10019  -29.347  -66.721  -14.921 0.0000000000
11629  -28.662  -65.319  -15.968 0.0000000000
10764  -28.284  -66.016  -16.437 0.0000000000
20783  -33.837  -55.430  -14.788 0.0000000000
19771  -31.618  -56.362  -14.469 0.0000000000
19769  -30.192  -57.110  -14.649 0.0000000000
18742  -29.911  -57.642  -14.654 0.0000000000
16852  -28.727  -59.789  -15.421 0.0000000000
15896  -29.123  -60.697  -15.613 0.0000000000
14973  -29.410  -61.158  -15.998 0.0000000000
15923  -29.538  -60.019  -17.515 0.0000000000
15912  -29.704  -61.223  -17.015 0.0000000000
14975  -30.792  -62.001  -16.589 0.0000000000
14093  -31.144  -62.164  -16.808 0.0000000000
14094  -31.756  -62.414  -16.823 0.0000000000
14996  -31.893  -61.602  -18.609 0.0000000000
14101  -31.976  -62.253  -17.826 0.0000000000
12437  -33.643  -64.136  -16.840 0.0000000000
12451  -33.944  -64.503  -17.481 0.0000000000
10792  -33.735  -66.116  -19.234 0.0000000000
10815  -34.087  -66.595  -19.582 0.0000000000
10059  -27.380  -67.900  -18.296 0.0000000000
10062  -33.691  -66.608  -19.584 0.0000000000
11586  -32.305  -65.968  -12.157 0.0000000000
11626  -29.262  -65.171  -14.925 0.0000000000
11643  -33.646  -64.918  -18.028 0.0000000000
13269  -32.724  -63.563  -15.914 0.0000000000
13271  -33.859  -63.818  -16.959 0.0000000000
13966  -31.627  -62.086  -10.016 0.0000000000
14043  -30.685  -63.048  -14.106 0.0000000000
14081  -32.933  -62.790  -16.039 0.0000000000
14873  -35.096  -61.615  -9.666 0.0000000000
14974  -30.141  -61.623  -16.322 0.0000000000
14999  -31.559  -60.899  -19.059 0.0000000000
15793  -37.255  -60.812  -9.905 0.0000000000
15810  -31.081  -61.025  -10.639 0.0000000000
15812  -32.419  -60.520  -10.360 0.0000000000
15850  -36.896  -60.298  -13.273 0.0000000000
15864  -36.610  -60.115  -13.732 0.0000000000
15895  -28.764  -60.192  -15.818 0.0000000000
15910  -28.741  -60.053  -16.198 0.0000000000
16779  -30.851  -59.976  -11.434 0.0000000000
16784  -35.590  -59.880  -11.811 0.0000000000
16854  -34.991  -58.844  -14.279 0.0000000000
16857  -37.393  -59.757  -15.119 0.0000000000
16865  -28.690  -59.607  -15.874 0.0000000000
16866  -28.788  -59.422  -15.445 0.0000000000
16879  -28.793  -59.724  -16.404 0.0000000000
16881  -38.046  -58.952  -16.580 0.0000000000
16895  -39.120  -59.266  -17.532 0.0000000000
17714  -32.828  -58.887  -11.874 0.0000000000
17797  -28.868  -59.187  -16.447 0.0000000000
17803  -41.656  -58.888  -17.255 0.0000000000
17817  -39.169  -58.997  -18.045 0.0000000000
17819  -41.424  -59.044  -17.912 0.0000000000
18724  -33.321  -58.049  -13.858 0.0000000000
18799  -39.766  -57.352  -18.536 0.0000000000
19820  -36.801  -56.444  -17.707 0.0000000000
20817  -36.374  -55.948  -17.394 0.0000000000
