#!ascii label  , from subject 3387 vox2ras=TkReg
1353
57066  16.224  -15.139  41.062 0.0000000000
58148  27.483  -15.692  47.774 0.0000000000
77279  36.840  -0.295  21.259 0.0000000000
66288  27.105  -9.853  32.901 0.0000000000
63835  30.162  -13.183  42.023 0.0000000000
87366  47.881  8.388  11.161 0.0000000000
73791  36.235  -2.532  23.951 0.0000000000
73797  30.176  -4.054  24.466 0.0000000000
57067  11.773  -18.130  41.251 0.0000000000
57002  20.974  -15.862  44.626 0.0000000000
57060  25.535  -15.942  41.329 0.0000000000
58355  18.667  -15.747  37.258 0.0000000000
84012  42.201  4.360  15.190 0.0000000000
58206  17.960  -15.012  46.519 0.0000000000
61600  13.773  -12.826  45.182 0.0000000000
81705  40.381  3.378  20.272 0.0000000000
55799  10.179  -18.070  46.655 0.0000000000
50829  7.434  -21.577  46.261 0.0000000000
68867  31.141  -7.303  31.240 0.0000000000
64951  27.112  -11.224  39.324 0.0000000000
59503  29.983  -16.386  35.771 0.0000000000
54804  28.370  -18.109  38.273 0.0000000000
76066  36.664  -1.398  26.044 0.0000000000
72681  33.276  -2.905  23.932 0.0000000000
74876  33.090  -2.676  27.227 0.0000000000
74895  39.332  -1.700  25.651 0.0000000000
57103  14.438  -16.720  37.816 0.0000000000
57104  12.151  -18.724  38.446 0.0000000000
58291  13.440  -16.267  40.503 0.0000000000
57045  18.903  -16.101  42.784 0.0000000000
57097  20.190  -15.756  40.625 0.0000000000
57100  17.482  -15.816  39.508 0.0000000000
57159  16.634  -17.374  35.552 0.0000000000
80603  36.165  1.845  18.632 0.0000000000
78381  38.933  -0.300  22.327 0.0000000000
79505  38.619  1.763  20.771 0.0000000000
81717  38.837  3.462  18.466 0.0000000000
63768  13.166  -12.174  48.779 0.0000000000
60492  11.553  -14.910  45.588 0.0000000000
60465  10.750  -15.092  48.977 0.0000000000
54660  7.278  -19.476  50.431 0.0000000000
54668  8.339  -19.502  48.429 0.0000000000
52019  6.873  -21.793  48.529 0.0000000000
48463  5.110  -24.406  48.176 0.0000000000
49666  4.785  -22.749  50.222 0.0000000000
67448  28.172  -8.746  40.557 0.0000000000
64938  28.886  -12.314  41.450 0.0000000000
63866  28.911  -14.114  37.781 0.0000000000
61662  29.999  -15.202  39.621 0.0000000000
57115  25.121  -15.459  37.828 0.0000000000
55893  27.686  -17.237  40.163 0.0000000000
55970  26.402  -17.253  36.140 0.0000000000
56011  28.117  -18.182  34.572 0.0000000000
135187  28.920  -9.229  31.089 0.0000000000
68876  29.627  -8.089  28.733 0.0000000000
66371  27.714  -10.069  28.839 0.0000000000
91708  49.778  11.293  9.398 0.0000000000
88525  47.440  9.107  8.690 0.0000000000
74978  37.126  -2.565  22.262 0.0000000000
72753  33.915  -3.603  22.368 0.0000000000
74964  39.457  -1.833  23.632 0.0000000000
56963  24.661  -15.981  46.102 0.0000000000
56961  26.810  -16.077  45.491 0.0000000000
58252  22.840  -15.600  42.928 0.0000000000
58321  21.742  -15.106  39.792 0.0000000000
60646  21.235  -14.927  35.535 0.0000000000
82851  44.016  5.464  18.014 0.0000000000
84029  44.824  5.555  15.167 0.0000000000
84053  45.505  6.329  12.903 0.0000000000
86250  45.267  6.387  10.664 0.0000000000
57026  17.429  -14.818  43.378 0.0000000000
59415  15.290  -14.152  42.974 0.0000000000
59374  16.629  -13.794  46.589 0.0000000000
56984  19.426  -15.615  45.556 0.0000000000
82872  41.884  4.299  17.671 0.0000000000
59417  12.599  -15.497  43.131 0.0000000000
55832  10.646  -18.009  43.762 0.0000000000
53471  9.282  -20.785  43.924 0.0000000000
56925  10.603  -17.742  48.723 0.0000000000
53436  9.127  -20.211  46.122 0.0000000000
48414  2.702  -24.308  51.005 0.0000000000
73712  32.429  -4.300  29.916 0.0000000000
66232  29.558  -9.818  35.128 0.0000000000
67485  28.449  -8.432  38.039 0.0000000000
67519  26.591  -9.539  36.890 0.0000000000
63878  27.315  -12.530  36.352 0.0000000000
61724  29.150  -15.295  35.209 0.0000000000
58418  30.833  -17.260  32.515 0.0000000000
55829  28.262  -17.220  43.550 0.0000000000
57036  29.606  -16.426  42.203 0.0000000000
59445  30.394  -16.536  40.402 0.0000000000
57155  30.185  -17.337  36.934 0.0000000000
57200  29.699  -18.303  33.311 0.0000000000
71417  30.263  -5.127  28.175 0.0000000000
70133  27.784  -7.501  26.007 0.0000000000
76027  35.455  -1.615  27.653 0.0000000000
76046  34.560  -1.689  26.207 0.0000000000
74861  33.786  -2.272  27.801 0.0000000000
77190  37.632  -1.275  26.970 0.0000000000
58324  14.754  -15.587  39.298 0.0000000000
58325  13.975  -16.449  38.685 0.0000000000
58307  14.995  -15.420  40.310 0.0000000000
57065  17.512  -15.561  41.467 0.0000000000
57082  17.892  -15.923  40.641 0.0000000000
57083  17.032  -15.286  40.143 0.0000000000
57119  16.029  -16.252  37.719 0.0000000000
79508  35.968  0.898  19.576 0.0000000000
77277  38.051  -0.229  21.711 0.0000000000
79495  38.892  1.140  21.372 0.0000000000
78400  37.291  0.590  20.868 0.0000000000
80586  37.721  2.175  20.092 0.0000000000
53321  7.001  -19.924  51.013 0.0000000000
53358  7.190  -20.197  49.384 0.0000000000
51989  6.370  -21.300  49.574 0.0000000000
49701  5.751  -22.659  48.664 0.0000000000
50802  5.503  -22.422  49.567 0.0000000000
49703  4.872  -24.116  49.289 0.0000000000
66143  28.829  -11.047  42.825 0.0000000000
63836  29.809  -12.919  41.777 0.0000000000
62733  29.990  -13.845  39.881 0.0000000000
62726  30.337  -14.190  41.184 0.0000000000
58146  29.223  -15.669  47.583 0.0000000000
58368  24.142  -15.715  36.135 0.0000000000
57134  25.581  -16.189  37.359 0.0000000000
57174  25.162  -16.378  35.380 0.0000000000
56015  25.731  -17.192  34.278 0.0000000000
67588  28.467  -10.137  32.114 0.0000000000
67642  28.671  -9.524  29.912 0.0000000000
87359  48.099  8.069  12.006 0.0000000000
87365  48.444  8.539  11.789 0.0000000000
88514  48.662  9.324  11.380 0.0000000000
89633  48.312  9.800  10.374 0.0000000000
87370  47.364  8.677  10.268 0.0000000000
72750  36.782  -3.124  22.837 0.0000000000
72793  35.960  -3.221  21.922 0.0000000000
72727  35.907  -3.370  23.265 0.0000000000
73795  32.004  -2.848  23.886 0.0000000000
72730  32.481  -3.749  22.882 0.0000000000
72706  30.775  -3.914  23.583 0.0000000000
73767  37.644  -2.390  24.606 0.0000000000
73809  38.568  -2.412  23.721 0.0000000000
73837  37.963  -2.196  22.840 0.0000000000
55914  11.691  -19.174  39.188 0.0000000000
54732  10.805  -19.864  40.759 0.0000000000
56980  22.736  -15.529  45.562 0.0000000000
56999  24.129  -15.562  44.367 0.0000000000
57020  22.249  -15.337  43.560 0.0000000000
58323  19.652  -15.543  39.260 0.0000000000
58306  20.980  -15.283  40.655 0.0000000000
58339  20.419  -15.208  38.614 0.0000000000
60613  21.833  -15.155  37.467 0.0000000000
60616  19.904  -15.270  36.491 0.0000000000
59491  18.708  -15.636  35.801 0.0000000000
63898  27.159  -13.548  34.294 0.0000000000
82889  43.660  4.907  16.276 0.0000000000
82887  44.932  5.346  16.140 0.0000000000
81784  43.706  5.044  15.083 0.0000000000
82948  43.942  5.679  12.871 0.0000000000
84069  43.895  5.320  11.398 0.0000000000
85147  45.287  6.425  12.158 0.0000000000
58219  17.860  -14.906  45.668 0.0000000000
58220  17.354  -14.329  45.383 0.0000000000
58207  17.512  -14.539  46.330 0.0000000000
56970  19.029  -15.389  46.376 0.0000000000
57005  18.699  -15.674  44.765 0.0000000000
82853  42.103  4.340  18.436 0.0000000000
81727  41.221  4.271  18.366 0.0000000000
82873  39.275  3.934  17.013 0.0000000000
59408  14.699  -13.992  43.686 0.0000000000
59416  13.978  -14.764  43.054 0.0000000000
60514  12.733  -14.788  43.823 0.0000000000
59387  11.104  -15.955  46.160 0.0000000000
58238  11.653  -16.589  44.798 0.0000000000
55818  10.406  -18.195  44.843 0.0000000000
54690  10.006  -19.507  43.907 0.0000000000
54681  9.840  -19.233  44.940 0.0000000000
56914  9.690  -17.018  49.768 0.0000000000
52033  7.920  -21.460  47.271 0.0000000000
53398  8.940  -19.915  47.603 0.0000000000
52047  8.255  -20.736  45.980 0.0000000000
52061  8.229  -21.095  44.837 0.0000000000
67568  30.932  -9.180  33.328 0.0000000000
66159  27.581  -10.277  40.406 0.0000000000
67468  27.964  -8.347  39.192 0.0000000000
67486  27.438  -9.031  38.318 0.0000000000
67501  27.749  -9.058  37.458 0.0000000000
66203  26.529  -10.255  37.865 0.0000000000
64994  26.125  -11.082  36.836 0.0000000000
64976  27.353  -11.936  38.113 0.0000000000
61695  29.923  -15.436  37.115 0.0000000000
62767  28.907  -14.443  36.493 0.0000000000
60656  29.786  -15.984  35.123 0.0000000000
60685  30.477  -15.997  33.756 0.0000000000
58405  30.569  -16.731  34.309 0.0000000000
57016  26.202  -16.239  42.904 0.0000000000
55816  27.725  -16.724  44.609 0.0000000000
57037  26.934  -16.517  42.195 0.0000000000
55909  27.844  -17.726  39.502 0.0000000000
55874  28.263  -17.505  40.851 0.0000000000
54723  29.436  -17.686  40.219 0.0000000000
57058  30.361  -16.926  41.406 0.0000000000
55906  30.261  -17.528  39.666 0.0000000000
57112  30.849  -17.100  39.178 0.0000000000
55940  29.607  -17.606  38.042 0.0000000000
57203  27.027  -18.164  33.311 0.0000000000
56032  28.275  -18.938  34.036 0.0000000000
71370  31.971  -5.793  30.933 0.0000000000
73721  32.141  -4.431  29.109 0.0000000000
71372  30.639  -6.136  29.580 0.0000000000
67667  28.589  -9.480  27.160 0.0000000000
68886  28.420  -8.263  27.185 0.0000000000
90707  50.315  11.275  8.272 0.0000000000
74919  36.115  -1.865  25.054 0.0000000000
73792  35.369  -2.916  24.016 0.0000000000
74920  35.070  -2.186  25.036 0.0000000000
74922  32.874  -2.417  25.093 0.0000000000
74923  32.022  -3.048  25.544 0.0000000000
77188  39.355  -1.410  26.827 0.0000000000
76065  37.724  -1.585  25.674 0.0000000000
58342  13.197  -18.044  37.611 0.0000000000
58310  12.285  -17.509  39.417 0.0000000000
58292  12.680  -17.101  40.603 0.0000000000
57044  19.717  -16.017  42.841 0.0000000000
57043  20.575  -15.761  42.843 0.0000000000
57063  19.194  -15.847  41.943 0.0000000000
57099  18.357  -15.632  39.927 0.0000000000
57136  18.466  -15.848  38.315 0.0000000000
57158  17.345  -16.454  36.614 0.0000000000
57138  16.763  -16.525  37.074 0.0000000000
57139  15.734  -16.956  36.502 0.0000000000
82941  41.228  3.657  13.662 0.0000000000
59361  17.615  -14.949  48.160 0.0000000000
79483  39.487  0.971  22.092 0.0000000000
80574  39.288  2.278  21.223 0.0000000000
80598  39.945  2.981  20.050 0.0000000000
81715  40.347  3.682  19.221 0.0000000000
80600  38.834  2.756  19.578 0.0000000000
80616  37.707  2.802  18.177 0.0000000000
62685  13.420  -12.701  46.666 0.0000000000
61602  12.132  -14.228  45.138 0.0000000000
62677  12.532  -12.897  47.213 0.0000000000
60486  11.336  -15.057  46.741 0.0000000000
59375  10.550  -16.304  47.259 0.0000000000
55785  9.062  -18.167  50.196 0.0000000000
54664  7.887  -19.236  49.249 0.0000000000
53379  7.551  -20.883  48.653 0.0000000000
52034  7.444  -22.049  47.611 0.0000000000
49732  6.051  -23.138  47.080 0.0000000000
66158  27.896  -10.175  41.231 0.0000000000
64949  27.967  -12.086  40.280 0.0000000000
63858  27.890  -12.856  38.718 0.0000000000
63851  28.553  -13.077  39.793 0.0000000000
62749  29.445  -14.912  38.720 0.0000000000
60612  30.271  -15.761  38.109 0.0000000000
58335  25.127  -15.357  39.304 0.0000000000
57077  26.137  -16.491  40.682 0.0000000000
57113  26.237  -16.267  38.734 0.0000000000
55926  27.118  -17.644  38.558 0.0000000000
55943  27.642  -18.179  37.826 0.0000000000
55967  28.201  -18.446  36.940 0.0000000000
55993  26.870  -17.535  35.347 0.0000000000
57184  26.563  -17.948  33.816 0.0000000000
67628  30.339  -8.355  31.631 0.0000000000
68875  30.004  -7.660  29.390 0.0000000000
67641  29.503  -8.627  30.333 0.0000000000
66357  28.840  -9.624  28.758 0.0000000000
90702  49.509  10.611  10.355 0.0000000000
89637  48.217  9.939  9.290 0.0000000000
76163  36.601  -1.237  21.420 0.0000000000
77281  35.018  -1.302  20.461 0.0000000000
75005  35.625  -2.295  21.415 0.0000000000
72703  33.850  -3.332  23.396 0.0000000000
72754  32.709  -4.146  21.936 0.0000000000
74892  41.061  -1.725  25.678 0.0000000000
74936  40.889  -1.565  24.779 0.0000000000
76113  40.735  -0.779  24.193 0.0000000000
76126  39.187  -1.307  23.053 0.0000000000
76141  37.920  -1.228  21.934 0.0000000000
56931  26.242  -16.559  47.337 0.0000000000
56943  27.417  -16.265  46.378 0.0000000000
56962  25.686  -16.095  45.806 0.0000000000
56998  25.051  -16.081  44.117 0.0000000000
58268  24.338  -15.715  42.328 0.0000000000
58271  21.654  -15.715  41.988 0.0000000000
58287  22.221  -15.331  41.481 0.0000000000
58303  24.083  -15.443  40.825 0.0000000000
58336  24.311  -15.333  38.804 0.0000000000
60629  23.073  -15.114  36.603 0.0000000000
59506  22.652  -15.046  34.900 0.0000000000
84008  45.904  6.343  15.040 0.0000000000
82938  43.493  5.376  13.827 0.0000000000
82923  44.780  5.639  13.982 0.0000000000
84026  46.656  6.547  13.973 0.0000000000
84051  46.527  6.749  13.058 0.0000000000
86231  46.163  7.165  11.924 0.0000000000
87361  46.539  7.617  11.144 0.0000000000
87368  46.135  7.506  9.996 0.0000000000
57047  17.213  -14.986  42.518 0.0000000000
58272  15.628  -14.885  42.227 0.0000000000
58254  16.618  -14.604  43.356 0.0000000000
59396  16.700  -13.714  45.006 0.0000000000
60491  14.977  -13.026  45.380 0.0000000000
59362  17.383  -13.972  48.159 0.0000000000
61582  14.926  -12.942  47.310 0.0000000000
62654  14.877  -12.608  48.595 0.0000000000
58149  26.752  -16.054  48.161 0.0000000000
56932  25.329  -16.322  47.566 0.0000000000
56947  23.533  -16.165  47.279 0.0000000000
56981  21.696  -15.530  45.593 0.0000000000
56967  20.841  -15.555  46.433 0.0000000000
57003  20.143  -16.125  44.646 0.0000000000
57024  18.809  -15.809  43.719 0.0000000000
57046  18.143  -15.696  42.673 0.0000000000
82838  43.798  5.537  18.599 0.0000000000
82871  42.623  4.481  17.388 0.0000000000
82891  42.033  4.217  16.788 0.0000000000
81728  40.513  4.152  18.040 0.0000000000
81747  40.674  4.402  16.946 0.0000000000
82907  41.021  4.178  15.288 0.0000000000
59435  13.908  -15.316  41.397 0.0000000000
59426  12.884  -15.892  41.807 0.0000000000
58273  12.355  -16.655  42.463 0.0000000000
59410  12.112  -15.544  44.110 0.0000000000
57028  11.619  -17.435  43.354 0.0000000000
55861  11.240  -18.586  42.046 0.0000000000
54701  10.638  -19.128  42.614 0.0000000000
53489  9.637  -20.259  43.210 0.0000000000
59354  10.661  -16.138  48.809 0.0000000000
56953  10.841  -18.226  47.579 0.0000000000
55796  10.325  -18.674  47.691 0.0000000000
54674  9.980  -19.381  46.776 0.0000000000
53453  9.275  -20.507  44.960 0.0000000000
49654  3.629  -23.730  50.836 0.0000000000
74844  33.753  -2.831  30.249 0.0000000000
67626  31.609  -7.851  32.067 0.0000000000
67585  31.137  -9.178  32.495 0.0000000000
67570  29.592  -10.041  33.095 0.0000000000
66268  27.957  -10.195  33.481 0.0000000000
67516  29.038  -9.284  36.305 0.0000000000
67534  28.161  -9.504  35.768 0.0000000000
66252  26.917  -9.982  34.527 0.0000000000
67554  25.724  -10.018  35.551 0.0000000000
65007  26.607  -12.099  35.994 0.0000000000
63888  27.899  -13.276  35.498 0.0000000000
63877  27.898  -13.137  37.020 0.0000000000
63887  28.443  -13.683  36.268 0.0000000000
61725  28.695  -15.077  34.254 0.0000000000
60673  29.315  -15.700  33.640 0.0000000000
59570  30.531  -16.737  31.939 0.0000000000
62713  31.098  -13.476  42.819 0.0000000000
56959  28.250  -16.490  45.763 0.0000000000
56957  29.478  -17.030  45.382 0.0000000000
56974  30.213  -16.742  44.446 0.0000000000
55858  27.804  -17.257  41.817 0.0000000000
55827  29.372  -17.227  43.131 0.0000000000
58235  31.227  -16.336  43.947 0.0000000000
58265  30.945  -15.660  42.923 0.0000000000
60542  30.872  -14.913  42.396 0.0000000000
61653  30.497  -14.956  41.115 0.0000000000
60588  29.972  -15.853  39.930 0.0000000000
59473  30.461  -16.323  38.437 0.0000000000
58367  30.435  -16.795  36.895 0.0000000000
55990  28.622  -18.104  35.963 0.0000000000
57173  29.525  -17.764  35.138 0.0000000000
58391  30.480  -17.208  34.775 0.0000000000
57199  30.355  -17.655  33.032 0.0000000000
74862  32.975  -2.835  28.395 0.0000000000
73746  31.643  -3.462  27.280 0.0000000000
73748  30.208  -3.961  26.496 0.0000000000
70111  29.748  -7.156  28.610 0.0000000000
72633  29.202  -5.755  27.249 0.0000000000
72683  28.984  -4.859  25.161 0.0000000000
87372  46.533  7.274  8.878 0.0000000000
76026  36.109  -1.530  28.015 0.0000000000
76014  34.613  -1.907  28.276 0.0000000000
77175  36.575  -1.130  27.695 0.0000000000
57084  15.814  -15.514  39.700 0.0000000000
78401  36.347  0.399  20.680 0.0000000000
78402  35.423  0.059  20.299 0.0000000000
77278  37.555  -0.131  21.410 0.0000000000
79507  36.957  1.230  20.176 0.0000000000
53340  6.631  -20.356  50.560 0.0000000000
53359  6.643  -20.561  49.853 0.0000000000
51978  6.084  -21.091  50.168 0.0000000000
50801  6.079  -21.976  49.328 0.0000000000
50789  5.923  -21.803  49.871 0.0000000000
64926  29.950  -12.286  43.254 0.0000000000
64927  29.691  -12.299  42.534 0.0000000000
63843  30.085  -13.769  41.231 0.0000000000
59349  28.393  -15.197  48.054 0.0000000000
58147  28.357  -15.573  47.703 0.0000000000
59517  23.905  -15.682  35.114 0.0000000000
57175  24.824  -16.018  35.840 0.0000000000
58392  24.360  -15.993  34.141 0.0000000000
57187  25.395  -16.746  33.994 0.0000000000
66287  27.886  -10.110  32.405 0.0000000000
67609  27.999  -9.838  31.452 0.0000000000
87360  47.391  7.831  11.473 0.0000000000
88517  48.400  8.871  11.434 0.0000000000
88518  48.107  9.126  10.814 0.0000000000
72725  36.909  -2.825  23.275 0.0000000000
72726  36.449  -3.157  23.239 0.0000000000
72701  36.095  -2.971  23.619 0.0000000000
73796  31.250  -3.432  24.599 0.0000000000
72707  29.909  -4.557  23.754 0.0000000000
73798  29.538  -4.513  24.495 0.0000000000
73790  37.135  -2.476  23.945 0.0000000000
73789  38.002  -2.456  23.962 0.0000000000
73810  37.666  -2.514  23.495 0.0000000000
57085  11.979  -18.262  40.005 0.0000000000
55896  10.957  -19.095  40.054 0.0000000000
55878  10.963  -18.834  41.210 0.0000000000
57001  21.896  -15.365  44.601 0.0000000000
57000  23.006  -15.470  44.526 0.0000000000
57021  21.216  -15.720  43.677 0.0000000000
58340  19.257  -15.578  38.448 0.0000000000
58354  19.708  -15.336  37.868 0.0000000000
59476  20.567  -14.883  37.717 0.0000000000
59477  19.742  -15.251  37.143 0.0000000000
58371  18.543  -15.753  36.375 0.0000000000
82890  42.934  4.625  16.201 0.0000000000
81745  43.602  4.850  15.930 0.0000000000
81785  43.134  4.962  14.896 0.0000000000
85158  44.378  5.590  11.315 0.0000000000
58218  18.294  -15.101  46.041 0.0000000000
58205  18.673  -15.339  46.685 0.0000000000
56986  18.220  -15.198  45.638 0.0000000000
81704  41.181  4.099  20.447 0.0000000000
81714  41.206  4.184  19.375 0.0000000000
60497  13.786  -13.671  44.330 0.0000000000
56971  10.586  -17.497  46.142 0.0000000000
56987  10.664  -17.233  45.200 0.0000000000
55808  10.347  -18.100  45.835 0.0000000000
55819  9.962  -18.712  45.655 0.0000000000
56915  9.397  -17.328  50.570 0.0000000000
50840  7.655  -21.631  45.356 0.0000000000
66174  27.185  -10.476  39.714 0.0000000000
67449  27.505  -9.451  39.897 0.0000000000
67469  27.078  -9.597  39.136 0.0000000000
67487  26.825  -9.789  38.405 0.0000000000
66175  26.917  -10.594  39.073 0.0000000000
66189  26.703  -10.596  38.466 0.0000000000
64963  26.953  -11.332  38.649 0.0000000000
60628  29.953  -15.667  36.692 0.0000000000
60643  29.704  -15.989  35.959 0.0000000000
59516  30.175  -16.236  35.060 0.0000000000
59515  30.401  -16.575  35.183 0.0000000000
57039  25.719  -16.071  42.233 0.0000000000
57038  26.593  -16.363  42.098 0.0000000000
54785  28.079  -18.038  38.944 0.0000000000
54744  28.672  -17.561  40.022 0.0000000000
54763  28.786  -17.619  39.442 0.0000000000
55890  29.870  -17.678  40.098 0.0000000000
55908  29.408  -17.666  39.216 0.0000000000
55923  29.799  -17.643  38.765 0.0000000000
54803  28.852  -17.868  38.416 0.0000000000
71371  31.234  -5.972  30.355 0.0000000000
72593  31.146  -5.665  29.833 0.0000000000
70100  30.888  -6.794  30.323 0.0000000000
76067  35.399  -1.663  25.685 0.0000000000
74875  33.832  -2.167  26.713 0.0000000000
74896  33.879  -2.250  25.764 0.0000000000
74897  33.071  -2.406  26.121 0.0000000000
76070  32.559  -2.590  25.768 0.0000000000
74898  32.379  -2.866  26.529 0.0000000000
77171  39.962  -1.132  27.444 0.0000000000
77207  37.236  -1.337  26.521 0.0000000000
77206  37.637  -1.397  26.293 0.0000000000
74918  37.196  -2.047  25.211 0.0000000000
58309  13.077  -16.623  39.549 0.0000000000
57116  18.835  -15.778  39.196 0.0000000000
57117  17.994  -16.001  38.866 0.0000000000
57137  17.744  -16.201  37.663 0.0000000000
57118  17.084  -16.246  38.368 0.0000000000
57120  15.021  -16.663  37.239 0.0000000000
77257  39.721  -0.827  22.969 0.0000000000
78380  39.273  0.319  22.147 0.0000000000
79494  39.210  1.547  21.421 0.0000000000
79504  39.032  2.098  20.802 0.0000000000
80584  39.284  2.628  20.700 0.0000000000
80585  39.068  2.435  20.307 0.0000000000
80599  39.554  2.981  19.743 0.0000000000
79519  38.439  2.338  20.134 0.0000000000
80588  36.747  1.696  19.451 0.0000000000
80601  37.970  2.427  19.642 0.0000000000
80602  37.020  2.463  19.023 0.0000000000
63779  13.373  -12.309  47.976 0.0000000000
63791  12.825  -12.517  47.710 0.0000000000
61583  11.467  -14.013  47.330 0.0000000000
60476  10.749  -15.291  47.928 0.0000000000
55787  7.472  -18.614  50.568 0.0000000000
54659  7.906  -19.078  50.093 0.0000000000
52004  7.125  -21.370  48.689 0.0000000000
52018  7.533  -21.739  48.216 0.0000000000
50820  7.024  -22.291  47.785 0.0000000000
49731  6.436  -22.486  47.542 0.0000000000
49718  6.600  -22.441  47.932 0.0000000000
49720  5.454  -23.755  47.716 0.0000000000
49683  4.824  -23.733  49.633 0.0000000000
48447  4.193  -24.380  49.457 0.0000000000
49667  4.366  -23.503  50.287 0.0000000000
64929  28.949  -11.367  41.877 0.0000000000
64939  28.445  -11.459  41.134 0.0000000000
64940  27.848  -11.144  40.635 0.0000000000
64948  28.463  -12.765  40.567 0.0000000000
64960  28.333  -12.680  39.753 0.0000000000
62740  29.811  -14.668  39.399 0.0000000000
62741  29.347  -14.295  39.155 0.0000000000
61682  29.662  -15.288  37.826 0.0000000000
61671  29.730  -15.382  38.816 0.0000000000
57096  25.792  -16.029  39.340 0.0000000000
57114  25.899  -15.704  38.347 0.0000000000
55946  25.952  -16.849  36.782 0.0000000000
55928  26.152  -16.584  37.563 0.0000000000
55945  26.505  -17.222  37.139 0.0000000000
55944  27.081  -17.657  37.496 0.0000000000
55969  27.094  -17.490  36.400 0.0000000000
57185  26.058  -17.713  33.778 0.0000000000
67608  30.103  -8.754  31.744 0.0000000000
135188  28.929  -8.960  30.457 0.0000000000
66358  28.545  -9.777  29.023 0.0000000000
66370  28.207  -10.089  28.265 0.0000000000
88520  47.681  9.266  9.851 0.0000000000
89640  47.899  9.831  7.824 0.0000000000
74993  36.796  -2.474  21.922 0.0000000000
76143  36.400  -2.005  21.606 0.0000000000
74994  36.006  -2.576  21.627 0.0000000000
72775  34.696  -3.286  21.976 0.0000000000
73859  35.150  -3.012  21.790 0.0000000000
73841  34.533  -3.236  21.715 0.0000000000
72776  33.697  -3.739  21.838 0.0000000000
73770  34.563  -2.733  24.409 0.0000000000
73793  34.417  -3.211  23.934 0.0000000000
72680  33.764  -3.088  23.952 0.0000000000
72731  31.482  -4.017  22.635 0.0000000000
135355  31.555  -4.239  21.967 0.0000000000
76041  40.161  -1.471  26.290 0.0000000000
74893  40.546  -1.696  25.882 0.0000000000
74915  39.829  -2.043  25.281 0.0000000000
73807  39.748  -2.056  24.341 0.0000000000
74937  40.334  -1.809  24.677 0.0000000000
76104  40.234  -1.487  24.360 0.0000000000
76103  40.725  -1.286  24.432 0.0000000000
76114  39.820  -1.070  23.840 0.0000000000
76115  39.289  -1.583  23.370 0.0000000000
73856  37.664  -2.284  22.549 0.0000000000
74991  38.067  -1.793  22.502 0.0000000000
74992  37.483  -2.166  22.268 0.0000000000
76142  37.133  -1.717  21.760 0.0000000000
56945  25.484  -16.315  46.748 0.0000000000
56944  26.491  -16.399  46.516 0.0000000000
57019  23.387  -15.528  43.619 0.0000000000
57018  24.402  -15.856  43.402 0.0000000000
58250  24.293  -16.063  42.829 0.0000000000
58251  23.723  -15.921  42.910 0.0000000000
57062  19.996  -15.463  42.062 0.0000000000
57061  20.898  -15.785  42.063 0.0000000000
57079  20.475  -15.687  41.350 0.0000000000
58305  22.008  -15.008  40.709 0.0000000000
58304  23.054  -15.396  40.723 0.0000000000
58320  22.965  -15.343  39.781 0.0000000000
58319  24.132  -15.263  39.937 0.0000000000
58337  22.756  -15.293  38.660 0.0000000000
60631  21.377  -15.067  36.406 0.0000000000
60630  22.306  -15.197  36.852 0.0000000000
60645  22.256  -15.158  35.793 0.0000000000
60644  22.938  -15.230  36.224 0.0000000000
60659  21.908  -14.867  34.924 0.0000000000
83973  44.960  5.783  18.071 0.0000000000
82903  44.913  5.445  15.700 0.0000000000
84000  45.565  5.742  16.208 0.0000000000
84009  45.271  5.776  15.522 0.0000000000
83999  46.123  6.233  15.757 0.0000000000
84044  42.493  4.628  13.369 0.0000000000
82939  42.814  4.866  13.761 0.0000000000
84042  44.690  5.850  13.313 0.0000000000
82937  44.242  5.674  13.495 0.0000000000
84041  45.228  5.894  13.579 0.0000000000
84027  45.913  6.321  14.256 0.0000000000
84040  46.015  6.381  13.536 0.0000000000
84039  46.580  6.663  13.398 0.0000000000
86241  45.484  6.667  11.520 0.0000000000
86232  45.669  6.788  12.049 0.0000000000
86240  45.846  7.034  10.867 0.0000000000
59385  17.033  -13.926  46.075 0.0000000000
59386  16.155  -13.526  45.754 0.0000000000
60463  16.788  -13.429  48.800 0.0000000000
60475  15.992  -13.238  47.797 0.0000000000
61578  15.389  -12.868  48.139 0.0000000000
62665  14.414  -12.576  47.901 0.0000000000
56922  26.084  -16.434  48.020 0.0000000000
56965  22.527  -15.680  46.691 0.0000000000
56968  20.135  -15.557  46.303 0.0000000000
56982  20.826  -15.649  45.519 0.0000000000
56983  20.097  -15.726  45.501 0.0000000000
57004  19.359  -16.115  44.693 0.0000000000
57025  18.106  -15.049  43.784 0.0000000000
77269  34.765  -1.779  20.457 0.0000000000
82852  43.090  4.701  18.227 0.0000000000
81716  39.591  3.663  18.682 0.0000000000
82854  39.204  3.999  17.942 0.0000000000
82892  39.498  3.885  16.384 0.0000000000
81748  40.012  4.092  16.461 0.0000000000
81766  40.894  3.778  15.958 0.0000000000
81767  40.134  3.761  15.567 0.0000000000
59434  14.460  -14.812  41.781 0.0000000000
59424  14.561  -14.590  42.374 0.0000000000
60528  13.300  -14.978  43.288 0.0000000000
59425  13.508  -14.949  42.047 0.0000000000
58274  12.404  -16.980  41.638 0.0000000000
60499  12.239  -15.025  44.884 0.0000000000
57007  10.976  -17.162  44.213 0.0000000000
55846  11.227  -18.378  42.999 0.0000000000
54689  10.586  -18.954  43.469 0.0000000000
53490  9.184  -21.080  42.809 0.0000000000
58143  10.183  -16.602  49.542 0.0000000000
58161  10.586  -16.986  48.975 0.0000000000
58160  10.643  -16.927  48.548 0.0000000000
56937  11.012  -18.097  48.241 0.0000000000
54663  8.665  -18.796  48.859 0.0000000000
54667  9.099  -19.109  48.189 0.0000000000
53419  9.143  -20.139  47.190 0.0000000000
54671  9.557  -19.458  47.552 0.0000000000
54675  9.833  -19.883  46.935 0.0000000000
54670  10.037  -19.229  47.149 0.0000000000
54678  9.731  -19.822  46.463 0.0000000000
53435  9.558  -19.884  46.066 0.0000000000
50777  4.097  -22.921  51.000 0.0000000000
50762  4.071  -22.526  51.417 0.0000000000
49644  3.070  -23.783  51.327 0.0000000000
49655  3.105  -24.005  50.980 0.0000000000
71351  32.542  -5.633  31.449 0.0000000000
67584  32.006  -9.040  32.518 0.0000000000
67607  31.175  -8.856  32.017 0.0000000000
67551  30.026  -8.989  34.123 0.0000000000
67569  29.912  -9.329  33.432 0.0000000000
66266  29.570  -9.775  33.501 0.0000000000
66267  28.988  -10.200  33.211 0.0000000000
66250  28.803  -10.114  34.293 0.0000000000
67499  29.630  -8.859  36.981 0.0000000000
67518  26.955  -9.020  36.715 0.0000000000
67517  27.947  -9.230  36.565 0.0000000000
67535  27.031  -9.252  35.655 0.0000000000
66234  27.569  -9.816  35.147 0.0000000000
67552  26.629  -9.676  35.016 0.0000000000
67553  26.145  -9.720  35.274 0.0000000000
67536  26.195  -9.649  36.158 0.0000000000
64993  26.729  -11.872  36.586 0.0000000000
63879  26.865  -12.287  36.139 0.0000000000
63889  26.705  -12.658  35.567 0.0000000000
63867  28.430  -13.558  37.935 0.0000000000
63868  27.856  -13.075  38.144 0.0000000000
62776  28.806  -14.773  35.883 0.0000000000
63886  28.670  -14.049  36.486 0.0000000000
62777  28.621  -14.594  35.289 0.0000000000
62769  28.367  -13.968  35.563 0.0000000000
60658  29.424  -15.534  34.352 0.0000000000
59549  30.578  -16.545  33.054 0.0000000000
58440  31.034  -16.954  32.012 0.0000000000
58441  30.695  -17.360  31.520 0.0000000000
56942  28.184  -16.230  46.344 0.0000000000
56960  27.647  -16.211  45.769 0.0000000000
55815  28.249  -17.149  44.417 0.0000000000
55805  28.211  -16.956  45.184 0.0000000000
55804  28.778  -17.362  45.033 0.0000000000
56956  30.139  -16.800  45.216 0.0000000000
55813  29.447  -17.193  44.076 0.0000000000
55894  26.960  -16.819  40.424 0.0000000000
55877  26.921  -16.697  41.505 0.0000000000
55876  27.355  -17.200  41.131 0.0000000000
55856  28.922  -17.350  41.592 0.0000000000
55842  28.823  -17.217  42.418 0.0000000000
55841  29.246  -17.094  42.346 0.0000000000
56995  30.223  -16.756  43.556 0.0000000000
57014  30.097  -16.787  42.757 0.0000000000
58249  30.888  -16.114  43.069 0.0000000000
57013  30.033  -16.112  42.545 0.0000000000
57076  30.549  -17.025  40.604 0.0000000000
58282  30.404  -15.475  42.039 0.0000000000
59444  30.695  -15.780  40.887 0.0000000000
61644  30.741  -14.836  41.889 0.0000000000
60572  30.539  -15.614  40.968 0.0000000000
60573  30.407  -15.500  40.520 0.0000000000
59452  30.445  -16.128  40.594 0.0000000000
57133  30.303  -17.230  37.691 0.0000000000
58334  30.660  -16.765  38.951 0.0000000000
57154  30.466  -17.042  37.381 0.0000000000
57171  30.344  -17.118  36.541 0.0000000000
55991  28.266  -17.907  35.736 0.0000000000
56010  28.399  -18.174  34.722 0.0000000000
56031  28.989  -18.683  34.179 0.0000000000
56009  28.805  -17.823  34.996 0.0000000000
57183  29.378  -17.991  34.379 0.0000000000
57182  30.140  -17.615  34.426 0.0000000000
74845  33.089  -3.381  30.383 0.0000000000
74853  33.741  -2.497  28.959 0.0000000000
74854  32.945  -3.416  29.585 0.0000000000
71390  30.804  -5.039  28.453 0.0000000000
73730  31.646  -3.950  28.291 0.0000000000
73731  31.029  -4.054  27.655 0.0000000000
73747  30.973  -3.668  26.853 0.0000000000
72632  29.819  -4.988  27.203 0.0000000000
70110  30.035  -7.517  28.996 0.0000000000
70121  28.285  -7.392  26.816 0.0000000000
71419  28.870  -6.462  27.148 0.0000000000
71446  28.434  -6.646  26.604 0.0000000000
72659  28.672  -5.662  26.402 0.0000000000
72660  28.284  -6.222  25.867 0.0000000000
91714  50.832  11.670  8.493 0.0000000000
90718  50.644  11.056  7.469 0.0000000000
91722  51.385  11.521  7.861 0.0000000000
76045  35.472  -1.492  26.634 0.0000000000
76028  34.561  -1.695  27.206 0.0000000000
77191  36.944  -1.282  26.964 0.0000000000
57102  15.205  -16.052  38.449 0.0000000000
58308  13.984  -15.805  39.806 0.0000000000
58290  14.135  -15.650  40.750 0.0000000000
57064  18.373  -15.991  41.751 0.0000000000
57101  16.446  -16.102  39.078 0.0000000000
77268  38.487  -0.581  22.155 0.0000000000
78391  38.678  0.447  21.652 0.0000000000
78399  38.038  0.668  21.127 0.0000000000
79506  37.797  1.674  20.421 0.0000000000
79520  38.204  2.169  20.350 0.0000000000
63780  12.375  -12.554  48.161 0.0000000000
63769  12.055  -12.372  49.096 0.0000000000
51988  6.925  -20.949  49.178 0.0000000000
52005  6.577  -21.535  48.955 0.0000000000
50813  6.253  -22.205  48.696 0.0000000000
50814  5.702  -22.483  49.024 0.0000000000
49702  5.358  -23.443  48.947 0.0000000000
49682  4.956  -22.946  49.820 0.0000000000
66142  29.355  -11.434  43.172 0.0000000000
64928  29.355  -11.811  42.166 0.0000000000
64937  29.431  -12.701  41.659 0.0000000000
64947  28.822  -13.267  41.150 0.0000000000
63844  29.604  -13.554  41.108 0.0000000000
62727  30.173  -13.927  40.627 0.0000000000
62732  30.294  -14.372  40.091 0.0000000000
58369  24.272  -15.310  36.729 0.0000000000
57135  24.973  -15.733  37.067 0.0000000000
57157  24.918  -15.940  36.278 0.0000000000
57156  25.399  -16.403  36.477 0.0000000000
55971  25.791  -16.952  35.843 0.0000000000
55994  26.156  -17.413  35.228 0.0000000000
55995  25.696  -17.087  34.890 0.0000000000
66372  27.414  -9.917  30.070 0.0000000000
87352  47.554  7.624  12.301 0.0000000000
87351  48.319  7.767  12.983 0.0000000000
89632  49.058  10.068  10.729 0.0000000000
89629  48.648  9.663  11.013 0.0000000000
87377  47.224  8.643  9.341 0.0000000000
73838  37.314  -2.637  22.537 0.0000000000
73857  36.338  -2.995  21.833 0.0000000000
72773  36.642  -3.138  22.511 0.0000000000
72774  35.807  -3.315  22.232 0.0000000000
72752  35.091  -3.282  22.597 0.0000000000
73794  32.740  -2.723  24.105 0.0000000000
72704  32.933  -3.214  23.498 0.0000000000
72705  31.836  -3.559  23.506 0.0000000000
72732  30.392  -4.539  22.797 0.0000000000
74939  38.789  -2.091  24.874 0.0000000000
73765  39.315  -2.175  24.706 0.0000000000
73788  38.942  -2.505  23.982 0.0000000000
73824  39.053  -2.242  23.586 0.0000000000
74965  38.837  -1.899  23.327 0.0000000000
73825  38.285  -2.256  23.350 0.0000000000
73826  37.632  -2.646  23.033 0.0000000000
57105  11.672  -18.161  39.130 0.0000000000
54753  10.563  -20.877  40.147 0.0000000000
54733  10.259  -20.450  41.239 0.0000000000
56964  23.610  -15.900  46.367 0.0000000000
56979  23.835  -15.653  45.364 0.0000000000
57041  22.207  -15.364  42.872 0.0000000000
58322  20.521  -15.441  39.743 0.0000000000
58338  21.453  -15.150  38.979 0.0000000000
59463  21.982  -15.199  38.488 0.0000000000
59465  20.944  -14.779  38.212 0.0000000000
60615  20.550  -14.926  36.847 0.0000000000
60632  20.506  -15.206  36.069 0.0000000000
60647  20.268  -14.964  35.233 0.0000000000
60633  19.562  -15.362  35.775 0.0000000000
59508  18.648  -16.077  34.984 0.0000000000
63899  26.179  -12.738  34.578 0.0000000000
82870  43.575  4.936  17.020 0.0000000000
82869  44.522  5.178  16.960 0.0000000000
82888  44.108  5.187  16.240 0.0000000000
81762  44.017  5.227  15.813 0.0000000000
81783  44.097  5.177  15.361 0.0000000000
84056  42.838  5.059  12.679 0.0000000000
84055  43.529  5.522  12.361 0.0000000000
84054  44.495  5.958  12.526 0.0000000000
84068  44.353  5.754  11.651 0.0000000000
85157  44.760  6.042  11.370 0.0000000000
85166  44.893  5.705  10.369 0.0000000000
58236  17.621  -14.873  44.705 0.0000000000
58253  17.466  -14.680  43.895 0.0000000000
56985  18.756  -15.340  45.792 0.0000000000
57006  18.113  -15.326  45.060 0.0000000000
82840  42.303  4.753  19.578 0.0000000000
82855  38.807  3.724  17.688 0.0000000000
60513  13.613  -14.584  43.607 0.0000000000
59398  11.908  -15.904  45.325 0.0000000000
58221  11.006  -16.652  45.652 0.0000000000
54680  10.414  -18.858  44.227 0.0000000000
53470  9.510  -20.053  44.411 0.0000000000
56918  10.000  -17.278  49.115 0.0000000000
53399  8.182  -20.399  47.860 0.0000000000
54672  8.814  -19.672  47.893 0.0000000000
53420  8.594  -20.583  46.819 0.0000000000
53437  8.665  -20.464  46.317 0.0000000000
52046  8.743  -20.447  45.770 0.0000000000
67550  30.607  -8.676  34.399 0.0000000000
66231  30.292  -8.962  35.142 0.0000000000
67500  28.782  -9.025  37.253 0.0000000000
67502  26.813  -9.415  37.565 0.0000000000
67503  26.551  -9.734  37.185 0.0000000000
66218  26.265  -10.133  36.892 0.0000000000
64978  26.373  -10.563  37.363 0.0000000000
64977  26.673  -11.297  37.693 0.0000000000
64992  27.605  -11.999  37.193 0.0000000000
62757  29.190  -14.564  37.471 0.0000000000
63875  28.977  -14.254  37.336 0.0000000000
61696  29.542  -15.124  36.825 0.0000000000
61710  29.450  -15.565  35.756 0.0000000000
61723  29.525  -15.704  35.171 0.0000000000
60672  30.022  -15.766  33.978 0.0000000000
60671  30.224  -15.974  34.397 0.0000000000
59533  30.583  -16.400  34.248 0.0000000000
56976  26.725  -15.879  44.398 0.0000000000
55817  27.253  -16.311  44.878 0.0000000000
56996  26.746  -16.212  43.482 0.0000000000
55845  27.267  -16.630  43.155 0.0000000000
55844  27.739  -17.081  42.844 0.0000000000
55910  27.420  -17.364  39.429 0.0000000000
55875  27.973  -17.444  40.762 0.0000000000
54745  28.279  -17.512  40.244 0.0000000000
54724  29.045  -17.606  40.511 0.0000000000
55872  29.580  -17.530  40.866 0.0000000000
57035  29.830  -16.274  41.767 0.0000000000
55871  30.146  -17.418  40.854 0.0000000000
55888  30.434  -17.190  40.392 0.0000000000
57094  30.524  -17.058  39.856 0.0000000000
58317  30.354  -16.893  39.779 0.0000000000
55921  30.608  -17.326  39.387 0.0000000000
55939  30.188  -17.381  38.324 0.0000000000
55964  29.916  -17.480  37.487 0.0000000000
56033  27.651  -18.461  33.908 0.0000000000
57202  27.857  -18.326  33.127 0.0000000000
57201  28.717  -18.494  33.122 0.0000000000
57218  29.177  -18.431  32.048 0.0000000000
57219  28.179  -18.130  32.117 0.0000000000
74855  32.510  -3.979  29.323 0.0000000000
72592  31.773  -5.201  29.896 0.0000000000
72611  31.136  -5.534  29.358 0.0000000000
71391  30.621  -5.633  28.746 0.0000000000
67658  28.962  -9.017  27.907 0.0000000000
68885  29.104  -8.113  27.908 0.0000000000
67659  28.686  -8.855  27.378 0.0000000000
90705  48.679  10.373  8.490 0.0000000000
90708  49.620  10.869  8.305 0.0000000000
73768  36.676  -2.351  24.562 0.0000000000
73769  35.665  -2.364  24.440 0.0000000000
74921  34.102  -2.395  25.017 0.0000000000
76068  34.594  -1.979  25.502 0.0000000000
73771  33.560  -2.754  24.414 0.0000000000
74942  32.322  -2.681  24.313 0.0000000000
74944  31.764  -3.235  24.986 0.0000000000
73773  31.120  -3.505  25.801 0.0000000000
77187  39.926  -1.306  26.844 0.0000000000
76043  38.978  -1.575  26.185 0.0000000000
77189  38.445  -1.411  26.692 0.0000000000
77205  38.033  -1.477  26.116 0.0000000000
76089  38.606  -1.884  25.154 0.0000000000
74917  38.267  -1.967  25.055 0.0000000000
57122  12.646  -18.639  37.650 0.0000000000
58326  12.787  -17.528  38.403 0.0000000000
58327  12.014  -17.845  38.777 0.0000000000
57022  20.338  -16.138  43.717 0.0000000000
57080  19.665  -15.989  41.186 0.0000000000
57081  18.769  -16.096  40.937 0.0000000000
57098  19.375  -15.645  40.160 0.0000000000
58356  17.901  -16.215  36.879 0.0000000000
82927  41.833  4.201  14.495 0.0000000000
82926  42.558  4.615  14.513 0.0000000000
58191  18.007  -15.258  47.463 0.0000000000
58177  18.039  -15.243  48.101 0.0000000000
79475  39.968  1.381  22.889 0.0000000000
79482  39.677  1.699  22.322 0.0000000000
78390  39.061  0.821  21.594 0.0000000000
79493  39.396  2.074  21.542 0.0000000000
80573  39.576  2.820  21.305 0.0000000000
80583  39.666  3.068  20.582 0.0000000000
80615  38.354  2.963  18.774 0.0000000000
61590  13.089  -12.841  45.846 0.0000000000
61601  12.739  -13.410  45.007 0.0000000000
61591  11.971  -13.647  46.049 0.0000000000
62667  11.730  -13.328  47.929 0.0000000000
58208  10.557  -16.935  46.578 0.0000000000
58193  10.363  -17.326  47.371 0.0000000000
55786  8.329  -18.399  50.462 0.0000000000
55791  8.555  -18.710  49.746 0.0000000000
53378  7.626  -19.928  48.715 0.0000000000
52017  7.734  -21.134  47.917 0.0000000000
50830  6.769  -22.218  46.888 0.0000000000
49719  5.988  -22.719  48.061 0.0000000000
66144  28.463  -10.333  42.156 0.0000000000
67430  28.259  -8.976  41.742 0.0000000000
64950  27.386  -11.482  39.926 0.0000000000
64962  27.393  -11.874  38.982 0.0000000000
64961  27.819  -12.450  39.323 0.0000000000
63857  28.278  -13.224  39.023 0.0000000000
63856  28.870  -13.900  38.662 0.0000000000
63850  28.946  -13.592  39.941 0.0000000000
62750  29.132  -14.643  38.198 0.0000000000
61683  29.346  -14.925  37.599 0.0000000000
60627  30.263  -15.769  37.113 0.0000000000
58318  25.171  -15.107  40.139 0.0000000000
57059  26.305  -16.433  41.366 0.0000000000
57078  25.720  -16.069  40.295 0.0000000000
55895  26.397  -16.598  40.046 0.0000000000
55911  26.900  -16.787  39.308 0.0000000000
55927  26.635  -16.772  38.261 0.0000000000
55925  27.595  -18.057  38.820 0.0000000000
54805  27.935  -18.226  38.351 0.0000000000
54829  28.446  -18.295  37.591 0.0000000000
55968  27.702  -17.956  36.688 0.0000000000
55992  27.697  -17.606  35.479 0.0000000000
56013  26.462  -17.681  34.498 0.0000000000
56012  27.275  -17.924  34.331 0.0000000000
67640  30.505  -7.859  31.327 0.0000000000
68868  30.314  -7.613  30.239 0.0000000000
68869  29.738  -8.138  29.526 0.0000000000
67649  29.333  -8.917  28.900 0.0000000000
66340  29.231  -9.231  29.199 0.0000000000
66356  29.079  -9.402  28.703 0.0000000000
66369  28.532  -9.651  28.035 0.0000000000
91699  49.639  10.988  9.912 0.0000000000
89636  48.795  10.266  10.088 0.0000000000
90704  49.134  10.664  9.447 0.0000000000
77280  35.985  -0.662  20.970 0.0000000000
76164  35.747  -1.701  21.274 0.0000000000
75006  35.323  -2.203  21.114 0.0000000000
73858  35.674  -3.010  21.741 0.0000000000
74995  34.959  -2.724  21.481 0.0000000000
72702  35.778  -2.973  23.677 0.0000000000
72728  34.009  -3.587  22.944 0.0000000000
72729  33.345  -3.733  22.876 0.0000000000
71517  33.261  -4.074  21.898 0.0000000000
135349  33.265  -4.072  21.654 0.0000000000
74914  40.359  -2.009  25.177 0.0000000000
74913  40.946  -1.708  25.146 0.0000000000
77247  40.369  -0.087  23.812 0.0000000000
76125  39.556  -1.110  23.264 0.0000000000
77258  38.956  -0.899  22.633 0.0000000000
74976  38.521  -1.705  22.986 0.0000000000
76127  38.547  -1.293  22.506 0.0000000000
76162  37.323  -0.899  21.580 0.0000000000
58168  27.219  -16.199  47.672 0.0000000000
58167  27.799  -15.960  47.377 0.0000000000
56930  27.207  -16.515  47.202 0.0000000000
56977  25.851  -15.818  44.788 0.0000000000
56978  24.835  -16.008  45.098 0.0000000000
57017  25.346  -16.136  43.191 0.0000000000
57040  24.853  -15.990  42.681 0.0000000000
58267  25.108  -15.687  42.096 0.0000000000
57042  21.539  -15.502  42.750 0.0000000000
58270  22.394  -15.488  42.275 0.0000000000
58288  21.311  -15.406  41.425 0.0000000000
58269  23.416  -15.530  42.298 0.0000000000
58286  23.177  -15.415  41.559 0.0000000000
58285  24.132  -15.499  41.625 0.0000000000
58302  25.066  -15.175  41.042 0.0000000000
58352  24.135  -15.233  37.765 0.0000000000
59474  22.286  -15.125  37.832 0.0000000000
58353  23.286  -15.007  37.738 0.0000000000
58370  23.826  -14.903  37.330 0.0000000000
59488  23.623  -15.412  36.298 0.0000000000
59505  23.267  -15.378  35.531 0.0000000000
59518  23.351  -15.372  34.454 0.0000000000
58372  17.855  -16.386  35.855 0.0000000000
66289  26.372  -9.953  33.099 0.0000000000
83998  46.670  6.473  15.267 0.0000000000
82925  43.300  5.145  14.478 0.0000000000
82924  44.264  5.383  14.628 0.0000000000
82949  43.515  5.428  13.100 0.0000000000
84028  45.175  5.846  14.610 0.0000000000
84007  46.688  6.484  14.660 0.0000000000
85114  47.378  6.790  15.051 0.0000000000
85128  47.436  6.722  14.303 0.0000000000
85136  47.217  6.807  13.592 0.0000000000
85144  46.822  7.029  13.100 0.0000000000
85146  45.874  6.686  12.473 0.0000000000
85145  46.419  6.912  12.694 0.0000000000
86230  46.862  7.366  12.531 0.0000000000
87353  46.925  7.548  11.870 0.0000000000
87367  46.898  8.179  10.648 0.0000000000
58237  16.978  -14.465  44.431 0.0000000000
59407  15.941  -14.238  44.084 0.0000000000
59397  15.459  -13.510  44.616 0.0000000000
59372  17.366  -15.165  47.461 0.0000000000
59373  17.087  -14.490  47.178 0.0000000000
60484  16.660  -13.820  47.012 0.0000000000
59353  17.302  -13.848  48.779 0.0000000000
60474  16.705  -13.706  47.566 0.0000000000
60485  15.734  -13.585  46.726 0.0000000000
61589  14.347  -12.737  46.245 0.0000000000
62684  14.153  -12.733  47.001 0.0000000000
63767  14.079  -12.228  48.524 0.0000000000
62643  14.682  -12.241  49.388 0.0000000000
63756  13.830  -12.025  49.115 0.0000000000
58131  27.870  -15.363  48.023 0.0000000000
56921  26.739  -16.451  47.731 0.0000000000
56946  24.482  -16.247  47.018 0.0000000000
56966  21.551  -15.609  46.399 0.0000000000
57023  19.515  -16.111  43.730 0.0000000000
83959  44.664  6.116  18.640 0.0000000000
82839  43.396  5.253  18.833 0.0000000000
82906  41.797  4.227  15.528 0.0000000000
81746  41.300  4.334  17.375 0.0000000000
81729  39.864  4.212  17.534 0.0000000000
81765  41.382  4.113  16.528 0.0000000000
82928  40.954  4.019  14.556 0.0000000000
58289  14.907  -15.116  41.216 0.0000000000
59436  13.431  -15.916  41.214 0.0000000000
60543  13.406  -15.508  41.597 0.0000000000
59437  13.272  -16.550  40.948 0.0000000000
59427  13.022  -16.550  41.282 0.0000000000
60498  12.560  -14.278  44.476 0.0000000000
60515  12.389  -14.914  44.305 0.0000000000
59418  12.156  -15.821  43.655 0.0000000000
58256  11.865  -16.397  43.752 0.0000000000
58255  12.266  -16.836  43.131 0.0000000000
57027  12.110  -17.364  42.974 0.0000000000
57049  11.786  -17.618  42.377 0.0000000000
55862  11.433  -18.405  41.832 0.0000000000
54714  10.672  -19.465  41.715 0.0000000000
54715  10.088  -19.925  42.297 0.0000000000
54702  10.184  -19.567  43.115 0.0000000000
53506  9.654  -20.963  41.930 0.0000000000
59363  10.459  -16.408  48.131 0.0000000000
56936  11.071  -17.837  47.676 0.0000000000
56952  10.416  -17.872  47.149 0.0000000000
55790  9.213  -18.351  49.328 0.0000000000
55789  9.783  -17.882  48.835 0.0000000000
55793  10.095  -18.042  48.182 0.0000000000
55797  9.653  -18.644  47.924 0.0000000000
55800  10.299  -18.596  47.100 0.0000000000
55809  9.933  -18.696  46.466 0.0000000000
54677  9.678  -19.403  46.052 0.0000000000
53452  9.491  -19.924  45.454 0.0000000000
52060  8.790  -20.587  45.293 0.0000000000
52077  8.917  -21.053  44.437 0.0000000000
49653  4.173  -23.132  50.794 0.0000000000
49668  3.886  -23.890  50.387 0.0000000000
48426  3.186  -25.019  50.397 0.0000000000
49643  3.600  -23.121  51.317 0.0000000000
75999  34.626  -2.043  29.354 0.0000000000
70099  31.582  -6.704  31.082 0.0000000000
68855  31.435  -7.554  31.743 0.0000000000
67627  30.988  -8.103  32.126 0.0000000000
67586  29.984  -9.154  32.434 0.0000000000
67587  29.205  -9.990  32.324 0.0000000000
66286  28.666  -10.210  32.482 0.0000000000
66216  29.829  -9.142  35.914 0.0000000000
67533  28.762  -9.523  35.704 0.0000000000
66233  28.603  -10.014  35.235 0.0000000000
66251  27.826  -10.165  34.415 0.0000000000
66269  27.082  -10.168  33.688 0.0000000000
66270  26.280  -10.197  33.751 0.0000000000
66254  25.631  -10.462  34.874 0.0000000000
66236  25.844  -10.560  36.247 0.0000000000
65008  26.063  -11.622  35.671 0.0000000000
65021  25.981  -12.090  34.974 0.0000000000
63897  27.771  -13.733  34.674 0.0000000000
64975  27.670  -12.493  38.488 0.0000000000
64991  27.613  -12.575  37.763 0.0000000000
63876  28.743  -13.899  37.043 0.0000000000
62778  28.181  -14.199  34.673 0.0000000000
61726  28.318  -14.613  33.965 0.0000000000
61735  28.667  -15.450  33.565 0.0000000000
60674  28.699  -15.765  33.136 0.0000000000
59551  29.574  -16.124  32.258 0.0000000000
60686  30.141  -15.883  33.239 0.0000000000
59597  30.011  -16.532  31.395 0.0000000000
62720  30.754  -13.697  42.207 0.0000000000
56929  28.014  -16.218  46.948 0.0000000000
56928  28.743  -16.444  46.927 0.0000000000
56927  29.247  -16.437  46.696 0.0000000000
55806  27.702  -16.552  45.292 0.0000000000
56958  28.819  -16.870  45.686 0.0000000000
56940  29.438  -16.481  46.082 0.0000000000
58216  31.127  -16.291  44.963 0.0000000000
55859  27.265  -16.759  42.138 0.0000000000
55857  28.387  -17.416  41.479 0.0000000000
55843  28.280  -17.273  42.583 0.0000000000
55828  28.823  -17.282  43.348 0.0000000000
55812  29.825  -17.017  43.646 0.0000000000
56973  30.667  -16.449  44.069 0.0000000000
58234  31.518  -16.065  44.462 0.0000000000
59406  31.429  -15.533  44.154 0.0000000000
58266  30.001  -15.727  42.081 0.0000000000
59423  30.855  -15.234  42.693 0.0000000000
61634  31.397  -14.455  42.713 0.0000000000
62719  31.254  -14.043  42.339 0.0000000000
62725  30.656  -14.383  41.804 0.0000000000
61654  30.396  -14.927  40.326 0.0000000000
59462  30.161  -16.385  39.235 0.0000000000
60600  29.989  -15.903  39.024 0.0000000000
59486  30.501  -16.283  37.458 0.0000000000
59502  30.225  -16.476  36.366 0.0000000000
55966  28.868  -18.234  37.085 0.0000000000
55965  29.448  -17.826  37.225 0.0000000000
55989  29.305  -17.867  36.144 0.0000000000
55988  29.789  -17.606  36.721 0.0000000000
57172  30.023  -17.425  35.839 0.0000000000
58380  30.466  -17.018  35.690 0.0000000000
58390  30.534  -16.913  34.733 0.0000000000
58406  30.741  -17.091  33.898 0.0000000000
57216  30.668  -17.831  32.411 0.0000000000
57217  30.283  -18.156  31.977 0.0000000000
58419  30.664  -17.696  32.113 0.0000000000
74863  32.470  -3.658  28.725 0.0000000000
74877  32.177  -2.966  27.857 0.0000000000
73772  31.657  -3.337  26.403 0.0000000000
73774  30.189  -3.979  25.412 0.0000000000
70101  30.300  -7.039  29.424 0.0000000000
71392  30.273  -6.434  28.836 0.0000000000
71418  29.658  -6.063  28.028 0.0000000000
70120  28.969  -7.236  27.672 0.0000000000
72658  29.539  -4.595  26.042 0.0000000000
73775  29.638  -4.292  24.994 0.0000000000
87371  46.739  8.146  9.533 0.0000000000
87379  46.852  7.010  8.270 0.0000000000
50821  6.786  -22.247  48.227 0.0000000000
53400  7.650  -21.030  48.200 0.0000000000
54708  28.849  -17.550  41.014 0.0000000000
54709  28.655  -17.499  41.187 0.0000000000
54725  28.530  -17.532  40.707 0.0000000000
54726  28.245  -17.497  40.595 0.0000000000
54742  29.524  -17.755  39.930 0.0000000000
54743  29.186  -17.657  39.786 0.0000000000
54762  29.092  -17.611  39.357 0.0000000000
54764  28.305  -17.691  39.584 0.0000000000
54783  28.992  -17.616  38.976 0.0000000000
54784  28.541  -17.770  38.931 0.0000000000
54828  28.756  -18.157  37.858 0.0000000000
55803  29.284  -17.389  44.757 0.0000000000
55807  27.348  -16.272  45.367 0.0000000000
55814  28.796  -17.414  44.228 0.0000000000
55826  29.834  -17.171  42.923 0.0000000000
55830  27.753  -16.877  43.775 0.0000000000
55831  27.372  -16.205  44.020 0.0000000000
55840  29.418  -16.931  42.294 0.0000000000
55853  30.311  -17.045  41.337 0.0000000000
55854  29.839  -17.068  41.627 0.0000000000
55855  29.362  -17.225  41.623 0.0000000000
55860  26.963  -16.554  41.957 0.0000000000
55870  30.499  -17.208  40.816 0.0000000000
55873  29.160  -17.512  41.123 0.0000000000
55879  11.392  -18.481  41.602 0.0000000000
55889  30.272  -17.364  40.273 0.0000000000
55891  29.589  -17.741  39.675 0.0000000000
55892  28.025  -17.494  40.021 0.0000000000
55905  30.354  -17.197  39.974 0.0000000000
55907  29.911  -17.752  39.402 0.0000000000
55912  26.269  -16.449  39.590 0.0000000000
55922  30.341  -17.635  39.045 0.0000000000
55924  29.299  -17.704  38.555 0.0000000000
55938  30.698  -17.365  38.839 0.0000000000
55941  29.160  -17.947  37.874 0.0000000000
55942  28.097  -18.326  37.801 0.0000000000
56014  25.943  -17.475  34.433 0.0000000000
56034  27.327  -18.246  33.854 0.0000000000
56919  9.498  -17.685  49.595 0.0000000000
56941  28.794  -16.499  46.276 0.0000000000
56975  29.769  -17.137  44.813 0.0000000000
56994  30.590  -16.455  43.326 0.0000000000
56997  25.968  -16.123  43.810 0.0000000000
57015  26.838  -16.458  42.653 0.0000000000
57048  12.198  -17.167  42.783 0.0000000000
57050  11.547  -18.185  41.861 0.0000000000
57068  11.555  -18.305  41.652 0.0000000000
57095  26.443  -16.463  39.034 0.0000000000
57132  30.667  -17.078  38.334 0.0000000000
58166  28.624  -16.124  47.402 0.0000000000
58178  10.728  -17.301  48.031 0.0000000000
58179  10.839  -17.527  48.587 0.0000000000
58184  29.684  -16.217  46.649 0.0000000000
58192  17.429  -15.094  46.944 0.0000000000
58215  31.372  -16.041  44.860 0.0000000000
58217  30.565  -16.594  45.090 0.0000000000
58248  31.577  -15.995  43.631 0.0000000000
58283  30.456  -16.262  41.275 0.0000000000
58284  24.868  -15.463  41.705 0.0000000000
58300  30.486  -15.922  41.291 0.0000000000
58301  30.536  -16.720  40.619 0.0000000000
58351  30.633  -16.728  37.903 0.0000000000
58381  30.349  -17.352  35.180 0.0000000000
58382  24.451  -15.912  35.523 0.0000000000
58383  24.551  -15.829  36.132 0.0000000000
59360  18.191  -14.987  48.300 0.0000000000
59409  12.427  -15.257  43.664 0.0000000000
59433  30.492  -15.376  41.821 0.0000000000
59453  30.128  -16.510  39.940 0.0000000000
59464  21.421  -14.957  38.380 0.0000000000
59475  21.418  -14.855  37.842 0.0000000000
59487  23.905  -15.662  36.107 0.0000000000
59489  23.283  -14.880  37.027 0.0000000000
59490  19.159  -15.485  36.496 0.0000000000
59504  23.895  -15.703  35.814 0.0000000000
59532  30.490  -16.608  34.577 0.0000000000
59569  30.838  -16.857  32.328 0.0000000000
59571  29.742  -16.355  31.834 0.0000000000
60529  13.025  -14.970  43.451 0.0000000000
60544  13.219  -15.769  41.550 0.0000000000
60556  30.517  -15.293  41.540 0.0000000000
60557  13.621  -15.581  41.407 0.0000000000
60558  13.436  -15.704  41.445 0.0000000000
60587  30.284  -15.847  40.349 0.0000000000
60614  21.353  -14.907  37.212 0.0000000000
60634  19.084  -15.640  35.318 0.0000000000
60642  30.033  -16.074  36.380 0.0000000000
60649  19.134  -15.811  35.035 0.0000000000
60657  29.726  -15.769  34.664 0.0000000000
60687  29.367  -15.957  32.740 0.0000000000
61697  29.225  -14.730  36.642 0.0000000000
61711  29.142  -15.024  36.174 0.0000000000
62666  13.871  -12.436  47.831 0.0000000000
62675  14.326  -12.666  47.394 0.0000000000
62676  13.662  -12.540  47.416 0.0000000000
62686  12.719  -12.964  46.418 0.0000000000
62758  29.170  -14.440  36.979 0.0000000000
62768  28.604  -14.251  36.030 0.0000000000
62779  27.763  -13.999  34.165 0.0000000000
62787  28.026  -14.389  33.852 0.0000000000
63778  13.956  -12.369  48.057 0.0000000000
63790  13.085  -12.483  47.540 0.0000000000
63890  26.189  -12.290  35.237 0.0000000000
66204  26.474  -9.980  37.395 0.0000000000
66217  29.173  -9.512  35.636 0.0000000000
66235  27.008  -9.626  35.098 0.0000000000
66237  25.575  -10.626  35.578 0.0000000000
66248  30.129  -8.957  34.472 0.0000000000
66249  29.642  -9.430  34.161 0.0000000000
66253  26.138  -10.042  34.540 0.0000000000
66341  29.038  -9.404  29.433 0.0000000000
67470  26.875  -10.149  38.801 0.0000000000
67537  25.774  -10.165  35.917 0.0000000000
67589  26.958  -9.517  32.291 0.0000000000
67606  31.825  -8.535  32.221 0.0000000000
67639  31.101  -7.677  31.825 0.0000000000
68866  31.538  -7.127  31.337 0.0000000000
68887  28.110  -8.137  26.666 0.0000000000
70102  30.222  -6.831  29.006 0.0000000000
70122  27.957  -7.871  26.440 0.0000000000
70132  28.098  -7.032  26.444 0.0000000000
71373  30.393  -6.621  29.207 0.0000000000
71416  30.602  -4.789  28.243 0.0000000000
71447  28.188  -6.632  26.164 0.0000000000
71467  28.015  -6.735  25.474 0.0000000000
72610  31.394  -4.983  28.812 0.0000000000
72630  30.957  -4.522  28.280 0.0000000000
72631  30.491  -4.573  27.848 0.0000000000
72682  29.571  -4.401  25.415 0.0000000000
72700  36.640  -2.722  23.574 0.0000000000
72708  29.170  -5.014  24.089 0.0000000000
72724  37.254  -2.673  23.345 0.0000000000
72749  37.227  -2.796  23.132 0.0000000000
72751  36.183  -3.405  22.792 0.0000000000
72772  36.944  -3.038  22.915 0.0000000000
72792  36.360  -3.179  22.100 0.0000000000
73732  30.396  -4.110  27.293 0.0000000000
73763  40.136  -2.270  24.986 0.0000000000
73764  39.875  -2.255  24.945 0.0000000000
73786  40.043  -2.165  24.763 0.0000000000
73808  39.289  -2.363  23.957 0.0000000000
73811  37.115  -2.615  23.541 0.0000000000
73812  35.223  -3.290  23.493 0.0000000000
73813  34.623  -3.333  23.306 0.0000000000
73814  32.197  -2.630  23.968 0.0000000000
73815  31.952  -2.636  24.083 0.0000000000
73823  39.533  -2.118  23.889 0.0000000000
73827  34.906  -3.372  23.140 0.0000000000
73828  34.858  -3.314  23.354 0.0000000000
73839  36.821  -2.912  22.152 0.0000000000
73840  35.344  -3.164  21.944 0.0000000000
73855  37.974  -1.908  22.471 0.0000000000
74873  41.248  -1.611  26.206 0.0000000000
74874  41.107  -1.634  26.255 0.0000000000
74894  39.747  -1.697  25.713 0.0000000000
74916  39.043  -1.859  25.095 0.0000000000
74924  31.559  -3.320  25.231 0.0000000000
74935  41.253  -1.338  24.673 0.0000000000
74938  38.816  -1.929  25.043 0.0000000000
74940  34.861  -3.278  23.728 0.0000000000
74941  34.575  -3.289  23.718 0.0000000000
74943  32.060  -2.905  24.580 0.0000000000
74951  41.103  -1.240  24.506 0.0000000000
74952  40.966  -1.401  24.616 0.0000000000
74953  39.816  -1.706  24.171 0.0000000000
74954  34.933  -3.306  23.389 0.0000000000
74955  34.724  -3.322  23.527 0.0000000000
74956  32.138  -2.495  24.145 0.0000000000
74957  32.054  -2.676  24.291 0.0000000000
74966  38.360  -1.985  23.171 0.0000000000
74967  35.130  -2.994  23.014 0.0000000000
74968  34.633  -3.296  22.951 0.0000000000
74975  38.950  -1.631  23.191 0.0000000000
74977  37.324  -2.459  22.380 0.0000000000
76042  39.515  -1.537  26.150 0.0000000000
76044  36.208  -1.395  27.148 0.0000000000
76047  32.946  -2.372  25.916 0.0000000000
76048  32.739  -2.480  26.008 0.0000000000
76063  39.024  -1.674  25.654 0.0000000000
76064  38.487  -1.644  25.686 0.0000000000
76069  32.807  -2.423  25.724 0.0000000000
76086  40.787  -1.456  24.596 0.0000000000
76087  40.561  -1.545  24.573 0.0000000000
76088  38.793  -1.789  25.293 0.0000000000
76144  35.956  -2.156  21.532 0.0000000000
76145  34.732  -2.177  20.665 0.0000000000
76161  37.723  -0.633  21.675 0.0000000000
76165  35.274  -1.893  20.838 0.0000000000
77238  39.952  -0.588  23.219 0.0000000000
77239  39.559  -0.901  22.858 0.0000000000
77248  39.618  -0.605  22.923 0.0000000000
77249  39.384  -1.029  22.733 0.0000000000
77256  40.054  -0.230  22.769 0.0000000000
78362  39.431  -0.691  22.835 0.0000000000
78363  39.265  -0.812  22.709 0.0000000000
78373  39.317  -0.497  22.642 0.0000000000
78374  39.114  -0.691  22.557 0.0000000000
79496  35.516  0.426  19.918 0.0000000000
80587  37.396  2.007  19.848 0.0000000000
81743  43.947  5.219  16.052 0.0000000000
81744  43.781  5.068  16.144 0.0000000000
81749  39.634  3.752  15.956 0.0000000000
81763  43.795  5.056  15.639 0.0000000000
81764  43.350  4.823  15.491 0.0000000000
81786  40.568  4.077  15.171 0.0000000000
82904  44.517  5.333  15.563 0.0000000000
82905  42.614  4.626  15.256 0.0000000000
82936  44.770  5.732  13.594 0.0000000000
83974  44.411  5.761  18.454 0.0000000000
84010  44.876  5.512  15.471 0.0000000000
84011  42.325  4.434  14.944 0.0000000000
84030  42.198  4.346  14.735 0.0000000000
84031  42.027  4.177  14.999 0.0000000000
84052  46.211  6.507  12.993 0.0000000000
86229  47.443  7.357  13.078 0.0000000000
89641  47.939  9.216  7.029 0.0000000000
90701  49.948  10.800  10.860 0.0000000000
