#!ascii label  , from subject 3857 vox2ras=TkReg
647
63857  22.588  -11.571  0.497 0.0000000000
67362  30.039  -8.221  -9.330 0.0000000000
80474  25.298  3.594  -5.069 0.0000000000
77273  20.132  0.016  -3.948 0.0000000000
58930  23.091  -16.446  2.693 0.0000000000
60071  26.444  -14.864  -0.049 0.0000000000
65130  27.001  -10.806  -4.382 0.0000000000
70616  24.898  -5.020  -3.758 0.0000000000
74090  26.330  -2.652  -7.801 0.0000000000
76251  23.076  -0.201  -11.484 0.0000000000
85571  23.398  8.114  -6.131 0.0000000000
61339  23.285  -13.656  1.824 0.0000000000
57761  25.092  -16.478  0.868 0.0000000000
61368  25.038  -13.667  -0.189 0.0000000000
69439  22.911  -6.438  -3.547 0.0000000000
71763  20.649  -4.069  -3.464 0.0000000000
79430  22.728  2.338  -3.448 0.0000000000
76171  24.721  -0.643  -3.385 0.0000000000
78384  25.849  0.823  -6.197 0.0000000000
75181  24.383  -1.585  -9.591 0.0000000000
78416  24.228  1.773  -8.838 0.0000000000
87538  21.266  11.117  -4.308 0.0000000000
85563  21.312  8.519  -3.335 0.0000000000
87563  21.773  10.990  -7.158 0.0000000000
66282  28.162  -9.908  -7.135 0.0000000000
63928  28.826  -12.443  -4.770 0.0000000000
67345  29.248  -9.553  -6.344 0.0000000000
80451  20.596  4.024  -3.933 0.0000000000
71861  29.222  -4.910  -9.984 0.0000000000
66205  22.488  -9.834  -0.679 0.0000000000
63886  25.238  -11.396  -1.804 0.0000000000
66245  24.710  -9.016  -2.085 0.0000000000
68362  26.167  -7.675  -3.507 0.0000000000
69469  27.225  -6.818  -6.379 0.0000000000
74055  22.411  -2.551  -4.401 0.0000000000
72966  26.484  -3.542  -4.649 0.0000000000
70653  26.635  -5.090  -8.783 0.0000000000
73041  26.280  -3.461  -10.355 0.0000000000
83507  21.226  6.682  -3.878 0.0000000000
83511  24.319  6.409  -5.137 0.0000000000
123719  21.185  9.058  -9.506 0.0000000000
83560  22.819  6.796  -8.597 0.0000000000
81498  23.983  4.388  -8.310 0.0000000000
78432  21.904  1.860  -10.901 0.0000000000
61400  27.255  -13.436  -2.931 0.0000000000
65049  21.214  -10.918  1.050 0.0000000000
62678  21.825  -12.328  1.166 0.0000000000
62661  23.056  -12.960  1.140 0.0000000000
61355  24.483  -13.957  0.498 0.0000000000
62675  24.420  -13.039  -0.037 0.0000000000
80447  24.578  2.703  -3.596 0.0000000000
79443  25.543  1.737  -3.879 0.0000000000
80473  25.417  2.636  -4.936 0.0000000000
78393  24.945  1.327  -7.611 0.0000000000
80503  25.179  2.862  -6.782 0.0000000000
89606  21.294  12.359  -5.817 0.0000000000
87549  21.933  10.898  -6.101 0.0000000000
88591  20.507  12.114  -6.860 0.0000000000
67355  28.927  -9.398  -8.387 0.0000000000
65143  29.494  -10.219  -7.567 0.0000000000
67353  30.290  -8.740  -8.363 0.0000000000
79446  19.744  2.842  -3.678 0.0000000000
81425  19.607  4.556  -3.120 0.0000000000
60032  22.786  -14.951  3.080 0.0000000000
58919  22.109  -16.230  3.655 0.0000000000
56606  22.624  -17.829  3.575 0.0000000000
57731  24.108  -17.170  3.138 0.0000000000
58942  26.094  -15.933  0.507 0.0000000000
60043  25.678  -15.413  2.203 0.0000000000
66227  24.073  -9.568  -1.717 0.0000000000
68322  22.264  -7.927  -1.981 0.0000000000
70597  23.416  -5.581  -3.573 0.0000000000
68364  24.425  -7.272  -3.287 0.0000000000
69436  26.102  -6.645  -3.621 0.0000000000
68377  26.848  -7.764  -5.458 0.0000000000
123695  26.528  -5.970  -4.271 0.0000000000
74043  20.883  -2.365  -3.946 0.0000000000
75134  21.820  -1.614  -4.473 0.0000000000
76190  26.528  -0.965  -5.638 0.0000000000
74037  26.295  -2.086  -3.980 0.0000000000
74078  26.719  -2.650  -6.613 0.0000000000
71820  26.826  -4.656  -7.191 0.0000000000
73006  26.414  -3.633  -8.256 0.0000000000
71873  26.760  -4.393  -10.190 0.0000000000
73019  25.493  -3.252  -9.404 0.0000000000
76234  23.640  -0.646  -10.973 0.0000000000
75189  25.100  -1.639  -10.599 0.0000000000
86515  22.412  8.723  -4.674 0.0000000000
84528  21.720  7.608  -3.626 0.0000000000
84534  22.894  7.738  -4.477 0.0000000000
83505  23.086  6.719  -3.581 0.0000000000
84538  23.812  7.530  -5.883 0.0000000000
82579  23.242  5.437  -8.764 0.0000000000
81511  22.056  4.470  -9.679 0.0000000000
80534  22.955  3.442  -9.363 0.0000000000
63907  25.778  -11.233  -2.385 0.0000000000
62722  26.614  -12.828  -2.492 0.0000000000
62734  27.200  -12.845  -3.613 0.0000000000
65128  28.765  -11.654  -4.103 0.0000000000
63904  28.581  -12.428  -3.291 0.0000000000
61322  22.000  -13.703  2.527 0.0000000000
58929  23.604  -15.900  2.227 0.0000000000
57763  24.103  -16.447  2.038 0.0000000000
58944  24.496  -15.880  0.875 0.0000000000
60073  24.990  -15.377  0.217 0.0000000000
60072  25.852  -15.152  -0.372 0.0000000000
69416  21.404  -6.209  -2.716 0.0000000000
70599  21.540  -5.454  -3.338 0.0000000000
71760  22.845  -4.688  -3.838 0.0000000000
77272  21.765  1.028  -4.146 0.0000000000
76173  22.813  -0.568  -3.884 0.0000000000
78358  24.000  1.138  -3.351 0.0000000000
77281  26.104  0.293  -4.672 0.0000000000
76199  26.091  -0.487  -6.816 0.0000000000
75160  24.802  -2.063  -7.984 0.0000000000
76214  24.916  -0.771  -8.375 0.0000000000
77316  24.003  0.317  -8.789 0.0000000000
76227  22.803  0.187  -10.162 0.0000000000
86512  20.962  9.485  -3.096 0.0000000000
87526  21.738  9.986  -4.094 0.0000000000
87536  22.416  9.712  -5.254 0.0000000000
86542  22.898  9.236  -6.832 0.0000000000
65142  27.326  -10.555  -5.563 0.0000000000
63929  28.164  -12.065  -4.970 0.0000000000
63935  29.017  -11.676  -6.432 0.0000000000
66277  29.406  -10.771  -5.931 0.0000000000
78361  19.559  1.590  -3.233 0.0000000000
79445  20.321  2.622  -4.210 0.0000000000
80449  22.438  3.431  -3.632 0.0000000000
81421  23.186  4.273  -3.580 0.0000000000
57730  24.656  -16.475  2.522 0.0000000000
70664  30.394  -6.382  -10.260 0.0000000000
69477  31.228  -6.913  -8.961 0.0000000000
65047  22.703  -10.790  0.119 0.0000000000
63877  23.664  -11.365  -0.495 0.0000000000
65090  23.814  -10.394  -1.164 0.0000000000
66226  25.102  -9.741  -1.841 0.0000000000
66244  25.699  -9.527  -2.437 0.0000000000
67337  23.701  -7.908  -3.188 0.0000000000
68339  25.827  -7.780  -2.904 0.0000000000
66266  26.738  -9.826  -4.417 0.0000000000
67343  27.218  -9.410  -5.583 0.0000000000
67352  27.361  -8.346  -6.563 0.0000000000
68389  28.364  -7.887  -8.469 0.0000000000
72969  21.895  -3.392  -4.383 0.0000000000
72953  23.221  -3.761  -4.080 0.0000000000
75120  24.081  -1.564  -3.466 0.0000000000
72951  25.100  -3.375  -3.642 0.0000000000
71781  25.565  -4.341  -3.830 0.0000000000
70627  27.198  -5.435  -6.271 0.0000000000
69475  27.603  -6.442  -8.278 0.0000000000
69478  28.496  -6.543  -9.191 0.0000000000
70665  28.109  -5.358  -10.540 0.0000000000
73039  27.896  -4.285  -10.429 0.0000000000
74113  24.725  -2.278  -10.125 0.0000000000
82500  21.632  5.743  -3.979 0.0000000000
82499  22.868  5.649  -3.410 0.0000000000
81456  25.052  4.562  -5.285 0.0000000000
87587  21.672  10.300  -8.404 0.0000000000
86552  23.186  8.977  -7.833 0.0000000000
85597  21.627  8.249  -9.218 0.0000000000
84550  23.916  7.675  -7.544 0.0000000000
83534  24.410  6.272  -7.099 0.0000000000
82551  24.678  5.447  -6.810 0.0000000000
81471  24.906  4.524  -6.451 0.0000000000
79488  24.058  2.899  -8.828 0.0000000000
78418  22.844  1.484  -9.793 0.0000000000
77342  22.514  0.613  -10.917 0.0000000000
62690  25.021  -12.827  -0.776 0.0000000000
62688  26.380  -13.686  -1.369 0.0000000000
60083  27.212  -14.390  -1.138 0.0000000000
61398  28.362  -13.287  -3.840 0.0000000000
61378  27.968  -14.027  -1.931 0.0000000000
63858  21.797  -11.591  0.953 0.0000000000
62677  22.449  -12.375  0.859 0.0000000000
62676  23.450  -12.662  0.435 0.0000000000
80459  25.095  3.317  -4.175 0.0000000000
80487  25.287  2.760  -5.929 0.0000000000
80488  25.051  3.619  -6.120 0.0000000000
88590  21.289  11.836  -6.439 0.0000000000
67359  29.296  -8.871  -8.664 0.0000000000
66288  29.971  -9.279  -8.455 0.0000000000
67358  30.101  -8.675  -8.743 0.0000000000
58918  22.622  -15.815  3.178 0.0000000000
57733  22.633  -17.084  3.103 0.0000000000
56624  22.963  -17.836  2.859 0.0000000000
56605  23.404  -17.830  3.204 0.0000000000
56623  23.460  -17.536  2.740 0.0000000000
60057  26.204  -15.018  1.352 0.0000000000
61337  26.738  -14.181  0.972 0.0000000000
67299  22.431  -8.408  -1.860 0.0000000000
68323  21.973  -7.770  -1.868 0.0000000000
70596  24.509  -5.675  -3.530 0.0000000000
69437  25.116  -6.507  -3.517 0.0000000000
70615  25.701  -5.789  -3.580 0.0000000000
76174  20.132  -0.871  -3.969 0.0000000000
76185  20.660  -0.518  -4.413 0.0000000000
75158  26.349  -1.820  -7.089 0.0000000000
75151  26.492  -1.808  -6.089 0.0000000000
73018  25.890  -3.669  -9.098 0.0000000000
74102  25.817  -3.085  -8.471 0.0000000000
85572  22.958  8.556  -5.581 0.0000000000
85567  22.932  8.299  -4.873 0.0000000000
85566  23.326  7.973  -5.459 0.0000000000
84533  23.556  7.341  -4.966 0.0000000000
81512  21.171  4.686  -9.827 0.0000000000
80536  21.252  3.659  -10.052 0.0000000000
65110  25.989  -10.651  -2.648 0.0000000000
63906  26.519  -11.668  -2.964 0.0000000000
63921  27.138  -11.781  -4.161 0.0000000000
65129  28.321  -10.980  -3.239 0.0000000000
65107  28.395  -11.629  -3.191 0.0000000000
61340  22.268  -13.233  2.090 0.0000000000
61321  22.670  -13.845  2.453 0.0000000000
60044  23.150  -14.741  2.501 0.0000000000
60060  23.918  -15.065  1.610 0.0000000000
61354  25.244  -14.505  -0.154 0.0000000000
60085  25.964  -14.776  -0.892 0.0000000000
70600  20.957  -4.806  -3.144 0.0000000000
70618  21.664  -4.640  -3.826 0.0000000000
70617  21.971  -4.982  -3.816 0.0000000000
78360  22.145  1.542  -3.853 0.0000000000
78359  23.035  1.312  -3.616 0.0000000000
78377  25.921  0.993  -5.242 0.0000000000
78367  25.848  1.076  -4.232 0.0000000000
77292  25.922  0.020  -5.809 0.0000000000
77299  25.680  0.160  -6.953 0.0000000000
76208  25.486  -0.751  -7.630 0.0000000000
78403  24.459  1.452  -8.314 0.0000000000
77307  24.560  0.826  -8.132 0.0000000000
78404  23.990  1.170  -8.845 0.0000000000
77327  23.495  -0.030  -9.587 0.0000000000
77317  23.714  0.871  -9.136 0.0000000000
88567  20.747  11.579  -4.189 0.0000000000
87518  20.675  10.383  -2.901 0.0000000000
87527  21.081  10.520  -3.771 0.0000000000
87537  22.029  10.565  -4.773 0.0000000000
87548  22.454  9.998  -5.902 0.0000000000
87562  22.259  10.154  -6.927 0.0000000000
65141  27.802  -10.836  -6.129 0.0000000000
63934  28.463  -11.510  -5.885 0.0000000000
63936  28.654  -11.308  -6.541 0.0000000000
66280  29.585  -10.135  -7.317 0.0000000000
66281  29.452  -10.829  -6.662 0.0000000000
66273  28.739  -10.524  -4.909 0.0000000000
78349  19.285  1.489  -2.307 0.0000000000
78370  20.055  1.519  -3.970 0.0000000000
79432  19.478  2.518  -2.689 0.0000000000
80461  19.982  3.801  -4.199 0.0000000000
80460  20.604  3.338  -4.177 0.0000000000
80450  21.352  3.616  -3.883 0.0000000000
81422  22.073  4.601  -3.712 0.0000000000
57762  24.555  -16.489  1.383 0.0000000000
57748  24.161  -16.812  2.369 0.0000000000
57747  24.913  -16.581  1.629 0.0000000000
58915  25.156  -15.803  2.863 0.0000000000
70659  29.907  -5.744  -10.093 0.0000000000
66206  21.862  -9.768  -0.445 0.0000000000
65071  22.782  -10.212  -0.446 0.0000000000
65070  23.491  -10.627  -0.594 0.0000000000
65091  23.245  -10.173  -0.823 0.0000000000
66246  24.051  -8.903  -2.020 0.0000000000
66225  25.434  -9.865  -2.077 0.0000000000
68366  22.492  -7.227  -3.099 0.0000000000
67338  23.106  -7.694  -3.178 0.0000000000
68365  23.398  -7.210  -3.354 0.0000000000
68363  25.498  -7.096  -3.118 0.0000000000
68340  25.070  -7.518  -2.768 0.0000000000
68338  26.140  -7.848  -3.202 0.0000000000
67312  26.201  -8.239  -3.282 0.0000000000
67335  26.418  -8.630  -4.086 0.0000000000
67344  27.179  -9.007  -5.135 0.0000000000
68381  27.207  -7.590  -6.349 0.0000000000
68380  27.602  -8.103  -7.171 0.0000000000
68385  28.042  -7.644  -8.177 0.0000000000
74056  21.580  -2.524  -4.391 0.0000000000
74042  21.302  -2.705  -4.122 0.0000000000
74054  22.875  -3.126  -4.270 0.0000000000
72968  22.506  -3.554  -4.310 0.0000000000
76172  23.705  -0.596  -3.475 0.0000000000
74053  26.194  -2.762  -4.103 0.0000000000
74038  25.664  -2.451  -3.645 0.0000000000
72967  25.849  -3.306  -3.915 0.0000000000
71780  26.442  -4.974  -4.463 0.0000000000
71803  26.972  -4.498  -5.415 0.0000000000
70645  26.810  -4.976  -8.042 0.0000000000
70637  26.925  -5.453  -7.139 0.0000000000
70652  27.205  -5.629  -8.868 0.0000000000
69479  27.876  -6.124  -8.972 0.0000000000
69484  27.917  -6.124  -9.711 0.0000000000
69483  28.471  -6.048  -10.021 0.0000000000
70661  27.414  -5.585  -9.708 0.0000000000
71874  26.147  -3.755  -10.192 0.0000000000
71872  27.650  -4.645  -10.526 0.0000000000
73040  27.210  -3.708  -10.366 0.0000000000
73028  27.474  -3.293  -9.864 0.0000000000
74122  26.416  -2.733  -10.440 0.0000000000
75171  24.680  -1.641  -8.628 0.0000000000
74104  24.862  -2.250  -9.247 0.0000000000
84529  20.998  7.518  -3.254 0.0000000000
83508  20.600  6.495  -3.457 0.0000000000
82485  19.997  5.676  -2.993 0.0000000000
82502  20.164  5.434  -3.649 0.0000000000
82501  20.718  5.716  -3.990 0.0000000000
83512  23.707  6.514  -4.268 0.0000000000
82520  23.702  5.947  -3.603 0.0000000000
82519  24.441  5.508  -4.442 0.0000000000
82538  24.889  5.528  -5.675 0.0000000000
86569  21.441  9.936  -8.831 0.0000000000
86568  22.018  9.582  -8.589 0.0000000000
86567  22.579  8.988  -8.445 0.0000000000
83569  22.354  6.657  -9.179 0.0000000000
85608  21.489  7.300  -9.418 0.0000000000
84557  22.438  7.400  -8.752 0.0000000000
85596  22.748  8.197  -8.308 0.0000000000
84556  23.385  7.331  -8.234 0.0000000000
84549  24.106  6.967  -8.084 0.0000000000
83558  23.732  6.640  -8.047 0.0000000000
82578  23.687  4.906  -8.455 0.0000000000
82565  23.937  5.377  -7.789 0.0000000000
81486  24.488  4.471  -7.497 0.0000000000
80519  24.323  3.564  -8.230 0.0000000000
80520  23.662  3.516  -8.785 0.0000000000
79504  22.243  2.440  -9.886 0.0000000000
78431  22.294  1.457  -10.526 0.0000000000
63876  24.285  -11.799  -0.878 0.0000000000
62705  24.868  -11.986  -1.342 0.0000000000
62703  26.434  -13.393  -1.746 0.0000000000
61394  26.796  -14.011  -2.400 0.0000000000
60092  26.878  -14.404  -1.832 0.0000000000
60106  27.009  -14.337  -2.202 0.0000000000
62742  28.355  -12.976  -4.443 0.0000000000
62741  28.666  -13.042  -4.206 0.0000000000
62721  28.264  -12.487  -2.497 0.0000000000
62720  28.404  -13.161  -2.724 0.0000000000
62702  28.088  -12.952  -1.719 0.0000000000
61365  27.658  -13.618  -1.158 0.0000000000
62662  22.382  -12.827  1.462 0.0000000000
61356  23.549  -13.561  0.927 0.0000000000
61338  23.984  -14.206  1.198 0.0000000000
79428  24.602  1.790  -3.403 0.0000000000
80446  25.148  2.103  -3.594 0.0000000000
79458  25.697  1.812  -4.676 0.0000000000
79465  25.667  1.775  -5.853 0.0000000000
78392  25.592  1.106  -7.008 0.0000000000
79475  25.387  2.062  -6.849 0.0000000000
79476  24.864  2.278  -7.527 0.0000000000
89577  20.960  12.299  -4.603 0.0000000000
88566  21.389  11.707  -4.692 0.0000000000
88577  21.613  11.716  -5.483 0.0000000000
66286  28.786  -9.968  -7.621 0.0000000000
65148  28.801  -10.477  -7.288 0.0000000000
65146  29.629  -10.128  -7.851 0.0000000000
66284  30.025  -9.934  -8.128 0.0000000000
67354  30.189  -9.000  -7.814 0.0000000000
80462  19.624  4.065  -3.757 0.0000000000
60033  21.772  -14.736  3.446 0.0000000000
60034  21.097  -14.274  3.687 0.0000000000
58904  21.415  -15.608  3.918 0.0000000000
56589  23.053  -17.800  4.094 0.0000000000
57732  23.614  -17.371  3.774 0.0000000000
58943  25.469  -16.275  1.039 0.0000000000
58928  25.349  -16.224  1.927 0.0000000000
60058  25.727  -15.805  1.355 0.0000000000
66229  21.954  -9.054  -1.307 0.0000000000
66228  22.846  -9.603  -1.208 0.0000000000
67298  23.399  -8.806  -1.979 0.0000000000
67315  24.044  -8.441  -2.520 0.0000000000
69438  23.940  -6.451  -3.381 0.0000000000
68375  26.512  -7.769  -4.478 0.0000000000
69454  26.747  -6.780  -4.774 0.0000000000
69462  26.970  -6.803  -5.779 0.0000000000
75135  21.098  -1.684  -4.461 0.0000000000
76182  26.174  -0.564  -4.199 0.0000000000
75118  26.067  -1.476  -3.824 0.0000000000
75131  26.377  -1.651  -4.340 0.0000000000
74066  26.668  -2.584  -5.463 0.0000000000
72982  27.118  -3.498  -5.884 0.0000000000
72981  27.251  -4.325  -6.307 0.0000000000
72994  26.930  -3.748  -7.156 0.0000000000
71835  26.698  -4.388  -7.848 0.0000000000
71849  26.466  -4.384  -8.652 0.0000000000
70662  26.831  -5.041  -9.536 0.0000000000
71862  26.306  -4.413  -9.445 0.0000000000
73029  26.085  -3.882  -9.599 0.0000000000
73030  25.760  -3.479  -9.892 0.0000000000
76225  23.890  -0.634  -9.811 0.0000000000
75190  24.459  -1.425  -10.457 0.0000000000
76233  24.613  -0.567  -11.051 0.0000000000
85562  22.010  8.498  -3.779 0.0000000000
85561  22.463  8.357  -4.342 0.0000000000
84527  22.454  7.546  -4.037 0.0000000000
83506  22.161  6.710  -3.910 0.0000000000
84526  23.124  7.164  -4.235 0.0000000000
84532  24.179  6.958  -5.688 0.0000000000
82592  22.201  5.627  -9.588 0.0000000000
82580  22.801  6.203  -8.878 0.0000000000
82591  22.735  5.024  -9.619 0.0000000000
81510  22.875  4.393  -9.516 0.0000000000
80535  22.114  3.523  -9.659 0.0000000000
79505  21.719  2.998  -9.997 0.0000000000
62723  25.865  -11.973  -2.349 0.0000000000
63919  28.777  -12.658  -4.067 0.0000000000
63905  28.225  -11.905  -2.709 0.0000000000
60046  21.882  -14.045  2.918 0.0000000000
60045  22.369  -14.324  2.819 0.0000000000
60031  23.087  -15.013  2.873 0.0000000000
57749  23.636  -16.871  2.486 0.0000000000
58945  24.147  -16.023  1.585 0.0000000000
57775  24.852  -16.377  0.760 0.0000000000
60059  24.478  -14.899  0.946 0.0000000000
58957  25.000  -16.138  0.464 0.0000000000
57774  25.146  -16.327  0.587 0.0000000000
58956  25.538  -16.114  0.290 0.0000000000
58955  26.197  -15.932  -0.222 0.0000000000
69441  21.699  -6.209  -3.247 0.0000000000
69440  22.051  -6.343  -3.541 0.0000000000
70598  22.375  -5.540  -3.788 0.0000000000
71759  24.051  -4.607  -3.587 0.0000000000
77283  21.320  0.517  -4.497 0.0000000000
77282  21.773  -0.097  -4.415 0.0000000000
77271  22.291  0.435  -4.117 0.0000000000
77270  23.373  0.345  -3.699 0.0000000000
77269  24.364  0.263  -3.420 0.0000000000
78357  24.911  1.036  -3.264 0.0000000000
77268  25.467  0.251  -3.704 0.0000000000
77280  26.411  -0.371  -5.106 0.0000000000
76198  26.388  -1.097  -6.551 0.0000000000
76207  26.069  -1.159  -7.256 0.0000000000
74091  25.331  -2.475  -8.192 0.0000000000
75170  25.005  -1.461  -8.024 0.0000000000
76215  24.355  -0.768  -8.933 0.0000000000
77306  25.076  0.272  -8.001 0.0000000000
77315  24.489  -0.249  -8.476 0.0000000000
76226  23.170  -0.206  -10.287 0.0000000000
76235  23.029  -0.231  -11.008 0.0000000000
86517  21.525  9.404  -3.694 0.0000000000
86516  22.048  9.268  -4.420 0.0000000000
86522  22.299  8.970  -5.144 0.0000000000
86531  22.657  9.187  -5.818 0.0000000000
85579  23.086  8.707  -6.239 0.0000000000
65138  27.617  -11.237  -5.481 0.0000000000
63933  28.957  -11.910  -5.696 0.0000000000
65144  29.233  -11.018  -7.054 0.0000000000
65140  29.284  -11.469  -6.275 0.0000000000
65137  29.148  -11.639  -5.387 0.0000000000
77274  19.734  0.638  -3.610 0.0000000000
77285  20.056  0.704  -4.016 0.0000000000
78369  20.745  1.601  -4.443 0.0000000000
78368  21.483  1.649  -4.305 0.0000000000
79444  21.071  2.583  -4.327 0.0000000000
79431  21.875  2.542  -3.991 0.0000000000
80448  23.483  3.122  -3.444 0.0000000000
81420  24.225  3.807  -3.715 0.0000000000
81439  24.758  4.324  -4.304 0.0000000000
68392  29.960  -7.459  -9.989 0.0000000000
68391  30.695  -7.694  -9.682 0.0000000000
69480  31.221  -6.829  -9.993 0.0000000000
65048  21.851  -10.582  0.379 0.0000000000
63856  23.246  -11.577  -0.000 0.0000000000
65046  23.256  -10.837  -0.161 0.0000000000
63888  23.940  -11.080  -0.878 0.0000000000
63887  24.537  -11.160  -1.175 0.0000000000
65089  24.779  -10.404  -1.492 0.0000000000
65088  25.451  -10.384  -2.055 0.0000000000
65109  26.423  -10.501  -3.506 0.0000000000
68341  22.317  -7.746  -2.313 0.0000000000
67316  22.987  -8.178  -2.754 0.0000000000
67336  24.450  -7.872  -2.869 0.0000000000
67314  25.147  -8.284  -2.500 0.0000000000
67313  25.965  -8.526  -2.771 0.0000000000
66243  26.332  -9.183  -3.364 0.0000000000
66279  27.278  -10.208  -5.854 0.0000000000
66278  27.388  -10.044  -6.464 0.0000000000
67348  27.162  -8.545  -6.043 0.0000000000
67351  27.452  -9.105  -6.814 0.0000000000
67356  28.369  -9.083  -7.914 0.0000000000
67360  28.465  -8.280  -8.470 0.0000000000
67363  29.400  -7.931  -9.391 0.0000000000
72956  20.262  -3.367  -3.226 0.0000000000
71785  21.554  -3.981  -4.072 0.0000000000
71784  22.129  -4.310  -4.130 0.0000000000
71783  22.656  -4.103  -4.172 0.0000000000
76183  22.096  -0.667  -4.332 0.0000000000
75133  22.492  -1.486  -4.172 0.0000000000
74041  22.826  -2.026  -4.039 0.0000000000
75119  25.146  -1.566  -3.399 0.0000000000
74039  24.572  -2.510  -3.535 0.0000000000
74040  23.375  -2.572  -3.849 0.0000000000
72952  24.153  -3.495  -3.649 0.0000000000
71758  24.731  -4.081  -3.673 0.0000000000
71782  24.810  -4.532  -3.697 0.0000000000
70628  26.910  -5.699  -5.396 0.0000000000
69461  27.213  -6.148  -6.326 0.0000000000
71819  27.041  -4.889  -6.600 0.0000000000
69468  27.443  -6.718  -7.192 0.0000000000
69474  28.292  -6.874  -8.494 0.0000000000
68393  29.163  -7.002  -9.587 0.0000000000
69482  29.672  -6.508  -10.169 0.0000000000
70660  28.894  -5.544  -10.055 0.0000000000
70666  27.512  -5.240  -10.359 0.0000000000
71871  28.385  -4.764  -10.465 0.0000000000
74103  25.297  -2.872  -8.918 0.0000000000
74112  25.247  -2.826  -9.703 0.0000000000
74124  24.917  -2.050  -10.433 0.0000000000
81441  19.852  4.745  -3.642 0.0000000000
81423  21.054  4.773  -3.786 0.0000000000
82498  23.984  4.969  -3.555 0.0000000000
88603  20.962  11.439  -7.568 0.0000000000
87576  21.520  10.763  -7.926 0.0000000000
87588  21.005  10.697  -8.631 0.0000000000
87575  22.093  10.325  -7.845 0.0000000000
86553  22.680  9.661  -7.806 0.0000000000
86541  23.299  8.754  -7.310 0.0000000000
85588  23.431  8.274  -7.713 0.0000000000
85578  23.546  8.425  -6.907 0.0000000000
84543  24.023  7.701  -6.707 0.0000000000
84537  24.287  6.989  -6.477 0.0000000000
83522  24.593  6.316  -6.142 0.0000000000
82566  23.434  5.750  -7.965 0.0000000000
80504  24.837  3.428  -7.310 0.0000000000
79487  24.462  2.526  -8.336 0.0000000000
79502  24.083  2.254  -9.049 0.0000000000
79503  23.355  2.492  -9.283 0.0000000000
78417  23.661  1.505  -9.252 0.0000000000
77329  22.637  0.673  -10.267 0.0000000000
77359  22.774  0.393  -11.328 0.0000000000
78447  21.651  2.082  -11.207 0.0000000000
78446  22.362  1.399  -11.279 0.0000000000
78445  23.304  1.441  -11.417 0.0000000000
77358  23.194  0.491  -11.534 0.0000000000
62691  23.951  -12.246  -0.355 0.0000000000
62704  25.702  -12.537  -1.675 0.0000000000
62689  26.098  -13.326  -1.095 0.0000000000
61367  25.841  -14.083  -0.626 0.0000000000
60084  26.391  -14.580  -1.035 0.0000000000
60070  27.133  -14.460  -0.344 0.0000000000
63920  27.720  -12.708  -4.362 0.0000000000
62733  27.831  -13.215  -4.131 0.0000000000
61399  27.820  -13.455  -3.549 0.0000000000
62732  28.631  -13.108  -3.584 0.0000000000
61392  28.205  -13.484  -3.168 0.0000000000
61393  27.597  -13.855  -2.603 0.0000000000
68382  30.508  -8.125  -8.416 0.0000000000
56604  23.795  -17.464  2.768 0.0000000000
56622  23.781  -17.269  2.580 0.0000000000
57750  23.141  -17.247  2.721 0.0000000000
58917  23.072  -15.479  2.757 0.0000000000
60091  27.334  -14.300  -2.046 0.0000000000
60105  27.172  -14.207  -2.344 0.0000000000
61353  27.113  -14.282  0.187 0.0000000000
61366  26.348  -13.929  -1.084 0.0000000000
61377  28.142  -13.694  -2.552 0.0000000000
61379  26.532  -14.079  -1.627 0.0000000000
61404  28.436  -13.186  -4.170 0.0000000000
61405  28.191  -13.303  -4.087 0.0000000000
62701  28.180  -13.507  -2.246 0.0000000000
63836  21.389  -11.955  1.296 0.0000000000
63930  27.315  -11.377  -4.881 0.0000000000
65139  27.092  -10.638  -5.036 0.0000000000
65145  28.355  -10.632  -6.758 0.0000000000
65147  29.269  -10.311  -7.551 0.0000000000
66274  27.174  -9.700  -5.721 0.0000000000
66275  26.984  -9.997  -5.332 0.0000000000
66276  29.385  -10.048  -6.486 0.0000000000
66283  30.151  -9.126  -8.332 0.0000000000
66285  29.314  -9.767  -8.115 0.0000000000
66287  30.147  -8.916  -8.504 0.0000000000
66289  29.742  -9.560  -8.351 0.0000000000
67347  27.269  -9.339  -5.949 0.0000000000
67357  30.411  -8.528  -8.694 0.0000000000
67361  30.602  -8.299  -9.183 0.0000000000
68384  28.341  -7.367  -8.437 0.0000000000
68386  31.217  -7.312  -9.378 0.0000000000
68387  31.104  -7.675  -9.089 0.0000000000
68388  28.661  -7.613  -8.763 0.0000000000
68390  31.168  -7.315  -9.625 0.0000000000
68394  31.059  -7.310  -10.042 0.0000000000
68395  30.627  -7.273  -10.201 0.0000000000
68396  30.231  -6.992  -10.388 0.0000000000
69476  31.286  -6.912  -9.391 0.0000000000
69481  30.991  -6.551  -10.094 0.0000000000
69485  30.992  -7.079  -10.244 0.0000000000
69486  30.718  -6.785  -10.306 0.0000000000
69487  30.253  -6.700  -10.354 0.0000000000
69488  27.924  -5.661  -10.436 0.0000000000
69489  27.775  -5.810  -10.183 0.0000000000
70580  21.321  -5.703  -2.781 0.0000000000
70638  26.783  -4.887  -7.563 0.0000000000
70644  27.107  -5.683  -8.046 0.0000000000
70650  31.284  -6.437  -9.441 0.0000000000
70657  31.253  -6.572  -9.675 0.0000000000
70663  30.782  -6.453  -10.153 0.0000000000
70667  27.062  -5.093  -10.036 0.0000000000
71761  22.292  -4.883  -3.841 0.0000000000
71762  21.245  -4.446  -3.648 0.0000000000
71786  21.196  -3.718  -3.819 0.0000000000
71802  27.280  -4.972  -5.965 0.0000000000
71863  26.158  -4.020  -9.936 0.0000000000
72954  21.272  -2.956  -3.864 0.0000000000
72970  21.458  -3.240  -4.101 0.0000000000
72993  27.018  -4.412  -6.823 0.0000000000
73042  25.917  -3.369  -10.293 0.0000000000
74052  26.406  -2.395  -4.596 0.0000000000
74057  21.209  -2.344  -4.265 0.0000000000
74092  24.918  -2.284  -8.498 0.0000000000
75117  26.303  -1.726  -3.998 0.0000000000
75121  23.155  -1.475  -3.714 0.0000000000
75122  20.546  -1.458  -4.130 0.0000000000
75132  26.335  -1.161  -4.242 0.0000000000
75144  26.455  -1.742  -5.143 0.0000000000
75159  25.564  -1.793  -7.730 0.0000000000
76170  25.556  -0.773  -3.625 0.0000000000
76181  26.518  -1.040  -4.746 0.0000000000
76184  21.434  -0.685  -4.496 0.0000000000
76191  26.279  -0.551  -6.110 0.0000000000
76236  22.733  0.108  -10.660 0.0000000000
76252  22.733  0.039  -11.170 0.0000000000
77284  20.423  0.640  -4.362 0.0000000000
77291  26.304  -0.426  -5.667 0.0000000000
77328  23.226  0.560  -9.630 0.0000000000
78339  19.041  1.526  -1.519 0.0000000000
78356  25.425  1.153  -3.661 0.0000000000
79427  25.184  1.589  -3.480 0.0000000000
79429  23.730  2.076  -3.322 0.0000000000
79522  22.002  2.066  -10.545 0.0000000000
80458  25.450  2.480  -4.012 0.0000000000
81424  20.299  4.761  -3.884 0.0000000000
81440  19.933  4.639  -3.904 0.0000000000
81499  23.427  4.354  -8.883 0.0000000000
82521  20.002  4.958  -3.846 0.0000000000
82522  20.016  5.079  -3.634 0.0000000000
83546  23.729  6.287  -7.736 0.0000000000
83547  23.278  5.968  -8.045 0.0000000000
83559  23.304  6.429  -8.261 0.0000000000
83570  21.699  6.585  -9.646 0.0000000000
84542  24.274  7.014  -7.346 0.0000000000
84555  23.730  6.850  -8.192 0.0000000000
84563  21.954  7.232  -9.394 0.0000000000
85598  21.485  9.325  -9.151 0.0000000000
86523  22.276  9.672  -4.850 0.0000000000
89591  21.196  12.449  -5.247 0.0000000000
123691  25.646  -6.364  -3.484 0.0000000000
123692  25.420  -6.318  -3.558 0.0000000000
123693  25.524  -6.552  -3.484 0.0000000000
123694  25.896  -6.258  -3.438 0.0000000000
123718  21.705  6.987  -9.524 0.0000000000
