#!ascii label  , from subject 3855 vox2ras=TkReg
940
58298  -43.059  -37.134  52.338 0.0000000000
52341  -22.574  -42.242  53.619 0.0000000000
57047  -33.040  -39.305  51.235 0.0000000000
80838  -46.287  -18.112  40.462 0.0000000000
82036  -53.034  -17.081  36.810 0.0000000000
48799  -13.924  -43.618  59.743 0.0000000000
77247  -43.975  -21.327  42.613 0.0000000000
64156  -44.371  -32.645  51.713 0.0000000000
55805  -38.778  -39.485  51.557 0.0000000000
52278  -17.109  -42.929  56.312 0.0000000000
46478  -17.595  -47.777  58.407 0.0000000000
59611  -39.708  -36.440  48.796 0.0000000000
63080  -40.473  -33.567  49.150 0.0000000000
54549  -28.311  -41.249  51.691 0.0000000000
60812  -35.625  -35.074  50.387 0.0000000000
71470  -40.834  -26.688  43.260 0.0000000000
71487  -44.815  -26.273  42.295 0.0000000000
74937  -48.056  -23.716  40.599 0.0000000000
41845  -9.778  -51.423  60.706 0.0000000000
38029  -6.759  -54.200  63.100 0.0000000000
65343  -36.945  -31.926  49.398 0.0000000000
68979  -35.091  -28.786  47.309 0.0000000000
70268  -37.316  -27.381  45.136 0.0000000000
44071  -13.381  -49.346  59.593 0.0000000000
49991  -22.558  -44.461  56.048 0.0000000000
52282  -24.979  -43.132  56.114 0.0000000000
57052  -40.639  -38.800  52.323 0.0000000000
53355  -20.917  -39.857  55.992 0.0000000000
52298  -20.202  -42.724  54.964 0.0000000000
49988  -19.615  -45.346  55.837 0.0000000000
59576  -39.234  -36.056  51.177 0.0000000000
59609  -37.890  -36.291  48.711 0.0000000000
73758  -41.178  -23.895  43.963 0.0000000000
71472  -42.952  -26.491  42.476 0.0000000000
74919  -42.642  -23.722  42.636 0.0000000000
76073  -45.480  -22.102  40.835 0.0000000000
77273  -46.830  -21.109  40.173 0.0000000000
74954  -50.079  -22.914  40.331 0.0000000000
79654  -48.430  -19.951  39.364 0.0000000000
79663  -49.576  -19.928  38.560 0.0000000000
64152  -38.419  -32.436  51.596 0.0000000000
65346  -39.420  -32.392  48.968 0.0000000000
65308  -36.330  -31.868  51.298 0.0000000000
68926  -33.926  -28.576  49.506 0.0000000000
72557  -34.140  -25.798  47.946 0.0000000000
70248  -36.195  -27.769  45.887 0.0000000000
72572  -36.043  -25.489  46.358 0.0000000000
73736  -37.766  -24.694  45.311 0.0000000000
55768  -30.729  -40.617  51.703 0.0000000000
46456  -10.480  -47.608  59.452 0.0000000000
47659  -12.617  -46.407  58.328 0.0000000000
36746  -8.772  -56.084  64.493 0.0000000000
35490  -6.811  -57.168  65.294 0.0000000000
76055  -43.386  -22.456  43.080 0.0000000000
66485  -44.066  -30.376  51.312 0.0000000000
57076  -35.248  -39.497  51.384 0.0000000000
49967  -15.120  -43.324  57.990 0.0000000000
47669  -15.304  -46.135  57.071 0.0000000000
48831  -17.464  -45.386  56.189 0.0000000000
83134  -54.110  -16.871  36.474 0.0000000000
58327  -41.879  -37.876  50.259 0.0000000000
60833  -42.637  -35.464  49.404 0.0000000000
60843  -40.887  -34.886  48.870 0.0000000000
54522  -22.909  -40.178  52.912 0.0000000000
53405  -24.901  -41.736  52.879 0.0000000000
55765  -25.349  -39.157  51.773 0.0000000000
57069  -28.074  -37.938  51.248 0.0000000000
58323  -31.007  -37.397  50.188 0.0000000000
60793  -32.257  -34.831  51.484 0.0000000000
58326  -33.635  -37.855  49.695 0.0000000000
57123  -36.933  -38.275  49.202 0.0000000000
57125  -39.145  -38.286  49.234 0.0000000000
69056  -41.694  -29.385  44.280 0.0000000000
73793  -44.090  -23.626  41.744 0.0000000000
73778  -46.895  -25.107  41.466 0.0000000000
79683  -51.230  -19.513  37.468 0.0000000000
40678  -8.045  -53.103  61.758 0.0000000000
38020  -10.549  -54.940  64.095 0.0000000000
63081  -42.720  -33.435  49.059 0.0000000000
66541  -41.428  -31.097  48.886 0.0000000000
67710  -39.581  -29.627  49.337 0.0000000000
66479  -34.419  -30.207  50.885 0.0000000000
67707  -36.244  -30.372  48.697 0.0000000000
68903  -39.121  -28.641  49.459 0.0000000000
70185  -38.416  -28.463  48.215 0.0000000000
68983  -38.688  -28.834  47.082 0.0000000000
69012  -39.788  -29.216  46.447 0.0000000000
70282  -39.098  -27.768  44.355 0.0000000000
73756  -39.379  -24.741  44.454 0.0000000000
52325  -27.719  -42.781  54.598 0.0000000000
44035  -8.996  -49.039  61.182 0.0000000000
44051  -11.520  -49.988  59.864 0.0000000000
46461  -15.325  -48.344  58.575 0.0000000000
34256  -5.399  -57.074  64.705 0.0000000000
51205  -22.259  -43.857  54.938 0.0000000000
51182  -23.731  -43.799  55.870 0.0000000000
52300  -23.797  -43.146  54.667 0.0000000000
57054  -42.355  -37.867  52.244 0.0000000000
53380  -21.511  -41.533  53.975 0.0000000000
53366  -20.434  -41.673  54.891 0.0000000000
53379  -21.236  -42.299  54.287 0.0000000000
51204  -21.142  -43.659  54.747 0.0000000000
74906  -41.625  -23.587  43.880 0.0000000000
73767  -42.304  -24.439  42.783 0.0000000000
74907  -42.241  -23.447  43.394 0.0000000000
79651  -45.929  -19.222  40.701 0.0000000000
78444  -45.525  -20.232  40.639 0.0000000000
79652  -46.685  -19.597  39.878 0.0000000000
78446  -47.259  -20.444  39.932 0.0000000000
79660  -47.118  -18.960  39.525 0.0000000000
79661  -47.971  -19.180  39.122 0.0000000000
64151  -37.654  -32.336  51.202 0.0000000000
71391  -34.273  -25.587  49.140 0.0000000000
72571  -35.316  -25.805  46.778 0.0000000000
73701  -35.940  -24.193  46.963 0.0000000000
73702  -37.002  -23.454  47.132 0.0000000000
55800  -32.148  -39.731  51.134 0.0000000000
55739  -31.896  -40.812  53.130 0.0000000000
55741  -33.345  -40.190  53.213 0.0000000000
48796  -11.907  -45.659  59.004 0.0000000000
48809  -12.771  -45.298  58.334 0.0000000000
82041  -52.850  -18.081  36.648 0.0000000000
35491  -7.586  -56.921  65.189 0.0000000000
63057  -44.463  -33.678  52.516 0.0000000000
65313  -44.118  -31.685  50.955 0.0000000000
55803  -36.725  -39.527  51.618 0.0000000000
55746  -37.831  -39.597  53.497 0.0000000000
52260  -18.623  -41.432  57.242 0.0000000000
52239  -17.555  -41.932  57.515 0.0000000000
51112  -16.541  -42.256  59.198 0.0000000000
51158  -16.293  -42.816  56.906 0.0000000000
49978  -16.064  -44.049  56.588 0.0000000000
49985  -17.017  -44.492  56.146 0.0000000000
48835  -21.209  -45.738  56.886 0.0000000000
48833  -19.250  -45.781  56.576 0.0000000000
58375  -40.881  -36.938  48.891 0.0000000000
59613  -41.501  -36.478  49.034 0.0000000000
59612  -40.669  -36.014  48.832 0.0000000000
57005  -23.631  -38.235  53.575 0.0000000000
55763  -23.827  -39.369  52.553 0.0000000000
57023  -24.631  -37.589  53.123 0.0000000000
57046  -27.617  -37.184  52.065 0.0000000000
58305  -28.608  -36.848  51.464 0.0000000000
57095  -29.493  -37.829  50.551 0.0000000000
59556  -29.608  -36.295  51.148 0.0000000000
60778  -35.717  -34.618  52.119 0.0000000000
61978  -33.891  -34.534  50.712 0.0000000000
59573  -32.941  -36.120  49.577 0.0000000000
60824  -34.294  -35.514  49.566 0.0000000000
58345  -35.039  -37.362  48.940 0.0000000000
59587  -35.579  -36.307  49.032 0.0000000000
59610  -38.813  -36.477  48.798 0.0000000000
58372  -38.223  -37.140  48.539 0.0000000000
58348  -39.854  -37.756  48.917 0.0000000000
57127  -40.796  -38.171  49.745 0.0000000000
69074  -41.173  -28.566  43.608 0.0000000000
69057  -42.788  -29.422  44.197 0.0000000000
69075  -42.045  -28.733  43.353 0.0000000000
71486  -43.864  -25.975  42.485 0.0000000000
70297  -44.704  -28.009  42.822 0.0000000000
76056  -43.995  -21.705  43.189 0.0000000000
76063  -43.589  -22.775  42.441 0.0000000000
76064  -43.876  -22.210  42.274 0.0000000000
74936  -46.996  -23.586  40.600 0.0000000000
73796  -46.421  -24.260  41.094 0.0000000000
73797  -47.460  -24.447  40.959 0.0000000000
72624  -48.388  -26.051  41.879 0.0000000000
79674  -50.045  -19.617  38.090 0.0000000000
80870  -50.188  -17.973  37.517 0.0000000000
80871  -50.674  -18.495  37.455 0.0000000000
42904  -8.385  -50.581  61.664 0.0000000000
41815  -7.796  -51.125  62.136 0.0000000000
40692  -9.526  -52.737  61.305 0.0000000000
38032  -10.494  -54.577  63.359 0.0000000000
37999  -10.448  -55.657  65.389 0.0000000000
62014  -41.342  -34.270  48.715 0.0000000000
62003  -42.770  -34.493  49.214 0.0000000000
63092  -41.600  -33.487  48.594 0.0000000000
65344  -37.982  -31.886  49.096 0.0000000000
65369  -40.508  -31.981  48.600 0.0000000000
66520  -38.911  -30.859  48.649 0.0000000000
66522  -41.054  -30.483  49.078 0.0000000000
68882  -34.287  -28.882  51.414 0.0000000000
68950  -34.142  -28.607  48.508 0.0000000000
67727  -34.171  -29.439  49.024 0.0000000000
68952  -35.901  -29.459  48.021 0.0000000000
68928  -37.325  -29.297  48.613 0.0000000000
70163  -38.013  -28.692  48.576 0.0000000000
68953  -37.156  -29.081  48.014 0.0000000000
70249  -37.151  -28.059  45.666 0.0000000000
69009  -37.091  -28.788  46.331 0.0000000000
69010  -37.965  -28.902  46.066 0.0000000000
69011  -38.890  -28.973  46.232 0.0000000000
69033  -38.363  -28.454  45.377 0.0000000000
69054  -39.699  -28.694  44.596 0.0000000000
71453  -38.168  -27.054  44.645 0.0000000000
74857  -38.580  -23.135  46.170 0.0000000000
73737  -38.519  -24.370  45.105 0.0000000000
74874  -39.237  -23.524  45.454 0.0000000000
53426  -26.614  -41.506  51.994 0.0000000000
53383  -26.445  -42.294  53.669 0.0000000000
53384  -27.426  -42.335  53.739 0.0000000000
45259  -12.251  -48.416  58.905 0.0000000000
44068  -10.973  -49.277  59.541 0.0000000000
44052  -12.531  -49.949  59.978 0.0000000000
47662  -16.550  -47.068  57.557 0.0000000000
46488  -15.049  -47.082  57.556 0.0000000000
46462  -16.609  -48.567  58.973 0.0000000000
49979  -22.351  -45.151  57.502 0.0000000000
51139  -23.680  -44.262  57.312 0.0000000000
51162  -24.713  -43.424  56.546 0.0000000000
52283  -25.647  -42.948  56.368 0.0000000000
55777  -39.568  -39.265  52.407 0.0000000000
55747  -38.890  -39.592  53.497 0.0000000000
53341  -20.134  -39.940  57.146 0.0000000000
53353  -19.578  -41.291  56.088 0.0000000000
52297  -19.229  -42.724  55.498 0.0000000000
51201  -18.357  -43.731  55.539 0.0000000000
51203  -20.075  -43.693  55.108 0.0000000000
50007  -20.911  -44.581  55.328 0.0000000000
60829  -39.184  -35.663  49.878 0.0000000000
60817  -39.931  -35.086  50.791 0.0000000000
60797  -36.286  -34.984  51.413 0.0000000000
60827  -36.698  -35.663  49.729 0.0000000000
59575  -38.316  -35.850  50.767 0.0000000000
72609  -41.207  -25.630  43.275 0.0000000000
71471  -41.738  -26.648  42.768 0.0000000000
72610  -42.043  -25.479  42.841 0.0000000000
72618  -42.833  -25.280  42.500 0.0000000000
72619  -43.513  -25.140  42.248 0.0000000000
77259  -44.819  -21.231  41.409 0.0000000000
77271  -45.408  -21.069  40.852 0.0000000000
76094  -46.290  -21.742  40.355 0.0000000000
76075  -47.624  -22.840  40.384 0.0000000000
74938  -49.078  -23.617  40.788 0.0000000000
76096  -48.230  -22.157  40.226 0.0000000000
77275  -48.792  -21.452  39.794 0.0000000000
78448  -49.292  -20.593  39.384 0.0000000000
79662  -48.936  -19.565  38.867 0.0000000000
80850  -48.382  -18.388  38.525 0.0000000000
41832  -10.600  -52.316  61.250 0.0000000000
40693  -10.244  -53.086  61.657 0.0000000000
40680  -11.597  -53.030  62.434 0.0000000000
64192  -40.063  -32.997  49.569 0.0000000000
64209  -40.329  -32.772  48.780 0.0000000000
64170  -38.871  -32.870  50.790 0.0000000000
64168  -37.062  -32.451  50.531 0.0000000000
64167  -36.669  -32.414  50.142 0.0000000000
70149  -34.374  -27.495  50.831 0.0000000000
71365  -34.301  -26.869  49.728 0.0000000000
71390  -33.789  -26.214  48.630 0.0000000000
70213  -34.457  -27.900  47.250 0.0000000000
69007  -35.513  -28.624  46.791 0.0000000000
71439  -34.900  -27.173  46.630 0.0000000000
71441  -36.197  -26.553  45.688 0.0000000000
72583  -36.605  -25.773  45.644 0.0000000000
72584  -37.284  -25.372  45.231 0.0000000000
72573  -36.743  -25.027  45.883 0.0000000000
54550  -29.520  -41.084  51.679 0.0000000000
53409  -29.170  -42.258  53.079 0.0000000000
54528  -30.523  -41.423  52.940 0.0000000000
47657  -11.477  -46.910  58.952 0.0000000000
45276  -12.868  -48.125  58.766 0.0000000000
36758  -8.384  -55.708  63.850 0.0000000000
38018  -6.059  -53.767  64.308 0.0000000000
35505  -7.297  -56.162  64.450 0.0000000000
35504  -6.653  -56.325  64.739 0.0000000000
35502  -5.989  -56.070  64.705 0.0000000000
67680  -43.241  -29.717  50.809 0.0000000000
57049  -34.390  -39.702  51.779 0.0000000000
55771  -33.846  -40.030  52.391 0.0000000000
51111  -15.826  -42.518  59.284 0.0000000000
49966  -14.415  -43.781  58.213 0.0000000000
48810  -13.805  -44.783  57.793 0.0000000000
48811  -14.732  -44.310  57.392 0.0000000000
47670  -16.118  -46.247  56.948 0.0000000000
47671  -17.078  -46.543  57.160 0.0000000000
49987  -18.715  -45.191  55.780 0.0000000000
48824  -18.870  -46.539  57.320 0.0000000000
47664  -18.529  -47.361  58.026 0.0000000000
83133  -53.410  -16.691  36.737 0.0000000000
58309  -42.587  -37.478  51.616 0.0000000000
59579  -42.873  -36.044  51.018 0.0000000000
59594  -42.615  -36.560  50.088 0.0000000000
60844  -41.741  -35.312  48.869 0.0000000000
62013  -40.806  -34.133  48.875 0.0000000000
61991  -40.568  -34.330  50.590 0.0000000000
61992  -40.861  -33.754  50.944 0.0000000000
63069  -40.592  -33.495  50.313 0.0000000000
64153  -39.347  -32.586  52.351 0.0000000000
54521  -22.244  -41.062  53.557 0.0000000000
53404  -23.791  -41.743  53.029 0.0000000000
54523  -24.246  -40.845  52.478 0.0000000000
54546  -24.907  -40.083  52.252 0.0000000000
54565  -26.417  -39.739  51.349 0.0000000000
57044  -25.957  -37.333  52.291 0.0000000000
55795  -26.617  -38.974  51.174 0.0000000000
54567  -27.903  -40.198  51.100 0.0000000000
55798  -29.810  -39.859  51.204 0.0000000000
57071  -30.329  -38.755  50.715 0.0000000000
57073  -32.531  -38.912  50.766 0.0000000000
60773  -30.747  -34.952  52.458 0.0000000000
59571  -31.167  -36.126  50.522 0.0000000000
58324  -31.818  -37.216  50.057 0.0000000000
57074  -33.265  -38.668  50.634 0.0000000000
57100  -34.911  -38.880  50.219 0.0000000000
57101  -36.288  -39.156  50.467 0.0000000000
55822  -37.313  -39.399  50.890 0.0000000000
58370  -36.780  -36.641  48.730 0.0000000000
57124  -38.076  -38.443  49.264 0.0000000000
55824  -39.082  -39.343  50.714 0.0000000000
57078  -39.987  -39.008  50.874 0.0000000000
57107  -41.886  -38.181  50.828 0.0000000000
54492  -21.414  -39.522  54.947 0.0000000000
70296  -43.577  -27.815  42.825 0.0000000000
74908  -42.849  -23.140  42.967 0.0000000000
74920  -43.315  -23.382  42.336 0.0000000000
73776  -44.943  -24.603  41.875 0.0000000000
74934  -45.038  -23.061  41.363 0.0000000000
73795  -45.487  -23.979  41.456 0.0000000000
72622  -46.332  -25.831  41.781 0.0000000000
71490  -47.806  -26.753  42.206 0.0000000000
79684  -52.163  -19.428  37.238 0.0000000000
80872  -51.758  -18.523  37.193 0.0000000000
83127  -52.062  -16.688  37.288 0.0000000000
41801  -7.194  -51.743  62.622 0.0000000000
38045  -7.504  -53.989  62.562 0.0000000000
39357  -9.900  -53.879  62.133 0.0000000000
38047  -9.292  -54.213  62.542 0.0000000000
38030  -7.956  -54.691  62.880 0.0000000000
36759  -9.200  -55.662  64.040 0.0000000000
60818  -43.233  -35.160  50.808 0.0000000000
61993  -43.510  -34.245  50.452 0.0000000000
64173  -43.768  -32.554  50.428 0.0000000000
64210  -41.100  -32.727  48.454 0.0000000000
65348  -42.554  -32.006  49.011 0.0000000000
65328  -43.493  -31.694  50.057 0.0000000000
66501  -42.696  -30.441  49.842 0.0000000000
67694  -42.446  -29.738  50.354 0.0000000000
67693  -41.490  -29.299  50.133 0.0000000000
65307  -35.599  -31.547  50.878 0.0000000000
66499  -35.856  -31.462  49.890 0.0000000000
68902  -34.033  -28.701  50.439 0.0000000000
66517  -35.107  -30.637  49.382 0.0000000000
66518  -36.050  -31.087  49.131 0.0000000000
67709  -38.432  -29.452  49.059 0.0000000000
67691  -39.330  -28.886  49.679 0.0000000000
68981  -37.095  -29.309  47.170 0.0000000000
70215  -38.537  -28.600  47.644 0.0000000000
69035  -40.154  -29.410  45.389 0.0000000000
70283  -39.822  -28.202  44.010 0.0000000000
71469  -39.979  -26.701  43.514 0.0000000000
72596  -38.327  -25.449  44.507 0.0000000000
72597  -39.107  -25.660  44.233 0.0000000000
72598  -39.804  -25.259  44.073 0.0000000000
73757  -40.488  -24.334  44.190 0.0000000000
74891  -40.757  -23.506  44.820 0.0000000000
52322  -25.062  -42.615  54.376 0.0000000000
52303  -26.224  -42.845  55.492 0.0000000000
52326  -28.624  -42.799  54.650 0.0000000000
44048  -8.742  -49.834  60.926 0.0000000000
46442  -9.650  -47.817  60.314 0.0000000000
45241  -9.813  -49.173  60.109 0.0000000000
42925  -10.068  -50.655  60.408 0.0000000000
42906  -11.950  -50.998  60.664 0.0000000000
47660  -13.517  -46.351  57.798 0.0000000000
46460  -14.303  -48.398  58.523 0.0000000000
45261  -14.058  -48.997  59.039 0.0000000000
34233  -7.612  -58.143  66.175 0.0000000000
34258  -6.224  -57.325  65.346 0.0000000000
35488  -5.478  -55.881  64.356 0.0000000000
59548  -43.462  -36.539  52.540 0.0000000000
51227  -22.448  -43.335  54.353 0.0000000000
51206  -23.186  -43.539  54.953 0.0000000000
52320  -23.072  -42.987  53.961 0.0000000000
58287  -42.668  -37.533  52.734 0.0000000000
52319  -21.951  -42.673  53.869 0.0000000000
51226  -21.754  -43.298  54.397 0.0000000000
74877  -42.136  -22.794  45.092 0.0000000000
74893  -42.192  -23.019  44.314 0.0000000000
79659  -46.401  -18.798  39.934 0.0000000000
80848  -46.701  -18.171  39.591 0.0000000000
73683  -35.393  -24.165  48.528 0.0000000000
55801  -32.742  -39.526  51.237 0.0000000000
55770  -32.928  -40.045  51.969 0.0000000000
48783  -13.451  -44.180  60.369 0.0000000000
48798  -12.904  -44.046  59.053 0.0000000000
82035  -52.459  -17.552  36.860 0.0000000000
82042  -53.408  -17.649  36.597 0.0000000000
65314  -44.447  -31.826  51.577 0.0000000000
55804  -37.786  -39.504  51.651 0.0000000000
55775  -37.322  -39.616  52.554 0.0000000000
55776  -38.367  -39.492  52.530 0.0000000000
52259  -18.058  -41.995  56.979 0.0000000000
52240  -17.940  -41.637  57.838 0.0000000000
51159  -16.636  -42.447  57.608 0.0000000000
52257  -16.753  -42.700  56.663 0.0000000000
51178  -16.739  -43.474  56.333 0.0000000000
58374  -40.159  -37.015  48.685 0.0000000000
59592  -39.942  -35.773  49.080 0.0000000000
57022  -23.960  -38.210  53.095 0.0000000000
58296  -28.821  -36.412  52.878 0.0000000000
58295  -28.125  -36.678  52.511 0.0000000000
59538  -29.081  -35.960  52.149 0.0000000000
60771  -29.563  -35.650  51.856 0.0000000000
60796  -35.277  -34.617  51.279 0.0000000000
60795  -34.321  -34.406  51.292 0.0000000000
60811  -34.571  -34.831  50.368 0.0000000000
61989  -34.120  -34.732  50.457 0.0000000000
60825  -35.102  -35.485  49.521 0.0000000000
59586  -34.574  -36.347  49.101 0.0000000000
59591  -39.321  -35.947  49.239 0.0000000000
58373  -39.207  -37.292  48.676 0.0000000000
70293  -40.418  -27.806  43.494 0.0000000000
70294  -41.368  -27.755  43.022 0.0000000000
71474  -45.253  -27.216  42.473 0.0000000000
71488  -45.796  -26.519  42.106 0.0000000000
73798  -48.508  -24.446  41.111 0.0000000000
73780  -48.960  -25.187  41.676 0.0000000000
82032  -49.958  -17.418  37.590 0.0000000000
42905  -8.661  -51.184  61.162 0.0000000000
41831  -9.159  -51.784  60.986 0.0000000000
62015  -42.130  -34.212  48.770 0.0000000000
63091  -40.885  -33.517  48.617 0.0000000000
66539  -39.865  -31.343  48.522 0.0000000000
68951  -34.733  -29.093  47.852 0.0000000000
68980  -36.140  -29.146  47.256 0.0000000000
70250  -37.719  -28.141  45.353 0.0000000000
70269  -37.988  -27.640  44.843 0.0000000000
70270  -38.568  -28.087  44.787 0.0000000000
53427  -27.478  -41.653  52.084 0.0000000000
53407  -27.010  -42.077  52.786 0.0000000000
53408  -28.123  -42.001  52.790 0.0000000000
44070  -12.875  -49.256  59.545 0.0000000000
44069  -11.894  -49.263  59.448 0.0000000000
44053  -13.720  -49.958  60.312 0.0000000000
46476  -15.768  -47.542  57.876 0.0000000000
46477  -16.981  -47.778  58.270 0.0000000000
39329  -6.379  -52.602  63.866 0.0000000000
61972  -44.233  -34.589  52.564 0.0000000000
49990  -21.809  -45.032  56.361 0.0000000000
49980  -22.862  -44.637  56.993 0.0000000000
51183  -24.422  -43.482  55.980 0.0000000000
52264  -25.022  -43.278  57.116 0.0000000000
55778  -40.201  -39.147  52.846 0.0000000000
53342  -20.912  -39.234  56.730 0.0000000000
53365  -19.573  -41.961  55.341 0.0000000000
53352  -19.309  -41.765  55.794 0.0000000000
50008  -21.877  -44.415  55.393 0.0000000000
60816  -39.501  -35.714  50.570 0.0000000000
60798  -36.843  -35.282  50.897 0.0000000000
59562  -38.763  -36.175  51.945 0.0000000000
60815  -38.954  -35.798  50.380 0.0000000000
73765  -40.838  -24.976  43.595 0.0000000000
73766  -41.431  -24.435  43.432 0.0000000000
73774  -42.984  -24.366  42.236 0.0000000000
78433  -44.929  -20.375  41.242 0.0000000000
77272  -45.962  -20.989  40.343 0.0000000000
76095  -47.250  -21.965  40.267 0.0000000000
77274  -47.786  -21.265  40.082 0.0000000000
78447  -48.222  -20.554  39.748 0.0000000000
80849  -47.406  -18.275  39.071 0.0000000000
65309  -37.179  -32.046  51.435 0.0000000000
65327  -36.696  -32.142  50.845 0.0000000000
72536  -34.068  -25.721  48.334 0.0000000000
70183  -33.901  -27.540  48.029 0.0000000000
71418  -34.391  -26.688  47.225 0.0000000000
70246  -34.732  -27.569  46.787 0.0000000000
72559  -35.453  -25.175  47.008 0.0000000000
73717  -36.512  -24.647  46.293 0.0000000000
55767  -30.133  -40.704  51.628 0.0000000000
54551  -30.344  -41.194  52.099 0.0000000000
54552  -30.967  -41.028  52.463 0.0000000000
54530  -31.928  -40.880  53.720 0.0000000000
54529  -31.317  -41.176  53.359 0.0000000000
48808  -12.241  -45.725  58.688 0.0000000000
47658  -11.793  -46.363  58.813 0.0000000000
46473  -12.347  -47.152  58.538 0.0000000000
46458  -12.052  -47.624  58.653 0.0000000000
35506  -7.981  -56.088  64.171 0.0000000000
36757  -7.195  -55.318  63.697 0.0000000000
36755  -6.054  -55.615  64.602 0.0000000000
35503  -6.215  -56.316  64.815 0.0000000000
66465  -44.128  -30.000  51.897 0.0000000000
57050  -34.910  -39.715  52.075 0.0000000000
55773  -35.415  -39.771  52.501 0.0000000000
51135  -16.158  -42.811  58.243 0.0000000000
51134  -15.334  -42.664  58.828 0.0000000000
51110  -15.286  -42.627  59.353 0.0000000000
49977  -15.270  -43.921  57.040 0.0000000000
48822  -16.657  -45.467  56.545 0.0000000000
48821  -15.489  -45.071  56.829 0.0000000000
48823  -17.697  -46.208  56.670 0.0000000000
50005  -19.024  -44.546  55.512 0.0000000000
50004  -18.387  -44.500  55.572 0.0000000000
48825  -19.863  -45.954  57.716 0.0000000000
58328  -42.288  -37.520  50.763 0.0000000000
59578  -42.632  -36.863  51.172 0.0000000000
58351  -42.078  -37.294  50.018 0.0000000000
60832  -42.181  -36.180  49.253 0.0000000000
60831  -40.302  -35.094  49.577 0.0000000000
61980  -40.545  -34.516  51.526 0.0000000000
63063  -40.875  -33.559  51.596 0.0000000000
63070  -40.828  -33.422  50.990 0.0000000000
64172  -40.595  -33.189  51.139 0.0000000000
64171  -39.968  -32.856  50.810 0.0000000000
55764  -24.338  -39.022  52.355 0.0000000000
54547  -26.005  -40.518  51.624 0.0000000000
55766  -26.045  -39.451  51.391 0.0000000000
57068  -27.190  -38.009  51.471 0.0000000000
55796  -27.549  -39.056  51.060 0.0000000000
55797  -28.564  -39.312  50.916 0.0000000000
58322  -30.174  -37.348  50.347 0.0000000000
57097  -30.567  -38.023  50.353 0.0000000000
57072  -31.456  -38.567  50.588 0.0000000000
58306  -31.630  -37.791  50.324 0.0000000000
60775  -32.865  -34.555  52.541 0.0000000000
60754  -33.352  -34.427  53.174 0.0000000000
59539  -32.498  -34.562  53.180 0.0000000000
60774  -31.813  -34.623  52.798 0.0000000000
60792  -31.266  -35.083  51.434 0.0000000000
60808  -31.831  -35.399  50.653 0.0000000000
59572  -32.107  -36.211  49.911 0.0000000000
58325  -32.970  -37.594  49.913 0.0000000000
58308  -32.740  -38.304  50.438 0.0000000000
57098  -33.311  -38.232  50.191 0.0000000000
57099  -33.807  -38.364  50.044 0.0000000000
57120  -33.927  -37.996  49.561 0.0000000000
57122  -35.646  -38.306  49.418 0.0000000000
57102  -37.569  -38.949  50.095 0.0000000000
60828  -36.995  -35.696  49.856 0.0000000000
59588  -36.522  -36.086  49.005 0.0000000000
59608  -37.138  -36.290  48.772 0.0000000000
57141  -38.480  -37.875  48.774 0.0000000000
57140  -37.682  -37.837  48.739 0.0000000000
57103  -38.605  -38.858  50.052 0.0000000000
55825  -39.572  -39.182  50.751 0.0000000000
57104  -39.562  -38.829  50.185 0.0000000000
58350  -41.423  -37.506  49.567 0.0000000000
57106  -41.323  -38.437  50.372 0.0000000000
57081  -42.113  -38.079  51.518 0.0000000000
54506  -22.305  -39.295  54.249 0.0000000000
54493  -22.019  -38.846  55.155 0.0000000000
54505  -21.783  -40.330  53.987 0.0000000000
69036  -41.332  -29.579  45.445 0.0000000000
67790  -43.377  -29.508  44.598 0.0000000000
70295  -42.422  -27.768  42.748 0.0000000000
76039  -43.213  -22.433  44.218 0.0000000000
76054  -42.790  -22.779  43.494 0.0000000000
74921  -43.716  -22.971  42.075 0.0000000000
74932  -43.789  -23.450  41.854 0.0000000000
73775  -43.877  -24.229  41.827 0.0000000000
76072  -44.503  -22.147  41.527 0.0000000000
73777  -45.907  -24.894  41.630 0.0000000000
72623  -47.340  -26.004  41.695 0.0000000000
74953  -49.560  -23.171  40.459 0.0000000000
78456  -50.388  -20.504  38.929 0.0000000000
79675  -50.702  -19.887  37.833 0.0000000000
78468  -51.296  -20.460  37.929 0.0000000000
78478  -51.729  -19.979  37.514 0.0000000000
82033  -50.699  -17.494  37.494 0.0000000000
82034  -51.490  -17.582  37.284 0.0000000000
40690  -7.843  -52.122  61.553 0.0000000000
41814  -7.402  -51.602  62.312 0.0000000000
40677  -7.377  -52.421  62.008 0.0000000000
39343  -6.855  -53.051  62.766 0.0000000000
39355  -7.778  -53.471  62.175 0.0000000000
40679  -11.019  -52.980  62.148 0.0000000000
39371  -10.078  -53.484  61.839 0.0000000000
39345  -10.887  -53.970  62.690 0.0000000000
39344  -10.041  -54.478  62.711 0.0000000000
38031  -9.353  -54.979  63.286 0.0000000000
36775  -8.820  -55.419  63.624 0.0000000000
38019  -9.911  -55.381  64.425 0.0000000000
36733  -10.128  -56.144  65.598 0.0000000000
59595  -43.111  -35.701  50.154 0.0000000000
62004  -43.256  -33.976  49.625 0.0000000000
63082  -43.200  -33.339  49.544 0.0000000000
63071  -43.517  -33.361  50.083 0.0000000000
64208  -39.763  -32.578  49.075 0.0000000000
66540  -40.725  -31.182  48.651 0.0000000000
65370  -41.399  -31.863  48.638 0.0000000000
65347  -42.026  -31.410  48.880 0.0000000000
65349  -43.070  -31.670  49.451 0.0000000000
66524  -42.649  -31.138  49.252 0.0000000000
66525  -43.177  -31.066  49.706 0.0000000000
66523  -41.939  -30.588  49.246 0.0000000000
67711  -40.654  -29.728  49.503 0.0000000000
67712  -41.443  -29.975  49.522 0.0000000000
67674  -34.405  -29.902  51.357 0.0000000000
66480  -34.776  -30.765  51.201 0.0000000000
66498  -35.384  -31.072  50.127 0.0000000000
70148  -34.168  -27.619  50.173 0.0000000000
70133  -34.228  -28.060  50.893 0.0000000000
66536  -34.905  -30.315  48.812 0.0000000000
66516  -34.507  -30.075  49.324 0.0000000000
66537  -35.399  -30.618  48.937 0.0000000000
67708  -36.958  -30.139  48.761 0.0000000000
67690  -38.971  -29.010  49.412 0.0000000000
67692  -40.318  -28.760  50.225 0.0000000000
68904  -39.697  -28.249  50.174 0.0000000000
70164  -39.048  -28.329  49.002 0.0000000000
69008  -36.216  -28.690  46.565 0.0000000000
68982  -37.960  -28.984  47.225 0.0000000000
70216  -39.112  -28.368  47.885 0.0000000000
68985  -40.535  -28.679  47.459 0.0000000000
69013  -40.949  -29.329  46.628 0.0000000000
70292  -39.652  -27.464  43.766 0.0000000000
71461  -39.269  -26.692  43.913 0.0000000000
72595  -37.798  -25.676  44.705 0.0000000000
72585  -37.887  -25.066  44.893 0.0000000000
73755  -38.789  -25.002  44.470 0.0000000000
72607  -39.670  -25.969  43.801 0.0000000000
73738  -39.692  -23.997  44.872 0.0000000000
53381  -24.689  -42.224  53.572 0.0000000000
52324  -26.801  -42.641  54.590 0.0000000000
52323  -25.929  -42.640  54.504 0.0000000000
52304  -27.070  -42.946  55.525 0.0000000000
53410  -30.016  -41.993  53.395 0.0000000000
53386  -29.425  -42.469  54.146 0.0000000000
55742  -34.119  -39.908  53.420 0.0000000000
44034  -8.655  -49.688  61.631 0.0000000000
47637  -10.406  -46.676  60.269 0.0000000000
46429  -9.999  -47.284  61.005 0.0000000000
46455  -9.835  -47.882  59.784 0.0000000000
44050  -10.424  -49.751  60.026 0.0000000000
42926  -11.203  -50.746  60.323 0.0000000000
48820  -14.753  -45.318  57.230 0.0000000000
47668  -14.583  -46.307  57.428 0.0000000000
46475  -14.514  -47.523  57.789 0.0000000000
45262  -14.927  -49.015  59.104 0.0000000000
33046  -5.699  -57.851  65.326 0.0000000000
34246  -5.963  -57.654  65.490 0.0000000000
34245  -5.683  -57.507  65.148 0.0000000000
34257  -5.788  -57.098  65.004 0.0000000000
51181  -22.931  -44.047  55.622 0.0000000000
51207  -23.959  -43.420  55.327 0.0000000000
52301  -24.587  -43.102  55.100 0.0000000000
57053  -41.661  -38.368  52.372 0.0000000000
53367  -20.840  -40.502  54.799 0.0000000000
53354  -20.366  -40.706  55.989 0.0000000000
52299  -20.950  -42.736  54.584 0.0000000000
51225  -21.325  -43.161  54.491 0.0000000000
59563  -39.729  -36.061  52.128 0.0000000000
79650  -45.167  -19.669  41.140 0.0000000000
78445  -46.325  -20.244  40.216 0.0000000000
79653  -47.595  -19.829  39.511 0.0000000000
65310  -37.960  -32.067  52.046 0.0000000000
65293  -37.508  -31.772  52.520 0.0000000000
66482  -36.736  -31.646  52.131 0.0000000000
72537  -34.724  -25.363  48.522 0.0000000000
72558  -34.865  -25.661  47.398 0.0000000000
72538  -35.375  -24.977  47.721 0.0000000000
55799  -31.071  -39.830  51.066 0.0000000000
55769  -31.746  -40.572  52.212 0.0000000000
55740  -32.486  -40.561  53.234 0.0000000000
48797  -12.339  -45.152  59.248 0.0000000000
79693  -52.780  -19.208  36.858 0.0000000000
80880  -53.126  -18.607  36.628 0.0000000000
36732  -9.086  -56.271  65.373 0.0000000000
35492  -8.263  -56.585  64.834 0.0000000000
35476  -8.681  -57.024  65.927 0.0000000000
35475  -7.933  -57.702  66.055 0.0000000000
66486  -44.462  -31.233  51.590 0.0000000000
57077  -36.051  -39.568  51.317 0.0000000000
55802  -35.960  -39.597  51.895 0.0000000000
55774  -36.357  -39.754  52.578 0.0000000000
52241  -18.432  -41.085  58.303 0.0000000000
51137  -17.757  -41.431  58.603 0.0000000000
51136  -17.084  -42.004  58.204 0.0000000000
49968  -15.628  -43.243  57.237 0.0000000000
49989  -20.612  -45.241  56.030 0.0000000000
48834  -20.206  -45.702  56.791 0.0000000000
59593  -42.016  -36.848  49.523 0.0000000000
55713  -23.137  -38.755  53.731 0.0000000000
54544  -23.542  -39.599  52.674 0.0000000000
57021  -23.643  -38.515  53.225 0.0000000000
57042  -24.350  -38.233  52.642 0.0000000000
57043  -25.012  -37.975  52.295 0.0000000000
58304  -28.064  -37.129  51.788 0.0000000000
57070  -29.175  -38.244  50.678 0.0000000000
58321  -29.450  -37.297  50.590 0.0000000000
59569  -29.864  -36.851  50.558 0.0000000000
59570  -30.356  -36.627  50.553 0.0000000000
59541  -34.731  -34.336  52.917 0.0000000000
60776  -33.954  -34.373  52.569 0.0000000000
60794  -33.292  -34.540  51.266 0.0000000000
60809  -32.612  -35.249  50.390 0.0000000000
60810  -33.628  -35.106  50.102 0.0000000000
59585  -33.717  -36.158  49.316 0.0000000000
58344  -33.936  -37.320  49.362 0.0000000000
58346  -36.299  -37.241  48.889 0.0000000000
57126  -40.072  -38.263  49.555 0.0000000000
58349  -40.544  -37.621  49.193 0.0000000000
69076  -43.102  -28.727  43.327 0.0000000000
71473  -44.169  -27.012  42.414 0.0000000000
74933  -44.185  -23.029  41.712 0.0000000000
76074  -46.588  -22.611  40.486 0.0000000000
74935  -45.940  -23.318  40.842 0.0000000000
73779  -47.918  -25.232  41.422 0.0000000000
79673  -49.398  -19.295  38.373 0.0000000000
80864  -50.144  -18.997  37.700 0.0000000000
79682  -50.525  -19.331  37.659 0.0000000000
41830  -8.218  -51.592  61.409 0.0000000000
40691  -8.457  -52.607  61.424 0.0000000000
60845  -42.372  -34.898  48.944 0.0000000000
63093  -42.140  -33.463  48.705 0.0000000000
65345  -38.980  -32.097  48.810 0.0000000000
65368  -39.678  -32.071  48.700 0.0000000000
66538  -39.335  -31.647  48.627 0.0000000000
66521  -40.127  -30.454  48.786 0.0000000000
67728  -34.747  -29.679  48.385 0.0000000000
67729  -35.642  -30.237  48.598 0.0000000000
68927  -36.392  -29.870  48.553 0.0000000000
68929  -38.583  -28.709  49.049 0.0000000000
70184  -37.778  -28.674  48.208 0.0000000000
68984  -39.510  -28.711  47.245 0.0000000000
69034  -39.142  -28.791  45.236 0.0000000000
70281  -38.464  -27.438  44.588 0.0000000000
71460  -38.505  -26.581  44.396 0.0000000000
73719  -38.237  -23.748  45.676 0.0000000000
74873  -38.623  -23.654  45.574 0.0000000000
53406  -25.930  -41.858  52.594 0.0000000000
53382  -25.503  -42.237  53.623 0.0000000000
45258  -11.151  -48.503  59.221 0.0000000000
42927  -12.126  -50.529  60.447 0.0000000000
47661  -15.808  -46.766  57.374 0.0000000000
63065  -44.257  -33.491  51.795 0.0000000000
51160  -23.359  -44.188  56.470 0.0000000000
51161  -24.320  -43.825  56.842 0.0000000000
52262  -19.488  -40.187  57.737 0.0000000000
53340  -19.821  -40.638  56.635 0.0000000000
52261  -19.238  -40.723  57.266 0.0000000000
52281  -19.097  -41.320  56.724 0.0000000000
52280  -18.871  -41.866  56.209 0.0000000000
52279  -18.058  -42.776  55.945 0.0000000000
51180  -17.972  -43.368  55.679 0.0000000000
52296  -18.713  -43.221  55.562 0.0000000000
51202  -19.207  -43.753  55.358 0.0000000000
50006  -19.898  -44.647  55.327 0.0000000000
48836  -21.816  -45.514  57.090 0.0000000000
60830  -39.683  -35.496  49.829 0.0000000000
60826  -35.998  -35.526  49.546 0.0000000000
60813  -36.401  -35.344  50.352 0.0000000000
60814  -36.947  -35.582  50.212 0.0000000000
59589  -37.381  -35.764  49.634 0.0000000000
59590  -38.540  -35.878  49.532 0.0000000000
71485  -43.283  -25.721  42.466 0.0000000000
72620  -44.385  -25.290  42.135 0.0000000000
77258  -44.104  -21.281  41.930 0.0000000000
78432  -44.298  -20.449  41.756 0.0000000000
76093  -45.753  -21.487  40.550 0.0000000000
76076  -48.581  -23.018  40.359 0.0000000000
76077  -49.145  -23.101  40.422 0.0000000000
76097  -49.360  -22.481  40.119 0.0000000000
78455  -49.491  -20.231  38.913 0.0000000000
80851  -49.085  -18.910  38.465 0.0000000000
64191  -39.328  -32.741  49.603 0.0000000000
64169  -37.959  -32.669  50.599 0.0000000000
64190  -38.410  -32.614  49.728 0.0000000000
64189  -37.474  -32.521  49.784 0.0000000000
64188  -36.799  -32.461  49.896 0.0000000000
71352  -34.436  -27.072  50.180 0.0000000000
71366  -34.406  -25.970  49.737 0.0000000000
70162  -33.896  -27.557  49.089 0.0000000000
68978  -34.408  -28.380  47.772 0.0000000000
70214  -34.947  -28.210  46.811 0.0000000000
70247  -35.369  -27.835  46.457 0.0000000000
71419  -34.922  -26.154  46.876 0.0000000000
71440  -35.347  -26.656  46.383 0.0000000000
70267  -36.707  -27.265  45.438 0.0000000000
71451  -36.915  -26.477  45.235 0.0000000000
71452  -37.700  -26.540  44.756 0.0000000000
73718  -37.318  -23.944  45.906 0.0000000000
74856  -37.864  -23.390  46.253 0.0000000000
54526  -29.009  -41.738  52.304 0.0000000000
54527  -29.800  -41.638  52.572 0.0000000000
53411  -30.657  -41.711  53.628 0.0000000000
47647  -10.376  -46.964  59.741 0.0000000000
47649  -11.719  -45.772  59.667 0.0000000000
47648  -11.036  -46.667  59.502 0.0000000000
46457  -11.398  -47.558  58.934 0.0000000000
45260  -13.270  -48.703  59.061 0.0000000000
47651  -18.033  -47.692  58.466 0.0000000000
36773  -7.510  -54.914  63.237 0.0000000000
36756  -6.202  -55.219  64.284 0.0000000000
36743  -5.582  -55.111  64.542 0.0000000000
76024  -44.001  -22.277  44.883 0.0000000000
76040  -44.209  -21.957  44.112 0.0000000000
77216  -44.625  -21.320  43.838 0.0000000000
77233  -44.253  -21.024  43.227 0.0000000000
67679  -42.298  -28.863  51.100 0.0000000000
57048  -33.608  -39.486  51.480 0.0000000000
55772  -34.605  -39.878  52.616 0.0000000000
49953  -15.445  -42.707  59.901 0.0000000000
49952  -14.611  -42.957  59.260 0.0000000000
49951  -13.943  -43.809  58.804 0.0000000000
47663  -17.534  -47.369  57.849 0.0000000000
51179  -17.575  -43.699  55.781 0.0000000000
49986  -17.852  -44.800  55.708 0.0000000000
48832  -18.288  -45.714  56.277 0.0000000000
47672  -17.955  -46.905  57.315 0.0000000000
58310  -42.903  -37.194  51.886 0.0000000000
59565  -43.119  -36.689  51.746 0.0000000000
61981  -40.789  -34.024  51.278 0.0000000000
62002  -40.630  -34.291  49.528 0.0000000000
53402  -22.236  -41.702  53.608 0.0000000000
52342  -23.273  -42.275  53.511 0.0000000000
53403  -22.814  -41.559  53.300 0.0000000000
54545  -23.919  -39.855  52.443 0.0000000000
54524  -25.290  -41.088  52.293 0.0000000000
54525  -25.811  -41.233  52.116 0.0000000000
54548  -27.207  -40.902  51.511 0.0000000000
57024  -25.550  -37.199  53.234 0.0000000000
57066  -25.657  -38.188  51.744 0.0000000000
57045  -26.897  -37.252  52.311 0.0000000000
57067  -26.359  -37.983  51.576 0.0000000000
55794  -25.967  -38.746  51.422 0.0000000000
54566  -26.962  -39.918  51.288 0.0000000000
54568  -28.851  -40.381  51.220 0.0000000000
60772  -30.045  -35.331  52.170 0.0000000000
60791  -30.513  -35.335  51.587 0.0000000000
59558  -30.809  -35.541  51.080 0.0000000000
58307  -32.202  -38.036  50.412 0.0000000000
57075  -34.207  -38.961  51.024 0.0000000000
57121  -34.504  -38.154  49.454 0.0000000000
58347  -36.881  -37.638  48.781 0.0000000000
58371  -37.232  -37.091  48.567 0.0000000000
57139  -37.168  -37.757  48.751 0.0000000000
55823  -38.203  -39.407  50.774 0.0000000000
55806  -39.540  -39.277  51.320 0.0000000000
57051  -40.050  -38.940  51.625 0.0000000000
57079  -40.678  -38.832  51.130 0.0000000000
57105  -40.438  -38.700  50.261 0.0000000000
57080  -41.422  -38.499  51.414 0.0000000000
54474  -21.473  -38.840  55.966 0.0000000000
67769  -43.064  -29.644  44.821 0.0000000000
76038  -42.560  -22.787  43.942 0.0000000000
73794  -44.596  -23.757  41.681 0.0000000000
72621  -45.372  -25.573  42.004 0.0000000000
71489  -46.782  -26.650  42.109 0.0000000000
79685  -52.784  -19.840  37.081 0.0000000000
80873  -52.506  -18.567  36.861 0.0000000000
40665  -6.835  -51.973  63.145 0.0000000000
39369  -9.076  -53.151  61.437 0.0000000000
39356  -8.794  -53.635  61.827 0.0000000000
38046  -8.461  -54.184  62.539 0.0000000000
36774  -8.217  -55.225  63.391 0.0000000000
38010  -10.085  -55.567  65.115 0.0000000000
36747  -9.518  -55.809  64.877 0.0000000000
60834  -43.169  -34.866  49.886 0.0000000000
63064  -43.918  -33.452  51.097 0.0000000000
64211  -42.036  -32.701  48.666 0.0000000000
65371  -42.018  -31.981  48.731 0.0000000000
64193  -42.656  -32.674  49.003 0.0000000000
64194  -43.180  -32.583  49.527 0.0000000000
64155  -44.077  -32.580  51.031 0.0000000000
66502  -43.476  -30.681  50.376 0.0000000000
66500  -42.009  -29.997  49.823 0.0000000000
67695  -42.989  -30.116  50.325 0.0000000000
66481  -35.719  -31.140  52.216 0.0000000000
67676  -35.384  -30.455  52.797 0.0000000000
65326  -36.291  -32.030  50.162 0.0000000000
67689  -34.224  -29.605  50.708 0.0000000000
67706  -34.173  -29.468  49.858 0.0000000000
66497  -34.555  -30.344  50.203 0.0000000000
66519  -37.468  -30.909  48.830 0.0000000000
67677  -40.684  -28.455  50.604 0.0000000000
68886  -41.461  -28.228  51.183 0.0000000000
70150  -39.403  -28.174  49.678 0.0000000000
68954  -37.640  -28.771  47.848 0.0000000000
69055  -40.583  -28.874  44.337 0.0000000000
71459  -38.036  -26.052  44.501 0.0000000000
72608  -40.373  -25.620  43.620 0.0000000000
73739  -40.298  -23.781  44.792 0.0000000000
74892  -41.378  -23.405  44.518 0.0000000000
52321  -24.079  -42.618  53.997 0.0000000000
52302  -25.441  -42.924  55.334 0.0000000000
53385  -28.409  -42.460  53.825 0.0000000000
52306  -29.388  -42.791  55.352 0.0000000000
52305  -28.099  -43.086  55.484 0.0000000000
52285  -27.344  -43.200  56.459 0.0000000000
42923  -8.596  -50.221  61.208 0.0000000000
42924  -9.040  -50.762  60.814 0.0000000000
45240  -9.518  -48.568  60.487 0.0000000000
45257  -10.135  -48.648  59.709 0.0000000000
44049  -9.443  -49.680  60.478 0.0000000000
41846  -10.658  -51.426  60.595 0.0000000000
41833  -11.670  -51.643  60.965 0.0000000000
42907  -12.664  -51.143  61.103 0.0000000000
46474  -13.275  -47.692  58.365 0.0000000000
46459  -13.709  -48.471  58.709 0.0000000000
45242  -13.749  -49.331  59.532 0.0000000000
46463  -17.837  -48.171  59.051 0.0000000000
45243  -14.471  -49.514  59.712 0.0000000000
34248  -7.532  -57.933  66.050 0.0000000000
35474  -7.313  -57.774  65.706 0.0000000000
34247  -6.877  -57.934  65.641 0.0000000000
35489  -6.049  -56.668  64.932 0.0000000000
34255  -4.903  -56.887  64.175 0.0000000000
35473  -4.783  -55.022  64.418 0.0000000000
36754  -5.937  -55.833  64.644 0.0000000000
39358  -10.463  -53.489  62.074 0.0000000000
39370  -9.612  -53.377  61.631 0.0000000000
40664  -6.666  -52.242  63.339 0.0000000000
40668  -12.001  -53.283  62.827 0.0000000000
41829  -7.634  -51.771  61.796 0.0000000000
41844  -9.317  -51.324  60.823 0.0000000000
45256  -9.662  -48.233  59.993 0.0000000000
45275  -12.571  -47.797  58.631 0.0000000000
46443  -9.887  -47.227  59.978 0.0000000000
46472  -11.800  -47.110  58.743 0.0000000000
46489  -15.310  -46.781  57.445 0.0000000000
50009  -22.411  -44.211  55.496 0.0000000000
51138  -18.020  -41.171  58.665 0.0000000000
51200  -18.015  -44.182  55.577 0.0000000000
52258  -17.104  -42.282  56.947 0.0000000000
52277  -16.672  -42.940  56.530 0.0000000000
52318  -21.433  -42.864  54.285 0.0000000000
52340  -22.057  -42.055  53.711 0.0000000000
53364  -19.215  -42.037  55.655 0.0000000000
53425  -26.085  -41.315  52.044 0.0000000000
55737  -23.580  -38.964  52.880 0.0000000000
55738  -24.012  -38.581  52.676 0.0000000000
57004  -23.472  -38.637  53.367 0.0000000000
57096  -29.851  -37.938  50.442 0.0000000000
58297  -42.753  -37.473  52.153 0.0000000000
58343  -33.364  -36.812  49.511 0.0000000000
59540  -32.903  -34.583  53.371 0.0000000000
59557  -30.399  -35.904  51.049 0.0000000000
59564  -42.800  -37.056  51.622 0.0000000000
60777  -34.916  -34.424  52.194 0.0000000000
60790  -29.968  -35.616  51.508 0.0000000000
61979  -34.254  -34.592  50.668 0.0000000000
61990  -34.351  -34.735  50.501 0.0000000000
64150  -37.314  -32.255  51.031 0.0000000000
65325  -35.790  -31.532  50.260 0.0000000000
65367  -39.317  -31.927  48.672 0.0000000000
66535  -34.532  -29.912  48.852 0.0000000000
67678  -41.136  -28.582  50.700 0.0000000000
