#!ascii label  , from subject 3855 vox2ras=TkReg
797
43968  -20.272  -49.155  65.535 0.0000000000
62979  -47.888  -33.468  62.665 0.0000000000
73515  -48.885  -24.832  57.131 0.0000000000
68894  -53.705  -28.609  51.949 0.0000000000
58110  -44.802  -38.100  63.324 0.0000000000
72454  -51.824  -25.711  54.723 0.0000000000
73669  -54.177  -24.388  48.914 0.0000000000
77178  -57.853  -21.992  49.357 0.0000000000
61892  -50.689  -34.444  61.953 0.0000000000
66305  -52.307  -30.615  60.737 0.0000000000
67492  -48.812  -29.727  61.142 0.0000000000
47519  -21.708  -47.529  67.485 0.0000000000
46371  -25.964  -47.178  66.066 0.0000000000
46376  -31.299  -47.346  65.678 0.0000000000
50991  -35.433  -44.804  66.734 0.0000000000
52101  -40.061  -42.607  66.003 0.0000000000
54303  -44.645  -40.667  65.500 0.0000000000
56895  -47.849  -38.449  65.097 0.0000000000
70055  -52.248  -27.267  57.766 0.0000000000
78375  -59.202  -20.809  47.716 0.0000000000
62956  -49.747  -33.474  63.538 0.0000000000
66275  -50.074  -31.863  63.023 0.0000000000
65173  -48.837  -31.428  61.694 0.0000000000
47560  -21.228  -46.575  66.085 0.0000000000
47531  -23.980  -46.977  66.708 0.0000000000
54322  -40.019  -41.746  64.796 0.0000000000
53226  -42.028  -41.898  66.138 0.0000000000
55486  -42.733  -40.390  65.020 0.0000000000
60635  -46.166  -35.988  63.427 0.0000000000
59306  -45.997  -37.696  65.164 0.0000000000
60637  -47.696  -35.439  64.074 0.0000000000
59333  -49.046  -36.529  63.501 0.0000000000
71180  -51.318  -27.364  60.682 0.0000000000
67536  -52.456  -29.337  59.286 0.0000000000
73488  -51.955  -25.341  58.747 0.0000000000
71339  -53.459  -27.195  52.929 0.0000000000
70097  -54.429  -26.944  55.281 0.0000000000
68861  -55.025  -29.002  53.908 0.0000000000
66453  -56.100  -30.960  53.204 0.0000000000
72549  -57.593  -25.329  49.399 0.0000000000
70232  -56.392  -27.010  47.812 0.0000000000
55545  -43.347  -39.897  63.046 0.0000000000
68892  -51.863  -27.960  51.345 0.0000000000
75968  -56.051  -23.270  49.215 0.0000000000
73673  -58.149  -23.995  50.255 0.0000000000
76019  -59.134  -22.739  47.154 0.0000000000
59410  -50.781  -35.646  60.057 0.0000000000
62990  -51.543  -33.268  61.486 0.0000000000
68724  -50.871  -28.997  61.578 0.0000000000
43926  -21.105  -48.829  67.930 0.0000000000
43974  -27.684  -48.660  65.299 0.0000000000
46374  -28.743  -47.856  65.595 0.0000000000
43976  -29.846  -49.362  65.038 0.0000000000
42855  -32.481  -48.861  65.207 0.0000000000
46380  -34.206  -47.254  66.311 0.0000000000
47572  -36.556  -45.453  65.852 0.0000000000
52116  -37.525  -43.380  66.200 0.0000000000
51016  -41.192  -43.496  65.358 0.0000000000
58081  -44.653  -38.896  65.143 0.0000000000
55490  -45.920  -39.378  65.201 0.0000000000
54365  -46.725  -40.229  63.792 0.0000000000
55567  -48.421  -39.453  62.596 0.0000000000
56935  -49.566  -37.916  61.344 0.0000000000
73540  -53.211  -24.988  56.925 0.0000000000
68965  -54.243  -29.040  48.220 0.0000000000
66506  -55.473  -30.523  50.995 0.0000000000
43935  -20.112  -49.362  67.182 0.0000000000
62954  -48.416  -33.459  63.323 0.0000000000
64003  -48.864  -32.451  63.206 0.0000000000
64033  -48.247  -32.930  62.201 0.0000000000
55541  -40.323  -40.956  63.018 0.0000000000
55485  -41.955  -40.944  65.111 0.0000000000
55524  -41.826  -40.490  63.818 0.0000000000
61881  -47.055  -34.546  63.054 0.0000000000
60636  -46.918  -35.236  63.765 0.0000000000
61874  -47.846  -34.353  63.465 0.0000000000
61875  -48.483  -34.653  63.673 0.0000000000
72343  -51.072  -26.215  59.630 0.0000000000
72373  -50.461  -25.248  58.563 0.0000000000
70129  -53.701  -27.749  52.580 0.0000000000
70115  -54.416  -27.839  53.648 0.0000000000
68875  -54.584  -28.710  53.202 0.0000000000
67651  -55.145  -29.643  53.630 0.0000000000
66473  -55.010  -29.856  52.685 0.0000000000
71406  -58.116  -26.240  49.472 0.0000000000
70200  -58.092  -27.098  49.060 0.0000000000
68969  -58.588  -27.648  49.548 0.0000000000
76002  -55.537  -23.031  48.097 0.0000000000
75988  -56.372  -22.557  48.674 0.0000000000
74812  -57.109  -23.397  50.139 0.0000000000
75950  -57.559  -22.924  50.213 0.0000000000
74813  -58.488  -23.360  49.973 0.0000000000
75989  -58.382  -22.335  49.274 0.0000000000
77199  -59.588  -21.404  47.365 0.0000000000
60675  -50.561  -35.444  61.467 0.0000000000
61901  -51.243  -34.256  61.210 0.0000000000
62981  -51.000  -33.443  62.006 0.0000000000
67472  -49.277  -30.066  61.658 0.0000000000
67473  -50.375  -30.495  62.170 0.0000000000
68739  -49.397  -28.805  61.339 0.0000000000
69985  -49.667  -27.832  60.855 0.0000000000
68754  -48.826  -28.277  59.951 0.0000000000
43937  -21.782  -48.425  67.213 0.0000000000
45119  -22.335  -47.712  66.982 0.0000000000
47547  -25.276  -46.832  66.131 0.0000000000
46390  -30.240  -47.282  65.152 0.0000000000
46375  -30.051  -47.884  65.347 0.0000000000
45146  -29.601  -48.575  65.553 0.0000000000
43956  -30.713  -48.959  65.718 0.0000000000
43978  -31.515  -49.177  65.401 0.0000000000
43957  -31.610  -48.624  65.879 0.0000000000
47551  -35.004  -46.164  67.085 0.0000000000
46362  -35.146  -46.227  66.477 0.0000000000
48673  -36.283  -45.212  66.715 0.0000000000
53239  -38.656  -42.400  65.244 0.0000000000
53238  -37.753  -42.655  65.394 0.0000000000
52117  -38.391  -43.051  66.326 0.0000000000
49820  -38.788  -43.953  66.264 0.0000000000
49832  -40.080  -44.161  66.210 0.0000000000
49849  -40.072  -44.378  65.452 0.0000000000
51005  -40.698  -43.670  65.778 0.0000000000
54301  -43.137  -41.328  65.813 0.0000000000
52135  -42.859  -42.053  65.617 0.0000000000
53254  -43.755  -41.528  65.437 0.0000000000
53256  -44.789  -41.280  65.045 0.0000000000
56902  -43.872  -39.375  63.973 0.0000000000
58101  -44.799  -38.558  64.341 0.0000000000
58084  -46.896  -37.912  65.445 0.0000000000
56884  -46.446  -38.362  65.401 0.0000000000
55508  -47.193  -38.941  64.747 0.0000000000
54344  -46.281  -40.179  64.350 0.0000000000
55528  -47.361  -39.308  64.060 0.0000000000
56912  -48.306  -38.732  63.481 0.0000000000
60666  -49.722  -35.980  62.680 0.0000000000
58112  -49.314  -37.206  62.883 0.0000000000
59374  -50.180  -36.357  61.831 0.0000000000
58141  -50.339  -37.077  60.913 0.0000000000
47527  -20.594  -47.589  68.065 0.0000000000
47517  -20.668  -47.809  68.414 0.0000000000
45104  -20.559  -48.490  68.721 0.0000000000
64063  -52.488  -32.209  59.919 0.0000000000
65204  -52.611  -31.319  59.569 0.0000000000
68789  -52.218  -28.439  58.753 0.0000000000
73589  -50.439  -24.633  55.152 0.0000000000
73539  -52.363  -24.871  56.630 0.0000000000
73564  -52.407  -25.131  55.760 0.0000000000
68829  -54.177  -27.772  54.894 0.0000000000
70096  -53.703  -27.231  55.705 0.0000000000
68967  -56.524  -28.519  48.465 0.0000000000
68997  -55.499  -27.996  47.759 0.0000000000
67734  -56.108  -29.565  48.933 0.0000000000
67733  -55.030  -29.599  48.957 0.0000000000
66527  -56.156  -30.564  50.324 0.0000000000
66507  -56.503  -30.893  51.171 0.0000000000
77198  -57.544  -21.543  47.586 0.0000000000
78367  -58.389  -21.027  48.362 0.0000000000
78378  -58.153  -20.774  47.282 0.0000000000
78379  -58.870  -20.462  47.052 0.0000000000
62970  -50.145  -33.619  63.242 0.0000000000
64020  -50.629  -32.680  62.738 0.0000000000
64004  -50.012  -32.844  63.552 0.0000000000
65147  -49.050  -31.782  62.975 0.0000000000
66303  -48.954  -30.514  61.089 0.0000000000
47528  -21.471  -47.295  67.382 0.0000000000
47520  -22.183  -47.302  67.065 0.0000000000
48688  -24.846  -46.396  65.727 0.0000000000
54281  -39.785  -42.030  65.261 0.0000000000
53207  -41.063  -42.257  66.136 0.0000000000
55469  -41.381  -41.595  65.585 0.0000000000
55470  -42.007  -41.295  65.508 0.0000000000
54285  -43.419  -40.666  65.670 0.0000000000
59352  -45.635  -36.761  62.876 0.0000000000
59330  -45.464  -37.742  64.072 0.0000000000
60618  -46.348  -36.351  64.212 0.0000000000
60607  -47.146  -37.036  65.157 0.0000000000
59320  -48.037  -37.089  65.095 0.0000000000
58102  -48.505  -37.531  64.277 0.0000000000
60622  -48.597  -36.352  64.304 0.0000000000
60639  -48.931  -35.742  63.823 0.0000000000
47559  -20.138  -47.080  66.278 0.0000000000
68743  -52.282  -28.940  60.913 0.0000000000
67515  -52.583  -29.440  59.865 0.0000000000
70005  -52.145  -27.616  60.337 0.0000000000
71221  -52.223  -26.682  59.300 0.0000000000
71251  -52.522  -26.563  58.227 0.0000000000
71322  -52.580  -26.506  53.767 0.0000000000
72456  -53.735  -25.700  54.983 0.0000000000
71324  -54.246  -27.119  53.938 0.0000000000
70106  -54.425  -27.572  54.340 0.0000000000
73696  -55.706  -24.588  49.085 0.0000000000
72566  -55.405  -25.846  48.015 0.0000000000
71404  -56.209  -25.777  48.311 0.0000000000
70199  -57.056  -27.347  48.467 0.0000000000
61899  -47.476  -34.181  61.675 0.0000000000
60665  -46.551  -35.339  61.864 0.0000000000
74676  -49.303  -24.410  56.818 0.0000000000
71320  -50.540  -26.445  54.077 0.0000000000
71337  -51.701  -26.955  53.213 0.0000000000
70127  -52.103  -27.396  52.219 0.0000000000
68893  -52.763  -28.204  51.344 0.0000000000
74809  -54.747  -23.814  49.261 0.0000000000
73671  -56.346  -24.217  49.425 0.0000000000
72524  -57.888  -24.695  49.877 0.0000000000
71380  -58.907  -25.947  49.650 0.0000000000
77192  -59.171  -21.531  48.259 0.0000000000
74853  -59.209  -23.466  48.120 0.0000000000
60692  -51.181  -34.988  59.759 0.0000000000
62999  -52.223  -33.071  60.322 0.0000000000
65175  -52.179  -31.524  61.042 0.0000000000
64021  -51.030  -32.160  62.509 0.0000000000
66290  -51.512  -30.780  61.647 0.0000000000
67493  -52.001  -29.881  61.207 0.0000000000
69987  -51.151  -27.721  61.021 0.0000000000
71198  -49.936  -26.725  59.830 0.0000000000
64062  -48.709  -32.267  60.307 0.0000000000
65203  -48.826  -31.361  59.749 0.0000000000
68772  -48.912  -28.475  59.223 0.0000000000
43948  -20.890  -48.654  66.381 0.0000000000
43949  -21.794  -48.351  66.573 0.0000000000
43995  -28.327  -49.177  64.446 0.0000000000
48712  -24.926  -46.028  65.234 0.0000000000
47580  -26.373  -46.364  65.288 0.0000000000
47565  -27.325  -47.309  65.690 0.0000000000
43975  -28.886  -49.225  65.033 0.0000000000
44000  -32.680  -48.682  64.874 0.0000000000
45184  -33.408  -47.804  65.122 0.0000000000
52130  -35.712  -43.738  65.844 0.0000000000
52131  -36.588  -43.389  65.540 0.0000000000
50992  -36.318  -44.372  66.589 0.0000000000
49818  -36.818  -44.599  66.531 0.0000000000
48695  -37.528  -44.785  65.644 0.0000000000
52149  -41.863  -42.927  65.487 0.0000000000
55525  -42.669  -40.252  63.844 0.0000000000
56880  -43.865  -39.445  65.253 0.0000000000
55473  -44.963  -39.598  65.721 0.0000000000
59305  -45.207  -38.393  65.280 0.0000000000
56882  -45.021  -39.037  65.756 0.0000000000
54304  -45.281  -40.073  65.431 0.0000000000
54343  -45.576  -40.642  64.674 0.0000000000
53269  -45.753  -40.930  64.151 0.0000000000
54402  -48.296  -39.914  61.233 0.0000000000
56913  -48.846  -38.240  63.303 0.0000000000
55588  -49.074  -38.706  61.623 0.0000000000
55606  -49.255  -38.549  60.910 0.0000000000
56942  -49.643  -37.977  60.440 0.0000000000
43917  -20.366  -49.241  68.646 0.0000000000
73518  -51.741  -24.811  57.458 0.0000000000
72389  -52.776  -25.230  57.655 0.0000000000
71252  -52.922  -26.206  57.588 0.0000000000
72407  -54.190  -25.877  55.853 0.0000000000
70079  -53.870  -26.563  56.172 0.0000000000
70077  -52.108  -27.552  56.965 0.0000000000
68913  -52.072  -28.434  50.497 0.0000000000
68914  -53.074  -28.947  50.690 0.0000000000
71426  -54.997  -26.423  47.634 0.0000000000
70229  -53.609  -27.463  47.443 0.0000000000
68964  -53.267  -29.004  48.395 0.0000000000
67715  -53.982  -29.396  50.256 0.0000000000
67697  -54.552  -29.887  51.149 0.0000000000
66491  -55.053  -30.299  52.116 0.0000000000
43946  -19.433  -49.809  66.161 0.0000000000
62968  -47.973  -33.456  63.158 0.0000000000
64018  -48.252  -32.862  62.775 0.0000000000
55523  -41.043  -40.928  63.801 0.0000000000
55542  -40.946  -40.319  63.124 0.0000000000
61891  -47.425  -34.039  62.500 0.0000000000
61873  -47.333  -34.545  63.363 0.0000000000
61882  -47.544  -34.035  63.092 0.0000000000
72371  -49.226  -25.637  58.105 0.0000000000
72372  -49.939  -25.444  58.243 0.0000000000
68874  -54.143  -28.293  52.662 0.0000000000
68895  -54.279  -28.682  52.508 0.0000000000
67665  -54.929  -29.530  52.977 0.0000000000
67682  -54.471  -29.296  52.217 0.0000000000
71407  -58.689  -26.366  49.624 0.0000000000
70201  -58.617  -26.893  49.511 0.0000000000
77189  -57.078  -21.991  48.312 0.0000000000
77177  -57.117  -22.085  49.170 0.0000000000
75970  -57.402  -22.605  49.782 0.0000000000
75971  -58.086  -22.600  49.865 0.0000000000
61900  -50.808  -34.746  61.432 0.0000000000
68721  -49.592  -29.332  61.665 0.0000000000
69984  -49.236  -28.247  60.832 0.0000000000
68755  -48.936  -28.732  60.643 0.0000000000
45111  -21.876  -47.924  68.059 0.0000000000
46335  -21.903  -47.799  67.517 0.0000000000
47563  -25.754  -46.873  66.099 0.0000000000
46355  -25.465  -46.962  66.198 0.0000000000
45147  -30.914  -48.281  65.769 0.0000000000
50990  -34.973  -45.281  66.872 0.0000000000
48659  -34.601  -45.717  66.969 0.0000000000
48660  -35.096  -45.590  67.073 0.0000000000
48672  -35.459  -45.450  66.890 0.0000000000
49816  -35.314  -45.107  66.884 0.0000000000
53223  -39.581  -42.369  65.695 0.0000000000
53222  -38.556  -42.544  65.926 0.0000000000
52118  -39.499  -42.810  66.180 0.0000000000
50995  -39.055  -43.522  66.370 0.0000000000
50996  -39.828  -43.556  66.301 0.0000000000
51004  -40.345  -43.693  66.084 0.0000000000
52119  -40.271  -42.983  66.107 0.0000000000
54302  -43.761  -40.855  65.728 0.0000000000
53242  -43.365  -41.512  65.642 0.0000000000
53243  -43.980  -41.212  65.588 0.0000000000
53255  -44.263  -41.442  65.256 0.0000000000
54323  -44.763  -41.057  65.296 0.0000000000
56903  -44.477  -38.758  63.718 0.0000000000
58092  -47.650  -37.840  65.398 0.0000000000
56894  -46.823  -38.568  65.231 0.0000000000
55509  -47.690  -38.725  64.433 0.0000000000
55529  -47.818  -38.880  63.760 0.0000000000
56904  -48.189  -38.223  64.155 0.0000000000
60667  -50.118  -35.544  62.416 0.0000000000
59373  -49.760  -36.449  62.432 0.0000000000
59394  -50.443  -36.374  61.220 0.0000000000
47518  -21.148  -47.667  68.093 0.0000000000
45110  -21.114  -48.261  68.248 0.0000000000
65189  -52.429  -31.392  60.318 0.0000000000
68803  -51.929  -28.101  58.217 0.0000000000
68788  -51.925  -28.545  58.348 0.0000000000
68802  -51.630  -28.372  57.710 0.0000000000
70054  -51.905  -27.668  57.497 0.0000000000
73590  -51.609  -25.082  55.233 0.0000000000
73591  -52.424  -25.416  55.222 0.0000000000
72521  -53.492  -24.890  48.911 0.0000000000
67735  -57.213  -29.424  49.285 0.0000000000
67717  -55.713  -30.166  49.605 0.0000000000
62969  -49.809  -33.865  63.553 0.0000000000
62957  -50.040  -33.277  63.602 0.0000000000
63991  -49.608  -32.826  63.487 0.0000000000
64019  -48.675  -32.287  62.847 0.0000000000
65158  -48.941  -31.514  62.401 0.0000000000
66287  -49.075  -30.629  61.813 0.0000000000
47544  -21.986  -46.802  66.692 0.0000000000
55503  -39.910  -41.510  64.378 0.0000000000
54321  -39.285  -41.714  64.549 0.0000000000
54299  -39.708  -42.050  64.968 0.0000000000
54300  -40.403  -41.769  65.185 0.0000000000
54282  -40.773  -41.807  65.598 0.0000000000
55471  -43.038  -40.488  65.503 0.0000000000
59331  -45.816  -36.870  63.815 0.0000000000
60619  -46.986  -36.230  64.472 0.0000000000
60620  -47.615  -36.524  64.749 0.0000000000
60621  -48.348  -36.400  64.448 0.0000000000
61876  -49.235  -34.468  63.602 0.0000000000
61883  -49.683  -34.644  63.423 0.0000000000
47543  -20.918  -47.091  67.044 0.0000000000
70004  -51.657  -27.734  60.718 0.0000000000
68756  -52.100  -28.257  60.752 0.0000000000
71200  -51.560  -26.874  60.180 0.0000000000
72359  -51.874  -25.915  59.157 0.0000000000
71220  -51.936  -26.646  59.636 0.0000000000
72360  -52.356  -26.085  58.913 0.0000000000
71238  -52.462  -26.337  58.650 0.0000000000
71308  -53.305  -26.157  54.421 0.0000000000
71323  -53.614  -26.734  53.677 0.0000000000
68860  -54.699  -28.483  53.865 0.0000000000
68847  -54.642  -28.595  54.167 0.0000000000
68848  -55.010  -29.255  53.897 0.0000000000
72548  -56.520  -24.946  48.946 0.0000000000
71405  -57.263  -26.127  48.776 0.0000000000
68968  -57.890  -28.430  49.234 0.0000000000
61898  -47.039  -34.824  61.309 0.0000000000
71321  -51.358  -26.325  54.165 0.0000000000
68872  -51.533  -27.832  51.902 0.0000000000
70143  -52.150  -27.642  51.753 0.0000000000
70144  -52.536  -27.686  51.794 0.0000000000
75987  -55.579  -23.202  48.894 0.0000000000
75986  -55.099  -23.377  48.754 0.0000000000
74833  -54.674  -23.532  48.791 0.0000000000
74834  -55.165  -23.499  49.108 0.0000000000
74810  -55.827  -23.581  49.321 0.0000000000
73652  -57.625  -23.543  50.322 0.0000000000
73672  -57.305  -23.840  50.116 0.0000000000
71379  -58.344  -25.570  49.635 0.0000000000
72525  -58.535  -24.913  49.694 0.0000000000
74814  -58.901  -23.439  49.297 0.0000000000
78374  -58.625  -20.652  47.895 0.0000000000
77191  -58.450  -21.690  48.788 0.0000000000
78368  -58.872  -20.953  48.352 0.0000000000
76005  -59.172  -22.834  47.548 0.0000000000
76006  -59.252  -22.546  47.853 0.0000000000
59421  -50.643  -36.242  59.719 0.0000000000
59422  -50.961  -35.616  59.546 0.0000000000
62998  -51.801  -33.516  60.868 0.0000000000
62991  -52.003  -32.906  60.980 0.0000000000
64051  -52.269  -32.257  60.687 0.0000000000
64050  -51.918  -32.359  61.379 0.0000000000
65149  -50.332  -31.951  62.972 0.0000000000
65150  -50.841  -31.949  62.692 0.0000000000
68704  -50.709  -29.379  61.661 0.0000000000
66289  -51.005  -30.820  62.058 0.0000000000
67475  -51.249  -29.837  61.611 0.0000000000
68742  -51.569  -28.649  61.213 0.0000000000
68741  -50.864  -28.074  61.262 0.0000000000
70002  -49.112  -27.786  60.193 0.0000000000
70003  -49.654  -27.323  60.214 0.0000000000
43936  -20.939  -49.032  67.104 0.0000000000
43950  -22.384  -47.873  66.435 0.0000000000
47530  -23.104  -46.987  67.082 0.0000000000
46343  -23.166  -47.258  66.866 0.0000000000
43973  -26.861  -48.420  64.929 0.0000000000
43994  -27.474  -48.782  64.564 0.0000000000
44013  -27.789  -48.952  63.853 0.0000000000
49839  -25.526  -45.616  64.679 0.0000000000
48713  -25.777  -46.112  65.280 0.0000000000
46373  -27.804  -47.792  66.035 0.0000000000
45145  -28.343  -48.285  65.726 0.0000000000
45166  -29.396  -49.090  65.363 0.0000000000
45165  -28.642  -48.741  65.429 0.0000000000
43996  -29.558  -49.493  64.157 0.0000000000
42854  -32.200  -49.125  65.137 0.0000000000
42853  -31.748  -49.314  64.943 0.0000000000
42870  -32.125  -49.130  64.765 0.0000000000
42871  -32.550  -48.962  65.024 0.0000000000
46379  -33.567  -47.514  66.206 0.0000000000
46392  -33.744  -47.509  65.837 0.0000000000
45168  -33.389  -47.765  65.401 0.0000000000
46393  -34.240  -47.182  65.528 0.0000000000
47571  -35.626  -45.727  65.992 0.0000000000
47586  -35.303  -45.947  65.590 0.0000000000
47587  -36.160  -45.565  65.570 0.0000000000
47602  -36.528  -45.436  65.327 0.0000000000
47588  -36.813  -45.342  65.490 0.0000000000
53221  -37.681  -42.832  65.979 0.0000000000
53237  -37.206  -43.121  65.407 0.0000000000
53220  -37.139  -43.259  65.846 0.0000000000
52115  -36.609  -43.685  66.190 0.0000000000
50993  -37.210  -43.975  66.389 0.0000000000
48675  -38.535  -44.170  66.025 0.0000000000
48696  -38.297  -44.403  65.716 0.0000000000
49829  -37.752  -44.760  65.306 0.0000000000
49850  -40.442  -44.142  65.705 0.0000000000
49870  -39.910  -44.316  64.642 0.0000000000
49871  -40.671  -44.021  64.977 0.0000000000
53225  -41.339  -42.099  66.084 0.0000000000
52121  -41.567  -42.342  66.021 0.0000000000
55526  -43.192  -39.999  63.645 0.0000000000
58090  -44.001  -39.060  64.872 0.0000000000
56892  -43.773  -39.368  64.882 0.0000000000
58080  -43.985  -39.119  65.205 0.0000000000
56869  -43.919  -39.705  65.480 0.0000000000
56870  -44.698  -39.448  65.593 0.0000000000
59319  -45.969  -37.285  64.496 0.0000000000
59318  -45.268  -37.918  64.902 0.0000000000
56883  -45.868  -38.872  65.429 0.0000000000
55489  -45.328  -39.448  65.517 0.0000000000
55474  -45.049  -39.411  66.083 0.0000000000
54305  -45.604  -39.750  65.264 0.0000000000
54324  -45.158  -40.756  65.157 0.0000000000
54325  -45.688  -39.990  65.015 0.0000000000
53282  -46.393  -40.926  63.467 0.0000000000
54367  -48.043  -39.914  62.792 0.0000000000
55587  -48.630  -39.399  61.822 0.0000000000
58103  -48.796  -37.411  63.648 0.0000000000
56905  -48.565  -37.867  63.854 0.0000000000
58123  -49.728  -37.165  61.918 0.0000000000
56924  -49.312  -38.070  62.302 0.0000000000
56936  -49.926  -37.543  60.911 0.0000000000
59409  -50.572  -36.251  60.560 0.0000000000
58161  -50.387  -37.104  60.188 0.0000000000
43918  -20.788  -48.649  68.433 0.0000000000
66342  -52.529  -30.326  59.423 0.0000000000
66362  -52.395  -30.022  58.967 0.0000000000
74692  -50.168  -24.401  56.292 0.0000000000
73517  -50.614  -24.749  57.140 0.0000000000
73519  -52.619  -24.957  57.494 0.0000000000
73520  -53.037  -25.053  57.390 0.0000000000
72376  -52.842  -25.797  57.847 0.0000000000
72390  -53.123  -25.486  57.335 0.0000000000
71309  -54.212  -26.346  54.754 0.0000000000
72457  -54.060  -25.787  55.179 0.0000000000
71294  -54.283  -26.188  55.556 0.0000000000
70095  -52.727  -27.478  56.058 0.0000000000
70078  -53.008  -27.050  56.601 0.0000000000
72565  -54.542  -25.687  48.055 0.0000000000
68996  -54.454  -28.255  47.635 0.0000000000
70230  -54.664  -27.288  47.396 0.0000000000
70228  -52.455  -27.535  47.591 0.0000000000
68995  -53.405  -28.372  47.757 0.0000000000
68994  -52.434  -28.613  47.832 0.0000000000
67716  -54.828  -30.063  49.985 0.0000000000
67732  -54.053  -29.473  49.146 0.0000000000
62941  -48.876  -33.366  63.424 0.0000000000
63990  -49.192  -32.719  63.392 0.0000000000
63989  -48.733  -33.009  63.304 0.0000000000
64034  -48.620  -32.252  62.287 0.0000000000
55522  -40.164  -41.291  63.812 0.0000000000
55504  -40.838  -41.364  64.634 0.0000000000
55505  -41.835  -40.717  64.539 0.0000000000
60653  -46.609  -35.261  62.844 0.0000000000
60638  -48.375  -35.595  64.019 0.0000000000
62955  -48.550  -33.955  63.472 0.0000000000
71199  -50.660  -26.661  60.159 0.0000000000
72358  -50.928  -25.473  59.107 0.0000000000
73487  -51.639  -25.244  58.761 0.0000000000
70114  -54.005  -27.377  53.293 0.0000000000
70130  -54.239  -27.929  53.068 0.0000000000
68876  -54.849  -28.962  53.735 0.0000000000
67666  -55.001  -29.435  53.569 0.0000000000
66474  -55.593  -30.220  53.061 0.0000000000
75969  -56.628  -23.000  49.550 0.0000000000
74811  -56.754  -23.524  49.779 0.0000000000
75948  -56.965  -23.200  49.997 0.0000000000
74790  -57.889  -23.258  50.310 0.0000000000
73674  -58.835  -24.204  49.695 0.0000000000
75972  -58.549  -22.829  49.498 0.0000000000
74870  -58.718  -23.163  46.824 0.0000000000
60683  -50.598  -35.849  60.991 0.0000000000
60684  -50.879  -35.157  60.676 0.0000000000
60676  -50.858  -34.895  61.186 0.0000000000
66274  -50.059  -31.335  62.659 0.0000000000
66288  -50.564  -30.962  62.374 0.0000000000
67456  -50.004  -30.137  62.039 0.0000000000
68702  -50.127  -29.233  61.978 0.0000000000
69964  -50.109  -28.919  61.704 0.0000000000
68740  -50.003  -28.129  61.254 0.0000000000
70021  -48.999  -27.798  59.545 0.0000000000
43927  -21.710  -48.312  67.774 0.0000000000
43938  -22.242  -47.975  66.929 0.0000000000
43939  -22.628  -47.927  66.521 0.0000000000
43954  -27.041  -48.410  65.859 0.0000000000
43955  -30.037  -49.137  65.473 0.0000000000
43977  -30.650  -49.334  65.260 0.0000000000
43979  -32.197  -48.807  65.496 0.0000000000
46361  -34.600  -46.558  66.858 0.0000000000
46381  -34.896  -46.587  66.111 0.0000000000
47552  -35.435  -45.861  66.717 0.0000000000
47553  -36.406  -45.408  66.280 0.0000000000
53253  -38.426  -42.205  64.745 0.0000000000
53252  -37.682  -42.383  64.701 0.0000000000
50994  -38.144  -43.670  66.267 0.0000000000
48698  -40.004  -44.427  66.091 0.0000000000
53241  -42.706  -41.720  65.851 0.0000000000
52134  -42.164  -42.369  65.848 0.0000000000
52151  -43.399  -42.003  65.167 0.0000000000
53267  -44.481  -41.651  64.745 0.0000000000
53268  -45.070  -41.392  64.465 0.0000000000
56910  -43.737  -39.367  62.987 0.0000000000
58100  -44.270  -38.991  64.809 0.0000000000
58091  -44.704  -38.589  65.092 0.0000000000
59307  -46.754  -37.466  65.310 0.0000000000
58083  -46.217  -38.168  65.420 0.0000000000
55507  -46.367  -39.327  64.894 0.0000000000
55527  -46.811  -39.483  64.430 0.0000000000
54345  -46.896  -39.820  63.996 0.0000000000
54366  -47.377  -40.058  63.370 0.0000000000
55546  -47.674  -39.395  63.579 0.0000000000
55547  -48.088  -39.387  63.242 0.0000000000
55548  -48.543  -38.978  63.045 0.0000000000
59353  -49.482  -36.358  62.904 0.0000000000
58124  -50.163  -36.891  61.426 0.0000000000
58140  -49.952  -37.311  61.285 0.0000000000
47542  -20.022  -47.541  67.552 0.0000000000
47526  -20.061  -47.683  68.191 0.0000000000
46332  -20.249  -47.900  68.854 0.0000000000
67557  -52.316  -29.292  58.939 0.0000000000
67556  -51.940  -29.341  58.552 0.0000000000
73562  -50.731  -24.503  55.993 0.0000000000
73538  -51.289  -24.747  56.603 0.0000000000
73563  -51.531  -24.680  55.858 0.0000000000
72405  -53.149  -25.330  56.118 0.0000000000
68830  -54.396  -27.688  54.620 0.0000000000
68998  -56.253  -27.630  47.941 0.0000000000
70231  -55.680  -27.141  47.501 0.0000000000
68966  -55.313  -28.869  48.264 0.0000000000
66526  -55.520  -30.374  50.199 0.0000000000
77190  -57.867  -21.493  48.520 0.0000000000
78373  -58.136  -20.981  48.033 0.0000000000
78384  -58.337  -20.727  46.244 0.0000000000
61884  -50.130  -34.672  62.830 0.0000000000
62980  -50.578  -33.644  62.557 0.0000000000
64005  -50.217  -32.748  63.374 0.0000000000
65138  -50.063  -32.279  63.394 0.0000000000
65127  -49.428  -32.461  63.394 0.0000000000
66262  -49.533  -31.777  62.978 0.0000000000
66273  -49.422  -30.908  62.256 0.0000000000
67514  -48.896  -29.673  60.508 0.0000000000
47529  -22.421  -46.906  67.000 0.0000000000
48656  -23.807  -46.786  66.560 0.0000000000
48668  -24.651  -46.692  66.123 0.0000000000
48669  -25.256  -46.640  65.980 0.0000000000
47548  -25.613  -46.684  65.974 0.0000000000
51002  -34.778  -44.822  66.415 0.0000000000
54298  -39.060  -42.187  64.845 0.0000000000
53240  -39.426  -42.265  65.254 0.0000000000
53206  -40.289  -42.340  65.829 0.0000000000
52102  -40.476  -42.516  65.954 0.0000000000
53224  -40.063  -41.972  65.552 0.0000000000
54271  -41.110  -41.984  66.025 0.0000000000
54283  -41.522  -41.750  65.883 0.0000000000
55484  -41.226  -41.477  65.294 0.0000000000
54284  -42.717  -41.259  65.803 0.0000000000
59351  -45.300  -37.312  63.431 0.0000000000
60605  -46.483  -36.931  64.677 0.0000000000
60606  -46.862  -36.984  64.974 0.0000000000
59308  -47.359  -37.279  65.288 0.0000000000
58093  -48.331  -37.722  65.039 0.0000000000
59321  -48.432  -36.919  64.545 0.0000000000
59322  -48.661  -36.460  64.082 0.0000000000
60654  -49.639  -35.582  63.070 0.0000000000
60655  -49.947  -35.254  62.780 0.0000000000
67494  -52.429  -29.618  60.523 0.0000000000
66322  -52.538  -30.448  60.055 0.0000000000
68757  -52.462  -28.521  60.287 0.0000000000
68773  -52.464  -28.426  59.523 0.0000000000
71201  -52.145  -27.024  59.921 0.0000000000
70023  -52.367  -27.573  59.759 0.0000000000
70040  -52.308  -27.298  58.896 0.0000000000
71307  -52.344  -26.105  54.434 0.0000000000
72455  -52.888  -25.683  54.844 0.0000000000
73695  -54.758  -24.632  48.879 0.0000000000
72522  -54.088  -24.700  48.803 0.0000000000
72547  -55.333  -25.103  48.471 0.0000000000
71428  -56.602  -26.520  48.199 0.0000000000
62988  -47.946  -33.520  61.961 0.0000000000
62996  -48.001  -33.706  61.140 0.0000000000
58121  -44.865  -37.922  62.291 0.0000000000
60652  -46.154  -35.990  62.397 0.0000000000
61890  -46.915  -34.621  62.239 0.0000000000
74675  -49.021  -24.473  56.815 0.0000000000
74691  -49.470  -24.306  56.271 0.0000000000
74711  -49.683  -24.332  55.640 0.0000000000
72452  -49.878  -25.159  54.557 0.0000000000
72453  -50.836  -25.328  54.710 0.0000000000
72469  -51.031  -25.852  54.496 0.0000000000
71338  -52.809  -26.938  52.938 0.0000000000
70128  -53.040  -27.311  52.277 0.0000000000
70145  -53.170  -27.868  51.977 0.0000000000
73670  -55.222  -24.221  49.296 0.0000000000
73697  -56.166  -24.579  49.185 0.0000000000
72523  -57.163  -24.565  49.557 0.0000000000
75990  -58.792  -22.521  48.789 0.0000000000
61908  -51.645  -34.004  60.160 0.0000000000
61909  -52.180  -33.416  59.861 0.0000000000
64035  -50.846  -33.050  62.343 0.0000000000
64036  -51.294  -32.512  62.103 0.0000000000
65160  -50.742  -31.466  62.542 0.0000000000
65161  -51.212  -31.601  62.242 0.0000000000
65174  -51.727  -31.611  61.650 0.0000000000
66304  -51.969  -30.882  61.258 0.0000000000
71179  -50.896  -27.167  60.712 0.0000000000
69986  -50.445  -27.639  61.022 0.0000000000
71178  -50.196  -27.203  60.515 0.0000000000
64048  -48.282  -33.030  61.820 0.0000000000
64049  -48.556  -32.448  61.443 0.0000000000
65188  -48.784  -31.404  60.773 0.0000000000
66321  -48.867  -30.511  60.199 0.0000000000
67513  -48.709  -29.038  59.884 0.0000000000
72388  -48.783  -25.491  57.480 0.0000000000
45139  -20.439  -48.840  66.116 0.0000000000
43969  -21.047  -48.507  65.553 0.0000000000
46342  -22.353  -47.478  67.011 0.0000000000
45126  -22.609  -47.773  66.573 0.0000000000
48689  -25.426  -46.482  65.789 0.0000000000
47564  -26.252  -46.754  65.782 0.0000000000
46372  -26.775  -47.588  66.048 0.0000000000
43998  -31.194  -49.399  64.940 0.0000000000
45148  -32.019  -47.908  66.373 0.0000000000
43958  -32.315  -48.376  66.013 0.0000000000
43980  -32.788  -48.361  65.416 0.0000000000
44001  -33.019  -48.309  65.060 0.0000000000
46394  -34.826  -46.566  65.695 0.0000000000
52129  -35.033  -44.274  65.828 0.0000000000
51003  -35.377  -44.338  66.292 0.0000000000
53251  -36.888  -42.996  64.755 0.0000000000
52114  -35.871  -44.141  66.405 0.0000000000
49817  -35.949  -44.942  66.919 0.0000000000
47554  -36.991  -45.272  66.024 0.0000000000
49819  -37.788  -44.152  66.164 0.0000000000
48674  -37.353  -44.780  66.181 0.0000000000
48718  -37.384  -44.973  65.362 0.0000000000
52120  -41.145  -42.712  66.058 0.0000000000
52133  -41.307  -42.940  65.778 0.0000000000
51027  -41.529  -43.558  64.630 0.0000000000
55543  -41.729  -40.152  63.117 0.0000000000
55506  -42.650  -40.332  64.502 0.0000000000
56891  -43.299  -39.878  64.460 0.0000000000
56879  -43.325  -39.873  64.973 0.0000000000
56868  -43.448  -39.978  65.256 0.0000000000
55472  -44.098  -40.080  65.629 0.0000000000
55487  -44.551  -40.143  65.612 0.0000000000
58082  -45.330  -38.788  65.528 0.0000000000
58073  -44.968  -39.062  66.099 0.0000000000
56871  -44.847  -39.188  66.300 0.0000000000
55488  -44.992  -39.811  65.605 0.0000000000
55568  -48.816  -38.843  62.466 0.0000000000
58179  -49.960  -37.601  59.752 0.0000000000
56943  -50.089  -37.469  60.565 0.0000000000
58160  -50.049  -37.574  60.259 0.0000000000
43925  -20.440  -49.340  67.947 0.0000000000
73499  -50.295  -25.061  57.867 0.0000000000
73500  -51.138  -24.814  58.313 0.0000000000
73501  -52.125  -25.033  58.290 0.0000000000
71239  -52.743  -26.067  58.159 0.0000000000
72430  -53.139  -25.472  55.412 0.0000000000
72431  -53.768  -25.587  55.549 0.0000000000
72406  -53.752  -25.620  56.262 0.0000000000
71273  -54.182  -26.065  56.115 0.0000000000
71272  -53.597  -26.042  56.750 0.0000000000
70056  -53.136  -26.551  56.943 0.0000000000
67681  -54.065  -29.024  51.830 0.0000000000
72546  -54.133  -25.132  48.633 0.0000000000
72564  -53.743  -25.644  48.226 0.0000000000
71403  -53.245  -25.844  48.120 0.0000000000
71425  -53.756  -26.351  47.653 0.0000000000
71402  -52.497  -26.235  48.204 0.0000000000
68963  -52.344  -28.931  48.627 0.0000000000
68938  -53.170  -29.104  49.425 0.0000000000
67696  -53.953  -29.227  51.358 0.0000000000
66492  -56.084  -30.716  52.067 0.0000000000
66475  -56.518  -31.043  52.683 0.0000000000
43919  -21.383  -48.317  68.084 0.0000000000
43928  -22.074  -48.019  67.410 0.0000000000
43959  -32.661  -48.155  66.014 0.0000000000
43981  -33.122  -48.099  65.147 0.0000000000
43993  -27.101  -48.606  64.553 0.0000000000
45112  -22.056  -47.971  67.419 0.0000000000
45138  -20.216  -48.986  65.991 0.0000000000
45157  -20.392  -48.897  65.855 0.0000000000
46334  -21.463  -47.922  68.066 0.0000000000
46341  -20.030  -47.731  68.569 0.0000000000
46360  -33.612  -47.252  66.769 0.0000000000
46370  -25.622  -47.054  66.158 0.0000000000
47535  -34.679  -46.097  67.135 0.0000000000
47536  -35.167  -46.016  67.127 0.0000000000
47546  -25.526  -46.738  66.121 0.0000000000
47562  -25.680  -46.799  66.238 0.0000000000
47573  -37.084  -45.218  65.694 0.0000000000
47601  -36.078  -45.588  65.186 0.0000000000
48677  -39.829  -44.227  66.227 0.0000000000
49808  -34.748  -45.564  66.938 0.0000000000
49809  -35.119  -45.233  66.963 0.0000000000
49830  -38.281  -44.561  65.403 0.0000000000
49833  -40.377  -44.224  65.989 0.0000000000
49846  -37.757  -44.745  65.259 0.0000000000
50983  -35.074  -45.259  67.018 0.0000000000
50984  -35.165  -45.056  66.870 0.0000000000
52100  -39.816  -42.637  66.032 0.0000000000
52132  -40.706  -43.191  65.925 0.0000000000
52148  -36.733  -43.267  65.119 0.0000000000
53205  -39.911  -42.430  65.889 0.0000000000
54270  -40.789  -42.011  65.859 0.0000000000
56881  -43.916  -39.394  65.207 0.0000000000
56893  -46.217  -39.045  65.248 0.0000000000
56901  -43.260  -39.906  64.043 0.0000000000
58074  -44.948  -39.214  66.126 0.0000000000
58111  -45.081  -37.399  62.840 0.0000000000
59332  -48.618  -36.962  64.020 0.0000000000
61864  -49.038  -33.930  63.537 0.0000000000
61865  -49.428  -33.800  63.513 0.0000000000
61893  -51.123  -33.840  61.652 0.0000000000
62940  -48.675  -33.256  63.350 0.0000000000
62942  -49.369  -33.336  63.473 0.0000000000
62989  -48.296  -33.186  61.461 0.0000000000
64002  -48.342  -32.976  63.111 0.0000000000
65126  -49.206  -32.367  63.439 0.0000000000
65136  -49.284  -32.205  63.288 0.0000000000
65137  -49.693  -32.301  63.398 0.0000000000
65148  -50.230  -31.634  62.822 0.0000000000
65159  -50.389  -31.483  62.702 0.0000000000
66263  -49.893  -31.940  63.177 0.0000000000
66264  -50.115  -32.012  63.235 0.0000000000
67455  -49.646  -29.844  61.801 0.0000000000
67457  -50.543  -29.946  61.813 0.0000000000
67458  -51.200  -29.902  61.619 0.0000000000
67474  -50.766  -30.282  61.914 0.0000000000
67627  -54.999  -29.532  53.861 0.0000000000
68701  -49.756  -29.539  61.904 0.0000000000
68703  -50.262  -29.454  61.778 0.0000000000
68722  -49.876  -28.872  61.626 0.0000000000
68723  -50.323  -28.654  61.530 0.0000000000
68873  -51.919  -27.663  51.768 0.0000000000
69949  -49.945  -29.054  61.875 0.0000000000
69950  -50.159  -28.990  61.998 0.0000000000
69951  -50.413  -29.181  61.695 0.0000000000
69965  -50.373  -28.943  61.658 0.0000000000
69966  -50.677  -29.092  61.594 0.0000000000
70001  -48.912  -27.965  59.927 0.0000000000
71306  -51.865  -26.064  54.472 0.0000000000
71424  -53.037  -26.845  47.569 0.0000000000
71427  -55.935  -26.412  47.768 0.0000000000
72342  -50.380  -26.171  59.529 0.0000000000
72374  -52.166  -25.425  58.644 0.0000000000
72375  -52.548  -25.607  58.288 0.0000000000
72432  -54.138  -25.828  55.493 0.0000000000
73498  -49.643  -25.187  57.677 0.0000000000
73502  -52.530  -25.173  57.930 0.0000000000
73516  -49.754  -24.636  57.295 0.0000000000
73651  -57.390  -23.498  50.275 0.0000000000
74677  -49.860  -24.353  56.801 0.0000000000
74788  -56.937  -23.224  50.219 0.0000000000
74789  -57.342  -23.269  50.285 0.0000000000
75949  -57.131  -23.052  50.120 0.0000000000
76001  -55.083  -23.355  48.495 0.0000000000
77179  -58.168  -22.137  49.331 0.0000000000
78366  -58.190  -21.126  48.284 0.0000000000
