#!ascii label  , from subject 3855 vox2ras=TkReg
422
91676  -28.385  -9.566  -9.574 0.0000000000
87232  -24.925  -13.549  -9.448 0.0000000000
86001  -31.712  -14.545  -8.061 0.0000000000
82679  -27.346  -17.525  -7.861 0.0000000000
104634  -29.365  3.583  -5.340 0.0000000000
100900  -30.904  -0.908  -4.834 0.0000000000
96788  -25.916  -4.596  -10.260 0.0000000000
77945  -26.581  -21.590  -7.550 0.0000000000
84861  -26.056  -15.655  -8.780 0.0000000000
82676  -24.723  -17.248  -8.318 0.0000000000
102792  -30.488  1.525  -5.161 0.0000000000
100943  -27.468  -0.838  -8.035 0.0000000000
92779  -24.732  -8.843  -9.612 0.0000000000
94767  -22.792  -6.308  -8.842 0.0000000000
94783  -26.933  -6.597  -10.668 0.0000000000
95750  -29.370  -5.523  -7.309 0.0000000000
92732  -31.195  -7.961  -6.605 0.0000000000
90626  -32.466  -9.922  -6.625 0.0000000000
89587  -22.963  -11.530  -8.502 0.0000000000
89635  -26.583  -11.276  -10.898 0.0000000000
88365  -29.372  -12.069  -7.759 0.0000000000
87209  -27.534  -13.504  -9.158 0.0000000000
83782  -29.503  -16.226  -7.794 0.0000000000
81516  -30.362  -18.774  -8.851 0.0000000000
99910  -24.246  -1.622  -10.024 0.0000000000
97761  -28.090  -3.304  -7.824 0.0000000000
97717  -32.506  -3.341  -4.601 0.0000000000
80316  -24.057  -19.471  -7.328 0.0000000000
80330  -26.729  -19.521  -8.098 0.0000000000
82675  -24.166  -16.847  -8.102 0.0000000000
82665  -23.818  -17.511  -7.877 0.0000000000
101906  -27.534  0.154  -7.541 0.0000000000
100941  -25.859  -0.484  -8.034 0.0000000000
91684  -27.078  -9.368  -10.684 0.0000000000
93796  -25.899  -8.021  -10.387 0.0000000000
92780  -28.368  -8.455  -9.400 0.0000000000
93775  -29.314  -7.187  -8.390 0.0000000000
91647  -30.093  -8.699  -7.467 0.0000000000
91626  -32.184  -9.034  -6.606 0.0000000000
90674  -29.924  -9.844  -7.766 0.0000000000
88412  -24.082  -12.489  -9.315 0.0000000000
89619  -25.028  -11.460  -10.212 0.0000000000
88429  -25.405  -12.470  -10.126 0.0000000000
87256  -26.930  -12.716  -10.015 0.0000000000
84908  -27.008  -13.800  -10.337 0.0000000000
83799  -26.631  -16.431  -8.382 0.0000000000
83780  -28.170  -15.687  -8.132 0.0000000000
83801  -29.138  -16.926  -7.916 0.0000000000
82682  -30.604  -17.779  -9.132 0.0000000000
82680  -28.593  -17.751  -8.187 0.0000000000
103688  -28.081  3.019  -6.107 0.0000000000
104632  -27.750  3.651  -6.221 0.0000000000
105629  -28.884  4.603  -5.610 0.0000000000
106659  -29.486  5.601  -5.696 0.0000000000
104636  -31.679  3.661  -5.018 0.0000000000
101873  -31.129  0.270  -5.038 0.0000000000
95773  -23.603  -5.467  -9.806 0.0000000000
97770  -22.928  -3.539  -9.476 0.0000000000
97785  -25.548  -3.326  -10.446 0.0000000000
98806  -26.894  -2.595  -9.143 0.0000000000
97775  -27.391  -3.349  -9.124 0.0000000000
94702  -31.501  -5.870  -5.481 0.0000000000
96738  -30.770  -4.510  -5.905 0.0000000000
96719  -32.749  -4.337  -4.758 0.0000000000
87187  -31.133  -13.616  -7.777 0.0000000000
88367  -31.647  -12.686  -7.569 0.0000000000
77944  -25.350  -21.496  -7.515 0.0000000000
79119  -25.690  -20.484  -7.515 0.0000000000
80318  -25.917  -19.524  -7.631 0.0000000000
79120  -26.634  -20.419  -7.783 0.0000000000
86020  -24.499  -14.461  -8.799 0.0000000000
84897  -26.056  -14.669  -9.875 0.0000000000
83817  -24.780  -15.718  -8.758 0.0000000000
82677  -25.438  -17.049  -8.456 0.0000000000
81512  -25.591  -17.965  -8.199 0.0000000000
103701  -28.627  1.927  -6.333 0.0000000000
103690  -29.985  2.590  -5.401 0.0000000000
101871  -29.184  1.006  -5.906 0.0000000000
101891  -29.495  0.077  -6.294 0.0000000000
100898  -29.680  -0.937  -6.124 0.0000000000
92769  -23.398  -8.703  -8.799 0.0000000000
93785  -23.709  -7.547  -9.238 0.0000000000
94781  -25.353  -6.662  -10.307 0.0000000000
95788  -26.382  -5.661  -10.391 0.0000000000
96776  -27.694  -4.583  -9.313 0.0000000000
94756  -28.397  -6.386  -8.834 0.0000000000
94742  -29.865  -6.563  -7.381 0.0000000000
94727  -31.631  -6.962  -5.836 0.0000000000
92734  -32.574  -8.373  -5.769 0.0000000000
76794  -27.123  -22.876  -7.815 0.0000000000
77946  -27.671  -22.038  -8.015 0.0000000000
91662  -23.648  -9.667  -9.054 0.0000000000
91691  -25.711  -10.065  -10.977 0.0000000000
90695  -28.159  -10.817  -10.781 0.0000000000
90672  -28.688  -10.333  -8.968 0.0000000000
88392  -28.420  -11.790  -9.139 0.0000000000
87211  -28.856  -12.807  -7.935 0.0000000000
87185  -28.729  -13.701  -7.835 0.0000000000
84882  -26.990  -14.619  -9.709 0.0000000000
84842  -28.386  -15.181  -8.049 0.0000000000
86023  -31.553  -15.327  -8.225 0.0000000000
83803  -31.028  -16.554  -8.853 0.0000000000
82693  -31.878  -17.306  -9.706 0.0000000000
103692  -32.238  2.696  -4.793 0.0000000000
99885  -26.363  -1.208  -8.832 0.0000000000
98792  -27.968  -2.301  -8.023 0.0000000000
99865  -29.965  -2.112  -6.134 0.0000000000
96748  -29.023  -4.336  -7.387 0.0000000000
97735  -29.938  -3.542  -6.491 0.0000000000
98751  -32.123  -2.303  -4.462 0.0000000000
89565  -30.976  -11.545  -6.898 0.0000000000
89568  -34.114  -11.615  -7.823 0.0000000000
81496  -23.418  -18.603  -7.508 0.0000000000
81497  -24.391  -18.548  -7.826 0.0000000000
81499  -26.086  -18.772  -7.742 0.0000000000
81513  -26.820  -18.483  -7.964 0.0000000000
77964  -28.078  -21.243  -8.325 0.0000000000
79135  -28.408  -20.320  -8.461 0.0000000000
81530  -28.793  -19.167  -8.354 0.0000000000
100940  -25.022  -0.182  -8.111 0.0000000000
91685  -27.627  -9.829  -10.571 0.0000000000
92789  -27.463  -8.842  -10.555 0.0000000000
92790  -28.097  -8.879  -10.309 0.0000000000
91663  -28.793  -9.140  -8.533 0.0000000000
91664  -29.590  -9.265  -7.834 0.0000000000
87207  -24.070  -13.509  -9.018 0.0000000000
88391  -23.405  -12.501  -8.784 0.0000000000
87231  -24.419  -13.060  -9.413 0.0000000000
88413  -24.733  -12.624  -9.707 0.0000000000
88414  -25.151  -13.034  -9.819 0.0000000000
87254  -25.943  -13.245  -10.130 0.0000000000
86054  -26.039  -14.036  -10.120 0.0000000000
103689  -29.013  2.563  -6.190 0.0000000000
104633  -28.544  3.666  -5.978 0.0000000000
105630  -29.926  4.653  -5.121 0.0000000000
105631  -31.129  4.648  -5.069 0.0000000000
104635  -30.519  3.625  -5.086 0.0000000000
101854  -31.520  -0.471  -4.664 0.0000000000
101874  -32.315  0.741  -4.749 0.0000000000
101855  -32.120  -0.067  -4.682 0.0000000000
100882  -32.026  -0.700  -4.161 0.0000000000
96787  -25.005  -4.472  -10.342 0.0000000000
96772  -23.235  -4.514  -9.751 0.0000000000
96774  -24.584  -3.918  -10.243 0.0000000000
97772  -24.304  -3.461  -10.044 0.0000000000
97786  -26.364  -3.777  -10.144 0.0000000000
95712  -31.925  -5.152  -5.098 0.0000000000
87189  -32.767  -13.393  -8.695 0.0000000000
87188  -32.252  -13.779  -8.419 0.0000000000
76792  -25.049  -22.138  -7.446 0.0000000000
79118  -24.695  -20.463  -7.335 0.0000000000
84859  -24.297  -15.244  -8.575 0.0000000000
83796  -24.326  -16.175  -8.391 0.0000000000
102813  -28.361  1.420  -6.565 0.0000000000
102814  -28.950  1.511  -6.207 0.0000000000
101889  -27.953  0.714  -7.337 0.0000000000
100929  -27.978  -0.436  -7.800 0.0000000000
100913  -28.616  -0.344  -7.208 0.0000000000
100914  -29.243  -0.529  -6.543 0.0000000000
99863  -28.756  -1.173  -6.897 0.0000000000
92778  -24.069  -8.773  -9.221 0.0000000000
93786  -24.333  -8.204  -9.481 0.0000000000
93797  -26.657  -7.584  -10.732 0.0000000000
94782  -26.142  -6.663  -10.663 0.0000000000
95787  -25.610  -5.604  -10.418 0.0000000000
95789  -27.048  -5.692  -10.175 0.0000000000
94769  -27.486  -6.532  -10.166 0.0000000000
92753  -30.096  -7.891  -7.580 0.0000000000
93755  -29.939  -7.227  -7.953 0.0000000000
93756  -30.241  -7.304  -7.219 0.0000000000
93737  -31.440  -7.393  -6.251 0.0000000000
93738  -31.988  -7.491  -5.757 0.0000000000
92733  -31.798  -8.166  -6.337 0.0000000000
90625  -32.007  -9.652  -6.817 0.0000000000
91627  -32.964  -9.340  -6.132 0.0000000000
90627  -33.346  -10.201  -6.513 0.0000000000
75633  -27.570  -23.931  -7.642 0.0000000000
76779  -28.117  -23.283  -7.462 0.0000000000
90670  -22.461  -10.569  -8.307 0.0000000000
90671  -23.260  -10.594  -8.812 0.0000000000
89633  -25.478  -11.130  -10.479 0.0000000000
90693  -25.175  -10.562  -10.344 0.0000000000
90703  -26.060  -10.641  -11.083 0.0000000000
90711  -27.023  -10.517  -11.568 0.0000000000
89646  -26.891  -10.980  -11.399 0.0000000000
89606  -28.270  -11.321  -9.965 0.0000000000
88449  -27.223  -11.477  -10.507 0.0000000000
87234  -27.171  -12.804  -9.724 0.0000000000
87235  -27.690  -12.836  -9.394 0.0000000000
87210  -28.235  -12.894  -8.781 0.0000000000
87186  -29.813  -13.425  -7.634 0.0000000000
84880  -25.562  -15.203  -9.135 0.0000000000
84881  -26.399  -15.015  -9.507 0.0000000000
84862  -26.823  -15.280  -8.696 0.0000000000
83781  -28.713  -15.998  -7.881 0.0000000000
84863  -27.694  -15.169  -8.362 0.0000000000
84843  -29.165  -15.403  -7.768 0.0000000000
84844  -30.117  -15.714  -7.717 0.0000000000
84864  -31.020  -15.996  -8.110 0.0000000000
83819  -30.862  -17.080  -9.216 0.0000000000
82692  -31.328  -17.569  -9.414 0.0000000000
81531  -31.663  -17.850  -9.456 0.0000000000
103691  -31.056  2.637  -4.877 0.0000000000
93772  -22.649  -7.451  -8.599 0.0000000000
100964  -23.475  -1.151  -9.734 0.0000000000
99898  -24.697  -1.256  -9.488 0.0000000000
99899  -25.720  -1.530  -9.376 0.0000000000
97760  -27.556  -3.086  -8.273 0.0000000000
98791  -27.365  -2.292  -8.603 0.0000000000
98779  -28.557  -2.478  -7.546 0.0000000000
99877  -28.776  -1.884  -7.081 0.0000000000
98780  -29.176  -2.598  -7.123 0.0000000000
95763  -28.764  -5.468  -8.327 0.0000000000
96777  -28.253  -4.750  -8.715 0.0000000000
95749  -28.857  -4.934  -7.742 0.0000000000
97737  -31.098  -3.825  -5.584 0.0000000000
97736  -30.576  -3.585  -5.968 0.0000000000
97715  -30.948  -3.265  -5.394 0.0000000000
98749  -30.628  -2.824  -5.570 0.0000000000
98752  -33.248  -2.359  -4.553 0.0000000000
89563  -29.435  -11.133  -7.799 0.0000000000
90647  -29.758  -10.759  -7.605 0.0000000000
89564  -29.982  -11.375  -7.355 0.0000000000
89566  -32.205  -11.734  -7.188 0.0000000000
80315  -23.099  -19.530  -7.269 0.0000000000
81498  -25.286  -18.704  -7.830 0.0000000000
80331  -27.642  -19.515  -8.387 0.0000000000
80341  -28.413  -19.592  -8.456 0.0000000000
83795  -23.627  -16.437  -7.982 0.0000000000
100928  -27.313  -0.290  -7.639 0.0000000000
92787  -25.725  -8.865  -10.508 0.0000000000
93804  -26.217  -8.567  -10.577 0.0000000000
93798  -27.506  -7.716  -10.481 0.0000000000
93788  -28.186  -7.352  -9.229 0.0000000000
92770  -28.810  -7.892  -8.735 0.0000000000
92771  -29.562  -8.164  -8.115 0.0000000000
92755  -31.419  -8.653  -6.832 0.0000000000
91648  -30.855  -9.286  -7.138 0.0000000000
90649  -31.646  -10.334  -6.890 0.0000000000
89604  -23.601  -11.566  -9.162 0.0000000000
89605  -24.410  -11.630  -9.660 0.0000000000
88428  -24.888  -12.047  -9.942 0.0000000000
88447  -26.342  -12.102  -10.347 0.0000000000
88448  -26.751  -11.875  -10.172 0.0000000000
87267  -26.825  -12.705  -9.967 0.0000000000
86069  -27.000  -13.252  -10.363 0.0000000000
86039  -27.152  -13.880  -9.750 0.0000000000
83800  -27.848  -16.342  -8.041 0.0000000000
83802  -30.226  -16.773  -8.467 0.0000000000
82681  -29.682  -17.832  -8.613 0.0000000000
105632  -32.310  4.669  -5.111 0.0000000000
102793  -31.640  1.600  -4.599 0.0000000000
97759  -22.327  -3.521  -8.703 0.0000000000
98802  -23.504  -2.595  -9.658 0.0000000000
98816  -24.849  -2.328  -10.286 0.0000000000
98804  -25.581  -2.240  -9.958 0.0000000000
97773  -26.179  -2.882  -10.110 0.0000000000
97774  -26.701  -3.135  -9.649 0.0000000000
95735  -30.312  -5.506  -6.457 0.0000000000
95734  -29.685  -5.016  -6.565 0.0000000000
95736  -31.117  -5.334  -5.676 0.0000000000
96739  -31.397  -4.399  -5.316 0.0000000000
96718  -31.991  -4.080  -4.784 0.0000000000
88366  -30.442  -12.479  -7.381 0.0000000000
88368  -32.722  -12.699  -8.251 0.0000000000
80317  -25.020  -19.463  -7.368 0.0000000000
86019  -23.701  -14.410  -8.483 0.0000000000
87208  -24.694  -13.978  -9.025 0.0000000000
86038  -25.593  -14.247  -9.619 0.0000000000
86037  -25.090  -14.440  -9.111 0.0000000000
84860  -25.545  -15.840  -8.739 0.0000000000
83797  -25.121  -16.199  -8.757 0.0000000000
83798  -25.771  -16.421  -8.549 0.0000000000
82678  -26.212  -17.327  -8.258 0.0000000000
102812  -27.392  1.593  -6.567 0.0000000000
103700  -28.155  2.236  -6.378 0.0000000000
102791  -29.539  1.605  -5.733 0.0000000000
101890  -28.995  0.565  -6.540 0.0000000000
101872  -29.751  0.474  -5.676 0.0000000000
100915  -29.695  -0.313  -6.073 0.0000000000
100899  -30.242  -0.682  -5.617 0.0000000000
93784  -23.191  -6.881  -8.911 0.0000000000
93795  -24.889  -7.682  -9.703 0.0000000000
93794  -24.395  -6.974  -9.469 0.0000000000
94779  -24.018  -6.368  -9.601 0.0000000000
95785  -24.296  -5.575  -10.066 0.0000000000
96789  -26.669  -4.785  -10.111 0.0000000000
95774  -27.570  -5.621  -9.699 0.0000000000
95775  -28.108  -5.537  -9.085 0.0000000000
95764  -29.171  -5.985  -8.029 0.0000000000
93774  -28.673  -7.057  -8.657 0.0000000000
94741  -29.534  -6.467  -8.006 0.0000000000
95751  -29.888  -6.104  -6.923 0.0000000000
94726  -31.238  -6.398  -6.171 0.0000000000
94703  -32.017  -6.478  -5.200 0.0000000000
94704  -33.252  -6.423  -5.095 0.0000000000
93717  -33.702  -7.251  -5.220 0.0000000000
92714  -33.306  -7.991  -5.360 0.0000000000
86024  -32.038  -14.982  -8.996 0.0000000000
91674  -24.315  -9.712  -9.559 0.0000000000
90685  -24.627  -10.614  -9.889 0.0000000000
91675  -24.926  -9.744  -10.069 0.0000000000
92793  -25.716  -9.450  -10.677 0.0000000000
91694  -27.376  -10.143  -11.079 0.0000000000
91686  -28.060  -9.972  -10.191 0.0000000000
90686  -28.416  -10.541  -9.884 0.0000000000
89588  -28.630  -11.089  -9.383 0.0000000000
88416  -27.712  -12.033  -9.624 0.0000000000
88393  -28.726  -12.150  -8.389 0.0000000000
86021  -27.213  -14.387  -8.923 0.0000000000
86022  -27.921  -14.154  -8.290 0.0000000000
85998  -28.704  -14.607  -7.839 0.0000000000
86000  -30.781  -14.775  -7.725 0.0000000000
84865  -31.539  -15.976  -8.860 0.0000000000
83820  -31.412  -16.725  -9.513 0.0000000000
99884  -25.415  -0.844  -8.806 0.0000000000
99886  -27.147  -1.362  -8.481 0.0000000000
98790  -26.779  -1.959  -8.870 0.0000000000
99876  -28.423  -1.397  -7.647 0.0000000000
99845  -29.976  -1.461  -5.994 0.0000000000
99846  -30.548  -1.883  -5.506 0.0000000000
96761  -27.949  -3.897  -8.587 0.0000000000
97747  -28.873  -3.399  -7.568 0.0000000000
96749  -29.453  -4.396  -6.734 0.0000000000
97748  -29.411  -3.474  -7.049 0.0000000000
98767  -30.247  -2.770  -6.083 0.0000000000
99847  -31.314  -1.730  -4.599 0.0000000000
99827  -32.459  -1.459  -4.218 0.0000000000
90673  -29.459  -10.267  -8.092 0.0000000000
90648  -30.344  -10.342  -7.395 0.0000000000
90650  -32.785  -10.822  -7.060 0.0000000000
82664  -22.830  -17.717  -7.308 0.0000000000
82666  -24.426  -17.901  -8.210 0.0000000000
81511  -24.841  -18.129  -8.270 0.0000000000
77963  -27.329  -21.129  -7.898 0.0000000000
79134  -27.463  -20.364  -8.234 0.0000000000
81514  -28.167  -18.781  -8.380 0.0000000000
81515  -29.306  -18.933  -8.370 0.0000000000
79145  -28.716  -19.930  -8.487 0.0000000000
81529  -28.588  -19.307  -8.408 0.0000000000
81532  -31.919  -17.944  -9.442 0.0000000000
83818  -25.123  -15.616  -8.911 0.0000000000
84879  -24.929  -15.155  -8.881 0.0000000000
84883  -31.748  -15.869  -9.717 0.0000000000
84898  -26.666  -14.296  -10.075 0.0000000000
84899  -27.133  -14.237  -10.262 0.0000000000
84909  -27.024  -13.628  -10.484 0.0000000000
85999  -29.552  -14.601  -7.697 0.0000000000
86055  -26.614  -13.647  -10.144 0.0000000000
86056  -27.031  -13.429  -10.236 0.0000000000
86068  -26.964  -13.396  -10.303 0.0000000000
87233  -25.543  -13.445  -9.890 0.0000000000
87255  -26.261  -12.809  -10.121 0.0000000000
87268  -26.971  -12.901  -10.256 0.0000000000
88415  -27.165  -12.048  -9.768 0.0000000000
88430  -25.862  -12.564  -10.238 0.0000000000
88431  -26.897  -12.128  -9.877 0.0000000000
88432  -27.235  -11.609  -10.075 0.0000000000
88446  -25.831  -12.065  -10.493 0.0000000000
89567  -33.253  -11.851  -7.627 0.0000000000
89589  -29.003  -11.275  -8.553 0.0000000000
89620  -25.545  -11.703  -10.447 0.0000000000
89621  -27.967  -11.517  -10.466 0.0000000000
89634  -25.933  -11.371  -10.709 0.0000000000
89636  -27.252  -11.334  -11.132 0.0000000000
89637  -27.874  -11.446  -11.047 0.0000000000
89647  -27.294  -10.914  -11.552 0.0000000000
90684  -23.871  -10.626  -9.485 0.0000000000
90694  -27.697  -10.443  -10.918 0.0000000000
90702  -25.635  -10.597  -10.699 0.0000000000
90704  -26.565  -10.528  -11.271 0.0000000000
90705  -27.773  -10.813  -11.370 0.0000000000
90706  -28.154  -11.067  -11.222 0.0000000000
90712  -27.390  -10.601  -11.519 0.0000000000
91649  -31.638  -9.377  -6.873 0.0000000000
91665  -30.169  -9.481  -7.535 0.0000000000
91683  -25.425  -9.878  -10.516 0.0000000000
91692  -26.107  -9.888  -11.157 0.0000000000
91693  -26.769  -9.807  -11.192 0.0000000000
91696  -27.244  -10.274  -11.428 0.0000000000
91697  -27.473  -10.447  -11.344 0.0000000000
92715  -34.106  -8.030  -5.316 0.0000000000
92754  -30.628  -8.170  -7.025 0.0000000000
92786  -25.350  -8.927  -10.213 0.0000000000
92788  -26.932  -8.445  -10.596 0.0000000000
92794  -26.123  -9.093  -10.666 0.0000000000
92795  -26.556  -8.939  -10.613 0.0000000000
93716  -32.777  -7.350  -5.403 0.0000000000
93736  -30.820  -7.316  -6.659 0.0000000000
93787  -27.874  -7.176  -9.960 0.0000000000
93799  -28.158  -7.888  -10.055 0.0000000000
93805  -26.428  -8.290  -10.572 0.0000000000
94725  -30.351  -6.570  -6.773 0.0000000000
94757  -28.999  -6.418  -8.395 0.0000000000
94768  -23.354  -6.326  -9.319 0.0000000000
94770  -27.888  -6.442  -9.484 0.0000000000
94780  -24.670  -6.460  -9.903 0.0000000000
95786  -24.902  -5.628  -10.298 0.0000000000
96737  -30.139  -4.422  -6.362 0.0000000000
96762  -28.564  -4.299  -8.057 0.0000000000
96773  -24.136  -4.501  -10.150 0.0000000000
96775  -26.994  -4.098  -9.693 0.0000000000
96786  -24.578  -5.036  -10.255 0.0000000000
96790  -27.268  -4.927  -9.904 0.0000000000
97716  -31.533  -3.425  -4.922 0.0000000000
97771  -23.758  -3.606  -9.734 0.0000000000
97784  -24.739  -3.297  -10.464 0.0000000000
98750  -31.113  -2.579  -5.021 0.0000000000
98766  -29.735  -2.689  -6.626 0.0000000000
98803  -24.027  -3.025  -9.808 0.0000000000
98805  -26.377  -2.170  -9.531 0.0000000000
98815  -24.189  -2.482  -10.117 0.0000000000
99826  -31.767  -1.363  -4.070 0.0000000000
99848  -31.890  -1.792  -4.248 0.0000000000
99864  -29.376  -1.685  -6.526 0.0000000000
99887  -27.828  -1.396  -8.236 0.0000000000
100881  -31.421  -1.006  -4.347 0.0000000000
100883  -32.841  -0.561  -4.703 0.0000000000
100942  -26.717  -0.639  -7.858 0.0000000000
100955  -24.114  -1.057  -9.834 0.0000000000
100963  -23.166  -1.354  -9.563 0.0000000000
100965  -23.879  -1.111  -9.954 0.0000000000
