#!ascii label  , from subject 3855 vox2ras=TkReg
820
89034  19.508  -13.483  -8.440 0.2500000000
89046  20.010  -13.519  -9.096 0.2500000000
87781  19.995  -14.442  -9.003 0.7500000000
92296  19.101  -10.454  -7.649 0.2500000000
91201  19.086  -11.281  -8.250 0.1250000000
91200  19.508  -11.112  -8.870 0.3750000000
90107  19.356  -12.169  -8.522 0.2500000000
89024  19.144  -12.844  -7.848 0.2500000000
89045  20.621  -13.418  -9.716 0.7500000000
87780  20.940  -14.638  -9.745 0.8750000000
87779  21.272  -14.980  -10.055 0.8750000000
91217  19.961  -11.426  -9.496 0.3750000000
90121  20.509  -12.132  -10.003 0.8750000000
90122  20.002  -12.695  -9.199 0.7500000000
89061  22.513  -13.514  -10.789 1.0000000000
89062  21.663  -13.468  -10.450 1.0000000000
89063  21.168  -13.356  -10.174 0.8750000000
87796  21.708  -14.604  -10.393 1.0000000000
87797  21.171  -13.914  -10.145 0.8750000000
86523  22.430  -15.199  -10.641 1.0000000000
92295  19.584  -10.349  -8.523 0.2500000000
91232  21.195  -11.416  -10.478 0.8750000000
89077  22.624  -13.528  -11.291 1.0000000000
90140  22.152  -12.751  -10.689 1.0000000000
87825  23.072  -14.421  -12.237 1.0000000000
87811  22.037  -14.378  -11.781 1.0000000000
86541  22.839  -14.933  -11.386 1.0000000000
87795  22.513  -14.388  -10.719 1.0000000000
92313  19.883  -10.331  -9.327 0.6250000000
91216  20.538  -11.144  -10.173 0.8750000000
91231  22.113  -11.744  -10.914 1.0000000000
89090  23.746  -13.445  -11.560 1.0000000000
137094  22.184  -13.070  -11.760 1.0000000000
90139  22.511  -12.786  -10.922 1.0000000000
89091  23.512  -14.016  -12.181 1.0000000000
137093  22.463  -13.908  -12.388 1.0000000000
87808  25.056  -14.459  -10.678 1.0000000000
86553  23.516  -14.420  -11.124 1.0000000000
96798  20.360  -6.371  -9.755 0.2500000000
93407  19.449  -9.390  -8.361 0.2500000000
93423  19.857  -9.376  -9.080 0.3750000000
93433  21.559  -9.439  -10.870 1.0000000000
93422  20.362  -9.375  -9.725 0.6250000000
92324  21.090  -10.375  -10.414 1.0000000000
92335  22.941  -10.761  -11.523 1.0000000000
92336  22.389  -10.575  -11.338 1.0000000000
89076  24.259  -13.097  -11.004 1.0000000000
137096  23.127  -13.057  -11.754 1.0000000000
92334  23.562  -10.907  -11.415 1.0000000000
90150  24.695  -12.456  -10.818 1.0000000000
89060  25.097  -13.463  -10.619 1.0000000000
90138  25.368  -12.603  -10.521 1.0000000000
89059  25.706  -13.375  -10.363 1.0000000000
96797  20.949  -6.567  -10.300 0.5000000000
95655  20.719  -7.414  -9.851 0.3750000000
94564  20.811  -8.388  -10.141 0.5000000000
94563  21.479  -8.406  -10.687 0.5000000000
94578  22.108  -8.448  -11.245 0.8750000000
93445  22.225  -9.507  -11.278 1.0000000000
94577  22.776  -8.513  -11.595 1.0000000000
93444  22.907  -9.589  -11.413 1.0000000000
92333  24.270  -10.786  -11.057 1.0000000000
91228  26.005  -11.633  -10.418 1.0000000000
91229  25.239  -11.600  -10.682 1.0000000000
90137  26.302  -12.531  -10.358 0.8750000000
96813  21.714  -6.265  -10.921 0.5000000000
95654  21.383  -7.390  -10.412 0.5000000000
95667  22.030  -7.383  -11.085 0.6250000000
95666  22.629  -7.444  -11.677 0.6250000000
94576  23.480  -8.583  -11.648 1.0000000000
93431  25.605  -9.665  -10.401 1.0000000000
93432  24.783  -9.688  -10.801 1.0000000000
93442  24.119  -9.719  -11.196 1.0000000000
93430  26.155  -10.053  -10.124 1.0000000000
92322  25.061  -10.670  -10.833 1.0000000000
92320  26.370  -10.805  -9.933 0.8750000000
92321  25.800  -10.701  -10.548 1.0000000000
91227  26.923  -11.607  -10.234 0.8750000000
96812  22.345  -6.427  -11.874 0.8750000000
95653  24.462  -7.600  -11.079 1.0000000000
95664  24.029  -7.574  -11.671 1.0000000000
93421  26.160  -9.376  -9.780 1.0000000000
94561  25.177  -8.654  -10.328 1.0000000000
94575  24.048  -8.632  -11.375 1.0000000000
95639  26.151  -7.669  -9.007 1.0000000000
92311  27.182  -10.671  -9.649 1.0000000000
94546  26.633  -8.622  -9.209 1.0000000000
93420  26.739  -9.785  -9.488 1.0000000000
97980  22.243  -5.493  -11.840 0.5000000000
96825  22.690  -5.970  -12.236 0.8750000000
96811  23.078  -6.411  -12.202 1.0000000000
97952  25.280  -5.488  -10.186 1.0000000000
96795  24.856  -6.562  -10.622 1.0000000000
96810  23.810  -6.513  -11.752 1.0000000000
96766  26.689  -6.622  -8.663 1.0000000000
96780  25.906  -6.627  -9.125 1.0000000000
95628  27.793  -7.556  -8.293 1.0000000000
94531  28.028  -8.554  -8.659 1.0000000000
95629  27.074  -7.525  -8.827 1.0000000000
93406  28.441  -9.216  -8.818 0.8750000000
101190  24.971  -2.232  -10.194 1.0000000000
101191  23.926  -2.114  -10.924 0.3750000000
99035  25.322  -4.442  -9.434 1.0000000000
97935  27.178  -5.686  -8.167 1.0000000000
97936  26.406  -5.597  -8.659 1.0000000000
102260  25.325  -1.402  -9.344 0.8750000000
101189  25.894  -2.327  -9.589 1.0000000000
99022  26.980  -4.604  -8.045 1.0000000000
99021  27.689  -5.068  -7.716 1.0000000000
103372  25.111  -0.285  -9.607 0.7500000000
102259  26.096  -1.420  -8.801 1.0000000000
101177  26.406  -2.441  -8.637 1.0000000000
101163  27.903  -2.635  -7.530 1.0000000000
101176  27.096  -2.543  -7.900 1.0000000000
100073  27.390  -3.528  -7.673 1.0000000000
103363  26.712  -0.449  -8.460 1.0000000000
102249  26.981  -1.516  -8.271 1.0000000000
108579  25.475  4.730  -8.493 0.1250000000
108580  25.107  4.606  -8.133 0.1250000000
108596  25.982  4.658  -8.705 0.2500000000
109634  26.051  5.474  -9.253 0.1250000000
108595  26.767  4.591  -9.124 0.3750000000
110594  25.665  6.294  -9.680 0.2500000000
109633  27.368  5.529  -9.806 0.5000000000
110593  26.453  6.141  -9.805 0.2500000000
110603  27.200  6.585  -10.233 0.3750000000
109635  25.465  5.958  -9.291 0.2500000000
110605  25.248  6.956  -10.111 0.2500000000
110615  26.700  7.489  -10.603 0.2500000000
110614  27.777  7.324  -10.716 0.3750000000
110604  26.101  6.848  -10.120 0.2500000000
111532  27.175  7.926  -11.318 0.3750000000
89025  18.632  -13.228  -7.419 0.1250000000
91202  18.544  -11.552  -7.672 0.1250000000
86539  23.891  -14.918  -10.747 1.0000000000
95640  25.418  -7.663  -9.604 1.0000000000
87765  18.805  -14.337  -8.001 0.1250000000
86499  20.441  -15.430  -9.267 0.6250000000
85309  21.947  -16.241  -10.221 0.7500000000
92297  18.522  -11.039  -7.390 0.1250000000
90101  18.649  -12.495  -7.727 0.1250000000
85323  22.760  -15.752  -10.774 1.0000000000
86540  23.293  -15.252  -10.736 1.0000000000
86521  25.072  -15.235  -10.607 1.0000000000
95641  20.234  -7.434  -9.218 0.2500000000
94549  19.878  -8.411  -8.799 0.2500000000
89058  26.599  -13.446  -10.200 0.8750000000
91215  27.617  -11.232  -9.983 0.8750000000
90136  27.204  -12.599  -10.365 0.8750000000
92310  27.963  -10.654  -9.547 0.8750000000
101204  22.769  -2.301  -10.995 0.1250000000
97981  21.687  -5.238  -10.987 0.3750000000
99058  23.236  -4.657  -11.417 0.6250000000
94532  27.368  -8.246  -8.836 1.0000000000
93419  27.682  -9.738  -9.086 0.8750000000
101203  23.335  -3.041  -10.881 0.3750000000
100101  23.871  -3.433  -10.732 0.8750000000
97934  27.921  -5.627  -7.702 1.0000000000
97914  28.777  -5.327  -7.385 1.0000000000
99006  28.421  -4.532  -7.606 1.0000000000
100072  28.249  -3.540  -7.599 1.0000000000
104467  26.633  0.506  -8.935 0.8750000000
104466  27.422  0.496  -8.289 1.0000000000
103362  27.669  -0.562  -7.836 1.0000000000
102241  28.456  -1.861  -7.518 1.0000000000
107559  25.623  4.243  -8.570 0.1250000000
107574  27.154  3.584  -9.184 0.6250000000
109632  28.073  5.103  -9.974 0.5000000000
109621  25.703  5.138  -8.742 0.2500000000
110602  28.049  6.513  -10.532 0.5000000000
110595  25.152  6.597  -9.359 0.2500000000
111531  27.989  7.495  -11.699 0.5000000000
110617  25.070  7.621  -10.420 0.1250000000
110616  25.638  7.534  -10.615 0.2500000000
112436  26.733  8.555  -11.979 0.2500000000
111539  27.893  7.872  -12.682 0.3750000000
112444  26.493  9.176  -12.971 0.2500000000
89035  19.047  -13.482  -7.858 0.1250000000
87764  19.348  -14.397  -8.490 0.3750000000
90100  18.894  -12.408  -8.087 0.1250000000
86498  21.303  -15.589  -9.852 0.7500000000
86524  21.816  -15.463  -10.367 1.0000000000
90141  21.301  -12.616  -10.391 1.0000000000
85328  23.018  -15.397  -11.152 1.0000000000
86554  23.044  -14.734  -11.052 1.0000000000
92312  20.444  -10.344  -9.924 0.8750000000
91242  22.551  -11.379  -11.397 1.0000000000
89089  24.282  -13.682  -11.178 1.0000000000
91241  22.732  -12.485  -11.419 1.0000000000
87823  24.078  -14.281  -11.438 1.0000000000
86538  24.619  -14.672  -10.745 1.0000000000
93434  20.951  -9.391  -10.301 0.8750000000
92323  21.712  -10.508  -10.962 1.0000000000
89075  24.688  -13.245  -10.799 1.0000000000
91240  23.738  -12.122  -11.370 1.0000000000
91239  24.538  -11.682  -11.007 1.0000000000
93443  23.518  -9.684  -11.401 1.0000000000
95665  23.331  -7.512  -11.862 1.0000000000
96781  25.351  -6.585  -9.873 1.0000000000
95652  24.886  -7.624  -10.352 1.0000000000
94547  25.820  -8.634  -9.696 1.0000000000
94562  24.510  -8.658  -10.824 1.0000000000
94545  27.232  -9.025  -8.940 1.0000000000
97979  22.905  -5.393  -12.129 0.6250000000
97978  23.558  -5.491  -11.747 0.7500000000
97965  24.183  -5.570  -11.321 1.0000000000
96796  24.394  -6.557  -11.276 1.0000000000
97964  24.738  -5.549  -10.846 1.0000000000
97951  25.725  -5.540  -9.325 1.0000000000
96765  27.471  -6.607  -8.187 1.0000000000
100100  24.506  -3.183  -10.514 1.0000000000
99048  24.387  -4.825  -10.854 1.0000000000
99036  24.722  -4.412  -10.249 1.0000000000
99023  25.990  -4.523  -8.626 1.0000000000
103371  25.989  -0.391  -9.217 0.8750000000
100099  25.200  -3.283  -9.866 1.0000000000
100088  26.541  -3.499  -8.216 1.0000000000
100089  25.859  -3.398  -9.040 1.0000000000
99007  27.927  -4.315  -7.729 1.0000000000
107560  25.118  3.981  -8.566 0.1250000000
109622  25.308  5.613  -8.692 0.2500000000
107575  25.950  3.577  -8.735 0.3750000000
109647  27.765  6.020  -10.378 0.5000000000
111533  26.132  8.175  -11.249 0.2500000000
112435  27.472  8.143  -12.005 0.2500000000
87745  18.528  -14.300  -7.182 0.1250000000
86480  18.792  -15.177  -8.012 0.1250000000
86500  19.909  -15.293  -8.862 0.6250000000
85308  22.450  -16.390  -10.527 1.0000000000
101215  22.785  -3.288  -10.818 0.5000000000
99059  22.601  -4.650  -11.513 0.6250000000
99049  23.834  -4.585  -11.029 0.8750000000
101214  23.127  -3.553  -10.790 0.7500000000
100110  23.393  -3.932  -10.721 0.8750000000
99037  24.165  -4.095  -10.528 1.0000000000
103361  28.684  -0.435  -7.855 1.0000000000
108594  27.847  4.507  -9.538 0.7500000000
112443  27.259  8.444  -12.607 0.2500000000
111550  28.049  7.942  -13.230 0.3750000000
80660  22.633  -19.869  -8.873 0.7500000000
80658  24.883  -20.777  -9.738 0.7500000000
80661  21.754  -19.737  -9.038 0.7500000000
81906  21.485  -18.930  -9.263 0.7500000000
80659  23.501  -20.082  -9.328 0.7500000000
81888  23.018  -19.285  -9.433 0.7500000000
81905  22.503  -18.881  -9.539 0.7500000000
81902  25.388  -19.841  -9.663 0.7500000000
81903  24.220  -19.511  -9.623 0.7500000000
81904  23.344  -18.886  -9.754 0.7500000000
85286  21.426  -16.644  -9.721 0.7500000000
85287  20.691  -16.498  -9.228 0.6250000000
81921  22.996  -18.457  -9.892 0.7500000000
83055  22.361  -17.799  -9.848 0.8750000000
84163  21.954  -17.259  -9.932 0.8750000000
83054  23.889  -18.784  -9.845 0.7500000000
83069  23.645  -18.059  -10.352 0.7500000000
84185  22.438  -17.249  -10.244 0.8750000000
84198  22.882  -16.795  -10.620 0.8750000000
83068  24.868  -18.088  -10.242 0.7500000000
84197  23.438  -17.005  -10.627 0.8750000000
84183  25.333  -17.242  -10.191 0.7500000000
84184  24.273  -17.220  -10.487 0.8750000000
85322  23.504  -15.928  -10.763 0.8750000000
85305  25.865  -16.354  -10.428 0.8750000000
85306  24.639  -16.265  -10.454 0.8750000000
86518  28.813  -15.779  -11.027 0.3750000000
87806  27.382  -14.974  -10.361 0.6250000000
87792  27.016  -14.462  -10.080 0.7500000000
87793  25.845  -14.321  -10.274 0.7500000000
87790  29.167  -14.611  -10.681 0.5000000000
87791  27.978  -14.626  -10.646 0.5000000000
89056  28.550  -13.611  -10.699 0.7500000000
89057  27.567  -13.550  -10.410 0.7500000000
89074  30.182  -14.152  -11.607 0.1250000000
89055  29.696  -13.702  -11.150 0.3750000000
90135  28.095  -12.732  -10.246 0.6250000000
89072  31.360  -14.151  -12.212 0.1250000000
89073  30.506  -14.179  -11.870 0.1250000000
89044  29.692  -13.112  -10.602 0.1250000000
89042  31.063  -13.202  -10.471 0.1250000000
91213  29.067  -11.827  -9.983 0.6250000000
91214  28.255  -11.370  -10.038 0.6250000000
90116  32.587  -12.331  -9.675 0.1250000000
91211  30.980  -11.686  -9.440 0.1250000000
92308  29.698  -10.739  -9.281 0.5000000000
92309  28.692  -10.902  -9.313 0.6250000000
93418  28.450  -10.056  -8.955 0.7500000000
89053  31.738  -13.734  -11.251 0.1250000000
92307  30.622  -10.906  -9.237 0.5000000000
92294  30.472  -10.281  -8.743 0.5000000000
93404  29.976  -9.642  -8.587 0.6250000000
105511  25.653  1.431  -9.313 0.5000000000
104476  25.875  0.543  -9.467 0.7500000000
94529  29.863  -8.611  -8.209 0.6250000000
95626  29.699  -7.707  -7.640 0.6250000000
95627  28.622  -7.710  -7.766 0.8750000000
94528  30.821  -8.694  -8.167 0.5000000000
95625  30.789  -7.699  -7.824 0.6250000000
96763  29.410  -6.733  -7.322 0.7500000000
105498  26.526  1.378  -9.130 0.7500000000
96764  28.372  -6.537  -7.545 0.8750000000
100071  29.027  -3.554  -7.544 0.8750000000
101162  28.735  -2.691  -7.477 0.8750000000
96743  29.194  -5.915  -7.087 0.7500000000
99005  29.315  -4.378  -7.451 0.8750000000
100070  29.835  -3.507  -7.499 0.8750000000
101161  29.522  -2.710  -7.551 0.8750000000
95624  31.655  -7.801  -8.213 0.3750000000
96762  30.677  -6.412  -7.453 0.5000000000
96742  29.995  -5.821  -7.141 0.6250000000
96760  32.162  -7.239  -8.536 0.2500000000
96761  31.750  -6.654  -8.360 0.3750000000
106508  27.212  1.987  -9.147 0.7500000000
105497  27.319  1.323  -8.807 0.8750000000
102248  27.706  -1.694  -7.721 0.8750000000
103353  28.931  -1.221  -7.774 0.7500000000
103352  29.487  -1.415  -7.931 0.8750000000
97912  30.374  -5.064  -7.368 0.6250000000
99004  30.136  -4.296  -7.405 0.7500000000
97932  31.445  -5.542  -8.346 0.3750000000
101175  30.780  -2.672  -8.159 0.7500000000
96779  32.256  -6.214  -8.913 0.2500000000
106526  26.494  2.424  -9.114 0.6250000000
105496  28.162  1.343  -8.377 0.8750000000
104465  28.386  0.456  -8.028 0.8750000000
106506  28.818  1.998  -8.729 0.7500000000
102247  29.875  -1.339  -8.330 0.7500000000
100086  31.182  -3.509  -8.185 0.5000000000
99034  31.889  -4.794  -9.333 0.2500000000
100098  31.444  -3.513  -9.122 0.5000000000
99019  31.371  -4.470  -8.359 0.5000000000
97949  32.391  -5.867  -9.431 0.2500000000
107573  28.165  3.547  -9.393 0.6250000000
106524  28.544  2.693  -9.201 0.7500000000
107572  29.061  3.445  -9.693 0.7500000000
106523  29.597  2.230  -9.559 0.7500000000
106522  30.217  1.678  -9.753 0.7500000000
106505  29.317  1.803  -8.839 0.7500000000
107591  29.793  3.258  -10.563 0.7500000000
105509  30.082  1.185  -9.212 0.7500000000
104475  30.405  0.231  -9.477 0.7500000000
105520  30.442  1.083  -10.011 0.7500000000
102273  30.897  -1.642  -10.161 0.5000000000
103379  30.944  -0.740  -10.731 0.3750000000
103370  30.684  -0.692  -9.809 0.6250000000
100109  31.710  -3.710  -10.251 0.2500000000
101201  31.287  -2.650  -9.988 0.3750000000
102272  31.196  -2.112  -10.715 0.3750000000
108593  28.611  4.188  -9.703 0.6250000000
106541  30.439  2.030  -10.401 0.7500000000
105533  30.775  1.087  -10.842 0.6250000000
103386  31.093  -1.040  -11.751 0.3750000000
104495  30.881  0.115  -11.333 0.3750000000
100120  31.550  -3.825  -11.415 0.1250000000
102293  31.068  -2.150  -12.149 0.1250000000
102283  31.229  -2.011  -11.484 0.2500000000
108606  29.129  4.424  -10.281 0.7500000000
108618  29.522  4.352  -11.162 0.6250000000
107602  30.500  2.648  -11.271 0.7500000000
105545  30.626  1.034  -11.785 0.3750000000
106554  30.618  1.777  -11.276 0.3750000000
103394  30.803  -1.178  -12.662 0.2500000000
104503  30.622  -0.025  -12.461 0.3750000000
104483  30.740  0.204  -10.357 0.6250000000
101239  30.187  -3.138  -13.740 0.1250000000
101230  30.369  -2.679  -13.273 0.1250000000
100130  31.218  -3.771  -12.681 0.1250000000
108607  28.468  4.771  -10.005 0.6250000000
109645  29.305  5.024  -10.778 0.6250000000
108629  29.633  4.423  -12.149 0.3750000000
107614  30.047  3.668  -12.715 0.3750000000
105553  30.268  1.452  -13.592 0.2500000000
106565  30.902  1.982  -12.083 0.3750000000
107613  30.612  2.917  -12.346 0.3750000000
102304  29.960  -1.641  -13.735 0.1250000000
100140  29.871  -4.096  -14.130 0.1250000000
110622  28.690  6.577  -12.093 0.3750000000
109646  28.562  5.584  -10.530 0.3750000000
109656  29.329  5.401  -11.532 0.3750000000
109667  29.466  5.203  -12.683 0.3750000000
107625  29.800  3.496  -13.718 0.3750000000
108638  29.532  4.348  -13.107 0.3750000000
106575  30.153  2.421  -13.751 0.3750000000
106574  30.605  2.190  -12.989 0.3750000000
107624  30.415  3.007  -13.177 0.3750000000
102323  29.318  -1.468  -15.505 0.1250000000
104518  30.055  0.192  -14.258 0.1250000000
104511  30.050  0.853  -14.112 0.2500000000
101240  29.829  -2.634  -14.038 0.1250000000
110641  28.679  6.403  -14.025 0.2500000000
108647  29.019  5.357  -14.441 0.2500000000
109677  29.378  5.046  -13.517 0.3750000000
110632  29.352  5.873  -13.391 0.3750000000
106586  28.883  2.751  -15.146 0.1250000000
108646  29.397  4.422  -13.901 0.3750000000
106581  29.625  2.659  -14.507 0.1250000000
104531  28.326  0.593  -16.186 0.1250000000
105559  29.874  1.620  -14.323 0.1250000000
111549  28.327  7.406  -13.397 0.3750000000
110633  28.866  6.625  -12.971 0.3750000000
137182  28.896  6.111  -14.553 0.2500000000
107639  28.553  3.655  -15.305 0.1250000000
137175  28.194  5.339  -15.334 0.1250000000
106587  28.140  2.934  -15.680 0.1250000000
107640  27.691  4.211  -15.787 0.1250000000
103437  28.102  -0.346  -16.758 0.1250000000
105580  27.371  1.753  -16.475 0.1250000000
111582  26.726  6.629  -16.700 0.1250000000
106598  26.694  2.770  -16.819 0.1250000000
137176  27.039  4.461  -16.314 0.1250000000
104544  26.737  0.765  -17.087 0.1250000000
103438  27.014  -0.321  -17.180 0.1250000000
86520  26.555  -15.375  -10.337 0.6250000000
97913  29.637  -5.115  -7.256 0.8750000000
99020  30.807  -4.331  -7.765 0.5000000000
97950  31.995  -5.734  -8.937 0.3750000000
106507  27.948  2.085  -8.785 0.8750000000
105495  29.080  1.254  -8.425 0.8750000000
105510  29.582  1.510  -8.900 0.7500000000
104463  29.904  0.234  -8.743 0.7500000000
103360  29.454  -0.668  -8.297 0.7500000000
101174  31.108  -2.924  -8.672 0.5000000000
101202  30.870  -2.201  -9.524 0.5000000000
101188  30.805  -2.321  -8.873 0.7500000000
104530  28.959  0.658  -15.508 0.1250000000
107632  28.607  4.499  -15.148 0.2500000000
107641  26.919  3.764  -16.485 0.1250000000
90120  29.204  -12.527  -10.295 0.5000000000
91225  28.423  -12.042  -10.371 0.6250000000
91226  27.756  -11.880  -10.337 0.7500000000
93403  31.000  -9.604  -8.335 0.3750000000
95623  32.430  -7.819  -8.653 0.2500000000
102238  30.406  -2.265  -7.999 0.7500000000
105567  29.309  1.682  -15.060 0.1250000000
95638  33.168  -7.730  -9.545 0.1250000000
79426  22.862  -21.400  -8.979 0.7500000000
80662  20.916  -19.653  -9.162 0.7500000000
78232  24.857  -22.556  -9.694 0.7500000000
79425  24.126  -21.478  -9.356 0.7500000000
79438  26.413  -22.096  -10.897 0.7500000000
84164  21.121  -17.516  -9.422 0.6250000000
83056  21.748  -18.141  -9.615 0.7500000000
80675  25.909  -20.909  -10.164 0.6250000000
83052  25.574  -18.809  -9.812 0.7500000000
83051  26.247  -18.839  -10.168 0.6250000000
85304  27.170  -16.596  -10.649 0.5000000000
85303  28.451  -16.829  -11.378 0.3750000000
86535  29.363  -15.942  -11.512 0.1250000000
87805  30.256  -14.786  -11.632 0.1250000000
87803  31.976  -14.699  -12.837 0.1250000000
89071  32.847  -14.440  -12.053 0.1250000000
89052  32.724  -13.664  -10.950 0.1250000000
90131  33.221  -13.012  -10.285 0.1250000000
91210  32.045  -11.500  -9.187 0.1250000000
93402  31.880  -9.568  -8.635 0.1250000000
94527  31.761  -8.721  -8.340 0.2500000000
106527  25.318  2.312  -9.052 0.5000000000
97962  32.712  -5.947  -10.515 0.1250000000
96778  32.666  -6.736  -9.145 0.2500000000
97963  32.238  -5.433  -11.459 0.1250000000
100138  31.035  -4.261  -13.347 0.1250000000
99075  30.748  -4.782  -13.695 0.1250000000
99077  29.816  -4.485  -14.663 0.1250000000
99076  30.116  -4.814  -14.231 0.1250000000
102335  29.130  -1.982  -16.062 0.1250000000
101259  27.839  -2.528  -16.936 0.1250000000
109612  25.062  5.619  -7.932 0.1250000000
111560  28.315  7.356  -14.431 0.2500000000
111561  27.959  7.364  -15.252 0.1250000000
112475  27.272  7.806  -15.873 0.1250000000
137177  26.431  4.521  -16.757 0.1250000000
137180  26.251  5.651  -16.996 0.1250000000
102351  26.750  -1.190  -17.546 0.1250000000
105581  26.375  1.775  -17.187 0.1250000000
87794  25.239  -13.951  -10.589 0.7500000000
102261  24.437  -1.390  -9.642 0.3750000000
102240  29.215  -1.931  -7.534 0.8750000000
85321  24.021  -15.834  -10.699 0.8750000000
84207  22.917  -15.987  -10.796 0.8750000000
110613  28.555  6.691  -11.186 0.3750000000
111538  28.338  7.142  -12.452 0.3750000000
112453  27.640  8.420  -13.485 0.1250000000
112464  28.295  8.068  -13.942 0.2500000000
80642  22.679  -19.368  -9.184 0.7500000000
79427  22.034  -20.626  -8.859 0.7500000000
79424  24.794  -21.651  -9.767 0.7500000000
79439  25.431  -21.797  -10.219 0.7500000000
80657  25.383  -20.505  -9.803 0.7500000000
81907  20.880  -18.879  -9.113 0.7500000000
83057  21.113  -18.356  -9.355 0.7500000000
83070  22.899  -17.897  -10.185 0.8750000000
83053  24.570  -18.780  -9.723 0.7500000000
83078  23.329  -17.556  -10.587 0.8750000000
83067  25.981  -18.210  -10.130 0.7500000000
84182  26.595  -17.523  -10.398 0.6250000000
85302  28.784  -16.435  -11.478 0.2500000000
86519  27.618  -15.612  -10.517 0.5000000000
86537  27.083  -15.337  -10.310 0.6250000000
87789  29.689  -14.569  -11.155 0.2500000000
86517  29.593  -15.302  -11.155 0.1250000000
90133  29.371  -13.001  -10.458 0.3750000000
90134  28.910  -12.753  -10.465 0.6250000000
89054  30.708  -13.719  -11.299 0.1250000000
90119  29.645  -12.620  -10.137 0.5000000000
90118  30.492  -12.579  -9.876 0.1250000000
90117  31.506  -12.470  -9.720 0.1250000000
91212  30.029  -11.753  -9.608 0.5000000000
90132  32.112  -13.164  -10.294 0.1250000000
92306  31.371  -11.001  -9.027 0.1250000000
92293  31.222  -10.367  -8.653 0.1250000000
93405  29.120  -9.338  -8.707 0.6250000000
94530  28.935  -8.550  -8.282 0.6250000000
102246  30.421  -1.823  -8.462 0.7500000000
97933  30.858  -5.241  -7.808 0.5000000000
106525  27.593  2.755  -9.065 0.6250000000
104464  29.257  0.326  -8.237 0.7500000000
102258  30.643  -1.565  -9.288 0.6250000000
103359  30.177  -0.799  -8.950 0.7500000000
99047  31.994  -4.845  -10.696 0.1250000000
99046  32.256  -5.346  -9.861 0.2500000000
106542  30.000  2.542  -10.307 0.7500000000
102284  31.138  -1.486  -10.969 0.3750000000
101213  31.425  -2.841  -10.958 0.1250000000
107603  30.074  3.588  -11.695 0.3750000000
103393  31.015  -1.593  -12.247 0.3750000000
101222  31.176  -2.898  -11.861 0.1250000000
102294  30.652  -2.008  -12.629 0.1250000000
101223  30.814  -2.789  -12.572 0.1250000000
105552  30.436  1.185  -12.721 0.3750000000
103400  30.400  -0.784  -13.415 0.2500000000
100149  29.934  -3.483  -13.984 0.1250000000
100139  30.461  -3.807  -13.565 0.1250000000
102303  30.335  -1.728  -13.179 0.1250000000
109657  28.941  6.006  -11.188 0.3750000000
104510  30.319  0.370  -13.530 0.2500000000
102314  29.694  -1.655  -14.521 0.1250000000
103410  30.113  -0.346  -13.989 0.1250000000
110621  29.254  6.040  -12.389 0.3750000000
107631  29.182  3.847  -14.629 0.3750000000
103423  29.356  -0.312  -15.453 0.1250000000
103424  28.786  -0.279  -16.055 0.1250000000
102336  28.612  -1.449  -16.356 0.1250000000
104519  29.762  0.608  -14.861 0.1250000000
100150  29.681  -3.695  -14.721 0.1250000000
101247  29.336  -2.677  -15.216 0.1250000000
111570  28.533  6.395  -15.054 0.2500000000
105579  27.942  1.172  -16.275 0.1250000000
104543  27.620  0.606  -16.698 0.1250000000
137179  27.902  6.004  -15.562 0.1250000000
137181  27.347  5.547  -16.137 0.1250000000
105569  27.877  2.342  -16.052 0.1250000000
102337  27.507  -1.372  -17.097 0.1250000000
105568  28.336  1.724  -15.745 0.1250000000
112486  26.985  7.336  -16.365 0.1250000000
111571  27.611  6.742  -15.908 0.1250000000
78234  23.058  -22.324  -9.063 0.7500000000
79411  22.427  -21.779  -8.679 0.7500000000
84142  20.493  -17.351  -8.869 0.5000000000
84181  27.915  -17.873  -10.843 0.5000000000
91199  32.812  -10.904  -8.855 0.1250000000
91208  34.110  -11.071  -9.654 0.1250000000
92292  32.144  -10.440  -8.835 0.1250000000
99057  31.673  -4.894  -12.044 0.1250000000
101258  28.657  -2.711  -16.038 0.1250000000
80643  21.197  -20.606  -8.939 0.7500000000
81890  20.423  -19.177  -8.673 0.5000000000
77071  24.215  -23.763  -9.360 0.6250000000
77070  25.311  -23.634  -9.578 0.6250000000
77084  26.330  -23.150  -10.166 0.3750000000
78243  25.560  -22.523  -10.103 0.6250000000
77081  28.181  -24.031  -11.735 0.2500000000
78241  26.787  -23.097  -11.499 0.3750000000
78233  23.731  -22.426  -9.233 0.6250000000
80674  27.144  -21.544  -11.194 0.5000000000
81901  26.220  -19.450  -10.138 0.5000000000
83066  27.104  -18.993  -10.719 0.3750000000
77069  26.109  -23.585  -9.726 0.5000000000
77054  23.787  -24.122  -9.104 0.6250000000
80644  20.397  -20.241  -8.490 0.3750000000
77072  23.301  -22.968  -9.111 0.6250000000
79412  21.907  -21.507  -8.541 0.6250000000
75850  25.538  -24.373  -9.339 0.3750000000
83037  19.913  -18.590  -8.418 0.2500000000
77053  26.033  -23.833  -9.179 0.3750000000
79435  28.419  -22.319  -10.773 0.2500000000
77067  27.561  -23.236  -10.529 0.2500000000
86478  19.978  -15.986  -8.721 0.3750000000
80673  27.988  -21.552  -11.371 0.2500000000
81917  27.942  -20.530  -11.016 0.3750000000
95642  19.694  -7.466  -8.704 0.1250000000
85320  28.864  -16.954  -11.771 0.2500000000
99060  21.964  -4.551  -11.281 0.2500000000
96782  19.931  -6.642  -9.148 0.1250000000
94533  19.253  -8.402  -8.342 0.2500000000
100121  22.894  -4.067  -10.862 0.3750000000
81919  26.080  -20.098  -10.100 0.5000000000
78242  26.246  -22.672  -10.457 0.5000000000
83036  20.517  -18.228  -8.924 0.3750000000
84143  19.759  -17.651  -8.449 0.3750000000
75865  25.135  -24.448  -9.518 0.6250000000
77083  26.828  -23.191  -10.684 0.2500000000
77068  26.907  -23.206  -9.983 0.2500000000
78229  27.651  -22.842  -10.185 0.2500000000
80688  27.233  -22.384  -11.624 0.3750000000
81918  26.833  -20.256  -10.480 0.3750000000
75864  25.565  -24.090  -9.478 0.5000000000
75835  25.444  -24.625  -8.727 0.3750000000
83065  28.613  -19.215  -11.019 0.2500000000
94534  18.720  -8.382  -7.857 0.1250000000
77056  21.822  -23.664  -8.340 0.5000000000
75851  25.095  -25.331  -9.288 0.2500000000
74620  24.400  -26.024  -9.042 0.3750000000
75852  24.027  -24.768  -8.905 0.5000000000
77055  23.189  -23.780  -8.896 0.5000000000
77042  21.332  -23.986  -8.099 0.3750000000
77057  20.944  -22.929  -8.230 0.5000000000
79413  20.708  -21.530  -8.315 0.3750000000
78218  22.499  -22.467  -8.693 0.5000000000
75840  20.051  -24.274  -6.848 0.1250000000
77043  20.834  -23.670  -7.884 0.3750000000
73449  21.045  -26.349  -7.020 0.1250000000
75839  20.575  -24.399  -7.249 0.2500000000
74608  22.602  -25.934  -8.421 0.3750000000
74619  24.649  -26.125  -8.813 0.2500000000
74621  23.403  -25.908  -8.753 0.3750000000
75824  19.466  -24.376  -6.481 0.1250000000
75838  21.520  -24.568  -7.852 0.3750000000
75837  22.420  -25.210  -8.252 0.3750000000
78206  19.118  -22.608  -6.848 0.1250000000
79400  19.412  -21.506  -7.262 0.1250000000
94526  32.493  -8.666  -8.983 0.1250000000
75866  24.705  -24.689  -9.398 0.3750000000
80626  20.073  -20.885  -7.803 0.2500000000
80645  19.914  -20.233  -7.972 0.2500000000
75836  24.926  -25.442  -8.439 0.2500000000
75854  22.125  -24.515  -8.256 0.5000000000
75853  22.864  -24.620  -8.464 0.5000000000
78204  20.270  -22.453  -7.697 0.1250000000
78220  20.823  -22.331  -8.152 0.1250000000
78219  21.441  -22.400  -8.337 0.5000000000
75823  20.312  -24.845  -6.635 0.1250000000
77044  19.810  -23.585  -7.176 0.1250000000
77030  19.264  -23.674  -6.704 0.1250000000
79399  20.098  -21.591  -7.770 0.1250000000
74598  20.423  -25.493  -6.598 0.1250000000
74609  21.962  -25.773  -7.960 0.3750000000
73460  24.154  -26.785  -9.271 0.2500000000
78205  19.381  -22.576  -7.178 0.1250000000
73447  22.839  -26.814  -8.292 0.2500000000
73459  24.458  -26.543  -9.034 0.2500000000
73448  21.669  -26.566  -7.453 0.1250000000
74610  20.973  -25.533  -7.168 0.1250000000
85258  19.089  -17.057  -7.544 0.1250000000
103380  24.743  0.075  -9.736 0.1250000000
104477  25.000  0.564  -9.613 0.1250000000
104484  24.595  0.254  -9.658 0.1250000000
104478  24.174  0.410  -9.383 0.1250000000
105512  24.712  1.425  -9.373 0.1250000000
104468  23.698  0.774  -9.035 0.1250000000
106528  24.317  2.231  -9.204 0.1250000000
103373  24.317  -0.264  -9.702 0.1250000000
105513  23.893  1.433  -9.144 0.1250000000
106509  23.405  2.077  -8.754 0.1250000000
102262  23.400  -1.224  -9.710 0.1250000000
99061  21.480  -4.535  -10.644 0.1250000000
81891  19.821  -19.457  -7.984 0.1250000000
84126  18.898  -17.679  -7.295 0.1250000000
100111  22.245  -3.180  -10.712 0.1250000000
102274  22.790  -1.671  -10.407 0.1250000000
102250  23.163  -0.942  -9.230 0.1250000000
103374  23.762  -0.296  -9.494 0.1250000000
104469  23.515  0.116  -8.821 0.1250000000
105485  23.789  1.129  -8.852 0.1250000000
106491  23.507  2.014  -8.193 0.1250000000
107577  23.962  2.632  -8.751 0.1250000000
101192  23.185  -1.655  -10.820 0.1250000000
86479  19.271  -15.266  -8.461 0.1250000000
85271  20.077  -16.822  -8.642 0.1250000000
83019  19.403  -18.365  -7.717 0.1250000000
100122  22.343  -3.918  -11.015 0.1250000000
85273  18.923  -15.759  -7.870 0.1250000000
85272  19.356  -16.573  -8.092 0.1250000000
84125  19.294  -17.470  -7.784 0.1250000000
85259  18.783  -16.480  -7.298 0.1250000000
104479  23.655  -0.041  -9.256 0.1250000000
106529  23.619  2.139  -9.075 0.1250000000
105514  23.438  1.698  -9.007 0.1250000000
103366  22.228  0.108  -8.364 0.1250000000
107546  23.841  2.705  -7.717 0.1250000000
77040  26.103  -23.206  -8.426 0.1250000000
77052  26.312  -23.248  -8.892 0.1250000000
78217  26.828  -22.706  -9.267 0.1250000000
79422  28.028  -21.964  -10.001 0.1250000000
80655  28.417  -21.686  -10.639 0.1250000000
81899  28.513  -21.053  -10.923 0.1250000000
83050  28.254  -19.255  -10.170 0.1250000000
83049  29.067  -18.786  -10.707 0.1250000000
84179  29.737  -18.304  -11.133 0.1250000000
83064  29.272  -18.719  -11.114 0.1250000000
84180  29.086  -18.057  -11.292 0.1250000000
73445  24.342  -26.944  -8.619 0.1250000000
73461  23.595  -26.860  -9.096 0.1250000000
73434  24.341  -26.666  -7.455 0.1250000000
74607  24.600  -26.083  -8.046 0.1250000000
75821  24.848  -24.534  -7.420 0.1250000000
77041  25.789  -23.569  -8.105 0.1250000000
78202  26.250  -22.712  -8.253 0.1250000000
79410  27.075  -21.771  -8.954 0.1250000000
80639  27.601  -20.980  -9.484 0.1250000000
81900  28.410  -20.344  -10.369 0.1250000000
81887  27.745  -19.873  -9.238 0.1250000000
84161  29.144  -17.877  -10.267 0.1250000000
84195  29.680  -17.592  -11.677 0.1250000000
84194  30.262  -17.562  -11.409 0.1250000000
84178  30.052  -17.701  -10.661 0.1250000000
85319  29.212  -16.668  -11.758 0.1250000000
75822  24.651  -25.405  -7.732 0.1250000000
72331  23.933  -27.287  -7.772 0.1250000000
80656  28.247  -21.187  -10.344 0.1250000000
79409  27.535  -21.553  -9.514 0.1250000000
78188  25.935  -22.552  -7.042 0.1250000000
84193  30.469  -17.200  -10.927 0.1250000000
73446  23.798  -27.488  -9.077 0.1250000000
74599  19.934  -25.347  -6.224 0.1250000000
77082  27.546  -23.467  -11.149 0.2500000000
77093  28.127  -24.128  -12.164 0.2500000000
77094  27.639  -24.157  -11.946 0.2500000000
77095  27.201  -23.691  -11.505 0.3750000000
78230  27.213  -22.828  -9.776 0.2500000000
78231  25.782  -23.031  -9.905 0.6250000000
78239  28.252  -23.267  -11.196 0.2500000000
78240  27.960  -23.250  -10.674 0.2500000000
78255  28.271  -23.605  -11.921 0.2500000000
78256  27.842  -23.715  -12.210 0.2500000000
78257  27.436  -23.598  -11.830 0.3750000000
79421  28.393  -21.978  -10.461 0.1250000000
79423  27.369  -22.420  -9.646 0.2500000000
79436  28.195  -22.788  -10.533 0.2500000000
79437  26.942  -22.463  -11.569 0.3750000000
79451  28.298  -22.714  -11.452 0.2500000000
79452  27.954  -22.942  -11.906 0.3750000000
79453  27.293  -22.981  -12.103 0.3750000000
80641  22.944  -19.509  -9.137 0.7500000000
80672  28.375  -21.770  -11.176 0.1250000000
80676  25.392  -21.173  -10.008 0.7500000000
80686  28.070  -22.267  -11.466 0.2500000000
80687  27.622  -22.316  -11.590 0.3750000000
81889  22.787  -19.215  -9.352 0.7500000000
81916  28.305  -21.190  -11.187 0.2500000000
81920  23.209  -18.305  -10.070 0.8750000000
83079  23.093  -17.492  -10.581 0.8750000000
84162  22.288  -17.450  -9.981 0.8750000000
84186  22.200  -16.833  -10.280 1.0000000000
84196  29.060  -17.273  -11.701 0.2500000000
84206  23.152  -16.295  -10.754 0.8750000000
85307  23.958  -16.495  -10.666 0.8750000000
85327  23.166  -15.636  -10.750 1.0000000000
86522  24.351  -15.550  -10.619 0.8750000000
86536  27.292  -15.210  -10.361 0.6250000000
86542  22.074  -15.019  -11.944 1.0000000000
86555  22.824  -15.090  -11.929 1.0000000000
86556  22.395  -15.142  -12.056 1.0000000000
87807  27.056  -15.061  -10.199 0.6250000000
87809  24.608  -14.093  -10.881 1.0000000000
87810  22.899  -14.231  -11.053 1.0000000000
87812  21.679  -14.125  -12.163 1.0000000000
87824  23.776  -14.436  -11.912 1.0000000000
87826  22.205  -14.566  -12.291 1.0000000000
87837  22.944  -14.021  -12.345 1.0000000000
87838  22.642  -14.246  -12.343 1.0000000000
89043  30.171  -13.110  -10.685 0.1250000000
89078  22.298  -13.914  -11.524 1.0000000000
89079  21.793  -13.453  -11.904 1.0000000000
89099  23.114  -13.634  -12.205 1.0000000000
90102  18.309  -12.325  -7.324 0.1250000000
90108  18.661  -12.034  -8.124 0.1250000000
91209  33.128  -11.488  -9.265 0.1250000000
91230  22.436  -12.438  -10.940 1.0000000000
93417  29.169  -10.106  -9.025 0.7500000000
94548  20.388  -8.403  -9.411 0.5000000000
96741  30.501  -5.632  -7.408 0.6250000000
96826  22.460  -5.899  -12.133 0.8750000000
97992  22.675  -5.696  -12.181 0.6250000000
97993  22.458  -5.654  -12.091 0.6250000000
99033  32.140  -5.423  -9.381 0.3750000000
100087  30.575  -3.477  -7.710 0.5000000000
100131  30.707  -3.254  -13.016 0.1250000000
101160  30.240  -2.731  -7.719 0.7500000000
101187  31.111  -2.714  -9.225 0.5000000000
101231  30.023  -2.159  -13.492 0.1250000000
101257  29.214  -2.225  -15.766 0.1250000000
102239  29.938  -1.978  -7.843 0.7500000000
102324  28.979  -0.883  -15.787 0.1250000000
103354  28.280  -1.139  -7.690 0.8750000000
103381  24.537  0.011  -9.801 0.1250000000
103385  31.171  -1.678  -11.926 0.2500000000
103401  29.941  -0.983  -14.038 0.1250000000
103411  29.780  -0.562  -14.671 0.1250000000
104470  22.806  0.078  -8.392 0.1250000000
104485  24.380  0.125  -9.664 0.1250000000
105494  29.687  0.958  -8.586 0.7500000000
105499  23.562  1.274  -8.986 0.1250000000
105500  23.513  1.541  -8.741 0.1250000000
106588  27.538  2.976  -16.306 0.1250000000
107578  23.568  2.366  -8.787 0.1250000000
107590  30.201  2.638  -10.639 0.7500000000
110612  28.952  6.140  -11.674 0.3750000000
111530  28.399  6.982  -11.852 0.3750000000
112452  28.151  7.994  -13.501 0.3750000000
137086  23.150  -13.127  -12.070 1.0000000000
137087  22.162  -13.846  -12.429 1.0000000000
137088  21.776  -14.089  -12.468 1.0000000000
137089  22.071  -14.070  -12.469 1.0000000000
137090  22.005  -13.671  -12.348 1.0000000000
137091  21.696  -13.837  -12.279 1.0000000000
137092  22.652  -13.268  -12.121 1.0000000000
137095  22.109  -13.084  -12.031 1.0000000000
137097  24.177  -12.557  -11.145 1.0000000000
137178  26.829  5.000  -16.421 0.1250000000
137184  27.223  4.802  -16.128 0.1250000000
