#!ascii label  , from subject 3855 vox2ras=TkReg
251
90134  28.910  -12.753  -10.465 0.0000000000
77081  28.181  -24.031  -11.735 0.0000000000
94532  27.368  -8.246  -8.836 0.0000000000
107572  29.061  3.445  -9.693 0.0000000000
77070  25.311  -23.634  -9.578 0.0000000000
96762  30.677  -6.412  -7.453 0.0000000000
101175  30.780  -2.672  -8.159 0.0000000000
87793  25.845  -14.321  -10.274 0.0000000000
84181  27.915  -17.873  -10.843 0.0000000000
86535  29.363  -15.942  -11.512 0.0000000000
91211  30.980  -11.686  -9.440 0.0000000000
89072  31.360  -14.151  -12.212 0.0000000000
92310  27.963  -10.654  -9.547 0.0000000000
94528  30.821  -8.694  -8.167 0.0000000000
104465  28.386  0.456  -8.028 0.0000000000
104483  30.740  0.204  -10.357 0.0000000000
81900  28.410  -20.344  -10.369 0.0000000000
100070  29.835  -3.507  -7.499 0.0000000000
101161  29.522  -2.710  -7.551 0.0000000000
89057  27.567  -13.550  -10.410 0.0000000000
87806  27.382  -14.974  -10.361 0.0000000000
87790  29.167  -14.611  -10.681 0.0000000000
77084  26.330  -23.150  -10.166 0.0000000000
93406  28.441  -9.216  -8.818 0.0000000000
93404  29.976  -9.642  -8.587 0.0000000000
94530  28.935  -8.550  -8.282 0.0000000000
99034  31.889  -4.794  -9.333 0.0000000000
96779  32.256  -6.214  -8.913 0.0000000000
106525  27.593  2.755  -9.065 0.0000000000
104466  27.422  0.496  -8.289 0.0000000000
106506  28.818  1.998  -8.729 0.0000000000
107625  29.800  3.496  -13.718 0.0000000000
106574  30.605  2.190  -12.989 0.0000000000
105533  30.775  1.087  -10.842 0.0000000000
104503  30.622  -0.025  -12.461 0.0000000000
103386  31.093  -1.040  -11.751 0.0000000000
84180  29.086  -18.057  -11.292 0.0000000000
83065  28.613  -19.215  -11.019 0.0000000000
77071  24.215  -23.763  -9.360 0.0000000000
96763  29.410  -6.733  -7.322 0.0000000000
97913  29.637  -5.115  -7.256 0.0000000000
99020  30.807  -4.331  -7.765 0.0000000000
100098  31.444  -3.513  -9.122 0.0000000000
85305  25.865  -16.354  -10.428 0.0000000000
86520  26.555  -15.375  -10.337 0.0000000000
85303  28.451  -16.829  -11.378 0.0000000000
84195  29.680  -17.592  -11.677 0.0000000000
90119  29.645  -12.620  -10.137 0.0000000000
89055  29.696  -13.702  -11.150 0.0000000000
89042  31.063  -13.202  -10.471 0.0000000000
90136  27.204  -12.599  -10.365 0.0000000000
92320  26.370  -10.805  -9.933 0.0000000000
91214  28.255  -11.370  -10.038 0.0000000000
92308  29.698  -10.739  -9.281 0.0000000000
92293  31.222  -10.367  -8.653 0.0000000000
93401  32.665  -9.452  -9.123 0.0000000000
95625  30.789  -7.699  -7.824 0.0000000000
95623  32.430  -7.819  -8.653 0.0000000000
103361  28.684  -0.435  -7.855 0.0000000000
107591  29.793  3.258  -10.563 0.0000000000
106522  30.217  1.678  -9.753 0.0000000000
104463  29.904  0.234  -8.743 0.0000000000
103352  29.487  -1.415  -7.931 0.0000000000
102258  30.643  -1.565  -9.288 0.0000000000
102272  31.196  -2.112  -10.715 0.0000000000
80674  27.144  -21.544  -11.194 0.0000000000
83067  25.981  -18.210  -10.130 0.0000000000
87805  30.256  -14.786  -11.632 0.0000000000
85318  30.167  -16.817  -11.766 0.0000000000
101162  28.735  -2.691  -7.477 0.0000000000
102240  29.215  -1.931  -7.534 0.0000000000
89056  28.550  -13.611  -10.699 0.0000000000
74620  24.400  -26.024  -9.042 0.0000000000
75852  24.027  -24.768  -8.905 0.0000000000
77083  26.828  -23.191  -10.684 0.0000000000
94531  28.028  -8.554  -8.659 0.0000000000
99046  32.256  -5.346  -9.861 0.0000000000
106524  28.544  2.693  -9.201 0.0000000000
106508  27.212  1.987  -9.147 0.0000000000
106507  27.948  2.085  -8.785 0.0000000000
105552  30.436  1.185  -12.721 0.0000000000
83064  29.272  -18.719  -11.114 0.0000000000
79439  25.431  -21.797  -10.219 0.0000000000
96764  28.372  -6.537  -7.545 0.0000000000
97914  28.777  -5.327  -7.385 0.0000000000
99004  30.136  -4.296  -7.405 0.0000000000
100086  31.182  -3.509  -8.185 0.0000000000
101174  31.108  -2.924  -8.672 0.0000000000
108593  28.611  4.188  -9.703 0.0000000000
86521  25.072  -15.235  -10.607 0.0000000000
86518  28.813  -15.779  -11.027 0.0000000000
86519  27.618  -15.612  -10.517 0.0000000000
85302  28.784  -16.435  -11.478 0.0000000000
85320  28.864  -16.954  -11.771 0.0000000000
85319  29.212  -16.668  -11.758 0.0000000000
75865  25.135  -24.448  -9.518 0.0000000000
90118  30.492  -12.579  -9.876 0.0000000000
90117  31.506  -12.470  -9.720 0.0000000000
90137  26.302  -12.531  -10.358 0.0000000000
92311  27.182  -10.671  -9.649 0.0000000000
91215  27.617  -11.232  -9.983 0.0000000000
92309  28.692  -10.902  -9.313 0.0000000000
92294  30.472  -10.281  -8.743 0.0000000000
93403  31.000  -9.604  -8.335 0.0000000000
93402  31.880  -9.568  -8.635 0.0000000000
95626  29.699  -7.707  -7.640 0.0000000000
96760  32.162  -7.239  -8.536 0.0000000000
95638  33.168  -7.730  -9.545 0.0000000000
103363  26.712  -0.449  -8.460 0.0000000000
103362  27.669  -0.562  -7.836 0.0000000000
107624  30.415  3.007  -13.177 0.0000000000
107614  30.047  3.668  -12.715 0.0000000000
107602  30.500  2.648  -11.271 0.0000000000
106541  30.439  2.030  -10.401 0.0000000000
105520  30.442  1.083  -10.011 0.0000000000
104475  30.405  0.231  -9.477 0.0000000000
103360  29.454  -0.668  -8.297 0.0000000000
103359  30.177  -0.799  -8.950 0.0000000000
102247  29.875  -1.339  -8.330 0.0000000000
103370  30.684  -0.692  -9.809 0.0000000000
103393  31.015  -1.593  -12.247 0.0000000000
102284  31.138  -1.486  -10.969 0.0000000000
102283  31.229  -2.011  -11.484 0.0000000000
101213  31.425  -2.841  -10.958 0.0000000000
80675  25.909  -20.909  -10.164 0.0000000000
84182  26.595  -17.523  -10.398 0.0000000000
84183  25.333  -17.242  -10.191 0.0000000000
83066  27.104  -18.993  -10.719 0.0000000000
81917  27.942  -20.530  -11.016 0.0000000000
89073  30.506  -14.179  -11.870 0.0000000000
89074  30.182  -14.152  -11.607 0.0000000000
99006  28.421  -4.532  -7.606 0.0000000000
100071  29.027  -3.554  -7.544 0.0000000000
102238  30.406  -2.265  -7.999 0.0000000000
89058  26.599  -13.446  -10.200 0.0000000000
87792  27.016  -14.462  -10.080 0.0000000000
87791  27.978  -14.626  -10.646 0.0000000000
77069  26.109  -23.585  -9.726 0.0000000000
75864  25.565  -24.090  -9.478 0.0000000000
77053  26.033  -23.833  -9.179 0.0000000000
91210  32.045  -11.500  -9.187 0.0000000000
90116  32.587  -12.331  -9.675 0.0000000000
93420  26.739  -9.785  -9.488 0.0000000000
93419  27.682  -9.738  -9.086 0.0000000000
93418  28.450  -10.056  -8.955 0.0000000000
93405  29.120  -9.338  -8.707 0.0000000000
94529  29.863  -8.611  -8.209 0.0000000000
97932  31.445  -5.542  -8.346 0.0000000000
97950  31.995  -5.734  -8.937 0.0000000000
97949  32.391  -5.867  -9.431 0.0000000000
105496  28.162  1.343  -8.377 0.0000000000
105495  29.080  1.254  -8.425 0.0000000000
106575  30.153  2.421  -13.751 0.0000000000
106554  30.618  1.777  -11.276 0.0000000000
105545  30.626  1.034  -11.785 0.0000000000
104495  30.881  0.115  -11.333 0.0000000000
103379  30.944  -0.740  -10.731 0.0000000000
103394  30.803  -1.178  -12.662 0.0000000000
77054  23.787  -24.122  -9.104 0.0000000000
78232  24.857  -22.556  -9.694 0.0000000000
78243  25.560  -22.523  -10.103 0.0000000000
78242  26.246  -22.672  -10.457 0.0000000000
78241  26.787  -23.097  -11.499 0.0000000000
95628  27.793  -7.556  -8.293 0.0000000000
95627  28.622  -7.710  -7.766 0.0000000000
96743  29.194  -5.915  -7.087 0.0000000000
96742  29.995  -5.821  -7.141 0.0000000000
99005  29.315  -4.378  -7.451 0.0000000000
97912  30.374  -5.064  -7.368 0.0000000000
97933  30.858  -5.241  -7.808 0.0000000000
99019  31.371  -4.470  -8.359 0.0000000000
100109  31.710  -3.710  -10.251 0.0000000000
107573  28.165  3.547  -9.393 0.0000000000
85304  27.170  -16.596  -10.649 0.0000000000
86537  27.083  -15.337  -10.310 0.0000000000
84179  29.737  -18.304  -11.133 0.0000000000
90120  29.204  -12.527  -10.295 0.0000000000
90133  29.371  -13.001  -10.458 0.0000000000
89044  29.692  -13.112  -10.602 0.0000000000
89054  30.708  -13.719  -11.299 0.0000000000
89053  31.738  -13.734  -11.251 0.0000000000
90132  32.112  -13.164  -10.294 0.0000000000
89071  32.847  -14.440  -12.053 0.0000000000
90135  28.095  -12.732  -10.246 0.0000000000
91227  26.923  -11.607  -10.234 0.0000000000
91226  27.756  -11.880  -10.337 0.0000000000
91225  28.423  -12.042  -10.371 0.0000000000
91213  29.067  -11.827  -9.983 0.0000000000
91212  30.029  -11.753  -9.608 0.0000000000
92307  30.622  -10.906  -9.237 0.0000000000
92306  31.371  -11.001  -9.027 0.0000000000
92292  32.144  -10.440  -8.835 0.0000000000
92291  33.140  -10.120  -9.204 0.0000000000
96761  31.750  -6.654  -8.360 0.0000000000
95624  31.655  -7.801  -8.213 0.0000000000
94527  31.761  -8.721  -8.340 0.0000000000
94526  32.493  -8.666  -8.983 0.0000000000
102248  27.706  -1.694  -7.721 0.0000000000
108618  29.522  4.352  -11.162 0.0000000000
106523  29.597  2.230  -9.559 0.0000000000
106505  29.317  1.803  -8.839 0.0000000000
105510  29.582  1.510  -8.900 0.0000000000
105509  30.082  1.185  -9.212 0.0000000000
104464  29.257  0.326  -8.237 0.0000000000
103353  28.931  -1.221  -7.774 0.0000000000
102241  28.456  -1.861  -7.518 0.0000000000
102246  30.421  -1.823  -8.462 0.0000000000
101188  30.805  -2.321  -8.873 0.0000000000
102273  30.897  -1.642  -10.161 0.0000000000
101202  30.870  -2.201  -9.524 0.0000000000
101201  31.287  -2.650  -9.988 0.0000000000
79438  26.413  -22.096  -10.897 0.0000000000
80688  27.233  -22.384  -11.624 0.0000000000
83051  26.247  -18.839  -10.168 0.0000000000
81901  26.220  -19.450  -10.138 0.0000000000
81918  26.833  -20.256  -10.480 0.0000000000
80673  27.988  -21.552  -11.371 0.0000000000
87789  29.689  -14.569  -11.155 0.0000000000
86517  29.593  -15.302  -11.155 0.0000000000
87804  31.104  -14.862  -12.511 0.0000000000
86534  29.911  -15.939  -11.749 0.0000000000
77082  27.546  -23.467  -11.149 0.0000000000
77093  28.127  -24.128  -12.164 0.0000000000
77094  27.639  -24.157  -11.946 0.0000000000
77095  27.201  -23.691  -11.505 0.0000000000
78231  25.782  -23.031  -9.905 0.0000000000
78239  28.252  -23.267  -11.196 0.0000000000
78240  27.960  -23.250  -10.674 0.0000000000
78255  28.271  -23.605  -11.921 0.0000000000
78256  27.842  -23.715  -12.210 0.0000000000
78257  27.436  -23.598  -11.830 0.0000000000
79437  26.942  -22.463  -11.569 0.0000000000
79452  27.954  -22.942  -11.906 0.0000000000
79453  27.293  -22.981  -12.103 0.0000000000
80686  28.070  -22.267  -11.466 0.0000000000
80687  27.622  -22.316  -11.590 0.0000000000
81916  28.305  -21.190  -11.187 0.0000000000
84196  29.060  -17.273  -11.701 0.0000000000
86536  27.292  -15.210  -10.361 0.0000000000
87807  27.056  -15.061  -10.199 0.0000000000
89043  30.171  -13.110  -10.685 0.0000000000
93417  29.169  -10.106  -9.025 0.0000000000
96741  30.501  -5.632  -7.408 0.0000000000
99033  32.140  -5.423  -9.381 0.0000000000
100087  30.575  -3.477  -7.710 0.0000000000
101160  30.240  -2.731  -7.719 0.0000000000
101187  31.111  -2.714  -9.225 0.0000000000
102239  29.938  -1.978  -7.843 0.0000000000
103354  28.280  -1.139  -7.690 0.0000000000
103385  31.171  -1.678  -11.926 0.0000000000
105494  29.687  0.958  -8.586 0.0000000000
