#!ascii label  , from subject 3854 vox2ras=TkReg
1940
76313  -29.539  -20.718  80.901 0.0000000000
89460  -48.130  -10.158  60.163 0.0000000000
77771  -33.124  -19.506  63.246 0.0000000000
150945  -1.806  -35.165  72.662 0.0000000000
57460  -20.442  -37.520  79.129 0.0000000000
68587  -8.242  -28.135  76.253 0.0000000000
64952  -8.212  -30.950  84.670 0.0000000000
83773  -40.946  -15.783  63.303 0.0000000000
69861  -6.378  -27.990  67.569 0.0000000000
57445  -1.077  -37.897  79.113 0.0000000000
73126  -30.899  -24.390  75.128 0.0000000000
71922  -24.270  -25.872  78.722 0.0000000000
66215  -25.622  -31.619  81.385 0.0000000000
94940  -48.669  -6.103  58.447 0.0000000000
77756  -37.563  -20.304  64.066 0.0000000000
58758  -17.117  -35.970  75.658 0.0000000000
68632  -1.796  -27.917  73.012 0.0000000000
65089  -7.344  -32.738  74.918 0.0000000000
63872  -7.767  -33.215  70.650 0.0000000000
150942  -2.527  -34.451  67.700 0.0000000000
56163  -6.504  -37.734  83.367 0.0000000000
57371  -3.529  -37.092  84.804 0.0000000000
77726  -32.095  -20.070  68.249 0.0000000000
60053  -24.367  -35.237  82.265 0.0000000000
55023  -24.686  -38.404  77.193 0.0000000000
67382  -8.819  -29.646  80.610 0.0000000000
65013  -5.746  -32.802  78.841 0.0000000000
88319  -43.802  -11.774  62.127 0.0000000000
57436  -10.229  -37.501  80.254 0.0000000000
57492  -13.569  -36.689  77.736 0.0000000000
68646  -7.999  -27.881  71.652 0.0000000000
62669  -8.431  -32.763  65.297 0.0000000000
63632  -6.451  -32.607  88.277 0.0000000000
63678  -3.543  -33.948  82.271 0.0000000000
62511  -1.112  -35.328  76.779 0.0000000000
77498  -31.851  -20.292  80.152 0.0000000000
73052  -30.111  -23.636  79.709 0.0000000000
73068  -31.873  -24.164  79.045 0.0000000000
74132  -26.926  -22.526  79.965 0.0000000000
71956  -27.702  -25.227  77.678 0.0000000000
74130  -24.967  -23.042  80.964 0.0000000000
92644  -48.798  -7.684  59.301 0.0000000000
88389  -43.531  -11.993  58.302 0.0000000000
90512  -45.677  -9.355  57.703 0.0000000000
92670  -45.857  -7.166  57.035 0.0000000000
77773  -35.114  -19.474  62.916 0.0000000000
75405  -31.138  -21.089  64.631 0.0000000000
75425  -32.883  -21.063  62.940 0.0000000000
75448  -34.613  -20.901  61.951 0.0000000000
63833  -4.760  -34.080  73.658 0.0000000000
63856  -5.347  -34.154  71.646 0.0000000000
61340  -2.427  -34.839  70.156 0.0000000000
60184  -2.577  -36.092  68.174 0.0000000000
58826  -2.497  -36.670  70.960 0.0000000000
57433  -6.343  -37.740  80.478 0.0000000000
56208  -5.269  -38.335  81.837 0.0000000000
77679  -32.425  -19.525  70.107 0.0000000000
77591  -32.034  -20.341  75.530 0.0000000000
75256  -30.121  -22.273  74.587 0.0000000000
77651  -31.069  -19.770  72.573 0.0000000000
75300  -30.567  -21.207  70.011 0.0000000000
67356  -23.039  -29.717  83.511 0.0000000000
61304  -26.376  -34.504  78.473 0.0000000000
55017  -26.779  -37.714  78.846 0.0000000000
95983  -47.266  -3.829  55.212 0.0000000000
96998  -47.501  -2.957  53.682 0.0000000000
66210  -8.654  -30.436  82.774 0.0000000000
63726  -8.062  -32.485  79.648 0.0000000000
63682  -7.174  -32.381  81.960 0.0000000000
86081  -41.475  -13.023  63.290 0.0000000000
79002  -38.460  -18.673  61.150 0.0000000000
82567  -40.184  -16.209  61.446 0.0000000000
86098  -40.630  -13.073  61.100 0.0000000000
54922  -10.416  -38.309  83.536 0.0000000000
54962  -11.746  -37.395  82.049 0.0000000000
69738  -6.004  -27.685  76.802 0.0000000000
69773  -5.217  -27.676  74.680 0.0000000000
68623  -8.592  -28.404  73.974 0.0000000000
62643  -4.643  -34.365  66.730 0.0000000000
62606  -8.865  -33.372  68.091 0.0000000000
62689  -5.474  -34.156  64.586 0.0000000000
61209  -6.573  -34.485  88.277 0.0000000000
57399  -2.194  -37.094  82.348 0.0000000000
60011  -3.020  -35.408  83.732 0.0000000000
60059  -2.071  -35.648  80.387 0.0000000000
63721  -2.154  -34.622  79.231 0.0000000000
60071  -0.577  -36.267  78.514 0.0000000000
74184  -32.220  -22.318  77.216 0.0000000000
70787  -23.403  -26.786  83.410 0.0000000000
71884  -24.309  -24.977  82.679 0.0000000000
70811  -24.511  -27.583  80.504 0.0000000000
95976  -49.085  -4.283  56.878 0.0000000000
94950  -46.500  -5.569  56.391 0.0000000000
80185  -40.197  -18.448  63.148 0.0000000000
76636  -36.741  -21.062  60.995 0.0000000000
58718  -20.552  -36.146  76.997 0.0000000000
57497  -18.245  -36.821  77.649 0.0000000000
69835  -4.462  -27.570  70.154 0.0000000000
65081  -9.089  -31.658  75.500 0.0000000000
66311  -9.461  -30.491  73.165 0.0000000000
65114  -7.712  -32.376  72.623 0.0000000000
63900  -5.518  -34.344  69.301 0.0000000000
63941  -2.813  -34.342  65.974 0.0000000000
56121  -7.223  -37.368  85.496 0.0000000000
57347  -6.099  -36.541  86.451 0.0000000000
56142  -5.021  -37.688  84.053 0.0000000000
56185  -3.026  -38.104  82.207 0.0000000000
77744  -31.628  -19.714  65.156 0.0000000000
75348  -30.846  -21.625  67.620 0.0000000000
54972  -22.820  -38.288  80.625 0.0000000000
62445  -25.829  -32.649  81.939 0.0000000000
54993  -24.977  -38.135  79.820 0.0000000000
56281  -22.668  -37.669  78.596 0.0000000000
69699  -6.158  -28.099  78.697 0.0000000000
68530  -7.343  -28.212  80.083 0.0000000000
67401  -8.887  -29.384  77.870 0.0000000000
65047  -8.590  -31.963  77.636 0.0000000000
63780  -6.531  -33.025  76.876 0.0000000000
62525  -4.015  -33.883  75.851 0.0000000000
88361  -46.245  -11.488  60.672 0.0000000000
87240  -42.759  -11.984  59.348 0.0000000000
56166  -8.963  -38.342  84.139 0.0000000000
56210  -8.765  -37.608  81.992 0.0000000000
57466  -8.069  -37.166  78.639 0.0000000000
56295  -16.754  -37.340  78.130 0.0000000000
56274  -15.017  -37.336  79.180 0.0000000000
54984  -13.962  -37.864  81.177 0.0000000000
57453  -11.932  -36.962  79.192 0.0000000000
57488  -9.234  -36.590  77.739 0.0000000000
68603  -2.604  -27.665  75.007 0.0000000000
69809  -4.529  -27.481  72.190 0.0000000000
69838  -7.578  -27.952  69.433 0.0000000000
66336  -9.400  -30.328  71.257 0.0000000000
66374  -9.348  -30.515  68.889 0.0000000000
66404  -8.944  -30.429  66.157 0.0000000000
63645  -6.881  -32.175  86.610 0.0000000000
59984  -5.146  -35.543  86.196 0.0000000000
64940  -4.713  -33.710  85.437 0.0000000000
64960  -5.507  -33.400  83.528 0.0000000000
64988  -4.384  -33.695  80.649 0.0000000000
63755  -2.706  -33.850  77.843 0.0000000000
63828  -1.370  -34.994  75.145 0.0000000000
55018  -0.330  -39.740  77.460 0.0000000000
56334  -0.357  -38.244  75.505 0.0000000000
58824  -1.973  -37.278  72.505 0.0000000000
76314  -30.322  -21.028  80.403 0.0000000000
77483  -29.068  -19.854  81.799 0.0000000000
75179  -29.945  -22.016  80.781 0.0000000000
74120  -30.852  -22.640  80.710 0.0000000000
75177  -28.817  -21.665  80.622 0.0000000000
74134  -29.117  -23.033  80.188 0.0000000000
76297  -28.524  -20.467  81.758 0.0000000000
76310  -27.533  -20.985  81.578 0.0000000000
91558  -48.165  -9.047  59.345 0.0000000000
88375  -45.873  -11.163  59.612 0.0000000000
88391  -44.083  -10.875  57.571 0.0000000000
90502  -46.231  -9.749  58.329 0.0000000000
91557  -47.567  -8.748  58.619 0.0000000000
78985  -34.709  -18.960  63.180 0.0000000000
78967  -35.218  -18.675  63.586 0.0000000000
80181  -34.613  -18.101  63.662 0.0000000000
75424  -31.732  -21.244  63.407 0.0000000000
76605  -32.283  -20.277  63.143 0.0000000000
76606  -33.425  -20.176  62.847 0.0000000000
63831  -3.770  -34.412  73.793 0.0000000000
150944  -3.961  -34.437  72.509 0.0000000000
150953  -2.763  -34.623  71.426 0.0000000000
60144  -2.455  -35.866  70.971 0.0000000000
61339  -2.061  -35.291  71.629 0.0000000000
57464  -6.267  -37.585  78.818 0.0000000000
57447  -6.052  -37.635  79.651 0.0000000000
78799  -32.609  -19.324  74.154 0.0000000000
77635  -31.364  -19.793  73.936 0.0000000000
78838  -31.967  -19.167  73.094 0.0000000000
76467  -31.453  -19.264  71.384 0.0000000000
96985  -48.166  -3.565  55.599 0.0000000000
95988  -47.192  -3.581  54.501 0.0000000000
98013  -48.809  -2.694  54.321 0.0000000000
64964  -8.405  -31.245  83.727 0.0000000000
64979  -8.212  -31.364  82.623 0.0000000000
64963  -7.596  -31.829  83.555 0.0000000000
84961  -41.157  -14.444  63.580 0.0000000000
86068  -42.517  -13.050  64.896 0.0000000000
81335  -40.558  -17.555  62.387 0.0000000000
81360  -38.770  -17.362  60.807 0.0000000000
83790  -40.562  -15.510  62.027 0.0000000000
84970  -41.047  -13.841  62.554 0.0000000000
56147  -11.861  -37.642  83.344 0.0000000000
56169  -12.810  -37.701  82.645 0.0000000000
54988  -20.880  -38.223  80.438 0.0000000000
57459  -19.521  -37.613  79.185 0.0000000000
69860  -5.530  -27.656  67.547 0.0000000000
69739  -7.110  -27.658  75.998 0.0000000000
69756  -7.053  -27.367  74.972 0.0000000000
68605  -8.468  -28.231  75.093 0.0000000000
63963  -3.891  -34.342  65.086 0.0000000000
61439  -4.968  -34.390  65.086 0.0000000000
63987  -3.722  -33.345  63.858 0.0000000000
61204  -8.842  -33.590  88.760 0.0000000000
59981  -7.638  -35.181  87.959 0.0000000000
57425  -1.494  -37.630  80.829 0.0000000000
58689  -1.771  -36.477  81.677 0.0000000000
58697  -1.259  -37.059  79.883 0.0000000000
60067  -0.858  -36.170  79.361 0.0000000000
58702  -0.663  -37.061  78.965 0.0000000000
75201  -33.365  -21.624  78.788 0.0000000000
74171  -32.250  -22.732  77.664 0.0000000000
75218  -33.490  -21.314  77.935 0.0000000000
76392  -32.934  -20.598  77.322 0.0000000000
73049  -24.503  -24.177  80.491 0.0000000000
71901  -24.506  -25.422  81.042 0.0000000000
69672  -24.644  -27.499  80.117 0.0000000000
67397  -24.644  -30.387  79.758 0.0000000000
94947  -48.999  -5.117  57.962 0.0000000000
93812  -47.497  -6.795  57.860 0.0000000000
93817  -46.166  -6.583  57.032 0.0000000000
94945  -47.559  -5.604  57.247 0.0000000000
95968  -48.069  -5.051  57.333 0.0000000000
80183  -39.213  -19.345  63.481 0.0000000000
81308  -39.818  -17.396  64.314 0.0000000000
81306  -38.900  -17.781  64.760 0.0000000000
76609  -35.395  -21.062  63.065 0.0000000000
76634  -35.128  -20.558  61.126 0.0000000000
77788  -37.059  -21.002  62.653 0.0000000000
78987  -38.855  -19.585  62.175 0.0000000000
69806  -2.009  -27.382  71.577 0.0000000000
68669  -2.362  -27.936  70.550 0.0000000000
68656  -2.304  -28.019  71.530 0.0000000000
65080  -8.165  -32.076  75.261 0.0000000000
65091  -8.551  -31.681  74.371 0.0000000000
63836  -7.323  -32.740  73.566 0.0000000000
63868  -4.646  -34.427  70.633 0.0000000000
63869  -5.464  -34.109  70.661 0.0000000000
63899  -4.809  -34.262  69.318 0.0000000000
62620  -3.904  -33.824  67.730 0.0000000000
150951  -2.793  -33.997  67.165 0.0000000000
60220  -2.337  -35.009  66.919 0.0000000000
56143  -6.661  -37.478  83.901 0.0000000000
54897  -5.884  -37.349  84.226 0.0000000000
54907  -6.124  -37.729  83.577 0.0000000000
56222  -3.926  -38.355  80.536 0.0000000000
56186  -3.871  -38.288  82.390 0.0000000000
56206  -3.204  -38.494  81.165 0.0000000000
56205  -2.450  -38.439  81.360 0.0000000000
77738  -31.798  -20.181  66.419 0.0000000000
76522  -31.433  -20.691  69.280 0.0000000000
75335  -31.006  -21.220  68.540 0.0000000000
76546  -31.518  -20.535  67.928 0.0000000000
76558  -31.588  -20.649  66.995 0.0000000000
60024  -23.870  -35.809  83.052 0.0000000000
54934  -22.987  -37.858  82.227 0.0000000000
54935  -23.785  -37.836  81.887 0.0000000000
68502  -24.720  -29.482  82.192 0.0000000000
67366  -24.383  -30.053  82.456 0.0000000000
64973  -25.745  -31.983  81.831 0.0000000000
53810  -25.623  -38.312  77.969 0.0000000000
55009  -26.348  -38.246  79.196 0.0000000000
56283  -24.287  -38.415  78.140 0.0000000000
56264  -23.775  -38.138  79.193 0.0000000000
56297  -23.095  -37.638  77.540 0.0000000000
57501  -22.333  -36.979  77.223 0.0000000000
68514  -8.027  -28.626  82.146 0.0000000000
68522  -8.020  -28.801  80.944 0.0000000000
68531  -8.308  -28.790  79.750 0.0000000000
67389  -9.112  -29.752  79.190 0.0000000000
67402  -9.340  -30.214  78.206 0.0000000000
66229  -9.402  -30.857  79.284 0.0000000000
63725  -7.117  -32.803  79.495 0.0000000000
63742  -6.992  -32.956  78.660 0.0000000000
63759  -6.059  -33.258  77.923 0.0000000000
62515  -5.468  -33.409  76.780 0.0000000000
63757  -4.602  -33.714  77.380 0.0000000000
88342  -45.510  -11.619  61.480 0.0000000000
88322  -46.832  -11.613  62.653 0.0000000000
88302  -45.968  -11.466  63.577 0.0000000000
87206  -42.126  -12.356  61.579 0.0000000000
86104  -41.459  -12.246  60.140 0.0000000000
87223  -42.804  -11.859  60.892 0.0000000000
87234  -44.316  -11.738  60.355 0.0000000000
56135  -9.647  -38.002  84.974 0.0000000000
54980  -10.361  -37.731  81.617 0.0000000000
54959  -9.167  -37.989  82.799 0.0000000000
56227  -9.525  -37.682  81.255 0.0000000000
56250  -8.242  -37.479  80.003 0.0000000000
56251  -9.087  -37.538  80.252 0.0000000000
58737  -17.655  -36.365  76.382 0.0000000000
57496  -17.249  -37.156  77.789 0.0000000000
57521  -16.828  -36.730  77.311 0.0000000000
57520  -14.089  -36.486  77.033 0.0000000000
56293  -15.245  -37.132  78.364 0.0000000000
56292  -14.425  -36.971  78.383 0.0000000000
56254  -14.301  -37.360  79.775 0.0000000000
56253  -13.766  -37.112  79.408 0.0000000000
57439  -12.531  -37.040  79.877 0.0000000000
57470  -12.215  -36.769  78.362 0.0000000000
57516  -10.582  -36.414  76.400 0.0000000000
69735  -2.573  -27.320  76.337 0.0000000000
69789  -6.294  -27.561  73.411 0.0000000000
69798  -4.481  -27.593  73.140 0.0000000000
69800  -6.369  -27.509  72.433 0.0000000000
69824  -5.478  -27.443  70.783 0.0000000000
69813  -7.926  -27.802  70.691 0.0000000000
65128  -8.793  -31.781  71.460 0.0000000000
66324  -9.493  -30.383  72.219 0.0000000000
63873  -8.475  -32.483  70.515 0.0000000000
62647  -8.364  -33.100  66.106 0.0000000000
63905  -9.323  -32.552  68.417 0.0000000000
65184  -9.437  -31.682  67.672 0.0000000000
66384  -8.912  -29.974  68.250 0.0000000000
65210  -9.309  -31.674  66.129 0.0000000000
65228  -8.595  -31.349  64.630 0.0000000000
63639  -6.403  -32.285  87.504 0.0000000000
57358  -4.443  -36.924  85.166 0.0000000000
58639  -5.431  -35.852  86.497 0.0000000000
58638  -4.791  -36.084  85.773 0.0000000000
61241  -2.756  -34.773  83.077 0.0000000000
61225  -3.999  -35.014  84.506 0.0000000000
62426  -4.163  -33.916  83.905 0.0000000000
63658  -5.268  -33.452  84.606 0.0000000000
64974  -4.569  -33.598  83.121 0.0000000000
63680  -5.253  -33.564  82.140 0.0000000000
63695  -3.881  -33.937  81.560 0.0000000000
62502  -1.283  -34.860  77.661 0.0000000000
63738  -2.346  -34.265  78.618 0.0000000000
63774  -1.491  -34.535  77.108 0.0000000000
63793  -1.687  -34.509  76.277 0.0000000000
62524  -1.262  -35.567  75.908 0.0000000000
53822  0.158  -40.598  76.858 0.0000000000
56319  -0.294  -38.610  76.234 0.0000000000
77512  -33.171  -20.237  79.553 0.0000000000
70814  -29.712  -25.305  79.018 0.0000000000
70827  -31.077  -25.613  78.767 0.0000000000
73054  -31.235  -23.992  80.053 0.0000000000
74122  -31.955  -22.312  80.129 0.0000000000
73063  -25.774  -23.751  78.829 0.0000000000
73077  -27.500  -24.031  78.580 0.0000000000
71910  -29.290  -24.597  78.676 0.0000000000
74131  -25.834  -22.571  80.285 0.0000000000
93808  -48.444  -6.987  58.709 0.0000000000
88404  -43.699  -11.306  56.568 0.0000000000
90524  -44.116  -9.522  56.378 0.0000000000
91572  -44.135  -8.617  56.130 0.0000000000
91564  -45.832  -8.330  57.382 0.0000000000
92661  -47.187  -7.744  58.244 0.0000000000
77755  -36.658  -19.919  63.891 0.0000000000
78938  -37.933  -18.196  65.080 0.0000000000
78936  -36.500  -18.466  64.964 0.0000000000
81273  -36.168  -17.718  65.211 0.0000000000
75382  -30.174  -21.468  65.852 0.0000000000
75404  -30.528  -21.275  64.897 0.0000000000
75444  -31.416  -21.961  63.024 0.0000000000
75445  -32.453  -21.897  62.772 0.0000000000
75466  -32.767  -21.986  61.810 0.0000000000
75446  -33.375  -21.480  62.453 0.0000000000
76607  -34.421  -20.195  62.522 0.0000000000
62550  -5.994  -33.607  74.175 0.0000000000
63835  -6.565  -33.345  73.618 0.0000000000
63845  -4.958  -34.166  72.665 0.0000000000
150957  -3.938  -34.573  71.038 0.0000000000
150948  -2.767  -34.570  69.695 0.0000000000
150947  -2.345  -34.952  68.337 0.0000000000
150939  -2.220  -35.446  68.966 0.0000000000
58861  -2.514  -36.548  68.979 0.0000000000
57419  -6.595  -38.033  82.057 0.0000000000
54938  -6.036  -38.660  83.030 0.0000000000
56224  -5.783  -38.178  81.102 0.0000000000
77694  -32.512  -19.875  69.373 0.0000000000
75246  -31.418  -22.822  75.712 0.0000000000
74210  -30.693  -23.535  74.875 0.0000000000
76428  -30.710  -21.412  75.250 0.0000000000
77634  -30.366  -20.324  73.501 0.0000000000
77650  -30.238  -20.383  72.583 0.0000000000
76484  -30.620  -20.161  71.361 0.0000000000
75303  -31.529  -20.164  70.033 0.0000000000
63667  -23.757  -32.435  83.298 0.0000000000
63720  -25.875  -32.988  80.265 0.0000000000
61286  -26.065  -34.446  80.015 0.0000000000
58707  -26.754  -35.617  78.957 0.0000000000
55024  -26.067  -37.831  77.514 0.0000000000
95994  -45.751  -4.037  53.027 0.0000000000
96996  -46.436  -3.559  52.845 0.0000000000
97001  -46.925  -3.068  52.409 0.0000000000
97008  -46.683  -2.984  51.392 0.0000000000
66217  -8.770  -30.708  81.553 0.0000000000
65014  -8.831  -31.669  79.767 0.0000000000
65003  -8.577  -31.504  80.859 0.0000000000
63713  -7.372  -32.674  80.464 0.0000000000
63712  -6.292  -33.135  80.142 0.0000000000
88299  -43.221  -11.708  62.699 0.0000000000
88277  -43.771  -11.401  64.218 0.0000000000
81371  -37.839  -17.374  59.766 0.0000000000
82598  -39.059  -15.503  60.269 0.0000000000
83800  -39.552  -14.737  60.553 0.0000000000
83795  -40.027  -15.096  61.303 0.0000000000
86094  -41.449  -12.918  62.174 0.0000000000
54909  -10.451  -38.377  84.137 0.0000000000
54910  -11.237  -37.953  83.724 0.0000000000
54942  -11.337  -37.531  82.713 0.0000000000
54981  -11.161  -37.586  81.485 0.0000000000
58755  -13.877  -35.939  75.696 0.0000000000
57517  -11.734  -36.476  76.710 0.0000000000
69737  -4.530  -27.559  76.676 0.0000000000
69753  -3.906  -27.351  75.690 0.0000000000
69755  -6.100  -27.737  75.417 0.0000000000
69775  -7.101  -27.580  74.025 0.0000000000
69791  -8.080  -28.056  73.272 0.0000000000
63902  -6.909  -34.196  68.984 0.0000000000
63903  -7.650  -33.770  68.996 0.0000000000
62623  -6.400  -34.222  67.601 0.0000000000
61442  -6.433  -34.196  65.196 0.0000000000
62691  -7.366  -33.447  64.681 0.0000000000
63628  -9.180  -32.440  89.280 0.0000000000
62401  -7.543  -33.167  89.332 0.0000000000
62407  -6.428  -33.682  88.386 0.0000000000
57369  -2.785  -36.950  83.959 0.0000000000
58656  -3.360  -36.522  84.597 0.0000000000
58667  -2.723  -36.611  83.496 0.0000000000
60026  -2.426  -35.327  82.742 0.0000000000
61250  -2.358  -34.889  81.817 0.0000000000
63693  -2.940  -34.529  80.817 0.0000000000
61278  -1.884  -35.253  79.777 0.0000000000
62479  -1.394  -35.184  78.874 0.0000000000
61302  -0.948  -35.810  77.212 0.0000000000
71969  -31.187  -24.973  76.056 0.0000000000
71940  -31.782  -24.982  78.017 0.0000000000
73090  -31.625  -24.138  77.169 0.0000000000
74198  -31.388  -23.460  75.831 0.0000000000
76390  -31.737  -21.201  76.472 0.0000000000
77592  -32.663  -19.864  75.660 0.0000000000
70796  -24.187  -26.634  82.223 0.0000000000
73037  -23.860  -23.894  81.813 0.0000000000
70801  -24.512  -26.707  81.354 0.0000000000
68517  -24.562  -29.175  81.101 0.0000000000
66227  -25.018  -31.099  79.946 0.0000000000
94954  -44.776  -6.187  55.503 0.0000000000
95982  -46.474  -4.612  55.558 0.0000000000
95975  -47.628  -4.327  56.699 0.0000000000
81336  -40.909  -17.167  62.987 0.0000000000
83763  -41.281  -15.789  64.713 0.0000000000
81309  -40.725  -16.725  64.468 0.0000000000
76632  -33.874  -20.667  61.096 0.0000000000
77803  -38.089  -20.249  61.281 0.0000000000
80200  -39.891  -18.312  62.363 0.0000000000
57478  -20.907  -37.273  78.378 0.0000000000
57477  -19.853  -37.204  78.582 0.0000000000
58717  -19.589  -36.352  77.208 0.0000000000
58738  -18.660  -36.282  76.622 0.0000000000
68695  -3.792  -27.586  69.008 0.0000000000
69849  -5.473  -27.499  68.698 0.0000000000
67432  -9.303  -29.902  76.035 0.0000000000
67453  -9.397  -29.758  74.995 0.0000000000
66297  -9.236  -30.775  74.222 0.0000000000
65103  -8.369  -31.717  73.336 0.0000000000
63859  -7.521  -32.946  71.416 0.0000000000
63857  -6.119  -33.641  71.645 0.0000000000
63870  -6.116  -33.724  70.787 0.0000000000
63901  -6.219  -34.311  69.183 0.0000000000
62622  -5.435  -34.409  67.993 0.0000000000
57342  -6.970  -35.922  86.809 0.0000000000
57361  -6.431  -37.019  85.929 0.0000000000
56118  -5.369  -37.250  85.140 0.0000000000
56128  -4.015  -37.156  84.487 0.0000000000
56161  -5.192  -38.003  83.391 0.0000000000
56160  -4.396  -37.804  83.342 0.0000000000
57384  -3.263  -37.334  83.785 0.0000000000
57417  -2.776  -37.808  82.486 0.0000000000
56183  -1.755  -37.877  81.512 0.0000000000
56219  -1.419  -38.557  80.025 0.0000000000
77754  -31.658  -19.869  64.181 0.0000000000
78964  -32.023  -18.984  63.878 0.0000000000
78946  -31.715  -18.873  64.189 0.0000000000
73137  -30.382  -24.378  73.794 0.0000000000
75362  -30.491  -21.512  66.749 0.0000000000
76573  -31.550  -20.219  65.070 0.0000000000
53787  -21.972  -38.249  80.957 0.0000000000
55003  -21.568  -37.877  80.004 0.0000000000
68499  -23.300  -28.329  83.427 0.0000000000
64958  -24.209  -31.607  82.758 0.0000000000
62456  -24.901  -33.762  82.020 0.0000000000
58696  -26.288  -35.518  80.041 0.0000000000
56218  -26.171  -37.221  80.667 0.0000000000
56201  -25.263  -37.137  80.981 0.0000000000
53796  -24.089  -38.331  80.212 0.0000000000
56263  -23.028  -37.869  79.311 0.0000000000
56280  -21.709  -37.506  78.720 0.0000000000
57479  -21.725  -37.218  77.975 0.0000000000
98046  -47.646  -2.537  50.662 0.0000000000
98053  -47.318  -2.517  49.107 0.0000000000
98055  -48.400  -1.867  48.725 0.0000000000
69719  -6.067  -27.773  78.087 0.0000000000
68586  -7.296  -28.122  77.016 0.0000000000
68546  -6.464  -28.171  79.303 0.0000000000
68566  -7.545  -28.253  78.017 0.0000000000
68567  -8.268  -28.539  77.423 0.0000000000
67416  -9.269  -30.185  77.117 0.0000000000
65065  -9.247  -31.634  76.515 0.0000000000
63800  -7.933  -32.541  75.932 0.0000000000
65030  -8.422  -31.981  78.688 0.0000000000
63781  -7.500  -32.967  76.729 0.0000000000
65062  -7.156  -33.109  76.165 0.0000000000
62527  -5.534  -33.541  75.787 0.0000000000
63797  -4.187  -34.103  74.822 0.0000000000
63814  -3.426  -34.408  74.598 0.0000000000
88376  -46.736  -11.006  60.170 0.0000000000
84981  -39.885  -13.584  59.971 0.0000000000
87239  -41.154  -12.470  59.047 0.0000000000
86115  -42.396  -12.820  58.166 0.0000000000
86110  -43.054  -12.441  58.761 0.0000000000
88374  -44.726  -11.751  59.542 0.0000000000
56133  -7.538  -37.577  85.078 0.0000000000
56164  -7.334  -37.616  83.632 0.0000000000
54921  -9.639  -38.612  83.933 0.0000000000
54939  -9.061  -38.301  83.447 0.0000000000
57421  -7.433  -37.568  82.719 0.0000000000
56249  -7.717  -37.468  79.851 0.0000000000
57476  -18.836  -37.348  78.617 0.0000000000
56277  -17.572  -37.644  78.830 0.0000000000
56257  -16.992  -37.566  79.390 0.0000000000
57495  -16.345  -36.899  77.796 0.0000000000
56294  -16.112  -37.189  78.298 0.0000000000
57442  -16.305  -37.445  80.278 0.0000000000
56233  -15.044  -37.626  81.015 0.0000000000
54966  -14.734  -37.850  81.550 0.0000000000
54945  -13.940  -38.339  82.077 0.0000000000
54983  -13.106  -37.662  81.194 0.0000000000
56230  -12.415  -37.411  80.568 0.0000000000
57437  -10.758  -37.320  80.145 0.0000000000
57490  -11.424  -36.624  77.497 0.0000000000
57469  -11.148  -36.779  78.422 0.0000000000
57468  -10.076  -36.949  78.532 0.0000000000
57467  -8.996  -36.763  78.700 0.0000000000
68620  -1.759  -27.808  73.971 0.0000000000
69771  -3.410  -27.538  74.946 0.0000000000
69797  -3.610  -27.777  73.500 0.0000000000
68657  -2.872  -27.843  72.040 0.0000000000
69823  -4.555  -27.418  71.205 0.0000000000
69836  -5.505  -27.526  69.762 0.0000000000
68683  -7.176  -28.090  68.674 0.0000000000
68624  -9.077  -28.910  73.868 0.0000000000
68648  -9.135  -28.898  72.489 0.0000000000
68660  -8.992  -28.905  71.696 0.0000000000
63886  -8.913  -32.429  69.575 0.0000000000
66348  -9.223  -30.028  70.543 0.0000000000
67500  -8.812  -29.085  70.462 0.0000000000
68685  -8.443  -28.755  69.131 0.0000000000
68698  -8.235  -28.730  68.380 0.0000000000
67531  -8.014  -28.903  67.350 0.0000000000
67550  -8.246  -29.661  65.674 0.0000000000
58634  -6.402  -35.656  87.156 0.0000000000
59978  -5.571  -35.152  87.684 0.0000000000
61207  -5.364  -34.537  87.691 0.0000000000
59988  -4.132  -35.688  84.786 0.0000000000
62413  -4.843  -34.398  86.353 0.0000000000
63624  -5.224  -33.241  87.001 0.0000000000
63643  -5.915  -32.983  85.916 0.0000000000
63651  -6.206  -32.751  85.296 0.0000000000
64950  -6.992  -32.245  84.361 0.0000000000
64977  -6.640  -32.713  82.498 0.0000000000
63697  -5.820  -33.420  81.447 0.0000000000
65011  -5.014  -33.534  79.211 0.0000000000
63723  -3.164  -34.308  79.692 0.0000000000
65025  -3.559  -33.841  79.277 0.0000000000
65044  -4.379  -33.561  78.183 0.0000000000
63776  -2.943  -34.086  76.749 0.0000000000
63795  -3.173  -34.331  75.686 0.0000000000
63829  -1.989  -35.021  73.885 0.0000000000
56243  -0.767  -38.744  78.720 0.0000000000
55011  -0.622  -39.742  78.006 0.0000000000
57463  -0.589  -38.081  78.466 0.0000000000
57484  -0.425  -37.900  77.653 0.0000000000
58712  -0.419  -37.009  77.241 0.0000000000
58726  -0.431  -36.952  76.414 0.0000000000
57551  -0.599  -37.653  75.062 0.0000000000
60093  -1.134  -36.491  75.552 0.0000000000
60115  -1.372  -36.263  74.229 0.0000000000
60128  -1.522  -36.002  73.713 0.0000000000
61338  -2.060  -35.780  72.591 0.0000000000
58825  -2.472  -36.874  71.765 0.0000000000
56389  -2.405  -37.787  71.051 0.0000000000
77485  -29.963  -20.228  80.834 0.0000000000
76299  -29.251  -20.326  81.359 0.0000000000
75165  -29.573  -21.337  80.670 0.0000000000
75166  -29.990  -21.427  80.640 0.0000000000
76312  -29.082  -20.970  81.029 0.0000000000
75178  -29.225  -21.836  80.597 0.0000000000
76298  -29.035  -20.462  81.466 0.0000000000
76311  -28.429  -20.866  81.442 0.0000000000
77472  -28.705  -19.998  81.988 0.0000000000
90505  -48.103  -9.525  59.681 0.0000000000
91540  -49.150  -9.096  60.335 0.0000000000
90487  -48.567  -9.673  60.071 0.0000000000
89458  -46.645  -10.716  59.721 0.0000000000
89468  -46.567  -10.424  58.967 0.0000000000
89469  -47.212  -10.008  59.123 0.0000000000
90504  -47.664  -9.582  59.287 0.0000000000
78966  -34.064  -18.761  63.338 0.0000000000
77770  -31.977  -19.564  63.674 0.0000000000
63830  -3.165  -34.530  73.478 0.0000000000
150946  -3.736  -34.389  73.267 0.0000000000
78820  -32.658  -19.041  73.633 0.0000000000
86067  -41.726  -13.617  64.370 0.0000000000
83774  -41.222  -15.701  63.815 0.0000000000
82541  -40.931  -16.231  63.160 0.0000000000
82554  -40.699  -16.613  62.405 0.0000000000
83784  -40.709  -15.745  62.845 0.0000000000
84969  -40.674  -14.858  62.724 0.0000000000
54904  -13.077  -37.680  83.168 0.0000000000
54912  -12.702  -37.656  83.081 0.0000000000
54925  -13.013  -37.786  82.699 0.0000000000
55002  -20.953  -38.033  79.945 0.0000000000
56260  -20.213  -37.881  79.848 0.0000000000
68707  -6.160  -27.928  66.911 0.0000000000
69740  -7.788  -27.690  75.389 0.0000000000
63986  -3.089  -33.268  63.861 0.0000000000
57430  -1.215  -37.739  79.676 0.0000000000
58693  -1.525  -37.102  80.873 0.0000000000
76358  -33.634  -21.148  78.741 0.0000000000
75210  -33.425  -21.543  78.263 0.0000000000
75211  -33.683  -21.124  78.201 0.0000000000
76380  -33.470  -20.670  77.759 0.0000000000
71923  -24.675  -25.224  79.121 0.0000000000
71909  -24.395  -25.321  80.069 0.0000000000
70823  -24.460  -26.541  79.561 0.0000000000
94941  -49.356  -5.559  58.643 0.0000000000
93813  -48.145  -6.193  58.006 0.0000000000
94944  -46.833  -6.220  57.308 0.0000000000
94946  -48.513  -5.512  57.836 0.0000000000
77757  -38.166  -20.342  63.876 0.0000000000
80161  -38.856  -18.720  64.114 0.0000000000
80160  -38.165  -19.072  64.229 0.0000000000
77775  -36.802  -20.769  63.505 0.0000000000
77776  -37.747  -20.535  63.288 0.0000000000
78969  -38.706  -19.963  63.353 0.0000000000
69785  -1.440  -27.345  73.561 0.0000000000
68643  -2.132  -27.826  72.061 0.0000000000
65079  -7.569  -32.417  75.337 0.0000000000
65090  -7.706  -32.344  74.494 0.0000000000
63818  -7.256  -32.987  74.283 0.0000000000
63921  -3.477  -34.297  68.908 0.0000000000
63881  -4.787  -34.401  69.871 0.0000000000
150956  -2.661  -34.098  66.928 0.0000000000
77725  -31.919  -20.070  67.613 0.0000000000
78923  -31.789  -19.350  66.684 0.0000000000
78914  -32.023  -19.286  68.051 0.0000000000
71983  -30.845  -25.040  75.242 0.0000000000
76538  -31.509  -20.707  68.654 0.0000000000
62442  -23.718  -33.905  82.957 0.0000000000
60039  -24.202  -35.447  82.576 0.0000000000
57413  -23.909  -36.664  82.339 0.0000000000
58685  -24.414  -36.084  82.149 0.0000000000
68503  -24.882  -29.819  81.855 0.0000000000
67367  -24.765  -30.342  82.010 0.0000000000
64984  -26.007  -32.027  81.595 0.0000000000
53816  -25.177  -38.352  77.408 0.0000000000
53809  -25.265  -38.346  78.261 0.0000000000
56299  -24.454  -38.428  77.619 0.0000000000
56298  -24.013  -38.302  77.272 0.0000000000
67390  -9.383  -30.410  78.809 0.0000000000
63724  -6.327  -33.121  79.172 0.0000000000
63741  -6.122  -33.259  78.690 0.0000000000
65029  -5.608  -32.836  78.644 0.0000000000
63758  -5.483  -33.361  78.013 0.0000000000
65046  -5.631  -33.170  78.651 0.0000000000
88320  -44.738  -11.609  62.309 0.0000000000
88321  -45.771  -11.581  62.502 0.0000000000
87207  -43.019  -11.979  62.020 0.0000000000
87208  -43.631  -11.785  61.722 0.0000000000
88341  -44.465  -11.599  61.336 0.0000000000
56252  -9.836  -37.589  80.432 0.0000000000
57522  -17.444  -36.677  77.108 0.0000000000
58736  -16.722  -36.299  76.540 0.0000000000
57493  -14.497  -36.668  77.666 0.0000000000
56291  -13.858  -36.838  78.446 0.0000000000
56273  -14.190  -37.143  78.973 0.0000000000
57471  -13.173  -36.707  78.358 0.0000000000
69801  -7.271  -27.595  72.048 0.0000000000
69811  -6.417  -27.434  71.429 0.0000000000
68658  -7.991  -27.840  71.112 0.0000000000
63860  -8.164  -32.596  71.231 0.0000000000
63924  -8.857  -32.770  66.538 0.0000000000
63945  -8.807  -32.471  65.885 0.0000000000
65197  -9.388  -31.725  66.771 0.0000000000
63966  -9.122  -31.941  65.800 0.0000000000
63965  -8.768  -32.007  65.262 0.0000000000
63992  -8.378  -32.280  64.491 0.0000000000
63631  -5.928  -33.012  87.580 0.0000000000
56116  -4.102  -37.078  84.858 0.0000000000
57344  -4.414  -36.633  85.225 0.0000000000
57357  -3.915  -36.916  84.903 0.0000000000
62434  -3.450  -34.094  83.254 0.0000000000
62425  -4.016  -34.257  84.137 0.0000000000
63670  -4.161  -33.714  83.429 0.0000000000
63669  -3.794  -33.742  82.875 0.0000000000
63679  -4.338  -33.698  82.460 0.0000000000
62512  -1.161  -34.934  77.149 0.0000000000
63753  -1.586  -34.538  77.868 0.0000000000
63773  -1.194  -34.878  76.859 0.0000000000
63792  -1.237  -34.883  76.453 0.0000000000
52812  0.085  -41.985  75.403 0.0000000000
52794  0.310  -41.746  76.354 0.0000000000
53838  -0.099  -40.766  75.480 0.0000000000
77499  -32.548  -20.275  79.890 0.0000000000
71911  -29.742  -24.581  79.163 0.0000000000
71912  -30.269  -24.905  79.536 0.0000000000
73053  -30.687  -24.005  80.015 0.0000000000
75181  -31.180  -21.938  80.848 0.0000000000
74121  -31.410  -22.632  80.417 0.0000000000
75182  -31.730  -21.781  80.371 0.0000000000
75183  -32.404  -21.707  80.020 0.0000000000
74144  -26.059  -23.149  79.439 0.0000000000
74157  -26.714  -23.575  78.819 0.0000000000
74145  -27.433  -23.304  79.302 0.0000000000
74135  -29.680  -23.346  79.882 0.0000000000
73066  -29.244  -23.589  79.425 0.0000000000
73051  -29.540  -23.783  79.219 0.0000000000
70813  -29.472  -25.094  78.676 0.0000000000
75191  -27.529  -21.916  80.464 0.0000000000
75176  -26.964  -21.621  80.964 0.0000000000
93792  -48.774  -7.251  59.165 0.0000000000
93793  -49.110  -7.112  59.426 0.0000000000
87256  -43.441  -12.486  57.569 0.0000000000
87257  -43.744  -13.020  57.079 0.0000000000
88402  -43.542  -11.880  57.731 0.0000000000
89477  -44.939  -10.252  57.677 0.0000000000
89482  -44.294  -10.332  56.862 0.0000000000
89493  -43.658  -10.422  56.265 0.0000000000
90515  -44.750  -9.462  57.107 0.0000000000
91568  -45.133  -8.615  57.085 0.0000000000
91556  -46.838  -8.372  58.155 0.0000000000
92662  -48.199  -8.074  58.785 0.0000000000
93807  -47.832  -7.387  58.406 0.0000000000
78968  -35.902  -19.387  63.482 0.0000000000
78948  -36.461  -18.860  64.143 0.0000000000
80182  -35.102  -18.146  63.955 0.0000000000
80143  -35.702  -18.098  65.031 0.0000000000
80142  -35.434  -17.807  64.733 0.0000000000
75383  -30.898  -21.252  65.767 0.0000000000
77774  -35.841  -20.407  63.249 0.0000000000
62549  -5.281  -33.816  74.199 0.0000000000
63834  -5.574  -33.798  73.457 0.0000000000
150955  -4.616  -34.439  71.708 0.0000000000
150950  -3.054  -34.472  70.125 0.0000000000
150949  -2.845  -34.563  70.031 0.0000000000
150937  -2.369  -34.799  69.523 0.0000000000
58843  -2.453  -36.048  69.815 0.0000000000
57611  -2.653  -37.048  69.766 0.0000000000
57597  -2.567  -37.173  70.592 0.0000000000
57426  -6.523  -37.949  81.351 0.0000000000
76407  -31.259  -21.525  75.714 0.0000000000
75245  -31.122  -22.277  75.558 0.0000000000
77590  -31.376  -20.841  75.676 0.0000000000
78837  -31.692  -19.505  73.482 0.0000000000
77613  -30.464  -20.483  74.564 0.0000000000
77666  -30.535  -20.166  72.096 0.0000000000
76465  -30.916  -19.801  71.863 0.0000000000
77667  -32.317  -19.237  70.848 0.0000000000
76504  -31.287  -19.847  70.515 0.0000000000
64956  -23.255  -31.417  83.613 0.0000000000
64969  -23.268  -31.147  83.588 0.0000000000
63733  -25.622  -33.361  79.656 0.0000000000
62486  -25.861  -34.080  79.768 0.0000000000
60074  -26.695  -35.249  78.738 0.0000000000
95986  -45.566  -4.557  54.377 0.0000000000
95987  -46.605  -3.930  54.167 0.0000000000
96989  -47.140  -3.345  54.077 0.0000000000
95995  -46.413  -3.725  53.353 0.0000000000
96997  -46.939  -3.415  53.347 0.0000000000
97000  -46.119  -3.400  52.124 0.0000000000
97002  -47.446  -2.996  52.974 0.0000000000
63683  -7.392  -32.113  81.931 0.0000000000
63699  -7.630  -32.280  81.433 0.0000000000
63698  -6.755  -32.831  81.424 0.0000000000
87188  -42.435  -12.115  63.242 0.0000000000
88276  -43.155  -11.644  63.529 0.0000000000
87173  -42.830  -12.114  64.380 0.0000000000
80218  -38.231  -18.268  60.902 0.0000000000
81361  -39.517  -16.620  61.025 0.0000000000
82582  -39.572  -15.784  60.832 0.0000000000
87187  -42.039  -12.444  62.480 0.0000000000
54901  -10.968  -38.024  84.283 0.0000000000
56193  -11.967  -37.374  82.922 0.0000000000
56192  -11.395  -37.543  82.899 0.0000000000
54961  -10.807  -37.734  82.195 0.0000000000
58733  -13.710  -36.285  76.515 0.0000000000
58754  -12.820  -35.793  75.919 0.0000000000
69754  -4.993  -27.659  75.684 0.0000000000
69757  -7.869  -27.681  74.538 0.0000000000
69776  -7.838  -27.781  73.771 0.0000000000
62603  -6.298  -34.298  68.476 0.0000000000
62644  -5.679  -34.323  66.883 0.0000000000
63988  -4.583  -33.950  64.393 0.0000000000
61441  -5.946  -34.380  65.083 0.0000000000
62690  -6.470  -33.955  64.599 0.0000000000
63989  -5.831  -33.473  63.918 0.0000000000
64011  -5.327  -32.704  63.436 0.0000000000
62409  -7.959  -33.688  88.792 0.0000000000
62408  -7.145  -33.721  88.661 0.0000000000
57382  -2.643  -36.983  83.230 0.0000000000
58679  -2.303  -36.521  82.721 0.0000000000
58688  -1.978  -36.133  81.039 0.0000000000
60025  -1.960  -35.843  82.370 0.0000000000
60043  -2.093  -35.615  81.280 0.0000000000
61249  -2.266  -35.211  81.112 0.0000000000
61267  -2.331  -35.006  81.165 0.0000000000
61266  -2.183  -35.249  80.450 0.0000000000
61277  -1.429  -35.513  79.452 0.0000000000
61287  -0.889  -35.593  78.769 0.0000000000
61295  -0.831  -35.718  77.945 0.0000000000
60073  -0.629  -36.339  77.653 0.0000000000
70876  -30.774  -25.730  75.423 0.0000000000
71927  -31.593  -24.988  79.066 0.0000000000
70841  -31.272  -25.846  78.037 0.0000000000
73080  -31.959  -24.258  78.282 0.0000000000
74170  -31.762  -23.646  77.184 0.0000000000
74183  -31.786  -23.256  76.693 0.0000000000
75230  -31.884  -22.230  76.557 0.0000000000
75231  -32.408  -21.707  77.290 0.0000000000
77573  -32.673  -20.071  76.622 0.0000000000
71955  -27.265  -25.386  77.625 0.0000000000
71876  -24.101  -25.274  83.418 0.0000000000
70789  -24.181  -26.270  83.143 0.0000000000
75162  -24.915  -22.068  82.154 0.0000000000
74116  -24.416  -23.039  81.797 0.0000000000
70810  -24.658  -26.636  80.551 0.0000000000
70802  -24.522  -27.329  80.859 0.0000000000
69663  -24.286  -27.538  81.063 0.0000000000
69664  -24.175  -28.222  80.769 0.0000000000
67380  -24.955  -30.409  80.633 0.0000000000
68526  -24.514  -29.142  80.498 0.0000000000
66249  -24.707  -31.732  79.412 0.0000000000
95977  -50.021  -3.928  57.057 0.0000000000
92669  -45.497  -7.701  56.880 0.0000000000
92668  -44.811  -7.463  56.372 0.0000000000
93815  -45.141  -7.182  56.458 0.0000000000
94949  -45.758  -6.151  56.319 0.0000000000
93821  -45.261  -6.313  55.984 0.0000000000
94955  -45.471  -5.658  55.546 0.0000000000
95981  -45.714  -5.000  55.216 0.0000000000
94956  -46.069  -5.237  55.643 0.0000000000
95969  -48.637  -4.827  57.435 0.0000000000
96979  -48.635  -3.733  56.347 0.0000000000
80186  -40.357  -17.379  63.287 0.0000000000
81325  -40.696  -16.803  63.731 0.0000000000
80164  -40.295  -16.880  64.002 0.0000000000
81293  -40.053  -17.123  65.157 0.0000000000
82512  -40.547  -16.672  65.309 0.0000000000
78927  -37.586  -18.086  65.275 0.0000000000
75467  -33.460  -21.101  61.565 0.0000000000
75468  -34.219  -20.824  61.616 0.0000000000
76635  -35.990  -21.083  61.406 0.0000000000
76654  -36.303  -20.923  60.598 0.0000000000
78971  -40.008  -19.204  62.988 0.0000000000
78988  -39.630  -19.098  62.663 0.0000000000
78989  -40.103  -18.946  62.753 0.0000000000
80201  -40.553  -17.887  62.811 0.0000000000
57499  -20.250  -36.708  77.827 0.0000000000
58760  -19.053  -35.808  75.519 0.0000000000
68667  -1.102  -27.733  69.881 0.0000000000
68681  -3.343  -27.710  69.913 0.0000000000
68682  -4.031  -27.574  69.555 0.0000000000
69848  -4.581  -27.493  69.200 0.0000000000
66281  -9.263  -30.681  75.317 0.0000000000
65092  -9.022  -31.186  74.855 0.0000000000
65102  -7.886  -32.258  73.555 0.0000000000
65127  -8.045  -32.383  71.906 0.0000000000
65126  -7.397  -32.650  71.967 0.0000000000
63846  -5.977  -33.771  72.581 0.0000000000
63882  -5.463  -34.439  69.965 0.0000000000
62590  -5.936  -34.012  70.382 0.0000000000
63871  -6.905  -33.533  70.755 0.0000000000
63883  -6.188  -34.272  70.112 0.0000000000
63923  -5.563  -34.322  68.774 0.0000000000
63920  -3.362  -33.877  67.133 0.0000000000
63943  -3.733  -34.024  66.867 0.0000000000
60183  -2.424  -35.343  68.202 0.0000000000
60202  -2.549  -35.771  67.333 0.0000000000
60203  -2.667  -36.398  67.488 0.0000000000
57348  -6.802  -36.462  86.365 0.0000000000
56120  -6.821  -37.307  85.401 0.0000000000
54896  -5.579  -37.371  84.376 0.0000000000
56131  -5.761  -37.322  84.688 0.0000000000
56130  -5.198  -37.422  84.543 0.0000000000
56117  -4.624  -37.212  84.917 0.0000000000
56129  -4.632  -37.382  84.425 0.0000000000
56188  -5.659  -38.510  82.769 0.0000000000
56187  -4.802  -38.238  82.588 0.0000000000
56159  -3.543  -37.805  83.047 0.0000000000
56140  -3.691  -37.340  83.824 0.0000000000
57401  -3.205  -37.471  83.415 0.0000000000
57418  -3.041  -37.755  82.844 0.0000000000
54956  -1.991  -38.821  80.876 0.0000000000
56204  -1.879  -38.411  81.282 0.0000000000
56220  -1.703  -38.677  80.654 0.0000000000
56203  -1.534  -38.208  80.835 0.0000000000
77753  -31.692  -19.529  64.349 0.0000000000
78963  -31.749  -19.160  64.233 0.0000000000
78945  -31.563  -19.052  64.758 0.0000000000
74209  -30.325  -23.234  74.604 0.0000000000
74220  -30.355  -23.998  74.125 0.0000000000
74219  -29.915  -23.345  74.000 0.0000000000
75334  -30.452  -21.970  68.435 0.0000000000
77745  -31.665  -20.159  65.656 0.0000000000
76574  -31.475  -20.715  65.702 0.0000000000
76589  -31.623  -19.967  64.595 0.0000000000
53782  -22.612  -38.320  81.411 0.0000000000
53776  -22.490  -38.203  81.906 0.0000000000
54989  -21.948  -38.030  80.448 0.0000000000
63676  -25.375  -32.294  82.063 0.0000000000
66199  -24.328  -30.968  82.533 0.0000000000
64971  -24.725  -31.711  82.258 0.0000000000
63675  -24.579  -32.436  82.450 0.0000000000
62457  -25.467  -33.530  81.656 0.0000000000
58704  -26.571  -35.725  79.350 0.0000000000
60070  -26.317  -35.001  80.083 0.0000000000
57444  -26.829  -36.911  79.719 0.0000000000
54994  -25.808  -38.113  79.940 0.0000000000
54995  -26.501  -37.841  80.164 0.0000000000
54974  -25.850  -37.747  80.374 0.0000000000
56202  -25.880  -36.875  81.004 0.0000000000
54973  -25.169  -37.972  80.485 0.0000000000
53785  -24.568  -38.260  80.919 0.0000000000
53797  -24.489  -38.258  80.038 0.0000000000
56262  -22.106  -37.638  79.413 0.0000000000
56296  -22.320  -37.429  78.029 0.0000000000
57502  -22.939  -37.345  76.640 0.0000000000
98037  -47.249  -2.652  51.181 0.0000000000
98045  -46.971  -2.680  50.589 0.0000000000
98054  -47.915  -2.180  48.915 0.0000000000
99094  -48.607  -1.884  49.720 0.0000000000
69698  -5.425  -27.838  78.969 0.0000000000
68585  -6.746  -28.010  77.666 0.0000000000
68521  -7.046  -27.780  81.311 0.0000000000
68529  -6.399  -27.970  80.243 0.0000000000
68548  -8.455  -28.628  78.558 0.0000000000
68547  -7.586  -28.172  79.032 0.0000000000
66240  -9.416  -30.890  77.730 0.0000000000
65048  -9.174  -31.508  77.346 0.0000000000
63783  -8.917  -32.164  76.473 0.0000000000
63782  -8.407  -32.513  76.796 0.0000000000
63760  -6.850  -33.089  77.784 0.0000000000
63761  -7.896  -32.780  77.902 0.0000000000
63799  -6.552  -33.278  75.874 0.0000000000
63798  -5.975  -33.200  76.510 0.0000000000
62514  -4.811  -33.700  76.511 0.0000000000
62526  -4.472  -33.869  75.501 0.0000000000
63815  -3.955  -34.286  74.408 0.0000000000
63796  -3.822  -34.105  75.321 0.0000000000
88363  -47.948  -11.117  61.194 0.0000000000
88344  -47.512  -11.328  61.766 0.0000000000
80180  -33.585  -18.127  63.477 0.0000000000
84979  -40.185  -13.973  60.818 0.0000000000
86103  -40.636  -12.931  60.082 0.0000000000
86105  -42.023  -11.803  59.711 0.0000000000
86108  -41.464  -12.415  59.066 0.0000000000
86114  -41.721  -12.819  58.344 0.0000000000
86109  -42.466  -12.273  59.114 0.0000000000
87241  -43.227  -12.104  59.288 0.0000000000
88360  -45.076  -11.659  60.481 0.0000000000
87235  -44.679  -11.833  60.079 0.0000000000
56134  -8.648  -37.785  85.030 0.0000000000
56145  -8.399  -37.909  84.473 0.0000000000
56144  -7.464  -37.625  84.285 0.0000000000
56165  -8.380  -38.002  83.870 0.0000000000
54940  -9.787  -38.362  83.128 0.0000000000
56191  -8.140  -37.671  83.028 0.0000000000
57428  -7.691  -37.511  82.249 0.0000000000
57435  -7.825  -37.386  81.533 0.0000000000
57449  -7.816  -37.319  79.414 0.0000000000
57465  -7.207  -37.487  78.710 0.0000000000
57498  -19.257  -36.790  77.951 0.0000000000
57475  -17.908  -37.395  78.396 0.0000000000
57474  -17.254  -37.448  78.336 0.0000000000
56276  -16.764  -37.461  78.651 0.0000000000
58715  -16.260  -36.422  77.227 0.0000000000
58714  -15.567  -36.445  77.431 0.0000000000
56275  -15.949  -37.336  78.914 0.0000000000
56256  -16.502  -37.461  79.081 0.0000000000
57472  -15.711  -37.386  79.319 0.0000000000
57441  -15.682  -37.418  80.392 0.0000000000
57455  -15.453  -37.416  79.849 0.0000000000
56232  -14.394  -37.618  80.677 0.0000000000
54965  -14.286  -38.135  81.651 0.0000000000
54964  -13.591  -38.019  81.747 0.0000000000
57438  -11.670  -37.137  80.002 0.0000000000
57489  -10.301  -36.621  77.549 0.0000000000
69751  -2.159  -27.381  75.306 0.0000000000
69770  -1.924  -27.608  74.585 0.0000000000
69769  -1.561  -27.190  74.677 0.0000000000
69772  -4.234  -27.378  74.857 0.0000000000
69808  -3.625  -27.654  72.591 0.0000000000
68645  -2.896  -28.124  73.000 0.0000000000
69822  -3.679  -27.493  71.625 0.0000000000
69825  -6.462  -27.470  70.422 0.0000000000
69837  -6.571  -27.642  69.344 0.0000000000
67474  -9.380  -29.510  73.930 0.0000000000
67452  -9.076  -28.909  74.650 0.0000000000
66335  -9.281  -30.975  71.677 0.0000000000
67484  -9.469  -29.606  72.865 0.0000000000
67493  -9.385  -29.567  71.921 0.0000000000
62605  -8.059  -33.719  68.133 0.0000000000
63904  -8.571  -33.279  68.884 0.0000000000
65171  -9.504  -31.434  68.641 0.0000000000
65158  -9.403  -31.149  69.595 0.0000000000
66362  -9.063  -30.090  69.749 0.0000000000
67508  -8.965  -29.599  70.292 0.0000000000
67516  -8.888  -29.611  69.897 0.0000000000
68671  -8.599  -28.698  69.950 0.0000000000
66373  -8.955  -29.850  69.084 0.0000000000
66394  -8.824  -30.185  67.275 0.0000000000
67532  -8.311  -29.208  67.646 0.0000000000
68710  -8.029  -28.702  67.903 0.0000000000
67541  -8.326  -29.619  66.649 0.0000000000
63646  -7.327  -31.715  86.301 0.0000000000
57341  -6.468  -36.090  86.685 0.0000000000
58640  -5.903  -36.033  86.728 0.0000000000
58632  -5.723  -35.304  87.073 0.0000000000
59977  -5.485  -35.092  86.916 0.0000000000
61206  -5.127  -34.493  86.979 0.0000000000
59997  -3.088  -36.053  83.967 0.0000000000
58657  -3.759  -36.001  84.655 0.0000000000
59998  -3.497  -35.691  84.360 0.0000000000
62422  -4.470  -34.486  84.684 0.0000000000
62417  -4.726  -34.432  85.225 0.0000000000
63635  -4.388  -33.934  85.954 0.0000000000
62404  -4.850  -33.986  86.892 0.0000000000
64926  -4.876  -33.451  86.234 0.0000000000
63637  -5.750  -32.871  86.574 0.0000000000
64934  -5.240  -33.285  85.968 0.0000000000
64948  -5.755  -33.203  84.322 0.0000000000
64941  -5.964  -32.941  84.814 0.0000000000
64942  -6.096  -32.807  84.862 0.0000000000
63660  -6.587  -32.550  84.962 0.0000000000
64949  -6.310  -32.709  84.413 0.0000000000
64962  -6.761  -32.307  83.458 0.0000000000
64961  -6.229  -33.043  83.503 0.0000000000
63696  -4.683  -33.647  81.289 0.0000000000
63681  -5.744  -33.476  82.065 0.0000000000
63710  -4.744  -33.598  80.623 0.0000000000
63711  -5.311  -33.499  80.512 0.0000000000
65000  -4.727  -33.600  80.068 0.0000000000
63707  -2.439  -34.719  79.920 0.0000000000
63708  -2.929  -34.515  80.009 0.0000000000
63722  -2.648  -34.477  79.412 0.0000000000
63739  -2.998  -34.159  78.867 0.0000000000
65043  -3.542  -33.723  78.425 0.0000000000
65026  -4.268  -33.560  78.882 0.0000000000
63756  -3.646  -33.892  77.515 0.0000000000
62547  -1.128  -35.016  75.589 0.0000000000
63794  -2.388  -34.393  76.002 0.0000000000
63812  -1.880  -34.754  75.360 0.0000000000
63813  -2.662  -34.620  74.860 0.0000000000
61331  -1.463  -35.594  73.844 0.0000000000
53798  -0.827  -39.797  78.201 0.0000000000
53812  -0.043  -40.642  77.833 0.0000000000
56267  -0.589  -39.001  78.396 0.0000000000
56286  -0.489  -38.872  77.941 0.0000000000
57510  -0.402  -37.768  76.761 0.0000000000
57532  -0.331  -37.631  75.906 0.0000000000
58771  -1.114  -36.858  74.886 0.0000000000
60105  -1.345  -36.154  75.192 0.0000000000
58789  -1.311  -37.059  74.152 0.0000000000
60129  -1.670  -36.490  73.570 0.0000000000
58807  -1.817  -37.093  73.194 0.0000000000
150954  -1.812  -35.837  73.285 0.0000000000
60142  -2.152  -36.485  73.007 0.0000000000
60143  -2.273  -36.247  72.142 0.0000000000
76315  -30.757  -20.654  80.250 0.0000000000
78716  -30.931  -19.675  80.455 0.0000000000
77486  -30.539  -20.243  80.436 0.0000000000
78714  -29.865  -19.606  81.250 0.0000000000
73039  -30.172  -23.101  80.299 0.0000000000
73040  -30.515  -23.230  80.304 0.0000000000
74119  -30.318  -22.635  80.649 0.0000000000
76327  -30.818  -21.566  80.680 0.0000000000
76342  -27.844  -21.748  80.563 0.0000000000
74133  -28.045  -22.779  80.109 0.0000000000
75193  -29.027  -22.306  80.466 0.0000000000
74117  -29.407  -22.588  80.457 0.0000000000
76296  -27.665  -20.523  82.028 0.0000000000
76343  -28.170  -21.549  80.720 0.0000000000
77471  -28.032  -20.040  82.366 0.0000000000
91539  -48.742  -8.613  59.657 0.0000000000
92645  -49.525  -8.094  59.986 0.0000000000
88381  -44.951  -11.161  58.527 0.0000000000
88390  -43.788  -11.424  58.137 0.0000000000
89467  -45.684  -10.266  58.380 0.0000000000
90513  -46.336  -9.339  58.033 0.0000000000
90503  -46.916  -9.423  58.459 0.0000000000
77785  -34.754  -19.170  62.994 0.0000000000
77772  -34.225  -19.395  62.927 0.0000000000
63832  -4.210  -34.303  73.743 0.0000000000
150958  -4.375  -34.255  73.159 0.0000000000
150952  -4.018  -34.334  73.286 0.0000000000
57448  -7.051  -37.531  79.748 0.0000000000
56271  -5.209  -37.829  79.003 0.0000000000
77615  -32.468  -19.752  74.685 0.0000000000
77614  -31.487  -20.273  74.887 0.0000000000
77636  -31.944  -19.870  74.333 0.0000000000
76466  -31.125  -19.595  71.682 0.0000000000
77652  -31.713  -19.173  72.136 0.0000000000
77653  -32.076  -19.000  71.553 0.0000000000
69630  -22.324  -27.321  84.333 0.0000000000
60081  -26.727  -35.230  78.105 0.0000000000
96990  -47.781  -3.129  54.578 0.0000000000
98014  -49.763  -2.492  54.557 0.0000000000
64978  -7.382  -31.994  82.440 0.0000000000
86082  -42.113  -12.732  64.093 0.0000000000
80210  -39.540  -17.988  61.740 0.0000000000
81347  -39.295  -17.772  61.457 0.0000000000
81348  -39.895  -17.348  61.652 0.0000000000
54902  -11.806  -38.176  83.961 0.0000000000
54911  -12.063  -37.666  83.481 0.0000000000
56168  -12.333  -37.555  82.928 0.0000000000
54943  -12.311  -37.446  82.321 0.0000000000
54970  -20.886  -38.358  81.051 0.0000000000
69859  -4.211  -27.530  68.094 0.0000000000
69868  -4.613  -27.545  66.658 0.0000000000
63964  -4.054  -34.606  66.004 0.0000000000
61401  -4.768  -34.614  66.003 0.0000000000
62666  -4.472  -34.529  65.561 0.0000000000
61210  -7.419  -34.446  88.330 0.0000000000
57416  -1.744  -37.301  81.608 0.0000000000
58692  -1.697  -36.449  80.660 0.0000000000
60042  -2.049  -35.992  80.604 0.0000000000
60058  -1.710  -36.054  79.945 0.0000000000
58705  -0.515  -37.084  78.109 0.0000000000
74149  -32.674  -22.402  78.992 0.0000000000
74159  -32.195  -23.268  78.450 0.0000000000
74160  -32.805  -22.164  78.340 0.0000000000
74172  -33.020  -21.860  77.982 0.0000000000
75217  -32.811  -21.724  77.681 0.0000000000
76378  -32.817  -21.236  77.453 0.0000000000
76379  -33.272  -21.062  77.629 0.0000000000
70838  -28.281  -25.810  77.495 0.0000000000
73038  -24.158  -24.216  81.367 0.0000000000
67386  -24.644  -29.763  80.050 0.0000000000
69687  -24.535  -28.113  79.976 0.0000000000
95970  -49.496  -4.536  57.991 0.0000000000
93811  -46.758  -6.889  57.527 0.0000000000
94951  -47.167  -5.123  56.655 0.0000000000
80184  -39.676  -19.004  63.443 0.0000000000
80163  -39.958  -17.425  63.728 0.0000000000
80162  -39.655  -18.105  63.821 0.0000000000
81307  -39.379  -17.698  64.560 0.0000000000
81292  -39.116  -17.478  65.381 0.0000000000
75469  -34.728  -20.668  61.590 0.0000000000
76620  -35.444  -21.214  62.438 0.0000000000
77801  -36.323  -21.116  62.222 0.0000000000
77802  -37.130  -20.930  61.572 0.0000000000
77789  -38.130  -20.653  62.310 0.0000000000
78970  -39.403  -19.421  63.009 0.0000000000
58740  -20.850  -35.941  76.149 0.0000000000
68668  -1.693  -27.958  70.196 0.0000000000
68655  -1.845  -27.959  71.096 0.0000000000
68670  -3.008  -27.644  71.002 0.0000000000
63848  -7.425  -32.536  73.047 0.0000000000
63922  -4.852  -34.219  68.690 0.0000000000
63918  -2.832  -34.090  66.459 0.0000000000
62639  -2.381  -34.187  65.948 0.0000000000
60241  -1.926  -35.033  66.478 0.0000000000
56132  -6.532  -37.393  84.609 0.0000000000
54898  -6.185  -37.403  83.970 0.0000000000
54906  -5.809  -37.584  83.786 0.0000000000
56207  -4.322  -38.366  81.595 0.0000000000
54957  -2.400  -38.885  80.676 0.0000000000
77737  -31.723  -19.706  65.956 0.0000000000
78933  -31.637  -19.211  65.743 0.0000000000
78922  -31.766  -19.437  66.115 0.0000000000
75268  -29.646  -22.486  73.983 0.0000000000
76521  -31.090  -20.865  69.203 0.0000000000
76537  -31.099  -20.941  68.836 0.0000000000
75336  -31.284  -20.827  68.226 0.0000000000
75349  -31.185  -20.965  67.667 0.0000000000
75363  -31.102  -21.099  66.757 0.0000000000
57412  -23.413  -37.009  82.534 0.0000000000
56180  -23.584  -37.336  82.237 0.0000000000
53783  -23.354  -38.377  81.294 0.0000000000
69642  -23.696  -27.687  82.687 0.0000000000
68500  -23.973  -28.673  83.137 0.0000000000
68501  -24.512  -29.087  82.710 0.0000000000
64972  -25.276  -31.843  81.988 0.0000000000
63677  -25.894  -32.399  81.882 0.0000000000
55016  -26.352  -38.033  78.277 0.0000000000
53803  -25.740  -38.368  78.655 0.0000000000
53802  -25.369  -38.325  78.766 0.0000000000
55007  -24.786  -38.237  78.848 0.0000000000
55006  -24.247  -38.180  79.101 0.0000000000
56265  -24.141  -38.240  78.743 0.0000000000
56282  -23.559  -38.145  78.402 0.0000000000
96003  -45.319  -3.774  51.783 0.0000000000
66230  -9.411  -30.901  78.515 0.0000000000
65031  -9.059  -31.455  78.138 0.0000000000
63743  -7.680  -32.559  78.874 0.0000000000
63779  -5.817  -33.170  77.242 0.0000000000
62503  -5.172  -33.535  77.230 0.0000000000
63778  -4.352  -33.906  76.644 0.0000000000
88343  -46.584  -11.565  61.631 0.0000000000
86099  -41.409  -12.641  61.263 0.0000000000
87222  -42.014  -12.046  60.646 0.0000000000
87232  -42.549  -11.714  59.846 0.0000000000
87233  -43.462  -11.751  60.147 0.0000000000
87225  -44.280  -11.542  60.878 0.0000000000
56146  -9.252  -38.234  84.514 0.0000000000
54941  -10.454  -37.928  82.902 0.0000000000
54960  -9.804  -37.866  82.241 0.0000000000
56211  -9.393  -37.717  81.839 0.0000000000
56226  -8.360  -37.411  80.872 0.0000000000
57450  -8.671  -37.220  79.454 0.0000000000
57523  -17.980  -36.568  76.937 0.0000000000
58713  -15.020  -36.532  77.556 0.0000000000
56231  -13.475  -37.350  80.259 0.0000000000
57454  -13.015  -36.756  79.233 0.0000000000
57515  -9.325  -36.531  76.662 0.0000000000
69788  -5.345  -27.661  73.735 0.0000000000
69799  -5.422  -27.550  72.786 0.0000000000
69810  -5.466  -27.483  71.799 0.0000000000
69826  -7.370  -27.665  70.173 0.0000000000
66323  -9.160  -31.129  72.385 0.0000000000
65129  -9.260  -31.124  71.033 0.0000000000
62625  -8.546  -33.407  67.163 0.0000000000
62626  -9.116  -33.065  67.721 0.0000000000
63925  -9.267  -32.556  67.216 0.0000000000
66385  -9.289  -30.783  67.954 0.0000000000
66395  -9.281  -30.984  67.011 0.0000000000
66405  -9.347  -31.195  66.288 0.0000000000
65209  -9.060  -31.270  65.557 0.0000000000
57346  -5.450  -36.591  86.221 0.0000000000
57345  -4.889  -36.569  85.746 0.0000000000
61231  -3.368  -34.837  83.935 0.0000000000
63656  -4.395  -34.106  84.554 0.0000000000
63649  -5.022  -33.558  85.120 0.0000000000
63657  -4.606  -33.751  84.291 0.0000000000
64947  -5.203  -33.489  84.091 0.0000000000
64975  -5.061  -33.567  82.924 0.0000000000
64987  -3.994  -33.916  80.941 0.0000000000
62491  -1.479  -34.832  78.350 0.0000000000
63737  -1.849  -34.505  78.491 0.0000000000
63754  -1.956  -34.188  77.804 0.0000000000
63775  -2.121  -34.097  76.942 0.0000000000
150960  -1.201  -35.266  75.541 0.0000000000
55029  -0.208  -39.495  76.764 0.0000000000
56306  -0.382  -38.725  77.161 0.0000000000
55040  -0.156  -39.667  76.037 0.0000000000
56320  -0.355  -38.922  75.565 0.0000000000
57568  -0.981  -37.778  73.763 0.0000000000
69690  -29.582  -26.086  78.085 0.0000000000
70839  -30.135  -26.036  78.454 0.0000000000
71925  -30.386  -25.432  79.232 0.0000000000
71913  -31.029  -24.672  79.714 0.0000000000
71915  -31.681  -24.203  79.440 0.0000000000
73041  -31.014  -23.352  80.363 0.0000000000
73042  -31.389  -23.359  80.131 0.0000000000
74148  -31.978  -23.110  79.235 0.0000000000
74137  -32.309  -22.371  79.630 0.0000000000
75194  -32.983  -21.712  79.462 0.0000000000
73075  -25.351  -24.484  78.729 0.0000000000
73076  -26.197  -24.221  78.345 0.0000000000
71937  -26.720  -24.850  77.930 0.0000000000
71938  -27.608  -24.834  77.928 0.0000000000
74146  -28.484  -23.398  79.557 0.0000000000
73065  -28.845  -23.982  78.881 0.0000000000
71924  -28.745  -24.832  78.072 0.0000000000
69674  -29.309  -25.387  78.081 0.0000000000
75174  -25.322  -22.200  81.580 0.0000000000
76309  -26.720  -21.281  81.635 0.0000000000
75175  -26.250  -21.656  81.308 0.0000000000
74143  -25.106  -23.254  80.064 0.0000000000
73062  -24.922  -24.060  79.447 0.0000000000
93809  -48.985  -6.395  58.964 0.0000000000
94934  -49.490  -6.374  59.420 0.0000000000
88403  -43.697  -11.630  57.285 0.0000000000
87270  -43.910  -11.903  56.007 0.0000000000
87285  -44.299  -12.119  55.589 0.0000000000
88415  -43.766  -11.606  55.713 0.0000000000
91573  -44.562  -8.865  56.649 0.0000000000
92664  -45.909  -7.897  57.268 0.0000000000
91565  -46.405  -8.786  57.776 0.0000000000
92660  -46.754  -7.916  58.042 0.0000000000
92665  -46.383  -7.690  57.548 0.0000000000
92666  -46.983  -7.286  57.751 0.0000000000
78949  -37.507  -19.269  64.275 0.0000000000
78937  -37.303  -18.528  64.810 0.0000000000
78926  -37.012  -18.199  65.309 0.0000000000
78947  -35.857  -18.444  64.628 0.0000000000
78935  -36.109  -18.259  65.159 0.0000000000
75423  -30.928  -21.609  63.922 0.0000000000
75465  -31.754  -22.061  62.123 0.0000000000
75426  -33.721  -20.819  62.702 0.0000000000
76618  -34.672  -20.865  62.343 0.0000000000
76608  -35.126  -20.462  62.722 0.0000000000
63817  -6.723  -33.359  74.833 0.0000000000
150943  -2.598  -34.659  69.454 0.0000000000
61385  -2.444  -34.919  67.834 0.0000000000
150938  -2.192  -34.807  68.995 0.0000000000
60171  -2.388  -35.871  68.830 0.0000000000
150941  -2.290  -35.320  69.998 0.0000000000
57420  -6.956  -37.659  82.450 0.0000000000
56189  -6.356  -38.202  82.779 0.0000000000
56209  -6.094  -38.473  81.969 0.0000000000
56248  -5.457  -37.888  80.167 0.0000000000
56223  -4.885  -38.209  80.854 0.0000000000
77711  -32.375  -20.052  68.666 0.0000000000
78900  -32.802  -19.261  68.749 0.0000000000
74211  -30.959  -23.756  75.146 0.0000000000
75258  -30.983  -23.086  75.365 0.0000000000
75257  -30.620  -22.695  75.141 0.0000000000
76448  -29.660  -21.322  74.021 0.0000000000
77633  -29.538  -20.778  73.080 0.0000000000
77649  -29.543  -20.691  72.271 0.0000000000
77665  -30.093  -20.457  71.898 0.0000000000
76503  -30.639  -20.661  70.454 0.0000000000
76485  -31.048  -19.706  70.926 0.0000000000
75288  -31.104  -20.061  70.515 0.0000000000
75301  -30.927  -20.717  70.048 0.0000000000
76523  -31.789  -20.228  69.725 0.0000000000
62433  -23.678  -33.203  83.136 0.0000000000
63674  -24.153  -33.207  82.725 0.0000000000
66216  -25.576  -31.538  80.971 0.0000000000
63706  -26.357  -32.775  81.085 0.0000000000
62478  -25.818  -33.861  80.430 0.0000000000
61292  -26.234  -34.652  79.819 0.0000000000
57481  -26.938  -36.139  78.795 0.0000000000
58706  -26.948  -35.756  78.354 0.0000000000
56284  -26.934  -36.609  78.138 0.0000000000
55025  -26.482  -37.491  77.933 0.0000000000
53811  -25.931  -38.183  77.759 0.0000000000
53817  -25.533  -38.199  77.329 0.0000000000
55022  -24.525  -38.447  76.606 0.0000000000
97007  -45.972  -3.505  51.128 0.0000000000
98026  -47.238  -2.672  51.774 0.0000000000
98021  -47.955  -2.582  53.167 0.0000000000
67376  -8.683  -29.521  81.839 0.0000000000
66223  -9.202  -30.702  80.284 0.0000000000
63714  -8.249  -32.251  80.601 0.0000000000
64992  -8.068  -31.695  81.723 0.0000000000
63700  -8.192  -31.979  81.190 0.0000000000
65002  -5.986  -33.295  79.091 0.0000000000
88300  -43.892  -11.476  63.032 0.0000000000
81359  -37.902  -17.756  60.428 0.0000000000
84974  -40.592  -14.277  61.755 0.0000000000
84975  -41.008  -13.372  61.784 0.0000000000
54892  -10.610  -37.949  84.579 0.0000000000
54923  -10.925  -37.847  83.238 0.0000000000
56228  -10.479  -37.597  80.847 0.0000000000
58757  -16.013  -35.732  75.464 0.0000000000
58756  -14.909  -35.784  75.717 0.0000000000
58734  -14.627  -36.151  76.880 0.0000000000
57519  -13.642  -36.536  77.039 0.0000000000
57518  -12.736  -36.404  76.764 0.0000000000
57491  -12.493  -36.671  77.553 0.0000000000
57539  -12.027  -36.202  76.364 0.0000000000
69736  -3.413  -27.509  76.528 0.0000000000
69774  -6.196  -27.654  74.374 0.0000000000
69790  -7.277  -27.739  73.078 0.0000000000
68635  -7.988  -28.002  72.527 0.0000000000
63884  -7.214  -34.067  69.869 0.0000000000
63885  -8.142  -33.283  69.790 0.0000000000
62604  -7.082  -33.952  68.262 0.0000000000
62624  -7.383  -33.847  67.340 0.0000000000
61403  -5.882  -34.418  66.193 0.0000000000
62645  -6.598  -34.113  66.517 0.0000000000
62646  -7.652  -33.687  66.333 0.0000000000
62668  -7.904  -33.451  65.400 0.0000000000
63991  -7.712  -32.799  64.117 0.0000000000
62402  -8.393  -32.973  89.437 0.0000000000
62396  -7.764  -32.648  89.766 0.0000000000
62395  -7.369  -32.579  89.375 0.0000000000
62400  -6.998  -32.975  88.857 0.0000000000
62406  -5.841  -33.740  88.024 0.0000000000
57370  -3.041  -37.009  84.536 0.0000000000
57356  -3.395  -36.924  84.849 0.0000000000
58655  -2.906  -36.623  84.142 0.0000000000
59996  -2.866  -36.266  83.657 0.0000000000
60009  -2.588  -36.079  83.066 0.0000000000
60010  -2.823  -35.765  83.429 0.0000000000
61240  -2.501  -34.873  82.521 0.0000000000
61251  -2.596  -34.676  82.399 0.0000000000
62447  -2.855  -34.341  82.159 0.0000000000
62462  -2.888  -34.456  81.409 0.0000000000
62461  -2.598  -34.725  81.106 0.0000000000
62460  -2.377  -34.918  80.468 0.0000000000
62471  -2.066  -34.952  79.763 0.0000000000
62470  -1.696  -35.132  79.401 0.0000000000
62480  -1.762  -34.853  79.039 0.0000000000
62490  -1.154  -35.240  78.160 0.0000000000
62501  -1.068  -35.297  77.457 0.0000000000
73115  -31.219  -24.203  75.906 0.0000000000
70840  -30.608  -26.074  78.254 0.0000000000
70856  -31.373  -25.769  77.217 0.0000000000
73091  -31.859  -23.983  77.668 0.0000000000
71958  -31.785  -24.557  77.666 0.0000000000
71957  -31.582  -24.825  77.083 0.0000000000
73101  -31.459  -24.157  76.688 0.0000000000
76408  -31.547  -21.888  75.997 0.0000000000
77571  -31.644  -20.732  76.066 0.0000000000
76391  -32.262  -20.990  77.095 0.0000000000
77572  -32.116  -20.417  76.338 0.0000000000
70780  -24.163  -26.150  83.841 0.0000000000
68510  -24.402  -28.667  82.193 0.0000000000
68511  -24.661  -29.090  81.690 0.0000000000
73029  -23.885  -24.233  82.256 0.0000000000
73030  -24.183  -24.483  81.935 0.0000000000
71893  -24.571  -25.391  82.037 0.0000000000
69653  -24.053  -27.947  81.514 0.0000000000
69654  -24.215  -28.701  81.213 0.0000000000
68512  -24.909  -29.829  81.459 0.0000000000
67381  -25.175  -31.044  80.648 0.0000000000
66228  -25.353  -31.536  80.079 0.0000000000
65021  -25.320  -32.529  79.574 0.0000000000
66236  -25.005  -31.736  79.613 0.0000000000
93816  -45.498  -6.829  56.530 0.0000000000
93820  -44.730  -6.812  56.075 0.0000000000
93827  -44.098  -6.666  55.184 0.0000000000
95974  -46.898  -4.869  56.376 0.0000000000
96980  -49.393  -3.507  56.540 0.0000000000
82542  -41.004  -16.524  63.471 0.0000000000
82524  -41.110  -16.390  64.245 0.0000000000
81294  -40.607  -16.891  64.895 0.0000000000
80144  -38.057  -18.626  64.599 0.0000000000
80146  -38.636  -17.598  65.480 0.0000000000
79001  -38.431  -19.207  61.209 0.0000000000
80208  -38.681  -19.010  61.798 0.0000000000
80209  -38.855  -18.388  61.631 0.0000000000
56279  -21.058  -37.495  78.972 0.0000000000
58716  -18.916  -36.573  77.376 0.0000000000
60094  -16.765  -35.563  75.002 0.0000000000
68680  -2.419  -27.793  69.651 0.0000000000
69850  -6.350  -27.830  68.291 0.0000000000
67431  -8.980  -28.948  75.661 0.0000000000
66296  -8.819  -31.372  73.793 0.0000000000
66310  -8.985  -31.226  73.241 0.0000000000
65115  -8.490  -31.730  72.493 0.0000000000
63847  -6.850  -32.936  72.578 0.0000000000
63858  -6.849  -33.137  71.635 0.0000000000
62621  -4.382  -34.070  67.881 0.0000000000
62642  -4.117  -33.942  67.199 0.0000000000
56119  -6.077  -37.273  85.280 0.0000000000
57360  -5.690  -37.065  85.846 0.0000000000
57359  -5.009  -37.019  85.558 0.0000000000
54919  -6.098  -38.237  83.267 0.0000000000
54918  -5.753  -38.034  83.426 0.0000000000
57402  -4.810  -37.815  83.587 0.0000000000
57386  -4.778  -37.648  83.959 0.0000000000
56141  -4.457  -37.456  83.990 0.0000000000
56127  -3.359  -37.180  84.348 0.0000000000
57383  -2.994  -37.230  83.844 0.0000000000
57400  -2.723  -37.426  82.808 0.0000000000
56158  -2.324  -37.472  82.277 0.0000000000
56184  -2.344  -37.905  82.005 0.0000000000
56157  -2.039  -37.536  81.970 0.0000000000
57424  -1.535  -37.666  81.042 0.0000000000
57431  -1.356  -37.808  80.255 0.0000000000
57446  -1.255  -38.135  79.614 0.0000000000
78965  -32.856  -18.901  63.583 0.0000000000
77769  -31.817  -19.311  63.995 0.0000000000
74221  -30.695  -24.021  74.606 0.0000000000
73138  -30.520  -24.540  74.212 0.0000000000
74228  -30.141  -23.926  73.551 0.0000000000
76590  -31.580  -20.392  64.251 0.0000000000
56198  -22.308  -37.976  82.393 0.0000000000
53775  -22.016  -38.207  82.014 0.0000000000
53786  -21.351  -38.356  81.285 0.0000000000
53792  -21.305  -38.285  80.843 0.0000000000
56261  -21.149  -37.651  79.511 0.0000000000
68490  -22.784  -28.607  83.863 0.0000000000
67357  -23.723  -29.844  82.932 0.0000000000
66197  -23.356  -30.696  83.401 0.0000000000
63668  -24.051  -32.020  82.985 0.0000000000
63688  -24.524  -33.533  82.393 0.0000000000
61261  -24.766  -34.654  81.898 0.0000000000
63705  -26.382  -32.917  81.340 0.0000000000
62459  -25.773  -33.826  80.879 0.0000000000
61264  -25.703  -34.142  80.664 0.0000000000
56242  -26.943  -37.401  79.923 0.0000000000
57429  -26.401  -36.667  80.545 0.0000000000
60056  -25.593  -35.202  80.737 0.0000000000
58690  -25.776  -35.949  81.141 0.0000000000
58687  -25.299  -36.017  81.340 0.0000000000
58686  -24.845  -36.074  81.587 0.0000000000
54936  -24.370  -37.848  81.493 0.0000000000
53784  -23.989  -38.382  81.149 0.0000000000
53794  -23.107  -38.363  80.638 0.0000000000
56240  -23.748  -38.204  79.582 0.0000000000
55005  -23.080  -37.962  79.860 0.0000000000
54990  -22.872  -38.129  80.339 0.0000000000
55004  -22.442  -37.792  79.965 0.0000000000
57500  -21.309  -36.644  77.434 0.0000000000
97017  -46.460  -3.085  50.467 0.0000000000
98049  -46.724  -2.660  50.074 0.0000000000
98050  -47.265  -2.520  49.751 0.0000000000
97031  -47.090  -2.703  48.676 0.0000000000
98062  -48.158  -2.292  47.833 0.0000000000
69718  -5.039  -27.604  77.779 0.0000000000
68565  -6.749  -28.135  78.457 0.0000000000
67415  -8.768  -29.196  76.732 0.0000000000
66267  -9.367  -30.840  76.235 0.0000000000
66254  -9.488  -31.026  76.994 0.0000000000
63802  -9.166  -32.110  76.071 0.0000000000
63801  -8.671  -32.309  75.950 0.0000000000
65015  -9.154  -31.436  78.893 0.0000000000
65063  -7.486  -32.754  75.890 0.0000000000
65078  -7.280  -32.982  75.500 0.0000000000
62540  -5.793  -33.612  74.863 0.0000000000
62539  -5.048  -33.900  74.891 0.0000000000
62548  -4.754  -34.021  74.318 0.0000000000
89459  -47.421  -10.365  60.001 0.0000000000
90471  -48.947  -10.080  60.586 0.0000000000
89444  -48.358  -10.647  60.686 0.0000000000
84951  -41.365  -14.736  64.806 0.0000000000
83808  -39.059  -14.529  59.746 0.0000000000
84988  -39.873  -13.176  59.054 0.0000000000
86107  -40.643  -12.664  59.185 0.0000000000
86113  -40.932  -12.778  58.460 0.0000000000
86126  -41.753  -13.259  57.973 0.0000000000
86127  -42.311  -13.248  57.950 0.0000000000
84990  -42.912  -13.194  57.732 0.0000000000
86116  -43.023  -12.735  57.954 0.0000000000
87248  -43.426  -12.265  58.564 0.0000000000
87242  -44.095  -12.042  59.567 0.0000000000
88373  -44.316  -11.939  59.324 0.0000000000
54899  -10.118  -38.222  84.730 0.0000000000
54908  -9.945  -38.414  84.513 0.0000000000
54920  -9.046  -38.423  83.861 0.0000000000
56190  -7.033  -37.584  83.049 0.0000000000
57427  -7.090  -37.581  81.739 0.0000000000
57434  -7.248  -37.463  80.844 0.0000000000
56225  -7.730  -37.459  80.251 0.0000000000
57458  -18.908  -37.750  79.101 0.0000000000
56278  -18.381  -37.770  78.967 0.0000000000
56235  -17.001  -37.522  80.420 0.0000000000
57494  -15.465  -36.859  77.919 0.0000000000
57457  -16.660  -37.513  79.913 0.0000000000
56234  -15.866  -37.346  80.947 0.0000000000
56255  -14.902  -37.447  80.186 0.0000000000
54986  -14.812  -37.742  81.342 0.0000000000
54946  -14.626  -38.069  81.848 0.0000000000
54944  -13.163  -37.839  82.319 0.0000000000
54963  -12.741  -37.651  81.879 0.0000000000
54982  -12.127  -37.526  81.346 0.0000000000
56229  -11.441  -37.460  80.736 0.0000000000
57452  -10.904  -37.031  79.335 0.0000000000
57451  -9.828  -37.341  79.610 0.0000000000
57514  -8.521  -36.724  76.994 0.0000000000
57487  -8.338  -37.046  77.751 0.0000000000
69752  -2.951  -27.535  75.524 0.0000000000
68604  -2.881  -27.832  74.896 0.0000000000
69787  -4.401  -27.602  74.027 0.0000000000
69786  -3.574  -27.712  74.284 0.0000000000
68621  -2.433  -27.903  74.452 0.0000000000
68634  -2.994  -28.263  73.911 0.0000000000
68633  -2.265  -28.162  73.480 0.0000000000
68644  -2.251  -28.143  72.507 0.0000000000
69834  -3.777  -27.488  70.757 0.0000000000
68696  -6.979  -28.315  67.914 0.0000000000
68637  -9.130  -28.907  73.366 0.0000000000
68636  -8.630  -28.410  72.962 0.0000000000
68647  -8.577  -28.389  72.062 0.0000000000
65142  -9.051  -31.629  70.330 0.0000000000
63887  -9.389  -31.892  69.221 0.0000000000
65157  -9.190  -31.762  69.686 0.0000000000
65143  -9.276  -30.728  70.421 0.0000000000
67501  -9.063  -29.425  71.024 0.0000000000
68659  -8.431  -28.468  70.986 0.0000000000
69827  -8.152  -27.989  70.099 0.0000000000
69839  -8.184  -28.294  69.489 0.0000000000
67523  -8.612  -29.316  68.661 0.0000000000
68684  -7.926  -28.321  68.869 0.0000000000
68697  -7.693  -28.447  68.194 0.0000000000
68709  -7.688  -28.630  67.468 0.0000000000
67540  -7.923  -28.993  66.990 0.0000000000
67549  -7.734  -29.115  66.208 0.0000000000
66416  -8.502  -30.337  64.901 0.0000000000
64951  -7.657  -31.702  84.705 0.0000000000
58635  -7.125  -35.630  87.419 0.0000000000
59980  -6.826  -35.146  87.900 0.0000000000
58633  -5.889  -35.468  87.170 0.0000000000
59979  -6.054  -35.241  87.940 0.0000000000
61208  -5.832  -34.555  88.167 0.0000000000
58648  -3.605  -36.780  84.845 0.0000000000
58649  -4.083  -36.371  84.966 0.0000000000
59983  -4.756  -35.556  85.468 0.0000000000
61219  -4.759  -35.055  84.862 0.0000000000
61214  -5.007  -34.747  85.588 0.0000000000
61215  -5.211  -34.944  86.212 0.0000000000
62405  -5.306  -33.742  87.397 0.0000000000
63630  -5.536  -33.068  87.122 0.0000000000
63638  -6.214  -32.585  86.820 0.0000000000
63644  -6.599  -32.522  86.026 0.0000000000
63650  -5.641  -33.173  85.113 0.0000000000
63652  -6.761  -32.400  85.642 0.0000000000
63661  -7.109  -32.268  85.090 0.0000000000
64976  -5.868  -33.354  82.606 0.0000000000
64990  -6.260  -33.189  82.011 0.0000000000
65001  -5.578  -33.437  79.582 0.0000000000
65012  -5.605  -32.910  78.838 0.0000000000
63694  -3.326  -34.272  81.317 0.0000000000
64998  -3.627  -34.159  80.704 0.0000000000
65009  -3.599  -34.051  80.032 0.0000000000
65010  -4.142  -33.649  79.645 0.0000000000
65027  -5.156  -33.456  78.619 0.0000000000
65045  -5.221  -33.445  78.322 0.0000000000
63777  -3.830  -34.046  76.434 0.0000000000
56244  -1.169  -38.614  79.204 0.0000000000
53805  -0.579  -40.357  78.044 0.0000000000
54997  -0.739  -39.482  78.317 0.0000000000
60080  -0.721  -36.379  76.881 0.0000000000
60085  -0.960  -36.463  76.180 0.0000000000
58748  -0.682  -36.953  75.646 0.0000000000
61315  -1.282  -36.143  75.889 0.0000000000
61324  -1.360  -35.540  74.808 0.0000000000
60116  -1.476  -36.720  73.889 0.0000000000
150959  -1.721  -35.379  73.415 0.0000000000
56408  -2.671  -38.148  70.209 0.0000000000
53777  -23.212  -38.203  81.762 0.0000000000
53778  -23.887  -38.200  81.535 0.0000000000
53779  -24.373  -38.154  81.282 0.0000000000
53780  -21.334  -38.390  81.599 0.0000000000
53781  -21.823  -38.294  81.649 0.0000000000
53788  -22.829  -38.395  80.909 0.0000000000
53789  -23.490  -38.439  80.874 0.0000000000
53790  -24.063  -38.384  80.704 0.0000000000
53791  -24.580  -38.233  80.407 0.0000000000
53793  -21.512  -38.210  80.637 0.0000000000
53795  -23.535  -38.347  80.461 0.0000000000
53804  -26.057  -38.330  78.378 0.0000000000
54905  -5.496  -37.502  84.106 0.0000000000
54917  -5.467  -37.758  83.748 0.0000000000
54924  -12.356  -37.640  83.161 0.0000000000
54933  -22.265  -38.068  82.229 0.0000000000
54937  -5.855  -38.471  83.170 0.0000000000
54951  -21.372  -38.391  81.828 0.0000000000
54952  -22.569  -38.011  82.281 0.0000000000
54953  -22.806  -37.713  82.464 0.0000000000
54954  -24.879  -37.843  81.070 0.0000000000
54955  -25.394  -37.614  80.668 0.0000000000
54971  -22.484  -38.200  80.647 0.0000000000
54975  -26.142  -37.581  80.460 0.0000000000
54985  -14.556  -37.826  81.336 0.0000000000
54991  -23.563  -38.238  79.945 0.0000000000
54992  -24.222  -38.237  79.602 0.0000000000
54996  -26.952  -37.723  80.080 0.0000000000
55008  -25.558  -38.292  79.240 0.0000000000
55010  -26.966  -37.851  79.671 0.0000000000
55015  -24.785  -38.401  77.906 0.0000000000
56139  -3.301  -37.270  83.957 0.0000000000
56148  -12.115  -37.597  83.193 0.0000000000
56155  -22.622  -37.196  83.047 0.0000000000
56162  -5.641  -38.326  83.211 0.0000000000
56167  -11.612  -37.616  83.252 0.0000000000
56179  -22.938  -37.351  82.666 0.0000000000
56181  -24.385  -37.229  81.658 0.0000000000
56182  -24.803  -36.825  81.332 0.0000000000
56194  -12.580  -37.589  82.674 0.0000000000
56199  -22.578  -37.709  82.572 0.0000000000
56200  -24.694  -37.525  81.251 0.0000000000
56217  -25.814  -37.463  80.627 0.0000000000
56239  -23.437  -38.097  79.583 0.0000000000
56241  -26.695  -37.334  80.268 0.0000000000
56266  -26.909  -37.274  79.380 0.0000000000
56272  -13.656  -36.863  78.872 0.0000000000
56285  -26.832  -36.862  78.438 0.0000000000
56300  -26.815  -36.603  77.847 0.0000000000
57385  -4.678  -37.679  83.751 0.0000000000
57397  -23.249  -36.719  82.938 0.0000000000
57398  -23.667  -36.396  82.795 0.0000000000
57403  -4.913  -37.780  83.802 0.0000000000
57414  -24.577  -36.541  81.699 0.0000000000
57415  -25.084  -36.492  81.299 0.0000000000
57422  -25.648  -36.507  81.156 0.0000000000
57423  -26.118  -36.557  80.979 0.0000000000
57432  -1.442  -37.607  80.588 0.0000000000
57440  -15.257  -37.458  80.409 0.0000000000
57443  -26.648  -36.720  80.070 0.0000000000
57456  -16.160  -37.428  79.577 0.0000000000
57461  -26.620  -36.450  79.712 0.0000000000
57462  -26.773  -36.491  79.310 0.0000000000
57473  -15.950  -37.382  79.232 0.0000000000
57480  -26.980  -36.333  78.031 0.0000000000
57540  -12.337  -36.017  76.242 0.0000000000
58641  -6.197  -36.043  86.737 0.0000000000
58677  -23.549  -36.157  83.166 0.0000000000
58678  -23.976  -36.104  82.723 0.0000000000
58691  -26.139  -36.010  80.779 0.0000000000
58694  -1.502  -37.387  80.812 0.0000000000
58695  -26.258  -35.972  80.300 0.0000000000
58698  -1.395  -37.388  80.342 0.0000000000
58699  -1.459  -37.363  80.582 0.0000000000
58700  -26.353  -36.052  79.862 0.0000000000
58701  -26.405  -35.551  79.757 0.0000000000
58703  -26.453  -36.051  79.558 0.0000000000
58731  -11.570  -36.240  76.186 0.0000000000
60023  -23.478  -35.432  83.350 0.0000000000
60027  -2.732  -35.305  83.289 0.0000000000
60038  -23.891  -35.078  83.078 0.0000000000
60040  -24.664  -35.664  81.801 0.0000000000
60041  -24.975  -35.774  81.466 0.0000000000
60044  -2.100  -35.355  82.086 0.0000000000
60054  -24.538  -35.240  81.977 0.0000000000
60055  -25.054  -35.381  81.339 0.0000000000
60057  -25.513  -34.724  80.829 0.0000000000
60065  -26.035  -35.602  80.535 0.0000000000
60066  -25.956  -35.053  80.314 0.0000000000
60072  -26.496  -35.104  79.801 0.0000000000
60075  -26.577  -35.186  79.340 0.0000000000
60200  -2.431  -35.099  67.372 0.0000000000
61248  -24.050  -34.702  82.811 0.0000000000
61260  -24.353  -34.922  82.298 0.0000000000
61262  -25.252  -34.435  81.396 0.0000000000
61263  -25.606  -34.159  81.023 0.0000000000
61265  -1.901  -35.506  79.943 0.0000000000
61276  -25.780  -34.295  80.313 0.0000000000
61296  -26.578  -34.900  78.436 0.0000000000
61297  -26.414  -34.680  79.108 0.0000000000
61309  -1.198  -35.964  76.532 0.0000000000
61384  -2.364  -34.851  67.191 0.0000000000
61398  -2.041  -35.072  66.682 0.0000000000
61402  -5.238  -34.530  66.176 0.0000000000
61418  -1.770  -34.906  66.260 0.0000000000
61421  -4.820  -34.452  65.234 0.0000000000
61422  -4.953  -34.502  65.520 0.0000000000
61423  -5.597  -34.470  65.633 0.0000000000
61424  -6.249  -34.300  65.684 0.0000000000
61440  -5.286  -34.393  65.113 0.0000000000
62397  -8.113  -32.533  89.833 0.0000000000
62398  -5.083  -33.562  87.021 0.0000000000
62399  -5.279  -33.411  87.169 0.0000000000
62412  -4.592  -34.233  85.871 0.0000000000
62414  -6.279  -32.655  86.339 0.0000000000
62415  -6.555  -32.493  86.435 0.0000000000
62418  -6.419  -32.633  86.024 0.0000000000
62419  -6.587  -32.525  86.194 0.0000000000
62435  -3.916  -33.963  83.706 0.0000000000
62443  -25.055  -33.078  82.064 0.0000000000
62444  -25.502  -32.842  81.998 0.0000000000
62446  -2.673  -34.566  81.620 0.0000000000
62455  -24.404  -34.103  82.500 0.0000000000
62458  -25.971  -33.212  81.443 0.0000000000
62468  -26.266  -33.060  81.448 0.0000000000
62469  -25.954  -33.521  80.901 0.0000000000
62495  -26.027  -34.073  78.993 0.0000000000
62504  -5.496  -33.369  77.338 0.0000000000
62513  -4.239  -33.853  76.186 0.0000000000
62528  -6.184  -33.451  75.347 0.0000000000
62538  -4.525  -34.048  74.734 0.0000000000
62578  -5.576  -34.229  70.345 0.0000000000
62579  -5.715  -34.024  70.496 0.0000000000
62589  -5.802  -34.254  70.246 0.0000000000
62602  -5.858  -34.383  68.646 0.0000000000
62619  -2.336  -34.645  66.869 0.0000000000
62638  -2.041  -34.743  66.399 0.0000000000
62665  -4.640  -34.512  65.379 0.0000000000
62667  -6.956  -33.880  65.494 0.0000000000
62687  -4.604  -34.448  65.126 0.0000000000
62688  -4.819  -34.330  64.899 0.0000000000
62692  -8.092  -33.076  64.716 0.0000000000
63623  -5.109  -33.321  86.785 0.0000000000
63629  -4.885  -33.575  86.665 0.0000000000
63636  -4.538  -33.892  86.354 0.0000000000
63641  -4.500  -34.082  85.634 0.0000000000
63642  -5.343  -33.318  85.587 0.0000000000
63648  -4.591  -33.976  85.049 0.0000000000
63659  -6.276  -32.722  84.901 0.0000000000
63689  -24.636  -33.155  82.315 0.0000000000
63690  -26.279  -32.538  81.572 0.0000000000
63691  -26.369  -32.295  81.482 0.0000000000
63692  -2.633  -34.695  80.484 0.0000000000
63709  -3.272  -34.357  80.449 0.0000000000
63740  -5.601  -33.343  78.658 0.0000000000
63811  -1.270  -34.881  75.817 0.0000000000
63816  -4.374  -34.191  74.256 0.0000000000
63919  -3.028  -33.873  66.933 0.0000000000
63946  -9.220  -32.223  66.360 0.0000000000
63962  -3.425  -34.029  64.631 0.0000000000
64911  -5.224  -33.057  86.594 0.0000000000
64912  -5.243  -33.115  86.789 0.0000000000
64919  -5.123  -33.262  86.548 0.0000000000
64920  -5.443  -32.968  86.805 0.0000000000
64925  -4.557  -33.692  86.016 0.0000000000
64927  -5.355  -33.161  86.335 0.0000000000
64932  -4.527  -33.781  85.731 0.0000000000
64933  -4.856  -33.509  85.735 0.0000000000
64939  -4.551  -33.890  85.494 0.0000000000
64957  -23.753  -31.547  83.247 0.0000000000
64959  -4.845  -33.592  83.587 0.0000000000
64970  -23.454  -31.242  83.454 0.0000000000
64985  -26.154  -32.027  81.309 0.0000000000
64986  -3.677  -34.138  81.125 0.0000000000
64989  -5.975  -33.397  82.036 0.0000000000
64991  -7.579  -31.971  81.876 0.0000000000
64997  -26.063  -32.171  80.753 0.0000000000
64999  -4.014  -33.808  80.345 0.0000000000
65008  -25.744  -32.349  80.145 0.0000000000
65028  -5.389  -32.709  78.580 0.0000000000
65064  -8.889  -31.967  76.977 0.0000000000
65113  -7.169  -32.710  72.182 0.0000000000
65226  -3.312  -32.852  63.478 0.0000000000
66198  -23.856  -30.892  82.965 0.0000000000
66205  -23.401  -30.995  83.457 0.0000000000
66206  -23.579  -31.084  83.306 0.0000000000
66207  -24.662  -31.068  82.071 0.0000000000
66208  -24.958  -31.323  81.764 0.0000000000
66209  -25.284  -31.501  81.589 0.0000000000
66222  -25.601  -31.591  80.599 0.0000000000
66234  -24.404  -30.791  79.429 0.0000000000
66235  -24.691  -31.088  79.682 0.0000000000
66248  -24.423  -31.546  79.211 0.0000000000
66361  -8.926  -29.794  69.449 0.0000000000
67358  -24.066  -30.437  82.672 0.0000000000
67365  -24.256  -29.388  82.868 0.0000000000
67368  -24.869  -30.592  81.669 0.0000000000
67374  -25.062  -30.836  81.196 0.0000000000
67375  -25.306  -31.238  80.913 0.0000000000
67387  -24.818  -30.449  80.130 0.0000000000
67388  -25.038  -30.858  80.288 0.0000000000
67473  -9.065  -28.911  74.122 0.0000000000
67507  -8.828  -29.278  70.023 0.0000000000
67515  -8.784  -29.422  69.495 0.0000000000
68491  -23.495  -29.044  83.569 0.0000000000
68509  -24.120  -28.428  82.602 0.0000000000
68518  -24.894  -29.809  80.925 0.0000000000
68527  -24.788  -29.863  80.471 0.0000000000
68538  -24.436  -28.869  79.838 0.0000000000
68622  -3.066  -28.046  74.545 0.0000000000
69631  -23.015  -27.496  83.651 0.0000000000
69641  -23.422  -27.615  83.126 0.0000000000
69652  -23.904  -27.734  82.214 0.0000000000
69673  -24.433  -28.241  80.254 0.0000000000
69675  -29.509  -25.538  78.355 0.0000000000
69676  -29.791  -25.717  78.621 0.0000000000
69812  -7.389  -27.539  71.080 0.0000000000
70771  -24.346  -26.038  84.351 0.0000000000
70779  -23.921  -26.217  83.734 0.0000000000
70788  -23.722  -26.708  83.036 0.0000000000
70812  -29.196  -24.947  78.419 0.0000000000
70825  -30.036  -25.635  78.907 0.0000000000
70826  -30.501  -25.677  78.848 0.0000000000
70855  -27.757  -25.561  77.532 0.0000000000
71867  -24.623  -25.919  84.261 0.0000000000
71885  -24.440  -25.777  82.943 0.0000000000
71892  -24.382  -24.754  82.230 0.0000000000
71914  -31.477  -24.378  79.599 0.0000000000
71926  -30.826  -25.301  79.308 0.0000000000
71928  -31.667  -24.453  79.314 0.0000000000
71939  -28.093  -25.123  77.756 0.0000000000
71941  -31.879  -24.446  77.887 0.0000000000
73050  -29.324  -24.121  78.879 0.0000000000
73055  -31.622  -23.754  79.668 0.0000000000
73064  -28.124  -23.652  79.076 0.0000000000
73067  -31.817  -24.624  78.961 0.0000000000
73078  -28.164  -24.580  78.274 0.0000000000
73079  -31.841  -24.627  78.687 0.0000000000
74115  -23.941  -23.445  82.131 0.0000000000
74118  -29.765  -22.814  80.405 0.0000000000
74136  -31.724  -22.915  79.857 0.0000000000
74147  -29.010  -23.494  79.513 0.0000000000
74158  -27.258  -23.578  78.863 0.0000000000
75164  -29.326  -21.332  80.723 0.0000000000
75180  -30.553  -21.910  80.911 0.0000000000
75189  -25.722  -22.170  80.944 0.0000000000
75190  -26.525  -21.966  80.617 0.0000000000
75192  -28.543  -21.969  80.473 0.0000000000
75202  -33.613  -21.239  78.480 0.0000000000
75219  -33.718  -21.022  77.971 0.0000000000
75287  -30.907  -20.291  70.541 0.0000000000
75302  -31.255  -20.280  70.180 0.0000000000
75318  -30.982  -20.978  69.416 0.0000000000
75319  -31.280  -20.573  69.756 0.0000000000
75320  -31.457  -20.306  70.010 0.0000000000
76323  -26.886  -21.463  81.290 0.0000000000
76324  -27.549  -21.424  81.027 0.0000000000
76325  -28.459  -21.334  80.888 0.0000000000
76326  -29.021  -21.107  80.998 0.0000000000
76328  -31.182  -21.097  80.218 0.0000000000
76329  -32.170  -20.997  80.234 0.0000000000
76330  -32.906  -20.979  79.825 0.0000000000
76369  -33.669  -20.660  78.066 0.0000000000
76389  -31.468  -21.159  76.028 0.0000000000
76393  -33.248  -20.536  77.536 0.0000000000
76427  -30.184  -21.298  74.691 0.0000000000
76483  -29.782  -20.682  71.289 0.0000000000
76486  -31.556  -19.361  70.846 0.0000000000
76505  -31.674  -19.789  70.264 0.0000000000
76655  -36.546  -21.023  60.800 0.0000000000
77473  -29.075  -20.135  81.632 0.0000000000
77484  -29.436  -20.037  81.380 0.0000000000
77497  -31.147  -20.248  80.265 0.0000000000
77570  -31.486  -20.884  75.944 0.0000000000
77664  -29.600  -20.667  71.776 0.0000000000
77786  -34.946  -19.038  63.114 0.0000000000
77787  -36.048  -21.227  63.000 0.0000000000
78818  -31.778  -19.553  73.796 0.0000000000
78819  -32.105  -19.473  73.915 0.0000000000
78915  -32.243  -19.793  68.280 0.0000000000
78924  -36.236  -18.207  65.295 0.0000000000
78925  -36.442  -18.171  65.285 0.0000000000
78950  -38.268  -19.774  64.220 0.0000000000
78986  -34.968  -18.855  63.256 0.0000000000
79018  -38.248  -18.751  60.978 0.0000000000
80130  -36.189  -17.968  65.291 0.0000000000
80133  -38.168  -17.688  65.525 0.0000000000
80145  -38.517  -17.880  64.960 0.0000000000
80147  -40.194  -17.028  64.448 0.0000000000
80148  -40.470  -16.847  64.508 0.0000000000
80159  -35.366  -18.173  64.432 0.0000000000
80198  -38.769  -18.900  62.074 0.0000000000
80199  -39.116  -18.807  62.310 0.0000000000
81287  -35.544  -17.590  64.783 0.0000000000
81291  -38.813  -17.622  65.026 0.0000000000
82513  -40.990  -16.354  65.156 0.0000000000
82555  -41.031  -16.700  62.990 0.0000000000
84960  -40.875  -15.324  63.306 0.0000000000
84989  -42.786  -13.422  57.742 0.0000000000
86128  -43.626  -13.301  57.350 0.0000000000
87224  -43.730  -11.616  61.114 0.0000000000
87231  -41.919  -11.727  60.063 0.0000000000
87238  -40.934  -12.519  58.965 0.0000000000
87243  -44.481  -11.909  59.896 0.0000000000
87246  -40.876  -12.615  58.744 0.0000000000
87247  -41.187  -12.594  58.775 0.0000000000
87249  -43.763  -12.230  59.076 0.0000000000
87268  -43.650  -12.110  57.278 0.0000000000
88318  -43.352  -11.844  62.276 0.0000000000
88340  -43.919  -11.679  61.583 0.0000000000
88359  -44.554  -11.598  60.756 0.0000000000
88362  -47.383  -11.131  60.795 0.0000000000
88379  -43.666  -12.109  58.626 0.0000000000
88380  -44.092  -11.992  58.836 0.0000000000
88382  -45.816  -10.812  58.841 0.0000000000
88426  -44.348  -11.915  55.228 0.0000000000
89443  -47.768  -10.745  60.498 0.0000000000
90486  -47.988  -9.845  59.877 0.0000000000
90488  -49.042  -9.686  60.456 0.0000000000
90523  -43.911  -9.097  56.080 0.0000000000
90534  -43.730  -9.823  56.189 0.0000000000
91567  -44.691  -8.134  56.505 0.0000000000
97023  -46.525  -2.899  49.497 0.0000000000
98038  -47.800  -2.544  51.445 0.0000000000
98063  -48.461  -1.997  48.363 0.0000000000
150940  -2.634  -34.657  69.939 0.0000000000
150961  -1.104  -35.160  75.867 0.0000000000
