#!ascii label  , from subject 3854 vox2ras=TkReg
895
45365  28.085  -43.006  79.031 0.0000000000
79141  42.251  -13.957  67.834 0.0000000000
82497  48.751  -9.640  67.544 0.0000000000
68861  44.565  -23.126  71.878 0.0000000000
52783  33.567  -37.106  74.425 0.0000000000
45411  31.340  -41.628  75.696 0.0000000000
82500  45.306  -10.686  68.796 0.0000000000
77918  47.093  -14.613  72.050 0.0000000000
65211  41.915  -26.588  73.959 0.0000000000
55165  36.712  -34.557  76.042 0.0000000000
84980  57.787  -8.756  58.750 0.0000000000
83630  52.829  -9.610  64.824 0.0000000000
71083  42.530  -22.022  69.903 0.0000000000
73258  46.557  -18.490  69.964 0.0000000000
49131  30.821  -40.834  76.163 0.0000000000
45402  29.713  -42.868  77.443 0.0000000000
81343  43.791  -12.000  67.969 0.0000000000
82447  45.449  -11.328  71.915 0.0000000000
79091  43.961  -13.722  70.319 0.0000000000
59808  42.510  -30.376  73.632 0.0000000000
50306  34.673  -38.506  75.521 0.0000000000
53970  35.155  -35.629  74.978 0.0000000000
51496  36.351  -37.280  75.627 0.0000000000
86153  56.585  -7.729  60.681 0.0000000000
82636  55.860  -9.713  59.257 0.0000000000
84918  55.857  -9.134  62.246 0.0000000000
84833  47.907  -8.811  66.143 0.0000000000
84878  49.770  -9.073  64.421 0.0000000000
84806  51.043  -9.441  66.795 0.0000000000
81427  52.557  -11.382  64.220 0.0000000000
81376  49.688  -11.024  66.055 0.0000000000
66438  43.296  -24.461  73.326 0.0000000000
67676  41.764  -23.840  72.671 0.0000000000
71012  43.530  -21.355  73.188 0.0000000000
71099  44.803  -20.843  69.960 0.0000000000
69981  45.544  -21.454  71.861 0.0000000000
71035  47.336  -19.614  70.879 0.0000000000
67716  46.933  -23.004  69.786 0.0000000000
50296  32.768  -39.610  76.000 0.0000000000
84835  46.286  -9.993  66.096 0.0000000000
84794  46.888  -10.034  68.301 0.0000000000
83521  47.268  -10.093  71.153 0.0000000000
80144  47.980  -13.797  70.987 0.0000000000
60813  39.377  -30.674  75.666 0.0000000000
60810  40.991  -29.428  75.566 0.0000000000
61880  43.683  -28.244  74.279 0.0000000000
64113  45.013  -26.588  72.143 0.0000000000
65311  45.767  -25.692  70.271 0.0000000000
58702  37.739  -31.955  74.745 0.0000000000
55162  39.024  -33.402  75.966 0.0000000000
85045  56.787  -8.549  55.945 0.0000000000
84940  53.566  -8.992  62.112 0.0000000000
82585  54.210  -10.856  63.052 0.0000000000
81497  51.620  -11.461  60.678 0.0000000000
75578  44.109  -16.080  68.882 0.0000000000
75541  46.570  -16.942  71.012 0.0000000000
73241  48.779  -17.334  69.855 0.0000000000
42821  27.819  -44.059  78.755 0.0000000000
44092  28.864  -43.136  78.419 0.0000000000
44105  28.480  -43.512  77.713 0.0000000000
80201  43.011  -13.121  68.032 0.0000000000
80167  43.774  -12.862  70.016 0.0000000000
79108  43.050  -13.790  69.102 0.0000000000
51497  35.472  -37.557  75.759 0.0000000000
86154  55.830  -7.934  60.852 0.0000000000
84936  56.751  -8.472  61.100 0.0000000000
86146  55.426  -8.473  61.802 0.0000000000
84809  49.107  -8.875  67.017 0.0000000000
84831  49.910  -8.876  66.292 0.0000000000
84790  50.052  -9.299  67.132 0.0000000000
81356  50.631  -10.587  66.572 0.0000000000
67674  43.809  -23.496  72.519 0.0000000000
68826  43.527  -22.654  73.180 0.0000000000
68841  44.483  -22.335  72.497 0.0000000000
71038  44.887  -21.284  72.443 0.0000000000
68859  45.220  -22.188  72.318 0.0000000000
70003  46.733  -21.489  71.089 0.0000000000
68896  45.541  -23.216  70.617 0.0000000000
49130  31.778  -40.090  76.062 0.0000000000
47916  32.262  -40.744  76.263 0.0000000000
47915  33.409  -40.041  76.205 0.0000000000
82519  44.738  -11.181  67.485 0.0000000000
83591  44.810  -10.858  65.612 0.0000000000
83578  45.987  -10.300  67.006 0.0000000000
83577  46.175  -9.857  68.135 0.0000000000
83564  46.276  -9.962  68.844 0.0000000000
84753  47.082  -9.610  70.103 0.0000000000
83539  45.983  -10.297  70.167 0.0000000000
79031  46.479  -13.038  72.397 0.0000000000
81254  47.011  -12.157  72.408 0.0000000000
79048  47.906  -13.986  71.243 0.0000000000
79101  49.367  -14.403  69.801 0.0000000000
77940  49.300  -14.909  70.449 0.0000000000
58656  40.167  -31.682  76.072 0.0000000000
60811  40.310  -29.821  75.645 0.0000000000
58688  41.412  -31.001  75.390 0.0000000000
60844  43.041  -29.287  74.191 0.0000000000
62963  44.304  -27.508  73.574 0.0000000000
53969  35.874  -35.275  75.201 0.0000000000
56410  36.349  -33.891  75.060 0.0000000000
56409  36.938  -33.304  75.206 0.0000000000
57524  37.971  -32.463  75.773 0.0000000000
55149  37.962  -33.774  76.039 0.0000000000
86160  58.234  -7.445  58.925 0.0000000000
83749  57.419  -8.716  57.541 0.0000000000
82638  54.357  -10.149  59.638 0.0000000000
84877  50.762  -9.010  64.640 0.0000000000
84902  49.690  -8.970  63.370 0.0000000000
84900  51.724  -9.174  63.821 0.0000000000
84941  52.560  -9.229  61.886 0.0000000000
84898  53.898  -9.515  63.448 0.0000000000
84897  54.847  -9.078  63.540 0.0000000000
83606  54.076  -10.009  63.860 0.0000000000
80276  50.747  -11.608  63.328 0.0000000000
81458  51.931  -11.560  62.429 0.0000000000
64068  40.948  -27.622  74.750 0.0000000000
65230  41.169  -26.694  73.571 0.0000000000
69964  42.476  -22.688  71.693 0.0000000000
68881  41.447  -23.548  70.920 0.0000000000
71098  45.708  -20.567  70.104 0.0000000000
72185  44.870  -19.834  67.958 0.0000000000
73281  45.319  -18.539  68.364 0.0000000000
74415  44.012  -17.129  68.254 0.0000000000
74404  45.801  -17.331  69.487 0.0000000000
74378  45.564  -16.774  70.640 0.0000000000
74387  46.527  -17.661  70.511 0.0000000000
70000  48.785  -20.735  69.457 0.0000000000
72147  48.187  -18.937  70.294 0.0000000000
71075  49.065  -19.475  69.067 0.0000000000
72183  49.689  -18.645  68.137 0.0000000000
46629  30.274  -41.776  77.073 0.0000000000
44119  30.282  -42.482  76.722 0.0000000000
45422  30.081  -42.524  75.569 0.0000000000
44137  29.812  -42.873  76.311 0.0000000000
82487  44.317  -11.364  68.799 0.0000000000
82474  45.141  -11.446  70.230 0.0000000000
81310  44.346  -12.003  69.799 0.0000000000
80146  44.667  -12.780  71.121 0.0000000000
77920  45.942  -14.399  71.691 0.0000000000
52760  34.135  -37.342  75.227 0.0000000000
52782  34.456  -36.170  74.388 0.0000000000
52740  34.835  -37.039  75.816 0.0000000000
52739  35.812  -36.695  75.921 0.0000000000
52738  36.743  -36.358  76.002 0.0000000000
53968  37.691  -35.643  75.656 0.0000000000
51520  37.438  -36.766  75.273 0.0000000000
84967  57.662  -8.286  59.455 0.0000000000
83717  57.221  -9.130  59.184 0.0000000000
83702  57.046  -9.036  60.093 0.0000000000
83703  56.392  -9.513  60.507 0.0000000000
82610  55.048  -10.335  61.356 0.0000000000
84860  47.888  -9.022  65.032 0.0000000000
84859  48.870  -8.975  65.248 0.0000000000
84857  50.764  -9.042  65.610 0.0000000000
84855  52.048  -9.406  65.552 0.0000000000
82553  52.829  -10.199  65.050 0.0000000000
81373  52.096  -10.513  65.742 0.0000000000
81404  51.176  -11.157  65.265 0.0000000000
66409  42.344  -25.655  73.823 0.0000000000
66439  41.656  -24.937  73.193 0.0000000000
67637  42.196  -24.178  73.487 0.0000000000
68844  42.373  -22.527  72.989 0.0000000000
71042  42.816  -22.361  71.592 0.0000000000
71082  43.284  -21.774  70.256 0.0000000000
69983  44.285  -21.656  71.390 0.0000000000
71079  45.574  -20.722  70.981 0.0000000000
71078  46.143  -20.425  70.996 0.0000000000
72148  46.930  -19.238  70.860 0.0000000000
69979  47.075  -20.907  71.262 0.0000000000
70002  47.284  -21.444  70.673 0.0000000000
68907  48.303  -22.141  69.395 0.0000000000
50325  31.301  -39.402  75.244 0.0000000000
51501  32.355  -38.780  75.112 0.0000000000
51500  32.941  -38.591  75.236 0.0000000000
50307  34.087  -38.895  75.588 0.0000000000
49147  34.462  -39.379  75.455 0.0000000000
84834  46.999  -9.450  65.838 0.0000000000
84810  48.277  -9.416  66.942 0.0000000000
84792  48.231  -8.980  67.817 0.0000000000
83549  47.466  -10.030  69.196 0.0000000000
83536  47.482  -10.182  70.131 0.0000000000
81307  46.938  -11.726  70.580 0.0000000000
82458  46.190  -10.789  71.967 0.0000000000
81274  47.345  -11.910  71.484 0.0000000000
60846  38.313  -29.900  74.014 0.0000000000
61870  39.185  -29.063  74.952 0.0000000000
61853  40.251  -28.687  75.563 0.0000000000
62929  41.538  -27.964  75.451 0.0000000000
60845  42.621  -29.742  74.873 0.0000000000
61868  42.691  -28.503  75.353 0.0000000000
62939  42.612  -27.316  74.775 0.0000000000
64082  43.051  -26.683  74.214 0.0000000000
65262  43.967  -26.033  73.101 0.0000000000
66463  44.169  -24.940  71.787 0.0000000000
67719  44.802  -24.609  70.750 0.0000000000
65293  45.565  -26.123  71.055 0.0000000000
58689  38.353  -31.644  75.571 0.0000000000
57506  39.115  -32.218  76.219 0.0000000000
55160  39.945  -32.994  75.971 0.0000000000
53966  38.773  -34.939  75.107 0.0000000000
53986  39.356  -34.205  74.723 0.0000000000
85044  57.572  -8.214  55.705 0.0000000000
84953  54.328  -8.730  61.443 0.0000000000
84938  55.140  -8.806  62.517 0.0000000000
82583  55.640  -10.213  62.710 0.0000000000
82611  54.185  -10.925  61.835 0.0000000000
81440  53.394  -11.366  63.632 0.0000000000
81478  53.397  -11.377  62.238 0.0000000000
82624  52.722  -10.933  60.560 0.0000000000
67677  41.388  -24.502  72.461 0.0000000000
75584  42.826  -16.373  67.781 0.0000000000
76777  43.399  -15.019  68.882 0.0000000000
76757  44.129  -15.290  70.219 0.0000000000
75521  45.781  -15.792  70.962 0.0000000000
76719  46.680  -15.473  71.597 0.0000000000
73231  47.114  -18.310  70.893 0.0000000000
74358  48.121  -17.085  70.504 0.0000000000
75539  48.713  -16.059  70.438 0.0000000000
74403  49.745  -17.038  69.193 0.0000000000
67732  46.594  -23.923  69.475 0.0000000000
67731  47.292  -23.490  69.283 0.0000000000
42814  28.074  -43.856  79.275 0.0000000000
42815  27.699  -44.024  79.191 0.0000000000
42808  27.683  -43.700  79.279 0.0000000000
44082  28.579  -43.157  78.994 0.0000000000
44093  28.400  -43.389  78.178 0.0000000000
80185  43.031  -13.431  68.714 0.0000000000
79127  42.738  -13.862  68.520 0.0000000000
86155  55.028  -8.340  61.023 0.0000000000
84791  49.171  -8.909  67.658 0.0000000000
83561  49.389  -9.420  67.486 0.0000000000
82496  49.889  -9.759  67.043 0.0000000000
67693  44.095  -23.752  71.733 0.0000000000
67673  43.840  -22.972  72.704 0.0000000000
68842  44.407  -23.055  72.145 0.0000000000
68840  45.018  -22.133  72.506 0.0000000000
68860  45.193  -22.871  72.024 0.0000000000
68879  45.349  -22.834  71.276 0.0000000000
46646  31.104  -41.369  76.279 0.0000000000
47897  32.069  -40.330  76.274 0.0000000000
46645  31.881  -41.343  76.087 0.0000000000
46659  31.952  -41.550  75.678 0.0000000000
82518  45.402  -10.869  67.810 0.0000000000
82535  45.315  -10.927  66.890 0.0000000000
83565  45.967  -10.634  68.265 0.0000000000
83551  46.324  -9.895  69.697 0.0000000000
83552  45.852  -10.308  69.260 0.0000000000
79050  46.718  -13.653  72.204 0.0000000000
79049  47.246  -13.423  72.085 0.0000000000
77916  48.425  -14.498  71.034 0.0000000000
77942  48.436  -14.877  71.056 0.0000000000
57521  40.724  -32.430  75.528 0.0000000000
58655  40.510  -31.327  75.864 0.0000000000
58670  41.016  -32.092  75.405 0.0000000000
55166  36.229  -34.689  75.496 0.0000000000
56399  36.727  -34.026  75.556 0.0000000000
56421  36.657  -33.293  74.631 0.0000000000
56398  37.357  -33.490  75.663 0.0000000000
55150  37.461  -33.980  75.926 0.0000000000
84966  58.160  -8.055  59.033 0.0000000000
84979  58.181  -8.175  58.556 0.0000000000
83748  58.012  -8.435  57.728 0.0000000000
83730  58.018  -8.677  58.121 0.0000000000
84876  51.698  -9.159  64.898 0.0000000000
84922  52.684  -9.236  62.931 0.0000000000
84899  52.857  -9.508  64.080 0.0000000000
83651  53.569  -9.823  63.954 0.0000000000
83629  53.301  -9.830  64.404 0.0000000000
81444  50.608  -11.614  62.650 0.0000000000
65212  41.585  -27.110  73.989 0.0000000000
69984  41.941  -22.633  70.597 0.0000000000
70006  41.687  -22.059  69.580 0.0000000000
72176  46.371  -19.818  69.871 0.0000000000
72177  45.996  -19.764  69.410 0.0000000000
73274  46.031  -18.525  69.171 0.0000000000
74413  45.546  -17.606  68.873 0.0000000000
73259  46.195  -17.811  69.657 0.0000000000
74388  45.933  -17.100  69.868 0.0000000000
73245  46.785  -18.482  70.641 0.0000000000
71096  49.071  -20.285  68.847 0.0000000000
71110  49.166  -20.475  68.278 0.0000000000
46630  29.596  -41.966  77.308 0.0000000000
47898  29.956  -41.592  77.172 0.0000000000
45393  29.919  -42.436  77.292 0.0000000000
45392  30.350  -42.211  77.090 0.0000000000
44103  29.898  -43.016  77.095 0.0000000000
44120  30.002  -42.784  76.725 0.0000000000
44121  29.397  -43.385  76.939 0.0000000000
81361  43.477  -11.968  67.290 0.0000000000
82537  43.697  -11.689  66.588 0.0000000000
82520  44.083  -11.564  67.311 0.0000000000
82502  44.293  -11.537  68.148 0.0000000000
81327  44.292  -11.585  69.204 0.0000000000
81328  43.836  -11.929  68.896 0.0000000000
80147  44.207  -13.114  70.586 0.0000000000
79071  44.459  -13.664  70.826 0.0000000000
79052  45.645  -13.518  71.754 0.0000000000
77921  45.435  -14.314  71.301 0.0000000000
51498  34.422  -37.804  75.459 0.0000000000
52741  34.383  -37.531  75.431 0.0000000000
52721  34.962  -37.469  75.823 0.0000000000
50321  35.623  -38.133  75.533 0.0000000000
51495  36.980  -36.705  75.702 0.0000000000
86163  56.142  -7.554  59.925 0.0000000000
86162  56.809  -7.460  59.703 0.0000000000
86161  57.473  -7.358  59.451 0.0000000000
86152  57.113  -7.862  60.236 0.0000000000
84952  57.059  -8.394  60.556 0.0000000000
84937  56.285  -8.795  61.600 0.0000000000
83686  56.668  -8.928  60.917 0.0000000000
83687  56.087  -9.436  61.394 0.0000000000
82609  55.642  -9.784  60.917 0.0000000000
82594  55.642  -10.031  61.903 0.0000000000
84832  49.001  -8.960  66.191 0.0000000000
84830  50.668  -9.109  66.388 0.0000000000
83588  51.469  -9.557  66.423 0.0000000000
83587  51.963  -9.787  66.223 0.0000000000
83574  51.794  -10.043  66.436 0.0000000000
81375  50.523  -10.884  65.970 0.0000000000
81405  50.233  -11.302  65.374 0.0000000000
80247  50.772  -11.581  64.695 0.0000000000
80248  49.800  -11.607  64.714 0.0000000000
66423  42.819  -25.032  73.712 0.0000000000
66424  42.288  -24.993  73.665 0.0000000000
67636  42.656  -24.114  73.542 0.0000000000
69932  43.596  -21.807  73.249 0.0000000000
68827  42.992  -22.550  73.334 0.0000000000
71013  43.162  -21.557  73.085 0.0000000000
71026  42.895  -21.993  72.600 0.0000000000
71025  43.319  -21.608  72.794 0.0000000000
71058  43.869  -22.104  71.593 0.0000000000
71040  43.968  -22.014  72.150 0.0000000000
69960  45.232  -21.460  72.284 0.0000000000
71057  44.933  -20.999  71.547 0.0000000000
71056  45.461  -21.095  71.607 0.0000000000
71055  46.651  -20.269  71.065 0.0000000000
69980  46.122  -21.403  71.460 0.0000000000
68895  46.344  -22.309  70.713 0.0000000000
68894  47.518  -22.103  69.932 0.0000000000
68893  47.990  -21.845  69.728 0.0000000000
68908  47.611  -22.762  69.472 0.0000000000
49150  30.671  -40.720  75.696 0.0000000000
49163  31.095  -39.661  75.168 0.0000000000
49149  31.279  -39.943  75.539 0.0000000000
49129  32.430  -39.719  76.063 0.0000000000
50310  31.993  -39.472  75.627 0.0000000000
50323  32.292  -39.121  75.339 0.0000000000
51480  33.331  -38.783  75.437 0.0000000000
50308  33.183  -39.321  75.646 0.0000000000
83590  45.558  -10.632  65.835 0.0000000000
83589  46.314  -9.897  65.225 0.0000000000
84811  46.986  -9.687  66.997 0.0000000000
84793  47.459  -9.323  67.946 0.0000000000
84774  47.333  -9.837  68.336 0.0000000000
84775  46.991  -9.551  68.965 0.0000000000
84729  47.257  -9.832  70.689 0.0000000000
84728  47.447  -9.893  70.501 0.0000000000
83520  47.344  -10.394  70.911 0.0000000000
82471  47.087  -10.821  70.560 0.0000000000
82460  45.368  -11.436  71.190 0.0000000000
82473  45.799  -10.964  70.649 0.0000000000
82446  45.895  -11.152  72.295 0.0000000000
80127  47.557  -13.200  71.373 0.0000000000
81275  47.032  -11.788  72.059 0.0000000000
80145  47.565  -12.938  71.060 0.0000000000
81293  47.320  -11.887  70.951 0.0000000000
80162  47.965  -13.777  70.722 0.0000000000
60827  39.167  -30.694  75.178 0.0000000000
61871  39.005  -29.328  74.628 0.0000000000
60826  39.347  -30.244  75.274 0.0000000000
61838  40.112  -29.221  75.723 0.0000000000
61837  40.602  -28.869  75.597 0.0000000000
62930  41.004  -28.213  75.507 0.0000000000
61836  41.124  -28.620  75.555 0.0000000000
59789  42.014  -30.590  75.221 0.0000000000
59797  42.449  -30.410  74.373 0.0000000000
60834  43.222  -29.049  75.068 0.0000000000
61867  43.326  -28.393  74.971 0.0000000000
62953  42.750  -27.793  75.179 0.0000000000
62952  43.252  -27.656  74.665 0.0000000000
62964  43.868  -27.459  74.038 0.0000000000
64102  44.851  -26.882  72.575 0.0000000000
64104  44.137  -26.657  73.478 0.0000000000
65261  44.338  -26.193  72.779 0.0000000000
66464  44.006  -25.394  72.452 0.0000000000
65277  44.582  -26.021  72.194 0.0000000000
65295  44.980  -25.845  71.613 0.0000000000
64112  45.451  -26.612  71.604 0.0000000000
52759  34.557  -36.599  75.182 0.0000000000
52804  34.430  -35.814  73.843 0.0000000000
53989  34.708  -35.396  74.141 0.0000000000
57570  36.894  -32.326  73.828 0.0000000000
58717  36.787  -31.837  73.372 0.0000000000
58716  37.418  -31.580  73.839 0.0000000000
58715  38.047  -31.342  74.288 0.0000000000
56383  38.453  -33.006  75.900 0.0000000000
57523  38.255  -32.095  76.024 0.0000000000
56382  38.928  -32.830  76.230 0.0000000000
56380  39.717  -32.623  76.399 0.0000000000
56397  39.519  -33.014  76.230 0.0000000000
53967  38.220  -35.309  75.491 0.0000000000
55198  39.971  -33.786  74.649 0.0000000000
85018  57.376  -8.558  56.700 0.0000000000
83804  56.137  -8.741  55.606 0.0000000000
83718  56.524  -9.546  59.622 0.0000000000
84879  48.791  -8.914  64.208 0.0000000000
84903  48.716  -9.069  63.152 0.0000000000
84954  53.468  -9.099  61.094 0.0000000000
84939  54.561  -8.758  62.261 0.0000000000
83649  55.364  -9.895  63.433 0.0000000000
82584  54.916  -10.376  63.127 0.0000000000
82595  55.048  -10.470  62.337 0.0000000000
82596  54.353  -10.844  62.758 0.0000000000
81402  52.884  -10.613  64.834 0.0000000000
81426  53.218  -11.068  64.295 0.0000000000
81480  51.790  -11.535  61.583 0.0000000000
81457  52.739  -11.601  62.739 0.0000000000
81479  52.588  -11.444  61.949 0.0000000000
81495  53.078  -11.195  61.592 0.0000000000
81496  52.497  -11.263  61.058 0.0000000000
67656  41.569  -24.474  72.930 0.0000000000
71100  44.021  -21.185  69.635 0.0000000000
72192  44.695  -19.232  67.528 0.0000000000
74406  44.632  -16.500  69.034 0.0000000000
75583  43.386  -16.310  68.379 0.0000000000
76791  42.871  -15.358  68.359 0.0000000000
76790  43.576  -15.606  68.754 0.0000000000
76776  43.881  -15.308  69.443 0.0000000000
75560  44.367  -16.065  69.915 0.0000000000
75543  45.708  -16.504  70.938 0.0000000000
76741  46.036  -16.044  71.116 0.0000000000
76720  46.137  -15.325  71.459 0.0000000000
75519  46.868  -16.393  71.114 0.0000000000
71036  47.100  -19.718  71.067 0.0000000000
72136  46.988  -18.991  70.937 0.0000000000
72135  47.177  -19.045  70.761 0.0000000000
73256  48.497  -18.417  70.151 0.0000000000
73243  48.186  -18.362  70.332 0.0000000000
74357  48.410  -17.137  70.354 0.0000000000
74374  48.416  -16.444  70.493 0.0000000000
74373  48.616  -16.877  70.261 0.0000000000
75538  49.032  -16.107  70.136 0.0000000000
74386  49.126  -16.837  69.682 0.0000000000
73280  50.186  -17.790  68.203 0.0000000000
66489  45.286  -25.157  70.559 0.0000000000
66488  45.862  -24.553  69.885 0.0000000000
46611  28.888  -42.374  77.632 0.0000000000
45403  29.577  -42.964  77.655 0.0000000000
44104  29.401  -43.161  77.616 0.0000000000
44094  28.021  -43.498  78.157 0.0000000000
81362  42.942  -12.456  67.245 0.0000000000
81344  43.323  -12.364  67.791 0.0000000000
80200  43.479  -12.461  68.360 0.0000000000
80184  43.413  -12.943  69.058 0.0000000000
79107  43.593  -13.702  69.627 0.0000000000
49126  34.727  -38.835  75.485 0.0000000000
50322  34.789  -38.097  75.728 0.0000000000
49146  35.121  -38.752  75.397 0.0000000000
49145  35.631  -38.486  75.232 0.0000000000
86144  56.820  -8.112  61.088 0.0000000000
86145  56.214  -8.234  61.386 0.0000000000
86137  55.836  -8.754  62.080 0.0000000000
84808  49.947  -8.963  66.939 0.0000000000
84789  50.757  -9.468  67.031 0.0000000000
83575  51.189  -9.785  66.854 0.0000000000
82495  50.371  -9.899  67.017 0.0000000000
81357  49.939  -10.911  66.651 0.0000000000
66437  43.417  -24.061  73.174 0.0000000000
67635  43.123  -23.884  73.437 0.0000000000
67653  43.490  -23.474  73.125 0.0000000000
68825  43.990  -22.475  73.000 0.0000000000
69931  44.196  -21.772  73.194 0.0000000000
71023  44.366  -21.325  72.846 0.0000000000
69945  44.800  -21.607  72.721 0.0000000000
69959  45.513  -21.771  72.088 0.0000000000
68878  45.664  -22.212  71.735 0.0000000000
47917  31.388  -40.788  76.374 0.0000000000
49111  32.270  -40.070  76.305 0.0000000000
49110  32.623  -39.866  76.290 0.0000000000
49109  33.161  -39.775  76.209 0.0000000000
47895  32.983  -39.962  76.406 0.0000000000
82536  44.575  -11.242  66.331 0.0000000000
84812  46.587  -9.866  66.497 0.0000000000
84776  46.721  -9.710  69.338 0.0000000000
84754  46.695  -9.726  69.935 0.0000000000
83538  46.556  -9.915  70.495 0.0000000000
81277  45.587  -11.844  72.095 0.0000000000
81256  46.100  -11.857  72.323 0.0000000000
80109  46.512  -12.470  72.444 0.0000000000
80107  47.050  -12.620  72.457 0.0000000000
79087  48.816  -14.019  70.336 0.0000000000
79069  48.815  -14.352  70.644 0.0000000000
77960  49.525  -14.871  69.995 0.0000000000
76774  49.587  -15.481  69.450 0.0000000000
59767  39.380  -30.965  76.025 0.0000000000
60812  39.759  -30.048  75.622 0.0000000000
59766  39.957  -30.761  76.077 0.0000000000
59765  40.617  -30.659  75.713 0.0000000000
60824  41.288  -30.009  75.542 0.0000000000
59796  42.691  -29.939  73.966 0.0000000000
61879  44.188  -28.021  73.674 0.0000000000
61891  44.509  -27.764  72.944 0.0000000000
55183  35.116  -34.876  74.345 0.0000000000
55182  35.795  -34.631  74.728 0.0000000000
56422  36.116  -33.578  74.167 0.0000000000
57555  36.699  -32.944  74.076 0.0000000000
57554  37.158  -32.597  74.544 0.0000000000
57539  37.641  -32.576  75.341 0.0000000000
56384  37.944  -33.235  75.736 0.0000000000
55148  38.613  -33.348  75.946 0.0000000000
84995  58.504  -8.061  57.613 0.0000000000
84996  57.940  -8.326  57.268 0.0000000000
85019  56.830  -8.794  56.473 0.0000000000
82637  55.171  -9.823  59.475 0.0000000000
84901  50.690  -9.103  63.586 0.0000000000
84923  51.627  -9.087  62.731 0.0000000000
84921  53.740  -9.213  62.968 0.0000000000
84920  54.612  -8.993  63.027 0.0000000000
84874  54.788  -9.553  63.548 0.0000000000
82571  54.397  -10.181  63.599 0.0000000000
80263  51.380  -11.566  63.962 0.0000000000
81428  52.166  -11.488  63.856 0.0000000000
81443  51.293  -11.609  62.870 0.0000000000
81459  51.132  -11.660  62.132 0.0000000000
64083  40.195  -27.632  73.999 0.0000000000
68862  42.214  -23.402  72.112 0.0000000000
68863  41.763  -23.703  71.687 0.0000000000
68880  41.977  -23.155  71.436 0.0000000000
69985  41.477  -23.126  70.345 0.0000000000
71112  44.940  -20.773  68.914 0.0000000000
71111  45.463  -20.440  69.388 0.0000000000
72184  45.564  -19.726  68.741 0.0000000000
73283  44.059  -17.808  67.682 0.0000000000
74414  44.917  -17.364  68.479 0.0000000000
74405  45.293  -16.764  69.187 0.0000000000
74390  44.855  -16.372  69.710 0.0000000000
75559  44.869  -16.283  70.031 0.0000000000
74389  45.399  -16.590  69.975 0.0000000000
74377  46.031  -17.065  70.798 0.0000000000
74376  46.613  -17.507  70.834 0.0000000000
71053  47.746  -19.787  70.689 0.0000000000
72134  47.506  -19.193  70.570 0.0000000000
71077  48.415  -19.928  70.085 0.0000000000
72160  48.862  -19.018  69.629 0.0000000000
72159  49.160  -19.121  69.166 0.0000000000
73254  49.318  -18.054  69.405 0.0000000000
71109  49.345  -19.575  68.443 0.0000000000
47918  30.478  -41.277  76.486 0.0000000000
46647  30.714  -41.493  76.450 0.0000000000
45401  30.532  -42.051  76.651 0.0000000000
45412  30.864  -42.195  76.023 0.0000000000
45421  30.778  -42.023  75.429 0.0000000000
45413  30.270  -42.429  75.999 0.0000000000
82501  44.700  -10.972  68.389 0.0000000000
82485  45.496  -10.814  69.737 0.0000000000
82486  44.717  -11.145  69.298 0.0000000000
81294  44.778  -12.022  70.783 0.0000000000
81311  43.797  -12.409  69.469 0.0000000000
80166  44.340  -12.567  70.481 0.0000000000
81278  45.014  -11.933  71.622 0.0000000000
80130  45.296  -12.685  71.737 0.0000000000
79051  46.236  -13.596  72.034 0.0000000000
77919  46.477  -14.527  71.949 0.0000000000
57552  41.301  -32.111  75.070 0.0000000000
51522  33.423  -37.863  74.936 0.0000000000
53947  35.037  -36.243  75.589 0.0000000000
52720  35.160  -37.281  75.921 0.0000000000
53946  35.849  -35.794  75.645 0.0000000000
53945  36.615  -35.585  76.152 0.0000000000
55164  37.332  -34.616  76.135 0.0000000000
53944  37.368  -35.444  76.094 0.0000000000
52737  37.324  -36.200  75.687 0.0000000000
82620  55.854  -9.848  60.006 0.0000000000
82621  55.098  -10.062  60.345 0.0000000000
82622  54.309  -10.413  60.696 0.0000000000
84858  49.848  -8.972  65.415 0.0000000000
84875  52.254  -9.420  65.181 0.0000000000
83608  52.864  -9.844  64.985 0.0000000000
82554  52.423  -9.941  65.573 0.0000000000
82529  52.476  -10.442  65.373 0.0000000000
81403  52.260  -11.128  65.112 0.0000000000
81355  51.388  -10.395  66.423 0.0000000000
81374  51.369  -10.708  65.849 0.0000000000
80246  51.735  -11.447  64.632 0.0000000000
80264  50.236  -11.739  64.007 0.0000000000
65229  41.634  -26.274  73.709 0.0000000000
66425  41.878  -25.282  73.579 0.0000000000
67655  41.848  -23.987  73.209 0.0000000000
68813  42.570  -23.406  73.385 0.0000000000
68828  42.465  -22.872  73.213 0.0000000000
68845  42.184  -23.132  72.712 0.0000000000
69948  42.411  -22.870  72.278 0.0000000000
69963  42.734  -22.493  72.003 0.0000000000
71060  42.691  -22.218  70.879 0.0000000000
71059  43.235  -21.999  71.197 0.0000000000
71081  44.126  -21.479  70.754 0.0000000000
70004  44.554  -21.290  70.939 0.0000000000
71039  44.654  -21.299  72.325 0.0000000000
71080  44.919  -21.029  70.800 0.0000000000
71097  46.196  -20.334  70.527 0.0000000000
72163  46.688  -19.632  70.552 0.0000000000
71037  46.924  -19.558  71.014 0.0000000000
71054  47.286  -20.164  71.060 0.0000000000
69978  47.712  -20.608  70.723 0.0000000000
70001  48.132  -21.303  69.964 0.0000000000
70019  48.631  -21.449  69.453 0.0000000000
52784  32.926  -37.306  73.912 0.0000000000
49148  31.673  -39.640  75.660 0.0000000000
51524  32.127  -38.648  74.821 0.0000000000
51523  32.752  -38.233  74.881 0.0000000000
51499  33.867  -38.068  75.229 0.0000000000
51479  33.977  -38.499  75.445 0.0000000000
49128  33.613  -39.561  75.810 0.0000000000
49127  34.147  -39.312  75.620 0.0000000000
83562  47.814  -9.525  67.991 0.0000000000
84752  47.368  -9.809  69.591 0.0000000000
83523  46.179  -10.525  71.001 0.0000000000
83522  46.612  -10.506  71.314 0.0000000000
82432  46.343  -11.601  72.192 0.0000000000
82444  46.916  -11.248  71.576 0.0000000000
83505  47.113  -10.612  71.291 0.0000000000
82457  47.154  -11.093  71.082 0.0000000000
61882  38.768  -29.247  74.086 0.0000000000
62956  39.270  -28.709  74.449 0.0000000000
60825  39.604  -29.605  75.443 0.0000000000
61854  39.780  -28.987  75.539 0.0000000000
62941  40.158  -28.295  74.980 0.0000000000
62931  40.650  -28.244  75.389 0.0000000000
64067  41.589  -27.353  74.705 0.0000000000
58687  41.361  -31.612  75.271 0.0000000000
59790  41.629  -30.565  75.412 0.0000000000
59779  41.792  -30.109  75.526 0.0000000000
60835  42.413  -29.544  75.337 0.0000000000
60823  41.802  -29.272  75.570 0.0000000000
61852  41.844  -28.470  75.535 0.0000000000
62940  42.254  -27.808  75.357 0.0000000000
64066  41.996  -27.143  74.829 0.0000000000
64065  42.500  -26.672  74.211 0.0000000000
65228  42.897  -26.000  73.924 0.0000000000
65245  43.325  -25.673  73.585 0.0000000000
64094  43.705  -26.760  73.857 0.0000000000
66453  43.638  -24.718  72.833 0.0000000000
67694  43.846  -24.568  72.196 0.0000000000
67706  44.751  -23.629  70.942 0.0000000000
67707  44.407  -24.430  71.223 0.0000000000
66474  45.063  -25.375  70.949 0.0000000000
64111  45.931  -26.882  71.260 0.0000000000
64135  46.220  -26.939  70.732 0.0000000000
52805  33.988  -36.230  73.575 0.0000000000
55200  34.872  -34.758  73.648 0.0000000000
60853  38.026  -29.908  73.232 0.0000000000
59798  38.503  -30.771  74.406 0.0000000000
59782  38.914  -31.227  75.667 0.0000000000
58674  37.899  -31.996  75.769 0.0000000000
58659  38.529  -31.741  76.007 0.0000000000
58658  38.991  -31.681  76.073 0.0000000000
58657  39.535  -31.632  76.213 0.0000000000
57504  39.893  -32.412  76.283 0.0000000000
56407  40.371  -33.122  75.432 0.0000000000
55163  38.089  -34.359  76.015 0.0000000000
55180  38.576  -34.395  75.571 0.0000000000
53965  39.119  -34.452  74.906 0.0000000000
55179  39.483  -33.762  75.295 0.0000000000
45366  27.407  -42.937  79.135 0.0000000000
85061  57.770  -7.960  54.949 0.0000000000
86147  54.861  -8.505  61.670 0.0000000000
84919  55.400  -9.296  62.891 0.0000000000
83667  55.765  -9.659  62.415 0.0000000000
82552  53.533  -10.274  64.270 0.0000000000
81425  53.740  -10.534  63.988 0.0000000000
81439  53.998  -10.940  63.557 0.0000000000
81441  52.775  -11.536  63.464 0.0000000000
81456  53.466  -11.642  63.001 0.0000000000
81477  53.914  -11.339  62.637 0.0000000000
82612  53.528  -11.106  61.669 0.0000000000
82623  53.335  -10.783  60.956 0.0000000000
82640  52.870  -10.697  60.013 0.0000000000
79142  41.687  -13.910  67.106 0.0000000000
66426  41.535  -25.687  73.406 0.0000000000
66454  40.769  -25.223  72.241 0.0000000000
74421  43.680  -17.506  67.616 0.0000000000
76805  42.459  -15.523  67.495 0.0000000000
78018  42.466  -14.795  67.857 0.0000000000
78000  42.648  -14.479  68.288 0.0000000000
77980  42.932  -14.495  68.813 0.0000000000
77961  43.860  -14.513  69.953 0.0000000000
77944  44.268  -14.470  70.484 0.0000000000
75544  45.226  -15.989  70.386 0.0000000000
76743  44.736  -15.146  70.387 0.0000000000
76742  45.387  -15.033  70.681 0.0000000000
76721  45.768  -15.066  71.162 0.0000000000
76718  47.360  -15.473  71.457 0.0000000000
73232  46.889  -18.409  70.891 0.0000000000
74360  46.954  -17.797  70.991 0.0000000000
73230  47.664  -18.236  70.518 0.0000000000
74359  47.277  -17.292  70.747 0.0000000000
75518  47.800  -16.133  70.719 0.0000000000
76717  47.884  -15.448  71.167 0.0000000000
76738  49.021  -15.489  70.505 0.0000000000
75558  49.734  -15.940  69.533 0.0000000000
75576  49.908  -16.179  69.090 0.0000000000
73272  49.930  -17.935  68.768 0.0000000000
74412  50.150  -17.094  68.597 0.0000000000
67718  45.296  -24.062  70.325 0.0000000000
67717  46.066  -23.458  70.031 0.0000000000
66507  46.419  -24.864  69.457 0.0000000000
67730  47.831  -23.035  69.105 0.0000000000
42807  28.234  -43.551  79.348 0.0000000000
42820  28.219  -44.069  79.018 0.0000000000
44069  28.334  -43.155  79.076 0.0000000000
44070  28.029  -43.394  79.230 0.0000000000
44083  28.437  -43.612  78.953 0.0000000000
44090  30.122  -42.513  77.166 0.0000000000
44091  29.946  -42.748  77.194 0.0000000000
44102  30.265  -42.524  77.003 0.0000000000
44106  27.977  -43.606  77.834 0.0000000000
45364  28.453  -42.983  78.922 0.0000000000
45394  29.365  -42.788  77.728 0.0000000000
46628  30.542  -41.782  76.732 0.0000000000
46660  31.372  -41.481  76.017 0.0000000000
47896  32.614  -40.144  76.346 0.0000000000
49160  36.218  -38.793  75.374 0.0000000000
50295  32.975  -39.668  76.133 0.0000000000
50309  32.589  -39.371  75.646 0.0000000000
51477  35.007  -37.788  75.744 0.0000000000
51478  34.650  -37.981  75.570 0.0000000000
51542  33.104  -37.776  74.651 0.0000000000
53943  37.905  -35.142  75.867 0.0000000000
55147  39.029  -33.083  76.232 0.0000000000
55161  39.648  -33.112  75.974 0.0000000000
55178  39.955  -33.135  75.774 0.0000000000
55181  38.193  -34.831  75.783 0.0000000000
56381  39.408  -32.801  76.305 0.0000000000
56395  40.193  -32.823  75.872 0.0000000000
56396  39.843  -32.792  76.234 0.0000000000
57505  39.603  -32.191  76.357 0.0000000000
57507  38.637  -32.304  76.077 0.0000000000
57508  38.248  -32.550  75.879 0.0000000000
57520  40.937  -32.316  75.342 0.0000000000
57522  40.247  -32.271  75.950 0.0000000000
58671  40.775  -31.589  75.679 0.0000000000
58672  40.383  -31.891  75.915 0.0000000000
58673  38.292  -31.790  75.952 0.0000000000
58690  37.945  -31.952  75.365 0.0000000000
58701  38.255  -31.579  74.796 0.0000000000
59768  39.089  -31.147  75.917 0.0000000000
59769  38.675  -31.535  75.929 0.0000000000
59780  41.248  -30.642  75.517 0.0000000000
59781  39.175  -30.960  75.646 0.0000000000
59791  38.928  -31.107  75.003 0.0000000000
59807  42.802  -29.654  73.700 0.0000000000
59809  38.030  -30.665  73.785 0.0000000000
60809  41.406  -28.845  75.563 0.0000000000
60836  39.133  -29.616  74.866 0.0000000000
60837  38.889  -30.064  74.707 0.0000000000
61835  41.436  -28.470  75.541 0.0000000000
61855  39.496  -29.289  75.300 0.0000000000
61869  39.546  -28.820  75.161 0.0000000000
61890  44.780  -27.370  72.514 0.0000000000
61892  38.420  -29.327  73.329 0.0000000000
62942  39.748  -28.592  75.120 0.0000000000
62954  40.021  -28.115  74.519 0.0000000000
62955  39.625  -28.368  74.534 0.0000000000
62973  44.666  -27.206  72.962 0.0000000000
62979  46.051  -27.098  71.173 0.0000000000
63002  46.010  -27.011  70.700 0.0000000000
64054  41.588  -27.534  75.160 0.0000000000
64055  41.263  -27.749  75.259 0.0000000000
64056  40.957  -27.921  75.356 0.0000000000
64093  44.191  -27.026  73.681 0.0000000000
64101  45.102  -26.836  72.175 0.0000000000
64103  44.494  -26.707  73.048 0.0000000000
64114  44.762  -26.621  72.512 0.0000000000
64122  46.165  -26.897  70.963 0.0000000000
64123  45.832  -26.526  70.948 0.0000000000
64136  45.736  -26.537  70.377 0.0000000000
65209  42.461  -26.083  73.944 0.0000000000
65210  42.193  -26.392  73.989 0.0000000000
65275  45.408  -26.187  71.435 0.0000000000
65276  45.164  -26.197  71.718 0.0000000000
65278  44.228  -25.923  72.656 0.0000000000
65294  45.258  -25.763  71.199 0.0000000000
65312  45.471  -25.738  70.765 0.0000000000
66408  42.598  -25.684  73.844 0.0000000000
66410  42.046  -25.812  73.828 0.0000000000
66440  41.253  -25.410  72.846 0.0000000000
66452  43.516  -24.020  73.001 0.0000000000
66475  44.756  -25.287  71.298 0.0000000000
66490  44.947  -25.131  70.844 0.0000000000
67634  43.299  -23.595  73.286 0.0000000000
67652  43.720  -22.868  73.012 0.0000000000
67654  43.291  -23.915  73.312 0.0000000000
67675  43.757  -24.104  72.297 0.0000000000
67692  44.753  -23.182  71.576 0.0000000000
67695  41.662  -24.182  71.979 0.0000000000
68811  43.274  -23.351  73.289 0.0000000000
68812  42.967  -23.370  73.316 0.0000000000
68814  42.199  -23.492  73.284 0.0000000000
68829  42.219  -22.986  73.144 0.0000000000
68843  42.707  -22.268  73.199 0.0000000000
69933  43.114  -21.828  73.222 0.0000000000
69944  45.140  -21.897  72.517 0.0000000000
69946  42.760  -21.870  72.969 0.0000000000
69947  42.575  -22.426  72.450 0.0000000000
69961  44.517  -21.559  71.810 0.0000000000
69962  44.024  -21.846  71.752 0.0000000000
69982  44.629  -21.303  71.262 0.0000000000
70005  44.401  -21.433  71.073 0.0000000000
71011  43.993  -21.222  73.317 0.0000000000
71024  44.029  -21.537  73.015 0.0000000000
71041  43.122  -22.332  72.006 0.0000000000
71076  48.874  -19.738  69.241 0.0000000000
71095  49.173  -19.521  68.864 0.0000000000
72146  47.989  -19.077  70.306 0.0000000000
72161  48.507  -18.947  70.090 0.0000000000
72162  48.380  -18.783  70.238 0.0000000000
72175  49.478  -18.817  68.800 0.0000000000
73229  48.287  -17.555  70.348 0.0000000000
73242  48.524  -17.765  70.128 0.0000000000
73244  48.153  -18.712  70.351 0.0000000000
73255  48.740  -18.230  69.843 0.0000000000
73257  48.337  -18.555  70.284 0.0000000000
73273  46.343  -19.157  69.549 0.0000000000
74372  48.788  -16.740  69.929 0.0000000000
74375  46.999  -17.208  71.148 0.0000000000
75520  46.517  -16.069  71.237 0.0000000000
75522  45.593  -15.507  70.776 0.0000000000
75540  48.320  -15.902  70.631 0.0000000000
75542  46.262  -16.600  71.107 0.0000000000
75545  44.562  -15.685  70.190 0.0000000000
75557  49.531  -16.123  69.528 0.0000000000
75577  49.776  -16.054  69.309 0.0000000000
76737  49.234  -15.474  70.340 0.0000000000
76739  48.421  -15.444  70.842 0.0000000000
76740  46.320  -15.882  71.260 0.0000000000
76755  49.406  -15.484  69.979 0.0000000000
76756  49.581  -15.759  69.537 0.0000000000
76775  49.748  -15.820  69.279 0.0000000000
77917  47.847  -14.722  71.414 0.0000000000
77941  48.829  -14.931  70.770 0.0000000000
77943  44.909  -14.331  70.796 0.0000000000
77979  43.493  -14.459  69.280 0.0000000000
79029  47.022  -12.817  72.527 0.0000000000
79030  46.852  -12.946  72.567 0.0000000000
79047  48.390  -14.168  70.965 0.0000000000
79068  49.212  -14.577  70.472 0.0000000000
79070  44.991  -13.561  71.360 0.0000000000
79086  49.298  -14.459  70.314 0.0000000000
80108  46.899  -12.478  72.537 0.0000000000
80126  48.205  -13.820  71.283 0.0000000000
80128  47.291  -12.446  72.110 0.0000000000
80129  45.986  -12.672  72.188 0.0000000000
80262  51.991  -11.474  64.220 0.0000000000
80275  51.354  -11.587  63.372 0.0000000000
81255  46.548  -11.934  72.292 0.0000000000
81276  46.790  -11.846  72.190 0.0000000000
81354  51.700  -10.307  66.297 0.0000000000
81372  52.444  -10.671  65.289 0.0000000000
81401  53.408  -10.514  64.372 0.0000000000
81424  54.047  -10.363  63.768 0.0000000000
81438  54.229  -10.463  63.581 0.0000000000
81442  51.971  -11.566  63.256 0.0000000000
81455  53.952  -11.290  63.145 0.0000000000
82433  46.177  -11.528  72.265 0.0000000000
82443  47.078  -11.092  71.324 0.0000000000
82445  46.493  -11.257  72.029 0.0000000000
82459  45.887  -10.823  71.629 0.0000000000
82511  51.901  -10.232  66.236 0.0000000000
82512  51.496  -10.148  66.597 0.0000000000
82513  50.729  -10.092  66.980 0.0000000000
82530  52.222  -10.182  65.865 0.0000000000
82551  53.995  -10.214  63.997 0.0000000000
82572  53.891  -10.230  63.832 0.0000000000
83504  47.181  -10.741  71.182 0.0000000000
83506  46.890  -10.737  71.421 0.0000000000
83537  47.027  -9.830  70.854 0.0000000000
83559  50.883  -9.683  67.053 0.0000000000
83560  50.493  -9.697  67.061 0.0000000000
83576  50.884  -9.920  67.072 0.0000000000
83607  53.448  -10.022  64.410 0.0000000000
83609  52.235  -9.602  65.559 0.0000000000
83610  51.876  -9.538  66.087 0.0000000000
83627  54.718  -9.838  63.585 0.0000000000
83628  54.093  -9.848  63.722 0.0000000000
83648  55.742  -10.059  63.089 0.0000000000
83650  53.962  -9.690  63.608 0.0000000000
83652  52.789  -9.502  64.671 0.0000000000
83668  55.942  -9.927  62.866 0.0000000000
83769  57.223  -8.799  57.077 0.0000000000
84807  50.606  -9.170  66.826 0.0000000000
84829  51.082  -9.340  66.508 0.0000000000
84856  51.606  -9.336  65.848 0.0000000000
84873  54.808  -9.512  63.942 0.0000000000
84896  55.000  -9.535  63.609 0.0000000000
86138  55.480  -8.829  62.337 0.0000000000
