#!ascii label  , from subject 3854 vox2ras=TkReg
917
95654  23.090  0.725  -1.362 0.2500000000
95653  23.490  0.045  -1.851 0.2500000000
99032  23.097  3.592  -2.422 0.2500000000
97847  22.572  2.827  -1.813 0.1250000000
97860  22.998  2.466  -2.223 0.2500000000
95655  22.741  1.381  -1.136 0.2500000000
95665  23.329  1.194  -2.202 0.7500000000
94584  23.640  -0.589  -2.136 0.8750000000
95664  23.964  0.615  -2.711 0.8750000000
94593  24.341  -0.630  -2.588 0.8750000000
97859  23.381  3.031  -3.048 0.3750000000
96732  23.684  1.972  -2.550 0.8750000000
95677  24.933  0.810  -4.058 1.0000000000
95678  24.567  1.270  -3.471 1.0000000000
96744  24.410  1.881  -3.225 0.8750000000
95663  25.075  -0.196  -3.117 1.0000000000
100192  23.486  4.621  -2.916 0.2500000000
99031  23.439  3.897  -3.248 0.7500000000
99045  23.959  3.727  -3.896 0.8750000000
97873  24.072  2.757  -3.407 0.8750000000
95688  25.455  1.364  -4.554 1.0000000000
96743  24.795  1.831  -3.990 1.0000000000
97888  25.004  2.599  -4.583 1.0000000000
95686  26.328  0.582  -4.419 1.0000000000
95687  25.721  0.913  -4.570 1.0000000000
94618  25.876  0.326  -4.306 1.0000000000
94607  25.488  0.162  -3.710 1.0000000000
100193  23.187  4.615  -2.080 0.1250000000
99057  24.323  4.114  -4.435 1.0000000000
99044  24.404  3.223  -3.933 1.0000000000
96765  27.001  1.863  -4.613 1.0000000000
96756  25.844  1.886  -5.028 1.0000000000
96757  25.275  1.850  -4.547 1.0000000000
99055  25.150  3.084  -4.997 1.0000000000
96754  27.062  1.198  -4.388 1.0000000000
96755  26.374  1.421  -4.686 1.0000000000
96742  28.621  0.747  -3.954 1.0000000000
95685  27.208  0.323  -4.142 1.0000000000
105650  22.930  9.662  -3.233 0.2500000000
101342  23.483  5.582  -2.556 0.3750000000
101372  23.945  5.467  -4.291 1.0000000000
101356  23.699  5.580  -3.526 0.6250000000
100220  24.123  4.632  -4.349 1.0000000000
100230  25.622  4.523  -5.489 1.0000000000
100231  24.855  4.749  -5.384 1.0000000000
97897  27.069  2.497  -4.666 1.0000000000
96767  26.229  2.387  -5.244 1.0000000000
99075  25.986  3.983  -5.384 1.0000000000
97885  27.562  2.799  -4.099 1.0000000000
96753  28.097  1.233  -4.201 1.0000000000
97870  28.547  2.720  -3.471 1.0000000000
97883  28.820  1.983  -3.678 1.0000000000
105649  23.271  9.709  -4.273 0.5000000000
104490  23.184  8.715  -3.602 0.3750000000
103476  23.483  7.690  -3.933 0.3750000000
102407  23.528  6.630  -3.223 0.5000000000
103493  23.754  7.762  -4.826 0.5000000000
102437  24.400  6.602  -5.180 0.8750000000
102421  24.193  6.026  -4.650 1.0000000000
103491  24.830  7.617  -5.569 1.0000000000
101383  26.170  5.374  -5.540 1.0000000000
101385  24.833  5.770  -5.421 1.0000000000
100217  26.933  4.339  -4.055 1.0000000000
100218  26.604  4.397  -4.874 1.0000000000
100204  28.439  4.143  -2.995 1.0000000000
99043  28.045  3.355  -3.475 1.0000000000
97869  29.486  2.693  -3.475 0.8750000000
104500  23.400  8.701  -4.625 0.5000000000
105656  23.727  9.726  -5.117 0.6250000000
105662  24.286  9.574  -5.703 0.6250000000
104506  24.592  8.644  -5.618 1.0000000000
103492  24.229  7.754  -5.300 0.7500000000
103475  25.309  7.583  -5.285 1.0000000000
102397  27.292  6.077  -2.792 1.0000000000
102405  27.177  6.101  -3.886 1.0000000000
102418  26.688  6.101  -4.614 1.0000000000
102434  26.385  6.044  -5.225 1.0000000000
101341  27.895  5.128  -2.663 1.0000000000
101355  27.437  5.143  -3.463 1.0000000000
101369  26.840  5.253  -4.441 1.0000000000
101340  28.644  4.966  -2.538 0.8750000000
99042  29.132  3.439  -3.073 0.8750000000
106864  23.933  10.489  -5.709 0.8750000000
104489  25.946  8.938  -4.178 1.0000000000
104499  25.599  8.444  -4.800 1.0000000000
103445  26.466  7.491  -3.536 1.0000000000
102420  25.529  6.838  -5.041 1.0000000000
103424  27.585  7.819  -2.074 1.0000000000
102395  29.162  5.677  -2.336 1.0000000000
102396  28.350  5.885  -2.419 1.0000000000
103443  27.982  6.880  -2.222 1.0000000000
106858  23.175  10.849  -5.031 0.5000000000
108058  24.505  10.739  -5.633 1.0000000000
106850  25.479  10.474  -3.316 1.0000000000
105648  25.723  9.653  -4.323 1.0000000000
106862  25.501  10.099  -5.055 1.0000000000
105629  27.260  9.581  -1.168 1.0000000000
104462  26.893  8.639  -2.068 1.0000000000
104460  28.990  8.026  -0.783 1.0000000000
104461  27.941  8.397  -1.330 1.0000000000
103425  27.011  8.008  -2.318 1.0000000000
103422  29.673  7.297  -1.457 1.0000000000
103441  30.252  6.776  -2.199 0.8750000000
111165  25.349  15.268  -3.128 1.0000000000
112094  23.901  15.464  -3.860 0.3750000000
111172  24.916  14.710  -3.758 0.8750000000
108029  25.563  12.127  -2.558 1.0000000000
106837  26.272  10.459  -1.363 1.0000000000
112082  25.777  16.182  -2.535 0.8750000000
111152  25.582  15.179  -2.183 1.0000000000
111164  25.199  14.716  -2.829 1.0000000000
110203  24.926  14.171  -2.626 1.0000000000
110185  26.118  13.799  -1.445 1.0000000000
106836  26.954  10.242  -0.926 1.0000000000
106819  26.710  10.597  -0.304 1.0000000000
105605  27.638  9.897  -0.256 1.0000000000
113021  25.929  16.607  -2.052 0.7500000000
111140  26.301  14.962  -1.042 1.0000000000
108014  28.241  11.754  0.606 1.0000000000
109143  26.695  12.702  -0.574 1.0000000000
108015  27.124  11.587  0.083 1.0000000000
110177  26.651  13.804  -0.258 1.0000000000
109142  27.499  12.775  0.342 1.0000000000
116697  27.947  20.210  0.015 0.1250000000
117672  28.386  21.022  0.527 0.1250000000
116695  29.649  20.639  -0.080 0.2500000000
116696  28.707  20.473  0.054 0.1250000000
117670  30.136  21.650  0.365 0.2500000000
116694  30.784  20.597  -0.127 0.5000000000
117669  31.263  21.584  -0.354 0.2500000000
117680  31.746  21.818  -0.911 0.3750000000
118671  30.703  22.549  0.016 0.2500000000
118670  31.502  22.532  -0.690 0.2500000000
119625  32.257  22.697  -1.824 0.3750000000
119626  31.725  23.255  -1.387 0.2500000000
96733  23.021  1.604  -2.019 0.2500000000
94616  27.337  -0.681  -4.063 1.0000000000
106869  24.608  10.190  -6.050 0.8750000000
104478  26.033  8.529  -3.014 1.0000000000
94570  22.772  -0.556  -0.627 0.1250000000
93513  23.894  -1.510  -2.354 0.7500000000
99018  22.472  2.982  -1.519 0.1250000000
92436  24.809  -2.147  -2.885 1.0000000000
96724  22.544  1.720  -1.067 0.1250000000
152608  25.225  -1.164  -2.964 1.0000000000
93546  26.714  -1.379  -3.812 1.0000000000
94605  28.081  -0.452  -3.693 1.0000000000
103459  23.212  7.740  -2.770 0.2500000000
97882  29.727  1.947  -3.623 0.8750000000
99030  29.912  3.914  -3.088 0.8750000000
101338  30.553  5.283  -2.563 0.8750000000
111167  23.813  14.868  -2.754 0.1250000000
110196  23.308  14.053  -2.986 0.1250000000
108048  23.024  11.378  -3.812 0.3750000000
109183  24.237  12.212  -4.910 0.6250000000
103423  28.551  7.437  -1.570 1.0000000000
102394  29.974  5.937  -2.338 0.8750000000
112093  24.599  15.385  -3.219 0.5000000000
111153  25.565  15.686  -2.838 0.8750000000
111174  23.855  14.703  -3.872 0.3750000000
110205  24.335  13.733  -3.521 0.8750000000
105628  28.386  9.075  -0.553 1.0000000000
105604  28.710  9.729  0.286 1.0000000000
106817  28.916  10.705  0.720 1.0000000000
112081  26.185  16.123  -1.815 1.0000000000
112074  27.361  15.580  0.318 1.0000000000
110176  27.452  13.825  0.314 1.0000000000
116686  27.892  20.690  0.670 0.1250000000
116703  27.384  19.997  -0.388 0.1250000000
114928  28.278  19.003  -0.016 0.6250000000
115811  29.075  19.750  0.176 0.6250000000
116693  31.983  20.618  -0.346 0.5000000000
117671  29.018  21.413  0.259 0.2500000000
117658  29.081  22.314  0.656 0.2500000000
117668  31.849  21.361  -0.679 0.5000000000
118683  32.471  22.064  -1.888 0.5000000000
119616  31.067  23.554  -0.470 0.1250000000
120603  31.589  24.072  -2.056 0.2500000000
119635  32.377  22.515  -2.225 0.3750000000
120612  31.560  23.945  -3.223 0.2500000000
94585  23.218  -0.544  -1.410 0.5000000000
96723  22.650  1.837  -1.572 0.1250000000
93524  24.632  -1.272  -2.699 1.0000000000
152607  24.878  -0.816  -2.750 1.0000000000
94617  25.923  -0.525  -3.981 1.0000000000
100206  23.736  4.640  -3.729 0.8750000000
99056  24.735  3.629  -4.702 1.0000000000
96764  27.534  1.746  -4.343 1.0000000000
97899  25.995  2.770  -5.500 1.0000000000
99066  25.568  3.618  -5.325 1.0000000000
95675  27.798  -0.012  -3.789 1.0000000000
102422  23.769  6.592  -4.422 0.5000000000
101371  24.456  5.394  -4.852 1.0000000000
101384  25.429  5.554  -5.654 1.0000000000
97884  27.973  2.197  -3.903 1.0000000000
97886  27.134  3.076  -4.587 1.0000000000
99065  26.312  3.672  -5.308 1.0000000000
99054  26.862  3.646  -4.730 1.0000000000
99053  27.238  3.527  -3.980 1.0000000000
104507  23.944  8.704  -5.272 0.6250000000
102436  25.180  6.603  -5.468 1.0000000000
104505  25.160  8.544  -5.615 1.0000000000
101382  26.509  5.568  -5.006 1.0000000000
102435  25.893  6.243  -5.478 1.0000000000
100205  27.611  4.190  -3.422 1.0000000000
100191  29.348  4.296  -2.732 0.8750000000
105660  25.364  9.382  -5.484 1.0000000000
104498  25.899  7.878  -4.398 1.0000000000
102406  26.674  6.783  -4.079 1.0000000000
102398  26.762  6.698  -3.282 1.0000000000
101339  29.666  5.086  -2.475 0.8750000000
104479  25.879  9.194  -3.781 1.0000000000
106867  25.538  9.860  -5.421 1.0000000000
104488  26.196  8.165  -4.079 1.0000000000
103444  26.812  7.372  -2.577 1.0000000000
103458  26.206  7.417  -4.230 1.0000000000
104477  26.661  8.131  -2.468 1.0000000000
103442  29.136  6.458  -1.882 1.0000000000
108053  23.882  11.403  -5.457 0.6250000000
106857  24.906  10.846  -4.737 1.0000000000
106856  25.270  10.455  -4.332 1.0000000000
108045  25.067  11.331  -4.171 1.0000000000
105642  25.678  9.637  -3.549 1.0000000000
108038  25.587  11.515  -2.987 1.0000000000
108037  25.717  10.965  -2.042 1.0000000000
106849  25.844  10.425  -2.377 1.0000000000
105630  26.408  9.632  -2.007 1.0000000000
105641  25.800  9.577  -2.689 1.0000000000
112110  24.562  15.235  -4.480 0.7500000000
110204  24.529  14.039  -2.936 1.0000000000
111173  24.297  14.442  -4.072 0.7500000000
109171  25.287  12.212  -4.132 1.0000000000
108028  25.815  11.613  -1.734 1.0000000000
109160  25.237  12.754  -3.251 1.0000000000
106820  26.318  11.070  -1.029 1.0000000000
110194  25.110  13.479  -2.598 1.0000000000
110186  25.771  13.314  -2.071 1.0000000000
109151  26.077  12.616  -1.468 1.0000000000
109152  25.549  12.633  -2.248 1.0000000000
106818  27.727  10.624  0.471 1.0000000000
111139  27.054  14.782  -0.146 1.0000000000
112075  26.728  15.870  -0.668 1.0000000000
115812  28.147  19.773  -0.298 0.3750000000
115810  30.182  19.769  0.140 0.7500000000
119636  31.941  23.013  -2.505 0.2500000000
94548  22.594  -0.681  -0.027 0.1250000000
93514  23.386  -1.367  -1.712 0.6250000000
92422  23.442  -1.898  -1.945 0.7500000000
152606  25.090  -1.654  -3.081 1.0000000000
108047  23.440  11.926  -4.695 0.6250000000
108051  24.935  11.750  -4.668 0.8750000000
109173  23.940  12.598  -4.055 0.7500000000
109182  24.866  12.153  -4.692 0.8750000000
110206  23.943  13.593  -3.619 0.7500000000
109172  24.689  12.962  -4.195 1.0000000000
109161  24.853  13.318  -3.685 1.0000000000
112067  28.074  15.202  0.570 1.0000000000
110164  28.147  13.785  0.623 1.0000000000
115819  27.544  19.673  -0.430 0.3750000000
114927  28.999  19.039  0.585 0.7500000000
119646  31.767  23.031  -3.439 0.2500000000
118695  32.171  22.580  -3.225 0.3750000000
88145  24.936  -6.009  -0.939 0.7500000000
88143  26.175  -6.789  -1.666 0.7500000000
89199  24.362  -5.867  -0.661 0.7500000000
89200  23.762  -5.309  -0.565 0.7500000000
89216  26.049  -6.284  -1.704 0.7500000000
89217  25.402  -5.637  -1.543 0.7500000000
89218  24.360  -5.281  -1.268 0.7500000000
89233  26.293  -5.583  -2.090 0.7500000000
89234  25.611  -4.924  -1.991 0.7500000000
92421  23.729  -2.473  -2.013 0.7500000000
90349  25.243  -4.227  -2.415 0.7500000000
91425  24.825  -3.354  -2.449 0.8750000000
91426  24.256  -3.012  -2.209 0.8750000000
90347  26.851  -5.088  -2.678 0.7500000000
90348  26.007  -4.715  -2.538 0.7500000000
90363  25.732  -4.103  -2.864 0.7500000000
92435  25.346  -2.900  -2.746 0.8750000000
90361  27.471  -4.563  -3.196 0.7500000000
91439  26.720  -3.537  -3.379 0.7500000000
92449  25.841  -2.568  -3.276 0.8750000000
152602  25.467  -1.813  -3.384 0.8750000000
92447  27.715  -2.857  -3.920 0.7500000000
92448  27.111  -2.630  -3.546 0.8750000000
93544  28.506  -1.568  -3.842 0.8750000000
94604  28.791  -0.689  -3.556 0.8750000000
95674  28.541  0.141  -3.621 0.8750000000
94601  30.813  -0.254  -3.201 0.3750000000
95671  30.681  0.354  -3.504 0.6250000000
95672  30.126  0.149  -4.030 0.7500000000
96741  29.125  0.610  -3.793 0.7500000000
95662  31.251  0.461  -2.840 0.5000000000
96731  31.097  1.297  -3.276 0.7500000000
96750  30.381  1.510  -3.655 0.7500000000
96722  31.713  1.547  -1.717 0.1250000000
96730  31.365  1.483  -2.493 0.3750000000
97867  30.740  1.817  -3.479 0.6250000000
97868  30.479  2.607  -3.401 0.6250000000
96720  33.824  1.650  -0.664 0.1250000000
96721  32.654  1.621  -1.175 0.1250000000
97845  32.014  2.707  -1.646 0.1250000000
99015  32.837  3.774  -1.151 0.1250000000
99027  31.662  3.809  -2.528 0.6250000000
100188  31.697  4.638  -2.631 0.6250000000
100189  31.017  4.553  -2.786 0.7500000000
97844  33.235  2.708  -0.860 0.1250000000
99014  33.806  3.774  -0.380 0.1250000000
100173  32.446  4.787  -1.486 0.1250000000
100187  32.062  5.043  -2.157 0.5000000000
101337  31.279  5.385  -2.593 0.6250000000
102392  31.402  5.960  -2.400 0.7500000000
97843  34.416  2.759  -0.611 0.1250000000
101323  32.242  5.744  -1.785 0.5000000000
102376  31.692  6.600  -2.219 0.6250000000
102377  31.121  6.935  -2.522 0.7500000000
113015  25.907  16.727  -0.925 0.6250000000
114020  26.539  17.736  -0.168 0.5000000000
113014  26.791  16.656  0.460 0.7500000000
103420  31.841  7.406  -1.194 0.6250000000
104458  31.177  8.143  -0.745 0.6250000000
104459  30.139  8.052  -0.815 0.8750000000
103419  32.760  7.544  -0.716 0.5000000000
104457  32.128  8.393  -0.849 0.6250000000
114019  27.196  17.822  0.383 0.7500000000
105627  29.495  8.798  -0.048 0.8750000000
105626  30.485  8.943  -0.153 0.7500000000
105603  29.935  9.724  0.659 0.8750000000
106816  30.105  10.673  0.506 0.8750000000
108013  29.431  11.510  0.727 0.8750000000
107996  29.765  12.165  0.853 0.8750000000
103418  33.770  7.771  -0.578 0.3750000000
104456  33.095  8.579  -0.939 0.5000000000
105625  31.379  9.355  -0.467 0.6250000000
104455  34.084  8.812  -0.852 0.2500000000
105624  32.454  9.423  -0.778 0.5000000000
114014  27.852  17.735  1.118 0.7500000000
113006  27.282  17.204  0.999 0.7500000000
113013  27.567  16.163  0.493 0.8750000000
109126  27.891  13.303  0.448 0.8750000000
110163  29.023  13.677  0.762 0.7500000000
109123  30.325  12.691  0.746 0.8750000000
105602  30.579  9.880  0.308 0.6250000000
106815  30.971  10.630  -0.254 0.7500000000
105623  33.349  9.620  -1.162 0.3750000000
108011  31.305  11.672  -0.322 0.7500000000
105622  34.323  9.784  -1.369 0.2500000000
114929  27.360  18.567  -0.208 0.6250000000
113005  28.108  16.604  0.747 0.8750000000
112073  27.996  15.809  0.532 0.8750000000
112066  28.805  15.491  0.723 0.8750000000
113004  29.403  16.444  0.878 0.7500000000
111125  29.507  14.495  0.724 0.8750000000
110175  30.994  13.474  -0.370 0.7500000000
108010  32.050  11.612  -0.825 0.5000000000
108025  34.202  11.537  -2.181 0.2500000000
108027  32.696  11.535  -1.466 0.5000000000
106834  32.584  10.570  -0.918 0.5000000000
105621  35.227  9.859  -1.538 0.2500000000
114922  27.785  18.392  0.438 0.5000000000
114921  28.515  18.474  0.929 0.6250000000
114013  28.924  17.499  1.198 0.7500000000
114012  29.978  17.346  0.775 0.7500000000
114010  31.316  17.297  0.037 0.7500000000
113012  32.003  16.255  -0.186 0.7500000000
113003  30.514  16.383  0.614 0.7500000000
114011  30.838  17.290  0.390 0.7500000000
112064  31.260  15.301  0.403 0.7500000000
112072  31.610  14.720  0.036 0.7500000000
112071  32.146  15.236  -0.420 0.7500000000
109150  31.883  12.898  -1.363 0.5000000000
110184  32.026  13.545  -1.558 0.3750000000
111151  31.771  14.344  -1.133 0.6250000000
108026  33.551  11.747  -1.970 0.2500000000
109149  32.632  12.600  -1.751 0.3750000000
109159  32.791  12.827  -2.405 0.3750000000
115802  30.407  18.898  0.440 0.6250000000
114920  29.584  18.358  0.706 0.7500000000
114918  31.206  18.066  0.065 0.7500000000
114018  31.888  17.309  -0.343 0.7500000000
113011  32.505  16.429  -0.671 0.7500000000
113020  32.675  16.132  -1.267 0.6250000000
111163  32.337  14.325  -2.241 0.3750000000
112079  32.447  15.238  -1.491 0.3750000000
109157  34.327  12.438  -2.851 0.1250000000
110202  32.649  13.391  -3.481 0.1250000000
110192  32.468  13.452  -2.720 0.2500000000
115809  31.333  19.329  0.174 0.6250000000
115808  32.232  19.370  -0.615 0.7500000000
114926  31.768  18.460  -0.378 0.6250000000
114017  32.434  17.255  -0.812 0.7500000000
113026  32.629  16.172  -2.051 0.3750000000
114023  32.666  17.085  -1.432 0.3750000000
111170  32.227  14.236  -3.086 0.2500000000
112091  32.317  15.223  -2.580 0.3750000000
110220  33.688  13.523  -5.237 0.1250000000
110214  32.428  13.810  -4.577 0.1250000000
110212  34.072  13.218  -3.742 0.1250000000
115818  32.650  19.202  -1.534 0.3750000000
114933  32.736  18.169  -1.972 0.3750000000
113049  32.212  16.807  -4.705 0.2500000000
111180  31.630  14.377  -4.608 0.1250000000
112102  32.258  15.162  -3.571 0.3750000000
110228  34.160  13.314  -6.008 0.1250000000
111179  31.976  14.211  -3.915 0.1250000000
117684  32.661  21.065  -2.223 0.3750000000
116709  32.710  20.110  -3.216 0.3750000000
116705  32.857  19.984  -2.083 0.3750000000
114944  32.516  18.316  -3.842 0.3750000000
115829  32.886  19.147  -3.454 0.3750000000
115825  32.828  19.138  -2.519 0.3750000000
114038  32.306  17.400  -4.327 0.3750000000
114031  32.501  17.262  -3.480 0.3750000000
114940  32.812  18.202  -2.954 0.3750000000
111201  30.814  14.574  -6.409 0.1250000000
113041  32.044  15.659  -4.704 0.1250000000
113050  31.847  16.257  -5.131 0.2500000000
110230  32.274  14.060  -6.568 0.1250000000
117696  32.514  21.238  -4.294 0.2500000000
116732  32.130  20.388  -4.990 0.2500000000
116719  32.813  20.377  -4.223 0.3750000000
114959  31.762  18.389  -6.096 0.1250000000
115839  32.753  19.401  -4.276 0.3750000000
115828  33.135  19.831  -3.883 0.3750000000
114958  32.053  18.037  -5.414 0.1250000000
114951  32.242  18.388  -4.717 0.2500000000
113070  30.272  16.416  -7.339 0.1250000000
114042  32.124  17.367  -5.021 0.1250000000
118703  32.463  22.110  -3.490 0.3750000000
117688  32.639  21.294  -3.467 0.3750000000
117707  32.261  21.167  -4.795 0.2500000000
115849  31.786  19.488  -5.645 0.1250000000
116741  31.306  20.596  -6.657 0.1250000000
115857  31.513  19.502  -6.771 0.1250000000
115858  31.015  20.074  -6.923 0.1250000000
112137  29.897  15.541  -7.641 0.1250000000
114987  29.905  18.530  -7.542 0.1250000000
117720  30.092  21.820  -6.934 0.1250000000
116751  30.074  20.605  -7.634 0.1250000000
113078  29.156  17.156  -8.473 0.1250000000
113072  28.772  16.069  -8.205 0.1250000000
93536  26.548  -1.990  -3.413 0.8750000000
93535  29.205  -1.264  -3.801 0.6250000000
102375  32.472  6.617  -1.281 0.6250000000
106814  31.747  10.924  -0.611 0.5000000000
112065  30.017  15.405  0.638 0.7500000000
111124  30.563  14.375  0.711 0.7500000000
109138  32.159  12.252  -1.234 0.5000000000
109139  31.446  12.572  -0.820 0.7500000000
112130  30.899  15.681  -6.251 0.1250000000
115869  30.592  19.589  -7.327 0.1250000000
114065  29.515  17.680  -8.197 0.1250000000
97846  31.511  3.309  -2.084 0.5000000000
97858  30.928  3.095  -3.036 0.6250000000
99040  30.697  3.349  -3.157 0.7500000000
102374  33.414  6.721  -0.809 0.3750000000
103417  34.622  8.045  -0.853 0.2500000000
108012  30.459  11.681  0.406 0.7500000000
114057  31.336  17.334  -6.441 0.1250000000
104476  35.629  8.848  -1.737 0.1250000000
85698  25.085  -7.974  -0.224 0.7500000000
86937  24.926  -7.446  -0.293 0.7500000000
88124  24.051  -6.069  -0.215 0.7500000000
86935  26.217  -8.019  -0.959 0.7500000000
88144  25.681  -6.706  -1.060 0.7500000000
86967  27.033  -7.624  -2.050 0.7500000000
91411  23.869  -3.439  -1.541 0.6250000000
90334  24.202  -4.282  -1.565 0.7500000000
89232  27.146  -5.950  -2.538 0.6250000000
90360  28.549  -4.444  -3.546 0.6250000000
91449  28.092  -2.989  -4.141 0.6250000000
92455  29.360  -2.169  -3.867 0.5000000000
93533  30.354  -1.581  -3.436 0.3750000000
93534  29.739  -1.505  -3.840 0.5000000000
94591  31.062  -0.582  -2.550 0.1250000000
95651  32.038  0.440  -1.372 0.1250000000
95650  33.140  0.667  -0.801 0.1250000000
95649  34.337  0.426  -0.458 0.1250000000
96719  35.093  1.731  -0.525 0.1250000000
99013  34.980  3.840  -0.780 0.1250000000
100171  34.466  4.839  -0.590 0.1250000000
101321  33.949  5.834  -0.752 0.1250000000
114930  26.557  18.554  -0.341 0.5000000000
105640  35.702  9.729  -2.336 0.1250000000
104454  35.117  8.957  -0.829 0.2500000000
106847  35.684  10.786  -2.939 0.1250000000
109168  34.718  12.281  -3.334 0.1250000000
109187  34.577  12.807  -5.089 0.1250000000
114934  27.715  19.245  -0.361 0.3750000000
110219  34.350  13.098  -5.647 0.1250000000
110229  33.431  13.535  -6.365 0.1250000000
109192  34.153  13.181  -6.467 0.1250000000
111209  30.840  14.956  -7.331 0.1250000000
111228  30.288  15.092  -9.063 0.1250000000
117659  28.511  21.955  0.820 0.1250000000
118711  31.692  22.411  -4.779 0.2500000000
118722  31.338  22.468  -5.433 0.1250000000
118735  30.334  22.498  -6.576 0.1250000000
115870  29.378  19.669  -7.896 0.1250000000
117729  29.672  21.564  -7.615 0.1250000000
114988  29.086  18.653  -8.148 0.1250000000
112147  28.972  15.463  -8.680 0.1250000000
114071  28.812  17.894  -8.622 0.1250000000
96752  29.186  1.234  -3.925 0.7500000000
103421  30.874  7.413  -1.921 0.7500000000
112083  25.138  15.760  -2.057 0.3750000000
107998  28.476  12.313  0.565 0.8750000000
93545  27.624  -1.458  -3.752 0.8750000000
94606  25.808  -1.735  -3.495 0.8750000000
96740  29.749  0.754  -4.057 0.7500000000
99028  31.220  3.717  -2.889 0.6250000000
111127  27.707  14.605  0.501 0.8750000000
111126  28.531  14.531  0.690 0.8750000000
109124  29.444  12.858  0.849 0.8750000000
117679  32.294  21.399  -1.165 0.3750000000
118694  32.489  22.137  -2.718 0.3750000000
119656  31.563  23.351  -4.362 0.1250000000
118704  31.969  22.417  -3.954 0.2500000000
88123  24.772  -6.760  -0.377 0.7500000000
88122  25.372  -6.940  -0.619 0.7500000000
86954  26.025  -7.367  -0.989 0.7500000000
86953  26.381  -7.408  -1.542 0.7500000000
88159  26.635  -6.662  -2.096 0.7500000000
89219  23.732  -4.756  -1.163 0.7500000000
90333  24.883  -4.733  -1.819 0.7500000000
92406  23.408  -2.935  -1.122 0.6250000000
90350  24.631  -4.063  -2.104 0.7500000000
91424  25.445  -3.521  -2.707 0.8750000000
90362  26.395  -4.311  -3.079 0.7500000000
91440  25.907  -3.547  -3.119 0.8750000000
91438  27.794  -3.476  -3.649 0.7500000000
92457  27.922  -2.318  -3.968 0.7500000000
92458  27.234  -1.887  -3.470 0.8750000000
92456  28.791  -2.384  -4.085 0.6250000000
95673  29.375  0.073  -3.664 0.7500000000
94592  30.575  -0.896  -3.104 0.2500000000
94602  30.341  -0.630  -3.735 0.5000000000
94603  29.660  -0.653  -3.974 0.6250000000
96739  30.420  1.036  -3.722 0.7500000000
95661  31.444  0.822  -2.036 0.2500000000
95652  31.489  0.109  -2.125 0.1250000000
97856  31.303  2.133  -2.000 0.2500000000
97857  31.272  2.614  -2.767 0.6250000000
99016  31.976  3.841  -1.770 0.5000000000
100174  31.944  4.453  -2.158 0.5000000000
100172  33.276  4.820  -0.568 0.1250000000
101336  31.750  5.556  -2.312 0.6250000000
101322  32.961  5.764  -1.108 0.1250000000
109140  30.905  12.571  0.062 0.7500000000
106835  31.933  10.170  -0.409 0.5000000000
110161  30.812  13.446  0.559 0.7500000000
106833  33.542  10.708  -1.443 0.3750000000
110174  31.375  13.551  -1.135 0.6250000000
111137  31.439  14.290  -0.489 0.7500000000
108035  34.677  11.683  -2.636 0.1250000000
106848  35.149  11.028  -2.306 0.1250000000
106832  34.606  10.958  -1.776 0.2500000000
106831  35.344  10.516  -2.114 0.1250000000
114919  30.502  18.094  0.472 0.7500000000
113002  31.399  16.522  0.179 0.7500000000
112080  32.085  14.825  -1.190 0.6250000000
110183  32.447  13.507  -2.038 0.3750000000
111150  32.135  14.332  -1.649 0.3750000000
109148  33.139  12.402  -2.178 0.1250000000
114925  32.272  18.132  -1.047 0.3750000000
110201  33.645  13.158  -3.244 0.1250000000
110213  33.539  13.451  -4.111 0.1250000000
113034  32.602  16.186  -3.109 0.3750000000
114026  32.679  17.191  -2.487 0.3750000000
112107  32.033  15.086  -4.364 0.2500000000
110221  32.448  13.843  -5.618 0.1250000000
109188  34.096  13.151  -4.534 0.1250000000
116701  32.783  20.326  -1.142 0.3750000000
113040  32.467  16.187  -4.281 0.2500000000
110215  31.729  13.988  -5.174 0.1250000000
111191  30.676  14.364  -5.825 0.1250000000
112108  31.427  15.220  -4.806 0.1250000000
115840  32.147  19.389  -4.895 0.3750000000
110223  30.798  13.958  -6.181 0.1250000000
112119  30.917  15.348  -5.518 0.1250000000
112131  30.695  15.484  -6.891 0.1250000000
113063  31.333  16.358  -5.998 0.1250000000
111199  31.684  14.421  -6.750 0.1250000000
117697  32.114  21.767  -4.530 0.2500000000
117689  32.489  21.839  -3.995 0.2500000000
116740  31.820  20.478  -6.029 0.2500000000
114974  31.083  18.342  -6.839 0.1250000000
114064  30.098  17.402  -7.618 0.1250000000
113064  30.926  16.399  -6.707 0.1250000000
113071  29.370  16.510  -8.012 0.1250000000
117708  31.787  21.486  -5.349 0.1250000000
117718  31.485  21.228  -6.173 0.1250000000
116750  30.769  20.643  -7.149 0.1250000000
114986  30.688  18.697  -7.285 0.1250000000
112146  29.453  15.319  -8.200 0.1250000000
114058  30.675  17.319  -6.990 0.1250000000
118736  29.738  22.454  -7.128 0.1250000000
117719  30.799  21.546  -6.576 0.1250000000
85697  25.800  -8.681  -0.288 0.7500000000
88104  24.430  -6.986  0.065 0.7500000000
86917  24.482  -7.544  0.197 0.7500000000
91396  23.497  -3.698  -0.846 0.5000000000
90335  23.694  -4.138  -1.184 0.6250000000
92446  29.295  -2.743  -3.809 0.5000000000
100170  35.565  4.894  -0.919 0.1250000000
108044  34.988  11.756  -3.210 0.1250000000
111217  31.488  14.621  -8.140 0.1250000000
111218  30.406  15.148  -8.322 0.1250000000
86918  23.586  -7.447  0.772 0.7500000000
89180  23.551  -5.748  0.273 0.5000000000
84456  25.806  -9.875  -0.350 0.6250000000
84472  27.075  -9.163  -1.210 0.3750000000
85717  26.762  -8.522  -1.527 0.6250000000
85732  27.415  -7.934  -1.769 0.2500000000
92445  29.884  -2.436  -3.559 0.3750000000
114935  27.127  19.139  -0.392 0.2500000000
88158  27.528  -6.682  -2.479 0.5000000000
89244  28.195  -5.579  -3.323 0.5000000000
84454  27.271  -9.716  -0.672 0.5000000000
84455  26.647  -9.517  -0.742 0.6250000000
91437  28.795  -3.323  -3.890 0.5000000000
82229  25.714  -10.958  0.216 0.6250000000
89181  23.146  -5.171  0.882 0.3750000000
83292  25.300  -10.253  0.197 0.6250000000
84441  25.358  -9.294  0.136 0.6250000000
85679  23.940  -8.550  0.799 0.6250000000
82211  27.189  -11.228  0.055 0.3750000000
83307  27.004  -10.676  -0.639 0.5000000000
83309  25.818  -10.643  -0.152 0.6250000000
86965  28.111  -7.284  -1.649 0.2500000000
85695  27.499  -8.846  -0.615 0.2500000000
92407  23.459  -2.089  -1.303 0.3750000000
88157  28.179  -6.635  -2.403 0.2500000000
89231  28.589  -5.943  -3.048 0.3750000000
89243  29.110  -5.233  -3.455 0.2500000000
90358  30.036  -3.801  -3.518 0.2500000000
91435  30.234  -3.245  -3.299 0.2500000000
103446  22.965  7.522  -1.854 0.1250000000
106859  23.109  10.476  -3.833 0.2500000000
93523  30.778  -1.544  -2.798 0.2500000000
110207  23.617  12.928  -3.521 0.3750000000
109174  23.155  12.395  -3.528 0.2500000000
112092  25.388  15.496  -2.906 0.2500000000
104491  22.842  8.786  -2.632 0.1250000000
102399  23.294  6.605  -2.068 0.2500000000
93499  23.163  -1.439  -0.867 0.2500000000
88172  27.697  -6.156  -3.095 0.5000000000
88105  23.991  -6.696  0.301 0.5000000000
85696  26.459  -8.684  -0.860 0.6250000000
85733  27.093  -8.244  -1.817 0.5000000000
92444  30.567  -2.405  -3.094 0.2500000000
90301  23.497  -4.764  0.129 0.3750000000
90319  23.522  -4.446  -0.646 0.3750000000
92390  23.147  -2.510  -0.423 0.2500000000
85678  24.974  -8.620  0.229 0.6250000000
91379  23.302  -3.954  -0.164 0.3750000000
90359  29.581  -4.241  -3.615 0.2500000000
83308  26.333  -10.621  -0.361 0.6250000000
85716  27.255  -8.614  -1.429 0.2500000000
84471  27.261  -9.130  -1.055 0.2500000000
85715  27.830  -8.014  -1.247 0.2500000000
86966  27.653  -7.308  -2.031 0.3750000000
88171  28.080  -6.412  -3.152 0.3750000000
83291  27.358  -10.540  0.001 0.3750000000
88106  23.071  -6.516  1.075 0.3750000000
84442  24.604  -9.506  0.671 0.6250000000
82227  26.464  -11.434  -0.231 0.5000000000
90346  29.646  -4.713  -2.966 0.2500000000
102382  22.735  6.956  -1.463 0.1250000000
82201  24.264  -11.233  1.548 0.5000000000
81072  26.394  -12.027  -0.032 0.2500000000
81036  25.587  -12.650  0.975 0.3750000000
81054  25.496  -11.938  0.780 0.5000000000
83277  24.229  -10.180  1.177 0.5000000000
82202  23.662  -11.219  2.100 0.3750000000
84425  23.659  -9.317  1.426 0.5000000000
84424  24.153  -9.553  1.082 0.5000000000
85661  23.495  -8.580  1.435 0.3750000000
82188  22.640  -11.473  3.058 0.1250000000
83264  23.019  -10.913  2.380 0.3750000000
86901  23.405  -7.958  1.379 0.2500000000
79889  23.199  -13.913  3.726 0.1250000000
81023  23.130  -12.214  2.851 0.2500000000
81038  23.924  -11.933  1.973 0.3750000000
81035  26.183  -12.439  1.316 0.2500000000
81037  24.690  -12.578  1.444 0.3750000000
81004  22.911  -12.778  3.453 0.1250000000
82187  23.380  -11.750  2.505 0.3750000000
84398  22.418  -9.802  3.317 0.1250000000
85648  22.222  -8.434  2.968 0.1250000000
102373  34.571  6.942  -0.875 0.1250000000
81073  25.914  -12.018  -0.019 0.3750000000
83293  24.788  -10.386  0.702 0.5000000000
82212  25.237  -11.065  0.609 0.5000000000
86919  23.278  -7.317  1.283 0.2500000000
81052  26.579  -11.870  0.658 0.2500000000
81055  24.778  -11.584  0.948 0.5000000000
83278  23.444  -10.386  1.778 0.5000000000
81053  26.000  -12.188  0.584 0.3750000000
83279  22.784  -10.155  2.251 0.2500000000
84426  22.954  -9.576  1.949 0.1250000000
85662  22.948  -8.526  2.016 0.1250000000
82171  22.135  -11.600  4.127 0.1250000000
83252  22.124  -10.501  3.653 0.1250000000
83265  22.597  -10.364  2.900 0.1250000000
81022  23.757  -12.824  2.445 0.3750000000
79917  25.345  -13.289  1.171 0.2500000000
84410  22.510  -9.406  2.729 0.1250000000
79904  23.956  -13.717  2.483 0.2500000000
79903  24.547  -13.541  1.957 0.2500000000
91380  23.262  -3.368  0.199 0.2500000000
79916  25.813  -12.975  1.297 0.2500000000
79888  23.460  -13.621  2.959 0.1250000000
81003  23.351  -13.077  2.943 0.1250000000
81021  24.356  -12.979  1.968 0.2500000000
78832  24.259  -14.314  2.404 0.1250000000
113016  25.343  16.983  -1.141 0.1250000000
113022  25.570  16.684  -1.904 0.1250000000
113007  25.587  16.667  -0.375 0.1250000000
114021  25.941  17.699  -0.364 0.1250000000
114015  25.663  17.506  0.322 0.1250000000
115821  26.481  19.364  -0.254 0.1250000000
113023  24.853  16.669  -1.509 0.1250000000
114923  25.635  18.496  0.023 0.1250000000
115815  25.857  19.027  -0.092 0.1250000000
115798  26.069  18.916  0.824 0.1250000000
111154  24.377  15.199  -1.685 0.1250000000
112076  24.058  16.287  -1.331 0.1250000000
91371  22.934  -3.641  0.749 0.1250000000
110197  23.142  13.241  -3.149 0.1250000000
111141  23.832  15.361  -0.907 0.1250000000
112068  23.940  16.036  -0.416 0.1250000000
113008  24.819  16.160  -0.048 0.1250000000
112998  25.356  16.366  0.674 0.1250000000
114911  25.994  18.011  1.207 0.1250000000
115797  26.756  19.135  1.279 0.1250000000
115804  26.407  19.412  0.675 0.1250000000
111166  24.527  15.282  -2.463 0.1250000000
93478  22.666  -1.662  -0.128 0.1250000000
114936  26.539  19.108  -0.351 0.1250000000
90302  23.084  -4.197  0.531 0.1250000000
90292  22.854  -4.410  1.188 0.1250000000
92376  23.177  -2.739  0.472 0.1250000000
113017  24.537  16.712  -0.862 0.1250000000
114008  25.458  17.434  1.177 0.1250000000
115805  25.870  18.972  0.346 0.1250000000
114915  25.598  18.359  0.765 0.1250000000
112058  25.392  15.581  1.325 0.1250000000
82200  27.133  -11.113  0.907 0.1250000000
84440  27.740  -9.635  0.339 0.1250000000
85676  27.767  -8.761  0.296 0.1250000000
86952  28.422  -7.433  -0.950 0.1250000000
88142  28.684  -6.440  -1.319 0.1250000000
89215  28.601  -5.824  -2.262 0.1250000000
89213  30.038  -4.995  -1.279 0.1250000000
89214  29.310  -5.331  -1.701 0.1250000000
89230  29.189  -5.404  -2.760 0.1250000000
90330  30.715  -3.742  -1.559 0.1250000000
90345  30.228  -4.020  -3.130 0.1250000000
91409  30.604  -3.517  -1.842 0.1250000000
92433  31.090  -2.295  -2.528 0.1250000000
79901  26.165  -13.454  1.857 0.1250000000
79918  24.858  -13.474  1.234 0.1250000000
81034  26.882  -11.855  1.475 0.1250000000
83275  28.022  -10.298  1.520 0.1250000000
82199  27.576  -10.762  1.506 0.1250000000
84439  28.052  -9.130  0.753 0.1250000000
85675  28.278  -8.464  0.905 0.1250000000
86934  28.689  -6.930  -0.143 0.1250000000
88120  29.573  -5.756  0.067 0.1250000000
90317  31.113  -4.234  -1.009 0.1250000000
92432  31.499  -2.250  -1.937 0.1250000000
92420  31.948  -2.255  -1.319 0.1250000000
91408  31.312  -3.146  -1.587 0.1250000000
93522  31.308  -1.459  -2.195 0.1250000000
83276  27.587  -10.355  0.900 0.1250000000
91423  30.642  -3.183  -2.464 0.1250000000
85694  27.873  -7.849  -0.068 0.1250000000
90332  29.526  -4.924  -2.381 0.1250000000
81020  26.777  -12.537  1.846 0.1250000000
78830  25.584  -14.170  2.091 0.1250000000
82186  27.395  -11.322  1.705 0.1250000000
90331  30.099  -4.244  -1.927 0.1250000000
88141  29.300  -5.868  -0.857 0.1250000000
90318  30.396  -4.621  -1.193 0.1250000000
91422  31.171  -2.741  -2.172 0.1250000000
91395  31.890  -3.439  -0.702 0.1250000000
78814  26.248  -14.299  2.649 0.1250000000
79886  26.866  -13.669  2.631 0.1250000000
84422  28.524  -9.556  1.416 0.1250000000
91407  32.252  -2.911  -1.094 0.1250000000
79902  25.197  -14.016  1.349 0.1250000000
81074  25.769  -11.518  0.321 0.3750000000
81087  26.221  -11.980  -0.207 0.5000000000
81088  25.772  -11.949  -0.301 0.3750000000
82213  24.580  -10.919  0.896 0.5000000000
82228  25.993  -11.431  -0.171 0.3750000000
82245  26.349  -11.753  -0.239 0.5000000000
82246  26.133  -11.627  -0.239 0.5000000000
84443  24.100  -9.222  1.015 0.5000000000
85677  25.425  -8.850  0.087 0.6250000000
85731  27.743  -7.645  -1.700 0.2500000000
86902  23.110  -7.395  1.798 0.2500000000
86936  25.530  -7.460  -0.561 0.7500000000
89198  29.735  -5.411  -0.858 0.1250000000
89245  27.507  -5.510  -3.010 0.5000000000
91410  24.357  -3.609  -1.949 0.7500000000
91436  29.645  -3.331  -3.602 0.5000000000
91448  28.407  -2.763  -4.109 0.6250000000
92389  23.383  -3.276  -0.423 0.2500000000
92434  25.649  -3.100  -2.891 0.8750000000
93543  29.140  -1.781  -3.991 0.8750000000
94615  28.040  -0.989  -3.683 1.0000000000
95641  22.697  1.216  -0.712 0.1250000000
95676  25.595  0.340  -4.152 1.0000000000
95684  28.050  0.486  -3.951 1.0000000000
96751  29.994  1.388  -3.853 0.7500000000
96766  26.497  2.140  -4.931 1.0000000000
97871  27.969  2.739  -3.631 1.0000000000
97872  24.625  2.664  -3.939 0.8750000000
97881  30.291  1.841  -3.585 0.7500000000
97887  25.454  2.607  -5.086 1.0000000000
97896  27.450  2.222  -4.361 1.0000000000
97898  26.646  2.866  -5.127 1.0000000000
99029  30.595  3.903  -3.094 0.7500000000
99041  30.094  3.352  -3.316 0.7500000000
99067  25.164  4.116  -5.296 1.0000000000
99076  25.774  3.869  -5.391 1.0000000000
100190  30.224  4.461  -2.725 0.8750000000
100219  24.520  4.500  -4.751 1.0000000000
100229  26.179  4.457  -5.375 1.0000000000
100239  25.892  4.212  -5.415 1.0000000000
100240  25.687  4.103  -5.383 1.0000000000
101354  27.906  4.690  -2.869 1.0000000000
101370  26.416  5.017  -5.052 1.0000000000
102393  30.920  6.297  -2.575 0.7500000000
102419  26.109  6.659  -4.732 1.0000000000
102438  23.903  7.144  -5.090 0.8750000000
103440  30.813  6.968  -2.507 0.7500000000
103474  25.673  7.437  -4.657 1.0000000000
104463  26.223  9.066  -2.388 1.0000000000
105606  27.197  10.108  -0.693 1.0000000000
105655  25.616  9.427  -4.902 1.0000000000
105661  24.955  9.475  -5.957 1.0000000000
106863  25.021  10.608  -5.080 1.0000000000
106868  25.231  10.269  -5.790 0.8750000000
107997  28.978  12.236  0.684 0.8750000000
108016  26.558  11.693  -0.867 1.0000000000
108034  35.167  11.448  -3.141 0.1250000000
108036  33.986  11.840  -2.367 0.1250000000
108046  24.859  10.980  -4.527 1.0000000000
108052  24.691  11.360  -5.077 1.0000000000
108057  24.831  10.741  -5.459 1.0000000000
109125  28.467  12.904  0.559 0.8750000000
109141  28.176  12.420  0.513 0.8750000000
109158  33.602  12.507  -2.608 0.1250000000
109167  35.039  12.325  -3.871 0.1250000000
109169  33.082  12.893  -3.106 0.1250000000
109170  32.836  12.919  -2.927 0.3750000000
109179  34.511  12.759  -4.068 0.1250000000
109180  34.091  13.200  -4.128 0.1250000000
109181  25.104  11.928  -4.503 0.8750000000
109200  34.059  13.012  -7.077 0.1250000000
110162  30.015  13.569  0.867 0.7500000000
110190  34.384  12.656  -3.065 0.1250000000
110191  34.141  12.907  -2.868 0.1250000000
110193  25.540  14.103  -2.342 1.0000000000
110195  24.697  13.444  -3.156 1.0000000000
110200  34.285  12.905  -3.344 0.1250000000
110222  31.301  13.809  -5.839 0.1250000000
110231  31.241  14.058  -6.335 0.1250000000
110232  30.920  14.168  -6.349 0.1250000000
111138  31.176  14.253  0.237 0.7500000000
111171  24.779  14.477  -2.943 0.8750000000
111181  24.755  14.975  -4.342 0.7500000000
111182  24.545  14.888  -4.378 0.7500000000
111183  24.182  14.869  -4.417 0.7500000000
111190  31.136  14.444  -5.226 0.1250000000
111200  31.160  14.513  -6.665 0.1250000000
111207  32.085  14.462  -7.143 0.1250000000
111208  31.578  14.676  -7.271 0.1250000000
112063  31.783  15.814  0.083 0.7500000000
112070  32.612  15.735  -0.883 0.6250000000
112103  24.905  15.254  -3.599 1.0000000000
112104  24.489  15.448  -4.091 0.7500000000
112105  24.108  15.234  -4.393 0.7500000000
112109  24.816  15.180  -4.190 0.7500000000
112111  24.333  15.068  -4.549 0.7500000000
112120  30.670  15.043  -6.133 0.1250000000
112138  28.904  15.594  -7.978 0.1250000000
112139  28.687  15.870  -8.484 0.1250000000
114043  31.837  17.280  -5.738 0.1250000000
114931  26.018  18.799  -0.339 0.1250000000
114937  26.283  19.091  -0.304 0.1250000000
114952  31.865  18.744  -5.296 0.3750000000
114975  30.468  18.057  -7.210 0.1250000000
115801  30.915  18.610  0.370 0.7500000000
115803  29.672  19.179  0.431 0.7500000000
115814  26.289  19.398  0.065 0.1250000000
115820  26.978  19.547  -0.381 0.1250000000
115822  26.084  19.167  -0.185 0.1250000000
115838  33.108  19.950  -4.194 0.3750000000
115868  31.194  19.005  -7.347 0.1250000000
116698  27.331  20.225  0.192 0.1250000000
116702  27.770  19.989  -0.513 0.1250000000
116708  33.067  20.159  -3.859 0.3750000000
116718  33.091  20.178  -4.099 0.3750000000
116720  32.509  19.888  -4.652 0.3750000000
116731  32.449  20.806  -4.592 0.2500000000
117709  31.243  21.844  -5.905 0.1250000000
117728  30.369  21.286  -7.284 0.1250000000
118684  32.060  22.318  -1.302 0.3750000000
118723  30.758  22.438  -5.928 0.1250000000
152601  25.339  -1.629  -3.277 0.8750000000
152603  25.326  -2.013  -3.371 0.8750000000
152604  25.596  -2.091  -3.399 0.8750000000
152605  25.083  -1.949  -3.268 0.8750000000
