#!ascii label  , from subject 3443 vox2ras=TkReg
340
85507  -30.117  -11.005  -11.083 0.0000000000
89501  -28.042  -8.017  -15.719 0.0000000000
104456  -26.118  5.735  -16.744 0.0000000000
99874  -28.084  1.609  -15.447 0.0000000000
95378  -30.018  -2.677  -13.905 0.0000000000
91876  -32.500  -5.897  -11.211 0.0000000000
105482  -25.748  6.768  -18.326 0.0000000000
97729  -28.529  -0.505  -14.386 0.0000000000
94258  -27.828  -3.775  -15.744 0.0000000000
87405  -29.862  -9.996  -13.963 0.0000000000
89470  -30.320  -7.745  -13.773 0.0000000000
88351  -31.282  -8.608  -11.647 0.0000000000
80102  -27.481  -15.793  -10.530 0.0000000000
84560  -27.671  -12.388  -13.578 0.0000000000
111658  -23.369  12.376  -20.208 0.0000000000
110624  -25.863  11.338  -19.376 0.0000000000
109601  -27.020  10.382  -18.222 0.0000000000
107556  -27.733  8.837  -17.045 0.0000000000
106485  -28.204  6.973  -15.642 0.0000000000
102181  -27.127  3.789  -15.916 0.0000000000
103340  -29.186  4.586  -14.497 0.0000000000
100950  -30.301  2.434  -13.902 0.0000000000
97732  -30.470  0.361  -13.191 0.0000000000
96536  -31.854  -1.185  -12.253 0.0000000000
91910  -29.241  -5.524  -14.836 0.0000000000
93057  -30.832  -4.703  -13.141 0.0000000000
95410  -27.617  -2.708  -15.969 0.0000000000
94273  -26.902  -3.881  -16.211 0.0000000000
86449  -29.811  -10.598  -12.796 0.0000000000
87406  -30.141  -9.501  -13.333 0.0000000000
87361  -30.797  -9.846  -11.204 0.0000000000
76372  -29.201  -19.332  -7.932 0.0000000000
77620  -29.299  -18.362  -8.254 0.0000000000
78922  -29.515  -17.342  -8.478 0.0000000000
84584  -27.016  -11.700  -14.161 0.0000000000
84558  -26.244  -12.131  -13.772 0.0000000000
110625  -26.931  11.358  -19.263 0.0000000000
104471  -25.947  6.254  -17.656 0.0000000000
106507  -26.557  7.788  -17.383 0.0000000000
106494  -26.509  7.284  -16.676 0.0000000000
107545  -28.341  8.331  -16.525 0.0000000000
105460  -27.146  6.467  -15.695 0.0000000000
100980  -27.791  2.192  -15.761 0.0000000000
102166  -27.700  3.795  -15.418 0.0000000000
100948  -28.744  2.821  -14.416 0.0000000000
102155  -29.184  3.638  -14.286 0.0000000000
99859  -28.594  1.775  -14.717 0.0000000000
95377  -29.320  -2.252  -14.395 0.0000000000
97731  -30.029  -0.280  -13.274 0.0000000000
96552  -30.300  -0.964  -13.049 0.0000000000
96535  -31.293  -0.815  -12.388 0.0000000000
95361  -31.231  -2.529  -12.983 0.0000000000
90660  -27.018  -6.995  -16.128 0.0000000000
91925  -28.531  -5.506  -16.011 0.0000000000
90645  -28.742  -6.737  -15.560 0.0000000000
90614  -31.401  -6.672  -12.502 0.0000000000
91895  -31.007  -5.546  -12.906 0.0000000000
91883  -32.190  -5.416  -11.949 0.0000000000
94198  -32.903  -4.018  -11.947 0.0000000000
93028  -32.820  -4.676  -11.292 0.0000000000
81229  -28.777  -15.417  -10.149 0.0000000000
82383  -27.485  -14.485  -11.111 0.0000000000
82385  -29.008  -14.339  -10.455 0.0000000000
83453  -28.717  -13.555  -10.883 0.0000000000
97769  -28.114  -0.398  -15.995 0.0000000000
98838  -28.410  0.470  -14.801 0.0000000000
96612  -27.732  -1.581  -16.015 0.0000000000
95395  -28.161  -2.311  -15.389 0.0000000000
95396  -28.922  -2.780  -15.094 0.0000000000
88406  -28.788  -8.869  -15.283 0.0000000000
89483  -29.184  -7.945  -15.064 0.0000000000
88386  -29.998  -8.780  -14.283 0.0000000000
89456  -30.729  -8.002  -13.141 0.0000000000
89451  -32.113  -7.276  -11.621 0.0000000000
80080  -28.894  -16.652  -9.113 0.0000000000
87442  -26.729  -9.573  -15.359 0.0000000000
86506  -28.165  -10.367  -14.987 0.0000000000
85568  -28.564  -11.524  -14.166 0.0000000000
85505  -28.903  -11.639  -12.174 0.0000000000
112685  -23.449  13.318  -21.692 0.0000000000
111638  -24.009  12.312  -18.875 0.0000000000
111647  -24.263  12.105  -19.564 0.0000000000
111650  -27.071  12.264  -19.888 0.0000000000
110626  -27.868  11.872  -19.453 0.0000000000
110617  -28.351  11.363  -18.939 0.0000000000
107571  -26.284  8.696  -18.246 0.0000000000
108572  -27.356  9.684  -17.516 0.0000000000
108590  -29.404  10.149  -18.164 0.0000000000
107557  -28.860  9.020  -16.993 0.0000000000
107546  -29.256  8.341  -16.510 0.0000000000
106486  -29.183  6.983  -15.566 0.0000000000
103352  -26.573  4.675  -16.237 0.0000000000
104446  -27.523  5.514  -15.540 0.0000000000
104430  -28.259  5.447  -15.182 0.0000000000
105450  -29.761  6.145  -14.964 0.0000000000
104414  -30.432  5.140  -14.322 0.0000000000
100932  -30.909  2.668  -13.520 0.0000000000
98839  -29.189  1.133  -14.258 0.0000000000
99848  -30.572  1.742  -13.635 0.0000000000
93104  -27.669  -4.958  -16.050 0.0000000000
93091  -28.767  -4.687  -15.604 0.0000000000
94245  -29.451  -4.004  -14.644 0.0000000000
91893  -29.583  -6.100  -14.217 0.0000000000
93056  -30.193  -4.659  -13.771 0.0000000000
95379  -30.691  -3.129  -13.487 0.0000000000
95362  -31.969  -2.829  -12.613 0.0000000000
95348  -32.902  -2.603  -11.696 0.0000000000
83494  -27.560  -13.035  -12.687 0.0000000000
84523  -28.525  -12.336  -11.870 0.0000000000
85487  -29.620  -11.662  -10.939 0.0000000000
86431  -29.840  -10.663  -12.191 0.0000000000
86450  -30.106  -10.092  -12.308 0.0000000000
86432  -30.251  -10.384  -11.586 0.0000000000
86415  -30.666  -10.451  -10.846 0.0000000000
76373  -30.205  -19.368  -7.670 0.0000000000
77602  -29.790  -18.904  -7.939 0.0000000000
105470  -26.258  6.784  -17.130 0.0000000000
105459  -26.460  6.653  -16.255 0.0000000000
98855  -28.130  0.838  -16.040 0.0000000000
99890  -27.737  1.726  -16.187 0.0000000000
100965  -27.991  2.729  -15.261 0.0000000000
96575  -29.828  -1.498  -13.514 0.0000000000
96576  -30.584  -2.230  -13.374 0.0000000000
96553  -30.907  -1.352  -12.789 0.0000000000
89500  -27.257  -7.888  -15.816 0.0000000000
90661  -28.130  -6.731  -15.966 0.0000000000
89482  -28.634  -7.400  -15.474 0.0000000000
90615  -31.974  -6.598  -12.010 0.0000000000
91882  -31.511  -5.946  -12.470 0.0000000000
93003  -32.998  -5.385  -10.755 0.0000000000
91855  -32.986  -6.023  -10.705 0.0000000000
81243  -28.948  -14.942  -10.298 0.0000000000
97768  -27.515  -0.944  -16.566 0.0000000000
95411  -28.339  -3.253  -15.526 0.0000000000
87425  -29.384  -9.726  -14.493 0.0000000000
88385  -29.384  -8.831  -14.825 0.0000000000
87426  -30.101  -9.388  -14.014 0.0000000000
88350  -30.673  -8.962  -12.130 0.0000000000
88359  -30.688  -8.552  -12.619 0.0000000000
88360  -31.218  -8.089  -12.165 0.0000000000
89450  -31.619  -7.763  -11.891 0.0000000000
88352  -32.001  -7.918  -11.369 0.0000000000
88341  -32.145  -8.574  -10.639 0.0000000000
76371  -28.718  -19.587  -7.934 0.0000000000
75212  -28.791  -20.055  -7.657 0.0000000000
80081  -29.922  -16.255  -8.706 0.0000000000
87443  -27.431  -9.706  -15.380 0.0000000000
84585  -27.643  -11.962  -14.143 0.0000000000
85567  -27.690  -11.288  -14.687 0.0000000000
84586  -28.111  -12.103  -13.934 0.0000000000
85542  -28.953  -11.519  -13.543 0.0000000000
84561  -28.432  -12.073  -13.457 0.0000000000
111657  -22.803  13.183  -19.820 0.0000000000
112684  -22.726  13.397  -21.137 0.0000000000
111692  -22.711  12.694  -21.126 0.0000000000
111674  -23.194  12.345  -21.247 0.0000000000
110623  -25.005  11.401  -19.295 0.0000000000
111648  -25.155  12.152  -19.779 0.0000000000
111661  -26.456  12.723  -20.450 0.0000000000
111649  -26.135  12.166  -19.838 0.0000000000
109614  -26.958  10.711  -18.844 0.0000000000
110616  -27.726  11.269  -18.926 0.0000000000
109602  -28.068  10.739  -18.342 0.0000000000
106521  -26.078  7.644  -18.357 0.0000000000
106508  -27.092  8.317  -17.006 0.0000000000
107555  -26.838  8.967  -17.442 0.0000000000
108573  -28.424  9.844  -17.690 0.0000000000
108574  -29.553  9.488  -17.608 0.0000000000
106496  -28.643  7.705  -16.022 0.0000000000
106497  -29.668  7.718  -16.028 0.0000000000
100979  -27.283  2.732  -16.096 0.0000000000
100978  -26.490  2.779  -16.669 0.0000000000
102180  -26.497  3.684  -16.392 0.0000000000
103353  -27.264  4.667  -15.723 0.0000000000
103339  -28.550  4.675  -14.760 0.0000000000
103338  -27.922  4.636  -15.200 0.0000000000
104431  -28.996  5.409  -14.804 0.0000000000
105441  -30.112  5.619  -14.562 0.0000000000
104432  -29.711  5.239  -14.488 0.0000000000
100949  -29.607  2.654  -14.074 0.0000000000
102156  -30.258  3.352  -13.891 0.0000000000
102134  -30.980  3.454  -13.731 0.0000000000
98819  -28.726  -0.074  -14.139 0.0000000000
98821  -30.020  0.911  -13.756 0.0000000000
98822  -30.746  0.947  -13.114 0.0000000000
99849  -31.140  1.796  -13.028 0.0000000000
98799  -31.196  1.001  -12.434 0.0000000000
96537  -32.763  -1.382  -11.423 0.0000000000
93103  -27.166  -4.786  -16.167 0.0000000000
91926  -29.029  -5.291  -15.531 0.0000000000
93074  -29.207  -4.652  -15.082 0.0000000000
93075  -29.615  -4.632  -14.393 0.0000000000
89469  -29.594  -7.352  -14.370 0.0000000000
90628  -29.518  -6.726  -14.310 0.0000000000
90629  -30.018  -6.712  -13.868 0.0000000000
91894  -30.369  -5.665  -13.628 0.0000000000
94227  -30.611  -3.967  -13.445 0.0000000000
94212  -31.325  -3.661  -12.904 0.0000000000
94214  -32.901  -3.361  -12.025 0.0000000000
94199  -33.147  -3.511  -11.303 0.0000000000
83454  -29.672  -13.397  -10.299 0.0000000000
84506  -28.993  -12.581  -10.997 0.0000000000
85486  -29.034  -11.827  -11.471 0.0000000000
84507  -29.958  -12.328  -10.490 0.0000000000
95409  -27.259  -1.898  -16.415 0.0000000000
95424  -27.287  -3.459  -16.062 0.0000000000
86467  -29.758  -10.455  -13.477 0.0000000000
86468  -30.049  -10.040  -12.919 0.0000000000
87389  -30.305  -9.407  -12.525 0.0000000000
87374  -31.117  -9.312  -11.253 0.0000000000
88340  -31.490  -9.027  -11.036 0.0000000000
87362  -31.424  -9.683  -10.636 0.0000000000
75213  -29.883  -20.068  -7.497 0.0000000000
78921  -28.431  -17.545  -8.801 0.0000000000
77621  -29.984  -17.910  -8.187 0.0000000000
85580  -26.904  -11.098  -14.698 0.0000000000
84583  -26.540  -11.532  -14.143 0.0000000000
84559  -26.951  -12.245  -13.731 0.0000000000
111646  -23.456  12.697  -19.323 0.0000000000
109612  -25.486  10.512  -19.209 0.0000000000
109613  -26.388  10.403  -18.955 0.0000000000
109600  -26.540  9.993  -18.443 0.0000000000
105483  -26.185  7.004  -17.862 0.0000000000
106495  -27.274  7.685  -16.155 0.0000000000
106484  -27.598  6.872  -15.663 0.0000000000
100964  -27.531  3.255  -15.683 0.0000000000
102167  -28.399  3.730  -14.725 0.0000000000
99860  -29.298  1.933  -14.286 0.0000000000
96574  -28.779  -1.335  -14.314 0.0000000000
97730  -29.090  -0.584  -13.785 0.0000000000
97709  -30.555  -0.669  -12.902 0.0000000000
97710  -30.947  -0.073  -12.498 0.0000000000
96554  -31.709  -1.999  -12.612 0.0000000000
90677  -27.971  -5.798  -16.214 0.0000000000
90676  -27.407  -6.126  -16.311 0.0000000000
91909  -28.942  -6.100  -15.609 0.0000000000
90630  -30.846  -6.659  -13.089 0.0000000000
93041  -31.644  -4.784  -12.498 0.0000000000
94213  -32.303  -3.741  -12.385 0.0000000000
93042  -32.430  -4.546  -12.060 0.0000000000
93029  -33.304  -4.103  -10.891 0.0000000000
93004  -33.526  -4.699  -10.509 0.0000000000
80103  -28.091  -15.448  -10.413 0.0000000000
81241  -27.507  -14.925  -10.882 0.0000000000
81242  -28.372  -14.886  -10.527 0.0000000000
82384  -27.960  -14.209  -11.070 0.0000000000
83475  -28.073  -13.244  -11.701 0.0000000000
97781  -27.836  0.452  -16.704 0.0000000000
97752  -28.068  -0.523  -14.877 0.0000000000
96573  -28.246  -0.944  -14.566 0.0000000000
96595  -27.904  -1.365  -14.970 0.0000000000
96596  -28.617  -2.037  -14.814 0.0000000000
95397  -29.478  -3.210  -14.557 0.0000000000
89502  -28.592  -8.241  -15.491 0.0000000000
89484  -29.715  -8.149  -14.478 0.0000000000
88372  -30.377  -8.682  -13.564 0.0000000000
89471  -30.786  -7.485  -13.115 0.0000000000
89457  -31.249  -7.464  -12.506 0.0000000000
89458  -31.764  -7.276  -12.018 0.0000000000
90607  -32.425  -6.728  -11.349 0.0000000000
90594  -32.754  -6.517  -10.899 0.0000000000
89442  -32.629  -7.326  -10.891 0.0000000000
75211  -27.965  -20.424  -7.592 0.0000000000
78933  -28.077  -16.881  -9.463 0.0000000000
80093  -28.315  -16.141  -9.952 0.0000000000
80094  -29.209  -15.823  -9.495 0.0000000000
81219  -29.854  -15.462  -9.254 0.0000000000
88404  -27.344  -8.836  -15.598 0.0000000000
88405  -28.085  -8.917  -15.511 0.0000000000
87444  -28.218  -9.713  -15.196 0.0000000000
87424  -28.621  -9.970  -14.839 0.0000000000
85581  -27.265  -11.101  -14.824 0.0000000000
86490  -28.543  -10.643  -14.669 0.0000000000
86491  -29.305  -10.620  -14.143 0.0000000000
85569  -29.274  -11.096  -13.754 0.0000000000
85524  -29.388  -11.074  -12.511 0.0000000000
85506  -29.551  -11.140  -11.674 0.0000000000
113754  -22.633  14.430  -20.629 0.0000000000
111637  -23.314  12.610  -18.487 0.0000000000
111659  -24.271  12.043  -20.608 0.0000000000
111660  -25.374  12.624  -20.809 0.0000000000
110632  -28.375  12.201  -20.089 0.0000000000
110627  -28.779  11.657  -19.514 0.0000000000
109603  -29.189  10.932  -18.758 0.0000000000
108605  -26.245  9.557  -18.622 0.0000000000
108571  -26.868  9.590  -17.576 0.0000000000
108589  -28.791  10.452  -18.199 0.0000000000
109604  -29.817  10.314  -18.636 0.0000000000
108575  -30.200  9.134  -17.615 0.0000000000
107558  -29.850  8.864  -17.053 0.0000000000
102195  -25.986  3.670  -16.972 0.0000000000
103367  -25.980  4.625  -16.816 0.0000000000
104445  -26.731  5.618  -15.932 0.0000000000
105448  -27.903  6.246  -15.509 0.0000000000
105449  -28.716  6.195  -15.298 0.0000000000
106487  -30.153  7.075  -15.555 0.0000000000
103323  -29.931  4.388  -14.133 0.0000000000
103324  -31.001  4.244  -14.042 0.0000000000
103304  -31.306  3.705  -13.782 0.0000000000
98840  -29.650  1.439  -14.137 0.0000000000
98820  -29.158  0.299  -13.872 0.0000000000
99861  -29.979  1.832  -14.094 0.0000000000
97711  -31.466  0.433  -12.104 0.0000000000
94274  -27.443  -4.309  -15.915 0.0000000000
91941  -27.992  -5.303  -16.103 0.0000000000
93090  -28.107  -4.707  -15.865 0.0000000000
94259  -28.414  -4.075  -15.575 0.0000000000
94244  -28.999  -3.804  -15.216 0.0000000000
90646  -29.037  -6.729  -14.890 0.0000000000
91911  -29.738  -5.299  -14.111 0.0000000000
94226  -29.992  -3.747  -13.998 0.0000000000
95347  -32.369  -2.139  -12.217 0.0000000000
95363  -32.566  -2.929  -12.261 0.0000000000
83514  -27.115  -12.724  -13.264 0.0000000000
83515  -27.569  -12.705  -13.160 0.0000000000
83495  -28.125  -12.703  -12.402 0.0000000000
84541  -28.472  -12.178  -12.657 0.0000000000
75232  -28.089  -19.960  -7.878 0.0000000000
84540  -28.005  -12.599  -13.036 0.0000000000
84598  -26.711  -11.409  -14.354 0.0000000000
85523  -28.916  -11.598  -12.946 0.0000000000
85543  -29.398  -11.075  -13.202 0.0000000000
85566  -27.174  -11.314  -14.613 0.0000000000
86489  -27.974  -10.777  -14.949 0.0000000000
87353  -31.546  -10.217  -10.233 0.0000000000
87373  -30.603  -9.480  -11.787 0.0000000000
87445  -28.892  -9.422  -14.951 0.0000000000
97686  -31.536  -0.565  -12.201 0.0000000000
98870  -27.706  1.151  -16.678 0.0000000000
102154  -28.751  3.397  -14.442 0.0000000000
102168  -28.813  4.158  -14.547 0.0000000000
108587  -26.577  9.626  -17.982 0.0000000000
108588  -26.923  9.971  -17.690 0.0000000000
109586  -27.205  10.134  -17.738 0.0000000000
109587  -27.610  10.223  -17.829 0.0000000000
110615  -27.360  10.872  -18.746 0.0000000000
111673  -22.702  12.840  -20.639 0.0000000000
111693  -22.911  12.668  -21.279 0.0000000000
112700  -22.800  12.885  -21.242 0.0000000000
112701  -22.984  12.897  -21.378 0.0000000000
