#!ascii label  , from subject 3443 vox2ras=TkReg
2186
71286  49.949  -20.768  39.230 0.0000000000
53690  39.324  -35.886  55.171 0.0000000000
52563  22.709  -37.314  57.813 0.0000000000
49162  18.213  -39.322  62.109 0.0000000000
51326  33.513  -36.786  61.336 0.0000000000
50399  28.902  -38.626  51.436 0.0000000000
67823  43.271  -24.536  43.881 0.0000000000
77498  58.153  -16.256  36.342 0.0000000000
64143  48.315  -25.593  53.473 0.0000000000
61689  37.986  -29.378  48.116 0.0000000000
53872  31.761  -35.592  42.502 0.0000000000
53565  25.871  -35.599  63.907 0.0000000000
49184  20.344  -39.179  59.863 0.0000000000
53546  22.331  -36.523  65.921 0.0000000000
52489  28.905  -36.342  60.328 0.0000000000
67718  51.157  -23.333  52.239 0.0000000000
55704  40.671  -33.939  61.207 0.0000000000
59234  42.957  -31.227  58.100 0.0000000000
64130  42.264  -27.709  55.777 0.0000000000
55821  40.351  -33.411  50.951 0.0000000000
58202  35.817  -32.658  44.604 0.0000000000
53772  35.707  -35.414  48.411 0.0000000000
53764  23.449  -36.514  48.724 0.0000000000
51558  26.667  -38.197  44.639 0.0000000000
69012  53.457  -21.665  37.633 0.0000000000
70250  50.890  -22.672  33.795 0.0000000000
51481  20.110  -38.157  51.981 0.0000000000
49228  17.229  -40.808  54.189 0.0000000000
51412  36.754  -37.708  58.544 0.0000000000
52616  33.186  -36.478  53.619 0.0000000000
50348  31.063  -37.504  56.897 0.0000000000
52609  26.195  -36.674  54.544 0.0000000000
71249  46.619  -21.724  41.523 0.0000000000
52377  19.367  -36.360  70.005 0.0000000000
50249  15.062  -39.156  64.777 0.0000000000
71241  57.617  -20.991  41.861 0.0000000000
68935  53.437  -22.727  44.925 0.0000000000
70012  50.118  -22.090  47.727 0.0000000000
65519  46.545  -26.074  48.332 0.0000000000
60514  43.062  -28.475  47.793 0.0000000000
68696  46.609  -22.357  58.467 0.0000000000
66652  42.562  -25.170  51.371 0.0000000000
65580  39.658  -26.578  44.479 0.0000000000
63113  35.242  -28.914  39.790 0.0000000000
51524  30.312  -38.106  46.754 0.0000000000
54608  26.108  -34.441  66.215 0.0000000000
53567  23.867  -35.768  64.330 0.0000000000
54594  24.242  -34.352  67.236 0.0000000000
53540  27.407  -35.192  64.276 0.0000000000
53640  40.669  -35.634  58.073 0.0000000000
54736  41.307  -34.213  56.076 0.0000000000
56824  42.036  -32.667  54.928 0.0000000000
54771  39.813  -34.359  52.690 0.0000000000
54801  37.950  -34.791  48.995 0.0000000000
53746  37.156  -35.412  50.962 0.0000000000
51527  21.073  -38.754  47.230 0.0000000000
51544  22.638  -38.569  45.803 0.0000000000
70198  52.290  -21.681  38.209 0.0000000000
69044  50.905  -23.327  35.721 0.0000000000
70230  48.234  -22.888  35.625 0.0000000000
52598  21.782  -37.289  54.948 0.0000000000
50383  18.855  -39.104  53.232 0.0000000000
50362  19.870  -38.571  56.094 0.0000000000
49160  19.727  -39.052  61.439 0.0000000000
48106  17.793  -41.046  57.869 0.0000000000
48108  16.402  -41.841  58.524 0.0000000000
47000  15.447  -42.681  59.375 0.0000000000
52471  37.591  -36.801  61.612 0.0000000000
51380  34.329  -37.562  60.439 0.0000000000
51425  33.505  -37.218  58.110 0.0000000000
50314  32.127  -37.424  59.128 0.0000000000
53631  25.733  -36.397  59.087 0.0000000000
52560  26.757  -36.626  57.295 0.0000000000
53668  24.890  -36.422  56.141 0.0000000000
52621  23.357  -36.516  53.694 0.0000000000
70131  44.257  -22.538  42.415 0.0000000000
69001  43.444  -23.779  39.212 0.0000000000
66769  44.059  -25.814  40.920 0.0000000000
50234  13.259  -39.649  65.997 0.0000000000
70047  51.508  -22.495  45.973 0.0000000000
68830  53.323  -22.117  49.377 0.0000000000
65437  50.242  -24.931  53.476 0.0000000000
66660  49.524  -25.149  50.666 0.0000000000
64191  48.107  -26.562  51.117 0.0000000000
61669  45.399  -27.611  48.416 0.0000000000
61621  45.967  -27.218  50.515 0.0000000000
61604  40.183  -29.266  52.567 0.0000000000
65441  41.950  -26.103  54.184 0.0000000000
64224  39.957  -27.040  50.234 0.0000000000
66687  41.455  -25.549  48.519 0.0000000000
64288  38.185  -27.292  45.849 0.0000000000
64331  37.145  -27.256  42.538 0.0000000000
63040  36.602  -29.305  44.212 0.0000000000
58259  34.037  -32.256  41.591 0.0000000000
50396  31.042  -38.169  52.240 0.0000000000
52648  32.032  -36.915  50.561 0.0000000000
49291  29.498  -38.586  48.450 0.0000000000
49387  26.938  -39.391  42.636 0.0000000000
73585  58.997  -18.373  33.553 0.0000000000
72425  57.731  -19.635  34.260 0.0000000000
52492  23.958  -36.619  60.990 0.0000000000
51403  22.031  -38.051  59.351 0.0000000000
52479  23.206  -36.839  62.362 0.0000000000
51332  21.500  -38.001  63.024 0.0000000000
50243  20.382  -38.400  63.726 0.0000000000
53559  31.546  -35.402  62.386 0.0000000000
51347  31.212  -36.582  60.612 0.0000000000
52439  29.513  -35.595  62.405 0.0000000000
53594  27.585  -36.199  62.099 0.0000000000
69944  53.194  -21.670  51.220 0.0000000000
68734  49.091  -22.952  55.288 0.0000000000
61546  43.642  -29.574  57.155 0.0000000000
59334  41.099  -31.123  53.170 0.0000000000
59407  39.050  -31.753  49.648 0.0000000000
60535  37.133  -31.066  46.444 0.0000000000
56881  38.046  -33.525  47.358 0.0000000000
54838  35.807  -34.594  46.088 0.0000000000
53835  33.173  -35.711  44.723 0.0000000000
52663  26.397  -36.907  49.641 0.0000000000
50435  28.125  -38.672  47.815 0.0000000000
52699  25.394  -36.688  46.377 0.0000000000
73559  55.468  -19.404  37.416 0.0000000000
71343  55.400  -21.244  34.764 0.0000000000
70229  53.447  -22.275  35.647 0.0000000000
49206  18.841  -39.649  57.152 0.0000000000
52486  39.497  -36.585  60.387 0.0000000000
52571  37.890  -37.148  57.020 0.0000000000
53707  35.550  -36.079  53.361 0.0000000000
52574  35.038  -37.130  56.517 0.0000000000
50378  31.695  -37.445  54.772 0.0000000000
50381  29.939  -37.898  53.805 0.0000000000
51400  30.365  -37.409  58.744 0.0000000000
51449  28.629  -37.707  55.489 0.0000000000
51479  27.827  -37.661  52.668 0.0000000000
52642  24.591  -36.396  51.555 0.0000000000
52645  21.488  -37.289  50.617 0.0000000000
71267  48.288  -21.127  40.286 0.0000000000
70221  45.835  -22.132  36.171 0.0000000000
70212  44.045  -22.726  37.583 0.0000000000
52406  21.121  -37.074  67.878 0.0000000000
50209  19.193  -38.704  65.736 0.0000000000
51284  17.482  -38.272  67.577 0.0000000000
50260  17.130  -38.989  63.201 0.0000000000
73537  57.764  -19.499  38.989 0.0000000000
70177  55.878  -21.781  39.731 0.0000000000
70142  54.350  -22.028  41.346 0.0000000000
70123  52.310  -21.838  42.417 0.0000000000
70103  50.183  -22.192  43.703 0.0000000000
70072  48.289  -22.206  44.627 0.0000000000
70034  45.819  -22.524  45.855 0.0000000000
68818  51.093  -23.517  50.316 0.0000000000
68849  47.749  -23.431  48.763 0.0000000000
67795  44.930  -24.398  46.476 0.0000000000
64276  44.778  -27.092  46.124 0.0000000000
61732  43.163  -28.895  45.368 0.0000000000
67681  47.241  -23.909  55.663 0.0000000000
68726  43.698  -23.976  57.711 0.0000000000
68767  44.437  -23.489  54.603 0.0000000000
66637  45.598  -24.877  52.518 0.0000000000
64206  43.472  -26.754  49.607 0.0000000000
64277  41.492  -27.441  46.113 0.0000000000
59535  35.779  -31.227  42.458 0.0000000000
54779  33.868  -35.539  50.603 0.0000000000
54805  32.704  -35.628  47.667 0.0000000000
52726  30.905  -36.646  44.510 0.0000000000
49327  28.551  -38.970  46.138 0.0000000000
49384  28.888  -38.597  43.866 0.0000000000
54593  25.279  -34.297  66.944 0.0000000000
55609  25.456  -33.652  67.353 0.0000000000
53664  40.120  -35.904  56.664 0.0000000000
54728  41.164  -35.098  57.576 0.0000000000
54749  40.294  -35.282  55.412 0.0000000000
54758  40.555  -34.500  54.423 0.0000000000
54766  39.211  -35.085  53.733 0.0000000000
53744  38.502  -34.847  51.859 0.0000000000
53718  38.037  -35.548  53.219 0.0000000000
71309  51.305  -21.281  38.312 0.0000000000
70209  50.675  -21.942  37.151 0.0000000000
70210  49.464  -21.655  36.949 0.0000000000
52580  22.439  -37.223  56.575 0.0000000000
51450  21.187  -37.820  55.583 0.0000000000
51440  22.005  -37.631  57.360 0.0000000000
49161  19.031  -39.282  61.766 0.0000000000
48095  17.650  -40.807  59.304 0.0000000000
48096  16.903  -40.696  59.483 0.0000000000
48102  15.980  -41.516  59.074 0.0000000000
48097  15.846  -40.732  59.800 0.0000000000
52435  33.290  -36.064  61.948 0.0000000000
52453  34.764  -36.687  61.996 0.0000000000
51342  35.760  -37.233  61.430 0.0000000000
51362  33.991  -37.405  60.842 0.0000000000
50299  33.023  -37.522  60.076 0.0000000000
51363  33.265  -36.927  60.715 0.0000000000
52543  23.996  -36.641  58.407 0.0000000000
53642  25.683  -36.383  57.937 0.0000000000
53655  23.898  -36.603  57.139 0.0000000000
52596  23.304  -36.748  55.923 0.0000000000
68960  43.677  -23.164  43.359 0.0000000000
68964  42.970  -23.751  41.974 0.0000000000
67829  42.928  -24.556  42.646 0.0000000000
68827  55.528  -21.430  48.788 0.0000000000
68845  54.356  -22.059  48.396 0.0000000000
68829  53.978  -21.995  49.146 0.0000000000
64141  49.272  -25.380  53.582 0.0000000000
64189  49.174  -25.994  52.215 0.0000000000
62852  48.111  -26.359  52.309 0.0000000000
62901  46.701  -27.301  50.314 0.0000000000
64174  46.976  -26.204  52.215 0.0000000000
61641  39.224  -29.586  50.726 0.0000000000
62905  39.782  -27.964  51.083 0.0000000000
62945  39.172  -28.298  49.457 0.0000000000
65522  39.559  -26.944  48.494 0.0000000000
62996  38.128  -28.420  47.500 0.0000000000
64289  37.475  -27.971  45.430 0.0000000000
63018  37.120  -29.033  45.917 0.0000000000
50397  30.449  -38.476  51.983 0.0000000000
50418  30.683  -38.341  50.159 0.0000000000
50420  29.233  -38.678  49.485 0.0000000000
74801  58.992  -17.646  35.077 0.0000000000
74810  57.537  -18.084  35.050 0.0000000000
53596  25.525  -36.240  62.282 0.0000000000
52478  23.883  -36.637  61.781 0.0000000000
53597  24.314  -36.312  62.545 0.0000000000
53545  22.955  -36.099  65.514 0.0000000000
52442  22.627  -36.737  64.165 0.0000000000
52443  22.011  -37.274  64.568 0.0000000000
51333  20.918  -38.136  63.564 0.0000000000
51308  21.286  -37.582  64.943 0.0000000000
54622  30.450  -34.478  63.551 0.0000000000
52438  30.323  -35.586  62.168 0.0000000000
53561  29.766  -35.367  62.957 0.0000000000
53564  27.000  -35.634  63.675 0.0000000000
53580  27.592  -36.076  62.739 0.0000000000
53581  26.348  -36.050  63.015 0.0000000000
53609  25.744  -36.356  61.274 0.0000000000
57994  42.068  -32.092  58.660 0.0000000000
60359  42.508  -30.105  59.029 0.0000000000
61515  42.840  -28.981  58.908 0.0000000000
61532  43.374  -29.105  58.225 0.0000000000
59275  43.408  -30.537  57.527 0.0000000000
55812  41.007  -33.373  52.434 0.0000000000
58108  41.954  -32.200  54.059 0.0000000000
58139  41.179  -32.537  51.965 0.0000000000
59379  40.259  -31.350  51.532 0.0000000000
58149  39.741  -32.580  49.792 0.0000000000
58155  38.528  -32.473  48.342 0.0000000000
56866  39.234  -33.383  49.389 0.0000000000
53784  36.873  -34.939  48.445 0.0000000000
54812  37.066  -34.689  47.867 0.0000000000
53798  35.938  -34.962  47.199 0.0000000000
53815  34.899  -35.140  45.773 0.0000000000
53800  34.367  -35.556  46.435 0.0000000000
52664  25.464  -36.556  49.331 0.0000000000
52676  26.263  -37.000  48.613 0.0000000000
53792  24.488  -36.378  47.493 0.0000000000
72416  55.070  -20.635  37.607 0.0000000000
71333  53.861  -20.922  36.563 0.0000000000
70207  53.231  -21.785  36.798 0.0000000000
67907  49.832  -23.920  34.743 0.0000000000
51491  19.531  -39.049  50.568 0.0000000000
50400  18.898  -39.706  51.085 0.0000000000
51404  21.308  -38.527  59.666 0.0000000000
50341  20.471  -38.727  57.886 0.0000000000
49201  19.856  -39.273  58.737 0.0000000000
47012  16.438  -42.682  57.178 0.0000000000
47021  16.604  -42.036  56.066 0.0000000000
51377  37.172  -37.912  60.179 0.0000000000
52487  38.793  -36.758  60.895 0.0000000000
51395  38.209  -37.608  59.212 0.0000000000
52537  38.552  -37.353  58.599 0.0000000000
52555  37.248  -37.448  57.757 0.0000000000
52573  36.084  -37.126  56.614 0.0000000000
52557  35.503  -37.340  57.278 0.0000000000
50347  31.623  -37.462  57.215 0.0000000000
51437  32.944  -37.262  57.093 0.0000000000
50358  31.422  -37.492  56.276 0.0000000000
50371  30.790  -37.685  54.635 0.0000000000
50360  30.412  -37.731  55.625 0.0000000000
51367  30.031  -36.618  60.199 0.0000000000
51382  30.300  -37.143  59.534 0.0000000000
51402  29.081  -36.778  59.267 0.0000000000
52578  26.488  -36.696  56.136 0.0000000000
52576  28.233  -37.308  56.314 0.0000000000
52593  27.870  -37.317  55.469 0.0000000000
51459  28.307  -37.645  54.594 0.0000000000
52618  27.286  -37.031  54.000 0.0000000000
52640  26.462  -36.681  51.962 0.0000000000
53726  25.447  -36.413  52.967 0.0000000000
52623  21.650  -37.095  52.800 0.0000000000
52633  22.518  -36.777  52.058 0.0000000000
51489  20.785  -37.706  51.318 0.0000000000
71268  47.199  -21.384  40.429 0.0000000000
71314  46.055  -21.288  38.734 0.0000000000
71290  45.557  -21.560  39.724 0.0000000000
66793  45.177  -25.845  38.702 0.0000000000
52385  20.159  -36.351  69.345 0.0000000000
51281  20.639  -37.501  67.345 0.0000000000
51267  19.513  -37.258  68.243 0.0000000000
50199  15.124  -38.673  66.871 0.0000000000
50212  16.413  -38.626  66.018 0.0000000000
50230  16.729  -38.796  65.178 0.0000000000
50261  16.036  -38.989  63.619 0.0000000000
49177  14.814  -40.087  61.891 0.0000000000
49178  14.403  -40.479  62.508 0.0000000000
76093  58.739  -17.810  38.982 0.0000000000
71260  57.840  -20.570  40.772 0.0000000000
71261  57.009  -21.049  41.060 0.0000000000
70159  54.982  -21.968  40.349 0.0000000000
70140  56.217  -21.937  41.804 0.0000000000
68957  54.524  -22.683  44.096 0.0000000000
70122  53.614  -22.074  42.444 0.0000000000
70101  52.782  -22.497  43.874 0.0000000000
70124  50.952  -21.935  42.652 0.0000000000
70102  51.419  -22.284  43.706 0.0000000000
70029  50.841  -22.232  46.768 0.0000000000
70049  49.590  -22.179  45.718 0.0000000000
70031  48.689  -22.058  46.688 0.0000000000
70051  47.453  -22.197  45.495 0.0000000000
70032  47.598  -22.145  46.525 0.0000000000
68779  52.045  -22.090  52.145 0.0000000000
67744  52.477  -22.815  50.842 0.0000000000
67732  51.454  -23.280  51.671 0.0000000000
65503  47.762  -25.840  49.607 0.0000000000
67764  48.630  -24.289  49.550 0.0000000000
66685  46.942  -25.246  48.616 0.0000000000
67780  46.046  -24.367  47.768 0.0000000000
66699  45.782  -25.305  47.404 0.0000000000
65556  45.028  -26.252  46.417 0.0000000000
64262  45.680  -26.886  47.394 0.0000000000
60497  44.303  -27.944  48.038 0.0000000000
61685  44.439  -28.092  47.093 0.0000000000
60533  43.180  -28.822  46.957 0.0000000000
61711  42.557  -29.056  46.674 0.0000000000
68709  47.099  -22.653  57.375 0.0000000000
65376  43.424  -26.531  57.724 0.0000000000
67662  43.688  -25.168  58.254 0.0000000000
66587  42.769  -25.974  56.705 0.0000000000
66627  41.924  -25.594  52.911 0.0000000000
67711  43.164  -24.250  54.247 0.0000000000
67723  43.489  -24.298  53.554 0.0000000000
67709  45.510  -23.826  53.979 0.0000000000
66639  43.966  -24.702  52.180 0.0000000000
65472  44.671  -25.892  50.876 0.0000000000
66663  43.349  -25.496  50.767 0.0000000000
65559  40.460  -26.247  46.127 0.0000000000
65541  41.257  -26.164  46.983 0.0000000000
65570  40.643  -26.771  45.219 0.0000000000
64287  40.807  -27.662  44.788 0.0000000000
64315  40.033  -27.045  42.820 0.0000000000
65614  38.731  -26.718  41.702 0.0000000000
64352  36.588  -27.768  41.967 0.0000000000
64388  36.823  -27.489  40.044 0.0000000000
59484  36.448  -31.944  44.854 0.0000000000
60580  36.407  -31.269  44.342 0.0000000000
58242  35.537  -31.983  42.935 0.0000000000
59545  33.826  -31.620  40.317 0.0000000000
53695  34.633  -36.200  54.133 0.0000000000
53721  35.455  -35.884  52.372 0.0000000000
53723  33.401  -36.181  52.103 0.0000000000
52662  31.436  -37.168  49.121 0.0000000000
53761  32.093  -36.254  49.064 0.0000000000
52687  30.985  -36.917  46.957 0.0000000000
53819  31.190  -36.399  45.441 0.0000000000
51537  30.486  -37.485  45.686 0.0000000000
51532  27.442  -38.459  46.588 0.0000000000
50456  28.456  -39.220  46.694 0.0000000000
50465  27.705  -38.558  45.267 0.0000000000
49385  28.389  -38.687  43.260 0.0000000000
50507  29.402  -38.150  42.959 0.0000000000
69055  53.626  -22.862  34.443 0.0000000000
70240  55.433  -22.189  34.255 0.0000000000
69049  45.667  -23.493  35.133 0.0000000000
53541  26.407  -35.239  64.599 0.0000000000
53566  24.812  -35.629  64.107 0.0000000000
54628  24.804  -35.128  65.638 0.0000000000
54610  24.136  -34.989  66.397 0.0000000000
54595  23.237  -35.159  67.108 0.0000000000
54626  26.781  -34.886  65.235 0.0000000000
54699  40.853  -35.012  60.007 0.0000000000
56741  41.605  -32.909  60.928 0.0000000000
54709  41.691  -34.662  58.816 0.0000000000
55755  41.822  -33.938  58.256 0.0000000000
56791  42.794  -32.668  57.371 0.0000000000
58072  43.053  -31.974  56.271 0.0000000000
55784  41.748  -33.304  55.611 0.0000000000
54763  40.798  -33.812  53.430 0.0000000000
54775  40.234  -33.848  51.681 0.0000000000
54791  39.565  -34.070  50.173 0.0000000000
54784  38.926  -34.696  50.939 0.0000000000
53756  37.806  -35.140  50.392 0.0000000000
53758  36.440  -35.509  49.621 0.0000000000
52680  22.064  -37.248  47.916 0.0000000000
52691  22.886  -36.914  47.067 0.0000000000
52703  21.947  -38.089  46.646 0.0000000000
69013  52.972  -21.784  37.718 0.0000000000
69023  52.308  -22.224  36.880 0.0000000000
69024  51.665  -22.295  36.973 0.0000000000
69034  49.872  -22.735  36.080 0.0000000000
51471  20.920  -37.583  53.473 0.0000000000
51473  19.457  -38.613  52.610 0.0000000000
51461  20.247  -38.093  54.088 0.0000000000
50374  18.947  -38.984  54.295 0.0000000000
50364  18.354  -39.599  55.032 0.0000000000
49185  19.821  -39.550  59.949 0.0000000000
49197  19.193  -39.980  59.275 0.0000000000
49198  18.416  -40.521  59.355 0.0000000000
48107  16.999  -41.610  58.103 0.0000000000
45896  15.581  -43.852  59.197 0.0000000000
51360  35.995  -37.865  61.102 0.0000000000
51398  35.333  -37.812  59.663 0.0000000000
51424  34.806  -37.418  57.935 0.0000000000
50311  33.845  -37.315  59.414 0.0000000000
50325  32.296  -37.393  58.710 0.0000000000
50326  31.637  -37.504  58.491 0.0000000000
52505  27.220  -36.493  60.293 0.0000000000
52521  28.381  -36.730  58.808 0.0000000000
52542  26.643  -36.471  58.571 0.0000000000
53653  25.696  -36.404  56.771 0.0000000000
53685  25.171  -36.512  55.183 0.0000000000
53698  24.902  -36.449  54.384 0.0000000000
53686  24.225  -36.386  55.300 0.0000000000
52611  22.535  -36.879  54.335 0.0000000000
70147  44.926  -22.147  41.777 0.0000000000
71271  44.641  -22.014  40.401 0.0000000000
70149  43.342  -22.938  41.279 0.0000000000
67860  44.245  -25.300  40.017 0.0000000000
50200  14.330  -38.908  66.986 0.0000000000
50250  14.186  -39.376  65.011 0.0000000000
48083  14.155  -41.297  62.892 0.0000000000
48075  13.460  -41.057  64.242 0.0000000000
68881  54.289  -22.611  46.569 0.0000000000
68908  52.404  -22.659  45.604 0.0000000000
68882  53.280  -22.590  46.597 0.0000000000
70009  52.702  -22.325  47.506 0.0000000000
69992  51.519  -22.217  48.406 0.0000000000
67719  50.712  -23.961  52.842 0.0000000000
66658  50.699  -24.340  51.621 0.0000000000
65468  50.119  -25.373  52.343 0.0000000000
65485  48.653  -25.860  50.641 0.0000000000
64238  47.220  -26.532  49.240 0.0000000000
62967  46.095  -27.175  48.404 0.0000000000
62922  46.630  -27.325  49.606 0.0000000000
61654  45.306  -27.521  49.086 0.0000000000
61655  44.771  -27.478  49.241 0.0000000000
61587  40.967  -28.889  54.002 0.0000000000
65423  42.040  -26.584  54.854 0.0000000000
64162  40.892  -27.572  53.447 0.0000000000
64194  40.978  -26.834  52.474 0.0000000000
65490  41.171  -26.109  50.890 0.0000000000
66665  41.505  -25.673  50.158 0.0000000000
66666  40.935  -25.893  49.596 0.0000000000
65521  40.055  -26.172  48.013 0.0000000000
65581  38.602  -26.743  44.884 0.0000000000
65601  37.876  -26.848  43.151 0.0000000000
65582  37.978  -27.211  44.626 0.0000000000
64317  36.593  -28.213  42.969 0.0000000000
63079  36.364  -28.616  42.387 0.0000000000
56923  34.298  -33.713  43.738 0.0000000000
58244  34.142  -32.671  42.414 0.0000000000
56940  33.437  -33.615  42.512 0.0000000000
56975  32.336  -33.277  40.685 0.0000000000
57022  31.906  -32.878  38.924 0.0000000000
51476  31.983  -37.451  52.984 0.0000000000
53724  32.776  -36.522  51.618 0.0000000000
51486  31.446  -37.832  51.624 0.0000000000
51508  31.083  -37.914  49.624 0.0000000000
50444  30.427  -38.161  48.162 0.0000000000
49360  27.122  -38.680  43.412 0.0000000000
49388  26.174  -39.477  42.772 0.0000000000
74808  59.479  -17.345  34.579 0.0000000000
72423  58.817  -18.693  33.917 0.0000000000
70237  57.266  -20.837  33.461 0.0000000000
52507  24.039  -36.695  60.064 0.0000000000
52545  22.658  -37.436  58.946 0.0000000000
52508  23.280  -37.092  60.468 0.0000000000
52509  22.594  -37.636  60.874 0.0000000000
51369  21.994  -38.189  61.284 0.0000000000
53598  23.560  -36.415  63.096 0.0000000000
52480  22.313  -37.432  62.710 0.0000000000
50270  21.347  -38.500  61.591 0.0000000000
50271  20.833  -38.742  61.829 0.0000000000
49148  19.837  -38.801  62.385 0.0000000000
49137  19.616  -38.735  63.114 0.0000000000
52455  32.974  -36.369  61.569 0.0000000000
51346  32.167  -36.634  60.737 0.0000000000
52457  30.963  -35.936  61.512 0.0000000000
51330  29.932  -36.048  61.114 0.0000000000
52474  29.315  -36.084  61.120 0.0000000000
53562  28.971  -35.467  63.229 0.0000000000
52460  28.398  -35.941  62.254 0.0000000000
52490  28.150  -36.371  60.791 0.0000000000
53620  26.584  -36.447  60.403 0.0000000000
53632  24.873  -36.465  59.614 0.0000000000
66739  43.464  -25.410  44.226 0.0000000000
66750  43.044  -25.579  42.407 0.0000000000
64328  43.419  -27.203  42.053 0.0000000000
69943  53.767  -21.227  50.893 0.0000000000
69916  50.861  -22.540  53.140 0.0000000000
68764  50.497  -23.440  53.900 0.0000000000
67693  49.833  -23.820  54.558 0.0000000000
65390  48.900  -24.375  54.616 0.0000000000
64107  43.560  -27.978  57.965 0.0000000000
62807  42.849  -28.492  56.255 0.0000000000
59294  43.011  -31.245  55.891 0.0000000000
60421  42.767  -30.701  55.547 0.0000000000
61573  41.927  -29.148  54.978 0.0000000000
60452  40.390  -30.389  52.573 0.0000000000
60477  39.330  -30.631  50.735 0.0000000000
60489  38.477  -30.751  49.319 0.0000000000
61690  37.633  -29.950  47.825 0.0000000000
59421  38.108  -31.669  48.190 0.0000000000
58172  37.735  -32.776  46.956 0.0000000000
58185  36.961  -32.802  46.090 0.0000000000
55838  38.206  -34.106  47.891 0.0000000000
55848  36.950  -34.051  46.510 0.0000000000
56902  35.732  -33.688  45.094 0.0000000000
55867  34.588  -34.587  44.648 0.0000000000
53853  33.693  -35.276  44.447 0.0000000000
52743  32.604  -35.839  43.651 0.0000000000
51498  27.715  -37.841  50.511 0.0000000000
50411  28.175  -38.413  49.576 0.0000000000
51510  27.047  -37.479  48.963 0.0000000000
51526  26.934  -37.773  46.987 0.0000000000
52708  26.551  -37.698  45.799 0.0000000000
53821  23.886  -36.958  45.689 0.0000000000
52710  24.723  -37.193  45.283 0.0000000000
76164  56.213  -17.943  36.791 0.0000000000
73579  56.241  -19.278  34.992 0.0000000000
73581  54.435  -20.222  35.758 0.0000000000
70228  54.018  -22.156  35.204 0.0000000000
69056  52.634  -23.232  34.664 0.0000000000
69043  51.533  -23.398  35.477 0.0000000000
69057  51.439  -23.586  34.799 0.0000000000
51430  21.395  -38.109  57.845 0.0000000000
50352  19.245  -39.061  56.547 0.0000000000
49218  17.718  -40.312  55.060 0.0000000000
49207  18.321  -40.315  57.555 0.0000000000
49213  17.540  -40.858  56.131 0.0000000000
53605  40.264  -35.526  60.306 0.0000000000
53630  40.120  -36.174  59.347 0.0000000000
53652  39.543  -36.620  57.433 0.0000000000
53681  37.984  -36.478  55.464 0.0000000000
53705  37.410  -36.031  53.804 0.0000000000
52602  36.708  -36.558  55.232 0.0000000000
53682  35.447  -36.466  55.104 0.0000000000
52605  33.539  -36.441  54.505 0.0000000000
51436  34.102  -37.253  57.085 0.0000000000
51446  33.489  -37.108  56.403 0.0000000000
52606  32.620  -36.824  54.261 0.0000000000
51468  31.579  -37.680  53.335 0.0000000000
50387  30.682  -38.089  52.927 0.0000000000
50388  29.944  -38.310  52.875 0.0000000000
50286  31.353  -37.064  60.002 0.0000000000
50316  30.768  -37.415  59.139 0.0000000000
50328  30.512  -37.537  57.875 0.0000000000
52540  28.502  -36.913  57.833 0.0000000000
51428  29.178  -37.337  57.452 0.0000000000
50350  30.113  -37.739  56.356 0.0000000000
51458  28.973  -38.061  54.606 0.0000000000
51469  28.664  -38.061  53.706 0.0000000000
51487  28.350  -38.232  52.118 0.0000000000
52650  27.214  -37.235  51.435 0.0000000000
52652  25.544  -36.475  50.451 0.0000000000
52653  24.312  -36.419  50.068 0.0000000000
53728  24.203  -36.438  52.622 0.0000000000
52643  23.436  -36.609  51.201 0.0000000000
52666  22.873  -36.782  49.222 0.0000000000
52668  21.347  -37.575  48.556 0.0000000000
71287  48.819  -20.745  39.244 0.0000000000
72418  48.373  -20.726  37.972 0.0000000000
71329  46.674  -21.083  37.747 0.0000000000
69016  43.601  -23.559  38.491 0.0000000000
66806  44.493  -25.612  37.378 0.0000000000
66756  43.657  -25.935  41.503 0.0000000000
56674  24.351  -33.317  68.127 0.0000000000
55611  23.708  -34.064  68.169 0.0000000000
54583  22.547  -35.197  67.854 0.0000000000
53493  21.820  -35.396  68.894 0.0000000000
52405  21.657  -36.717  67.150 0.0000000000
51309  20.623  -37.931  65.320 0.0000000000
51310  19.911  -38.268  65.573 0.0000000000
49139  18.732  -39.028  63.677 0.0000000000
51257  18.137  -37.629  69.204 0.0000000000
50196  17.958  -38.507  66.660 0.0000000000
50246  18.113  -38.952  63.966 0.0000000000
49163  17.530  -39.169  62.514 0.0000000000
49189  15.812  -40.078  60.616 0.0000000000
77456  58.622  -16.375  37.898 0.0000000000
76116  57.363  -18.039  37.926 0.0000000000
73544  57.298  -19.097  38.421 0.0000000000
72401  56.285  -20.548  38.515 0.0000000000
73530  59.118  -19.162  40.378 0.0000000000
71304  56.844  -20.660  39.546 0.0000000000
70196  55.315  -21.659  38.891 0.0000000000
68981  54.272  -21.818  39.531 0.0000000000
70180  52.956  -21.646  39.203 0.0000000000
71263  52.332  -21.367  39.610 0.0000000000
70121  54.710  -22.207  42.421 0.0000000000
70143  53.283  -21.684  41.145 0.0000000000
71245  50.995  -20.994  40.900 0.0000000000
71246  49.912  -21.198  41.016 0.0000000000
71232  49.333  -21.676  41.903 0.0000000000
71233  48.284  -21.640  42.030 0.0000000000
70070  50.500  -22.326  44.756 0.0000000000
70104  49.063  -22.153  43.709 0.0000000000
70128  46.768  -22.022  42.780 0.0000000000
70107  46.136  -22.202  43.596 0.0000000000
70075  45.473  -22.339  44.339 0.0000000000
68911  44.398  -23.401  45.161 0.0000000000
68815  53.172  -22.171  50.200 0.0000000000
68831  52.339  -22.501  49.762 0.0000000000
69979  50.142  -22.777  49.283 0.0000000000
67753  50.256  -24.232  50.383 0.0000000000
68834  49.740  -23.457  49.600 0.0000000000
69995  48.327  -22.655  48.516 0.0000000000
70015  46.834  -22.422  47.217 0.0000000000
68886  45.481  -23.236  46.602 0.0000000000
67811  43.981  -24.425  44.932 0.0000000000
66731  44.250  -25.424  45.263 0.0000000000
65567  44.100  -26.418  45.049 0.0000000000
62992  45.308  -27.420  47.154 0.0000000000
62994  44.184  -28.124  46.195 0.0000000000
66572  48.425  -23.504  55.373 0.0000000000
66600  47.597  -24.594  54.838 0.0000000000
68711  45.078  -22.980  58.517 0.0000000000
67684  42.412  -25.406  55.818 0.0000000000
68752  43.675  -23.563  55.734 0.0000000000
68737  45.618  -23.109  56.371 0.0000000000
68750  45.915  -23.447  55.487 0.0000000000
66615  46.936  -24.736  54.084 0.0000000000
64160  46.943  -25.795  52.772 0.0000000000
64176  45.725  -26.271  51.385 0.0000000000
62903  44.759  -26.840  50.078 0.0000000000
62923  43.419  -27.288  49.103 0.0000000000
65505  42.694  -25.950  49.013 0.0000000000
64241  42.330  -26.744  48.020 0.0000000000
61688  41.942  -28.346  47.436 0.0000000000
62995  41.546  -28.257  46.034 0.0000000000
65626  38.259  -26.898  41.201 0.0000000000
64407  38.158  -27.555  38.862 0.0000000000
61735  36.893  -30.236  45.832 0.0000000000
61781  36.333  -29.976  43.508 0.0000000000
60633  35.611  -30.163  41.390 0.0000000000
59537  34.815  -31.623  41.472 0.0000000000
60635  34.568  -30.670  40.209 0.0000000000
53720  36.415  -36.005  52.595 0.0000000000
53734  36.349  -35.791  51.604 0.0000000000
54786  34.999  -35.458  49.703 0.0000000000
53749  32.951  -35.819  50.569 0.0000000000
54796  33.472  -35.467  48.869 0.0000000000
53774  34.237  -35.729  47.782 0.0000000000
53801  33.397  -35.674  46.277 0.0000000000
52705  32.328  -35.898  44.697 0.0000000000
52755  31.396  -36.212  43.272 0.0000000000
49275  28.905  -38.842  48.137 0.0000000000
49308  29.089  -39.269  47.217 0.0000000000
49325  29.414  -38.844  46.828 0.0000000000
49342  28.383  -38.655  45.051 0.0000000000
49358  28.601  -38.615  44.403 0.0000000000
50464  29.721  -38.262  45.214 0.0000000000
51577  30.153  -37.707  43.767 0.0000000000
52756  30.569  -36.980  42.944 0.0000000000
71342  56.429  -20.994  34.388 0.0000000000
69052  55.813  -22.137  33.746 0.0000000000
70260  55.621  -21.414  32.915 0.0000000000
70231  47.496  -22.761  35.558 0.0000000000
53678  40.285  -35.470  55.934 0.0000000000
53689  39.946  -35.557  55.327 0.0000000000
54759  40.186  -35.104  54.886 0.0000000000
53703  39.101  -35.497  54.298 0.0000000000
53717  38.730  -35.275  53.540 0.0000000000
53704  38.249  -35.808  54.081 0.0000000000
71310  50.460  -20.945  38.364 0.0000000000
71325  50.756  -21.357  37.798 0.0000000000
51441  21.445  -37.777  56.672 0.0000000000
49174  18.076  -39.861  61.182 0.0000000000
49188  16.953  -40.071  60.341 0.0000000000
52454  33.875  -36.638  61.863 0.0000000000
52434  34.264  -36.256  62.140 0.0000000000
51325  34.311  -37.001  61.695 0.0000000000
51344  33.811  -37.096  61.228 0.0000000000
51345  33.066  -36.761  60.962 0.0000000000
52561  24.239  -36.549  58.010 0.0000000000
52562  23.720  -36.748  57.756 0.0000000000
52579  23.348  -36.869  56.947 0.0000000000
68939  43.243  -23.999  43.610 0.0000000000
68961  43.216  -23.597  43.043 0.0000000000
67826  43.067  -24.376  43.330 0.0000000000
68828  54.864  -21.490  49.135 0.0000000000
69964  54.723  -21.369  49.691 0.0000000000
64142  48.939  -25.478  53.536 0.0000000000
64158  48.515  -25.967  52.925 0.0000000000
62853  47.921  -26.238  52.535 0.0000000000
62867  47.409  -26.474  51.891 0.0000000000
64159  47.654  -25.923  52.909 0.0000000000
62925  38.858  -29.365  49.693 0.0000000000
62924  39.161  -28.892  49.964 0.0000000000
62946  38.738  -28.836  49.141 0.0000000000
64244  38.774  -28.088  48.456 0.0000000000
62971  38.248  -28.714  48.232 0.0000000000
62997  37.699  -28.901  46.968 0.0000000000
62972  37.948  -29.066  47.716 0.0000000000
50398  29.691  -38.683  51.741 0.0000000000
50409  29.452  -38.685  50.546 0.0000000000
76161  58.550  -16.807  35.450 0.0000000000
76162  57.385  -16.936  35.471 0.0000000000
53582  25.186  -35.987  63.243 0.0000000000
52424  22.475  -36.650  65.046 0.0000000000
52425  21.868  -37.135  65.469 0.0000000000
53537  29.982  -34.981  63.284 0.0000000000
54623  29.471  -34.396  63.933 0.0000000000
58012  42.599  -31.969  58.233 0.0000000000
59216  42.506  -31.031  58.666 0.0000000000
60368  42.679  -30.250  58.882 0.0000000000
60358  42.754  -29.503  58.943 0.0000000000
59233  42.971  -30.482  58.460 0.0000000000
60376  43.255  -29.838  58.384 0.0000000000
59253  43.180  -31.233  57.551 0.0000000000
55816  40.987  -33.290  51.991 0.0000000000
56844  41.229  -33.076  52.206 0.0000000000
56852  40.622  -33.135  51.076 0.0000000000
58146  40.420  -32.643  50.607 0.0000000000
56853  40.247  -33.194  50.426 0.0000000000
58153  39.480  -33.084  49.475 0.0000000000
56860  39.802  -33.358  49.805 0.0000000000
53771  36.395  -35.264  48.776 0.0000000000
53785  36.286  -34.956  47.974 0.0000000000
53786  35.520  -35.353  47.622 0.0000000000
53799  35.229  -35.281  46.795 0.0000000000
52665  24.694  -36.397  48.899 0.0000000000
52678  24.800  -36.373  48.048 0.0000000000
53777  24.152  -36.349  48.371 0.0000000000
71324  54.531  -21.136  37.595 0.0000000000
70206  53.596  -21.461  37.063 0.0000000000
69021  53.266  -21.727  37.077 0.0000000000
51490  20.068  -38.347  50.923 0.0000000000
51482  19.449  -38.822  51.557 0.0000000000
50317  20.632  -38.942  59.539 0.0000000000
50318  20.298  -39.091  59.358 0.0000000000
49195  20.302  -39.152  59.601 0.0000000000
47022  16.416  -42.694  56.397 0.0000000000
51397  36.400  -37.992  59.478 0.0000000000
51376  38.016  -37.726  59.970 0.0000000000
51396  37.374  -37.842  59.365 0.0000000000
52539  37.355  -37.586  58.345 0.0000000000
51422  36.571  -37.554  57.912 0.0000000000
52556  36.383  -37.377  57.391 0.0000000000
51423  35.922  -37.552  57.975 0.0000000000
50359  30.900  -37.627  55.903 0.0000000000
50349  30.585  -37.598  56.600 0.0000000000
51368  29.434  -36.325  60.519 0.0000000000
51383  29.483  -36.656  59.800 0.0000000000
51384  29.027  -36.535  59.691 0.0000000000
52595  26.339  -36.729  55.252 0.0000000000
52594  27.039  -37.051  55.413 0.0000000000
52608  26.838  -36.903  54.616 0.0000000000
52607  27.572  -37.206  54.632 0.0000000000
52619  26.630  -36.748  53.843 0.0000000000
53710  26.142  -36.570  53.539 0.0000000000
53711  25.546  -36.490  53.718 0.0000000000
51480  20.837  -37.571  52.393 0.0000000000
52634  21.580  -37.152  51.692 0.0000000000
71269  46.114  -21.612  40.531 0.0000000000
52376  19.876  -36.082  69.900 0.0000000000
52396  19.410  -37.186  68.616 0.0000000000
50232  14.884  -39.075  65.541 0.0000000000
50213  15.494  -38.777  66.148 0.0000000000
50231  15.778  -38.872  65.359 0.0000000000
50248  15.966  -38.925  64.519 0.0000000000
50262  15.140  -39.236  63.985 0.0000000000
50274  15.028  -39.406  63.123 0.0000000000
50275  14.425  -39.663  63.654 0.0000000000
74757  59.794  -17.712  39.755 0.0000000000
76073  60.551  -17.085  40.721 0.0000000000
71228  58.340  -20.563  42.366 0.0000000000
71240  58.366  -20.368  41.504 0.0000000000
71242  57.028  -21.294  41.585 0.0000000000
70157  56.650  -21.595  41.279 0.0000000000
70139  56.922  -21.549  42.124 0.0000000000
68934  54.095  -22.738  44.733 0.0000000000
70100  54.075  -22.436  43.397 0.0000000000
68958  53.678  -22.653  44.244 0.0000000000
68959  53.136  -22.662  44.480 0.0000000000
70030  49.814  -22.099  46.745 0.0000000000
70013  48.984  -22.116  47.746 0.0000000000
68794  51.747  -22.825  51.775 0.0000000000
65518  47.178  -26.001  48.898 0.0000000000
66684  47.624  -25.150  49.168 0.0000000000
66698  46.313  -25.276  48.039 0.0000000000
65539  45.517  -26.183  47.065 0.0000000000
65538  45.995  -26.120  47.706 0.0000000000
60513  43.649  -28.451  47.438 0.0000000000
60534  42.957  -28.809  47.248 0.0000000000
64119  43.013  -27.581  56.767 0.0000000000
65392  43.101  -26.680  57.085 0.0000000000
65393  42.640  -26.768  56.470 0.0000000000
66640  42.779  -24.855  52.570 0.0000000000
67737  43.182  -24.538  53.150 0.0000000000
67736  43.687  -24.471  52.917 0.0000000000
66651  43.531  -25.048  51.499 0.0000000000
65571  39.650  -26.379  45.446 0.0000000000
65579  40.394  -26.999  44.249 0.0000000000
65590  39.790  -26.766  43.404 0.0000000000
65599  39.551  -26.845  42.306 0.0000000000
65600  38.780  -26.489  42.746 0.0000000000
63097  36.154  -28.553  41.395 0.0000000000
63112  35.818  -28.409  40.255 0.0000000000
59507  36.067  -31.757  44.000 0.0000000000
58225  35.577  -32.184  43.522 0.0000000000
53696  33.914  -36.191  53.689 0.0000000000
53708  34.612  -36.001  53.139 0.0000000000
53709  33.737  -36.141  52.962 0.0000000000
51523  30.635  -37.831  47.487 0.0000000000
52675  31.146  -37.166  48.051 0.0000000000
51530  30.545  -37.600  46.506 0.0000000000
52697  30.773  -36.915  45.966 0.0000000000
51539  27.342  -38.457  45.772 0.0000000000
50457  28.019  -38.832  46.143 0.0000000000
69064  52.867  -22.818  34.161 0.0000000000
70249  52.053  -22.447  33.859 0.0000000000
54627  25.807  -35.029  65.550 0.0000000000
55628  24.859  -34.128  67.424 0.0000000000
54609  25.089  -34.710  66.365 0.0000000000
54611  23.475  -35.349  66.287 0.0000000000
55646  26.621  -34.217  66.118 0.0000000000
54607  26.979  -34.452  65.551 0.0000000000
54710  41.173  -35.129  59.278 0.0000000000
54698  41.530  -34.592  59.657 0.0000000000
54720  41.273  -35.170  58.465 0.0000000000
54727  41.437  -34.366  57.102 0.0000000000
54719  41.670  -34.584  57.976 0.0000000000
55764  41.830  -33.718  57.531 0.0000000000
55754  42.245  -33.191  57.728 0.0000000000
55774  41.788  -33.535  56.658 0.0000000000
55773  42.331  -33.013  56.280 0.0000000000
54757  40.884  -33.906  53.971 0.0000000000
54764  40.473  -34.080  53.309 0.0000000000
54770  40.307  -33.933  52.235 0.0000000000
54776  39.822  -34.159  51.498 0.0000000000
54777  39.177  -34.639  52.111 0.0000000000
53745  37.961  -35.057  51.272 0.0000000000
53757  37.159  -35.403  50.035 0.0000000000
52681  21.441  -37.889  47.651 0.0000000000
52692  22.033  -37.623  47.086 0.0000000000
52693  21.614  -38.172  47.045 0.0000000000
69014  52.326  -21.831  37.743 0.0000000000
69015  51.830  -21.973  37.455 0.0000000000
70218  49.694  -22.263  36.488 0.0000000000
70217  50.279  -22.433  36.518 0.0000000000
69046  48.970  -23.118  35.577 0.0000000000
69047  47.897  -23.448  35.251 0.0000000000
51460  21.038  -37.736  54.538 0.0000000000
51442  20.615  -38.235  56.277 0.0000000000
51451  20.242  -38.223  55.231 0.0000000000
50363  19.245  -38.857  55.404 0.0000000000
49172  19.743  -39.355  60.640 0.0000000000
49186  19.117  -40.042  60.068 0.0000000000
48101  16.943  -41.230  58.834 0.0000000000
47004  16.295  -42.587  58.044 0.0000000000
45902  16.168  -43.287  57.478 0.0000000000
47005  15.778  -43.028  58.671 0.0000000000
52451  36.439  -36.409  61.735 0.0000000000
51361  34.964  -37.765  61.098 0.0000000000
51379  35.189  -37.881  60.448 0.0000000000
51378  36.186  -38.034  60.340 0.0000000000
51399  34.454  -37.504  59.840 0.0000000000
50300  32.675  -37.388  59.721 0.0000000000
50313  32.728  -37.387  59.349 0.0000000000
52523  26.591  -36.485  59.610 0.0000000000
52522  27.459  -36.611  59.243 0.0000000000
53654  24.587  -36.431  57.350 0.0000000000
53667  25.724  -36.514  55.752 0.0000000000
52597  22.543  -37.035  55.408 0.0000000000
52612  21.715  -37.169  53.899 0.0000000000
70130  45.033  -22.235  42.669 0.0000000000
70148  44.158  -22.502  41.577 0.0000000000
67849  43.647  -25.119  40.615 0.0000000000
68970  43.074  -23.943  40.959 0.0000000000
66768  44.602  -25.776  40.521 0.0000000000
50215  13.791  -39.190  66.454 0.0000000000
50233  14.007  -39.269  65.738 0.0000000000
49126  13.449  -39.791  65.309 0.0000000000
49140  13.637  -39.966  64.638 0.0000000000
49141  13.172  -40.576  65.080 0.0000000000
68863  54.436  -22.370  47.468 0.0000000000
68846  53.686  -22.289  48.236 0.0000000000
69990  53.114  -22.281  47.904 0.0000000000
69976  52.844  -22.199  48.803 0.0000000000
69991  52.379  -22.214  48.225 0.0000000000
66622  50.448  -24.543  53.367 0.0000000000
66634  50.535  -24.554  52.768 0.0000000000
65453  50.266  -25.169  52.892 0.0000000000
64190  48.625  -26.281  51.601 0.0000000000
65470  48.908  -25.980  51.240 0.0000000000
64204  47.872  -26.493  50.554 0.0000000000
65486  47.972  -26.101  50.148 0.0000000000
64220  47.450  -26.678  49.787 0.0000000000
64221  46.942  -27.048  49.302 0.0000000000
62900  47.257  -27.103  50.150 0.0000000000
62883  46.553  -27.024  50.917 0.0000000000
61637  46.049  -27.452  49.750 0.0000000000
61638  45.517  -27.259  49.936 0.0000000000
61588  40.514  -29.150  53.284 0.0000000000
62854  40.936  -27.997  53.859 0.0000000000
62870  40.347  -28.293  52.657 0.0000000000
64207  40.185  -27.337  51.022 0.0000000000
64195  40.548  -27.308  51.958 0.0000000000
65474  40.759  -26.686  51.176 0.0000000000
65473  41.152  -26.259  51.760 0.0000000000
65491  40.644  -26.408  50.334 0.0000000000
65544  38.660  -27.241  47.185 0.0000000000
65543  39.274  -26.792  47.465 0.0000000000
65561  38.722  -26.899  46.619 0.0000000000
65560  39.512  -26.351  46.405 0.0000000000
63039  36.904  -28.624  44.900 0.0000000000
63062  36.859  -28.408  44.084 0.0000000000
63063  36.503  -28.817  43.328 0.0000000000
55890  33.844  -34.104  43.597 0.0000000000
56939  33.952  -33.290  43.047 0.0000000000
55902  33.096  -34.086  42.375 0.0000000000
56976  31.705  -33.579  40.198 0.0000000000
56996  32.060  -33.038  39.827 0.0000000000
56997  31.460  -33.459  39.435 0.0000000000
51477  31.484  -37.800  52.592 0.0000000000
51485  31.867  -37.454  52.230 0.0000000000
50419  29.887  -38.457  49.488 0.0000000000
50432  30.488  -38.154  49.073 0.0000000000
50433  29.991  -38.429  48.336 0.0000000000
73577  58.199  -18.632  34.771 0.0000000000
73576  58.996  -18.220  34.621 0.0000000000
72424  58.420  -19.072  34.243 0.0000000000
71349  57.798  -20.070  33.636 0.0000000000
71340  57.613  -20.059  34.041 0.0000000000
52525  23.316  -37.049  59.527 0.0000000000
52493  23.251  -37.081  61.389 0.0000000000
51385  21.868  -38.251  60.330 0.0000000000
52494  22.513  -37.532  61.796 0.0000000000
53583  24.180  -36.041  63.519 0.0000000000
52463  22.134  -37.372  63.642 0.0000000000
51351  21.838  -38.071  62.133 0.0000000000
50256  21.221  -38.410  62.275 0.0000000000
51318  20.722  -37.940  64.341 0.0000000000
50257  20.676  -38.550  62.751 0.0000000000
50258  20.077  -38.570  63.171 0.0000000000
54644  31.804  -35.029  62.676 0.0000000000
52436  32.258  -35.883  61.900 0.0000000000
52456  31.958  -36.158  61.489 0.0000000000
52437  31.250  -35.709  61.979 0.0000000000
52458  30.079  -35.793  61.616 0.0000000000
51331  29.558  -36.035  61.163 0.0000000000
52459  29.282  -35.845  61.674 0.0000000000
53539  28.312  -35.143  63.951 0.0000000000
53579  28.185  -35.929  62.850 0.0000000000
52461  27.926  -36.113  62.223 0.0000000000
52476  27.998  -36.214  61.682 0.0000000000
52491  27.390  -36.340  61.255 0.0000000000
53608  26.613  -36.380  60.912 0.0000000000
53622  24.871  -36.460  60.632 0.0000000000
52524  24.035  -36.676  59.127 0.0000000000
65588  43.091  -26.323  43.086 0.0000000000
69917  50.245  -22.631  53.927 0.0000000000
69908  49.387  -22.599  54.871 0.0000000000
69907  50.016  -23.117  54.420 0.0000000000
68748  49.720  -23.448  54.673 0.0000000000
65404  49.219  -24.534  54.397 0.0000000000
67680  49.319  -23.633  54.828 0.0000000000
56753  41.623  -32.973  60.263 0.0000000000
61539  43.580  -29.256  57.649 0.0000000000
62779  43.506  -28.406  58.115 0.0000000000
61540  43.585  -29.042  57.239 0.0000000000
62793  43.357  -28.424  57.029 0.0000000000
61547  43.365  -29.348  56.684 0.0000000000
56811  42.613  -32.597  55.757 0.0000000000
58091  42.902  -32.007  55.451 0.0000000000
59333  41.556  -31.537  53.463 0.0000000000
59312  42.143  -31.455  54.398 0.0000000000
60436  41.755  -30.956  54.086 0.0000000000
60422  42.088  -30.383  54.874 0.0000000000
60437  41.041  -30.326  53.676 0.0000000000
60451  40.841  -30.894  53.000 0.0000000000
59393  39.956  -31.759  50.542 0.0000000000
60476  39.856  -31.064  51.091 0.0000000000
59394  39.261  -31.248  50.257 0.0000000000
60488  38.847  -30.707  49.991 0.0000000000
59408  38.506  -31.345  49.088 0.0000000000
60500  38.164  -30.914  48.742 0.0000000000
59420  38.445  -31.879  48.606 0.0000000000
56873  38.316  -33.282  47.604 0.0000000000
58161  38.391  -32.797  47.826 0.0000000000
56882  37.334  -33.476  46.665 0.0000000000
54800  38.578  -34.381  49.293 0.0000000000
55827  38.948  -34.078  49.464 0.0000000000
54810  38.273  -34.365  48.597 0.0000000000
54825  36.962  -34.457  47.123 0.0000000000
54837  36.486  -34.388  46.507 0.0000000000
56890  36.109  -33.929  45.528 0.0000000000
55858  35.668  -34.268  45.426 0.0000000000
55866  35.200  -34.382  44.938 0.0000000000
55859  35.279  -34.554  45.261 0.0000000000
53834  33.981  -35.275  44.910 0.0000000000
53854  33.325  -35.669  44.050 0.0000000000
51499  27.146  -37.399  49.828 0.0000000000
51509  27.615  -38.043  49.343 0.0000000000
52688  26.141  -36.981  47.439 0.0000000000
52698  26.410  -37.345  46.329 0.0000000000
52702  22.429  -37.708  46.265 0.0000000000
52701  23.198  -37.180  45.997 0.0000000000
52712  22.991  -37.825  45.656 0.0000000000
51542  24.048  -38.032  44.924 0.0000000000
51560  24.830  -38.277  44.568 0.0000000000
76143  56.375  -18.150  37.201 0.0000000000
74803  55.634  -18.300  36.406 0.0000000000
73570  54.722  -19.393  36.694 0.0000000000
70215  53.605  -21.599  35.917 0.0000000000
71344  54.342  -21.226  35.395 0.0000000000
69041  53.403  -22.838  35.135 0.0000000000
69032  51.613  -22.840  36.253 0.0000000000
69031  52.313  -22.729  36.062 0.0000000000
67906  50.677  -23.818  34.898 0.0000000000
50390  18.844  -39.320  52.174 0.0000000000
50391  18.455  -40.137  51.805 0.0000000000
51419  22.081  -37.878  58.435 0.0000000000
51420  21.416  -38.279  58.828 0.0000000000
50342  19.611  -39.114  57.567 0.0000000000
49211  18.693  -39.584  56.495 0.0000000000
50353  18.700  -39.445  55.959 0.0000000000
49212  18.097  -40.271  56.232 0.0000000000
49203  18.471  -40.462  58.542 0.0000000000
47032  16.545  -42.079  55.620 0.0000000000
48121  17.125  -41.311  56.365 0.0000000000
48130  16.716  -41.668  55.585 0.0000000000
52449  38.050  -36.338  61.811 0.0000000000
52470  38.403  -36.553  61.548 0.0000000000
52502  39.145  -37.143  60.136 0.0000000000
53607  38.978  -36.214  61.336 0.0000000000
53619  39.935  -36.102  60.085 0.0000000000
52501  39.690  -36.748  59.742 0.0000000000
52554  38.204  -37.279  57.776 0.0000000000
52553  38.971  -37.121  57.855 0.0000000000
52570  38.734  -37.036  57.120 0.0000000000
53666  38.820  -36.763  56.606 0.0000000000
52587  37.742  -36.868  56.165 0.0000000000
52601  37.355  -36.635  55.517 0.0000000000
52589  35.832  -36.782  55.706 0.0000000000
52590  34.759  -36.714  55.564 0.0000000000
52604  34.286  -36.463  54.939 0.0000000000
50369  31.844  -37.381  55.645 0.0000000000
51447  32.669  -37.136  55.941 0.0000000000
52592  32.844  -36.790  55.096 0.0000000000
51457  32.183  -37.152  54.962 0.0000000000
51467  31.978  -37.390  53.959 0.0000000000
49224  30.505  -37.679  54.270 0.0000000000
50380  30.951  -37.765  53.660 0.0000000000
49242  30.323  -37.937  53.350 0.0000000000
51365  31.651  -36.852  60.314 0.0000000000
50303  30.675  -37.278  59.466 0.0000000000
50327  30.898  -37.563  58.355 0.0000000000
51416  30.465  -37.497  58.262 0.0000000000
52541  27.610  -36.625  58.164 0.0000000000
52558  28.592  -37.201  57.023 0.0000000000
51439  29.042  -37.644  56.420 0.0000000000
51427  29.728  -37.589  56.938 0.0000000000
51438  29.633  -37.827  56.152 0.0000000000
50361  29.897  -37.873  55.490 0.0000000000
51448  29.302  -37.948  55.478 0.0000000000
51470  27.932  -37.523  53.679 0.0000000000
51478  28.356  -38.063  52.973 0.0000000000
51488  27.778  -37.764  51.710 0.0000000000
52639  27.211  -37.168  52.319 0.0000000000
53740  25.601  -36.378  52.252 0.0000000000
52641  25.697  -36.404  51.464 0.0000000000
53699  24.114  -36.383  54.140 0.0000000000
53713  24.143  -36.440  53.161 0.0000000000
52644  22.427  -36.974  50.934 0.0000000000
52654  23.198  -36.678  50.071 0.0000000000
52655  22.251  -37.056  49.897 0.0000000000
52667  22.098  -37.092  48.911 0.0000000000
52656  21.376  -37.395  49.572 0.0000000000
71266  49.380  -20.966  40.181 0.0000000000
72391  48.321  -20.677  38.836 0.0000000000
71288  47.724  -20.922  39.405 0.0000000000
71331  44.648  -21.940  37.757 0.0000000000
71330  45.581  -21.440  37.800 0.0000000000
71338  44.556  -22.275  37.020 0.0000000000
70184  43.380  -23.188  39.591 0.0000000000
70183  43.972  -22.439  39.535 0.0000000000
67880  44.163  -24.772  37.987 0.0000000000
64421  45.284  -27.297  37.440 0.0000000000
65612  43.662  -26.742  41.715 0.0000000000
65611  44.192  -26.715  41.246 0.0000000000
57867  24.627  -32.908  67.812 0.0000000000
56660  23.717  -33.514  68.534 0.0000000000
55593  23.230  -34.010  68.524 0.0000000000
54582  23.173  -34.369  67.966 0.0000000000
54568  22.827  -34.307  68.465 0.0000000000
53506  21.465  -36.224  68.225 0.0000000000
53519  21.577  -36.477  67.663 0.0000000000
52417  21.215  -37.388  66.891 0.0000000000
51298  19.474  -38.130  66.511 0.0000000000
50227  19.556  -38.826  64.857 0.0000000000
50245  19.074  -39.043  64.152 0.0000000000
51285  16.429  -38.279  67.599 0.0000000000
51270  16.814  -38.141  68.501 0.0000000000
52388  17.748  -37.454  69.685 0.0000000000
51269  17.911  -38.058  68.494 0.0000000000
51283  18.658  -38.152  67.413 0.0000000000
50247  16.976  -38.807  64.243 0.0000000000
50229  17.715  -39.011  65.035 0.0000000000
50259  17.870  -39.041  63.331 0.0000000000
50272  16.598  -39.197  62.256 0.0000000000
49175  16.918  -39.443  61.434 0.0000000000
50289  16.242  -39.371  61.743 0.0000000000
49190  15.030  -40.389  61.113 0.0000000000
77455  59.439  -15.963  38.308 0.0000000000
76115  58.063  -17.321  38.170 0.0000000000
74759  58.365  -18.470  38.973 0.0000000000
74774  57.627  -18.511  38.397 0.0000000000
73545  56.842  -19.676  38.452 0.0000000000
73538  57.240  -20.017  39.008 0.0000000000
74740  59.634  -18.751  40.375 0.0000000000
73529  59.733  -19.204  40.865 0.0000000000
71281  56.895  -20.801  40.168 0.0000000000
71280  57.567  -20.448  40.139 0.0000000000
71282  56.470  -21.391  39.904 0.0000000000
71305  56.439  -21.159  39.293 0.0000000000
70178  54.791  -21.814  39.288 0.0000000000
70160  53.984  -21.845  40.262 0.0000000000
71262  52.785  -21.548  39.807 0.0000000000
71243  52.705  -21.469  40.375 0.0000000000
70120  55.640  -22.183  42.520 0.0000000000
70144  52.407  -21.440  41.262 0.0000000000
71230  51.536  -21.387  41.656 0.0000000000
70125  49.785  -22.024  42.735 0.0000000000
70126  48.702  -21.999  42.803 0.0000000000
68884  52.035  -22.597  46.030 0.0000000000
70069  51.784  -22.544  44.924 0.0000000000
70071  49.359  -22.215  44.690 0.0000000000
70105  48.025  -22.127  43.697 0.0000000000
70106  47.058  -22.127  43.652 0.0000000000
70073  47.293  -22.206  44.538 0.0000000000
70052  46.521  -22.282  45.305 0.0000000000
70053  45.696  -22.417  45.119 0.0000000000
70054  44.960  -22.600  44.980 0.0000000000
68910  45.110  -22.869  45.689 0.0000000000
69956  53.585  -21.563  50.767 0.0000000000
68802  53.763  -21.901  50.159 0.0000000000
68803  53.226  -22.095  50.633 0.0000000000
67751  51.854  -23.141  50.849 0.0000000000
68816  52.472  -22.668  50.477 0.0000000000
68817  51.767  -23.095  50.449 0.0000000000
69978  51.028  -22.549  49.240 0.0000000000
68833  50.555  -23.341  49.822 0.0000000000
66659  50.329  -24.694  51.164 0.0000000000
67754  49.623  -24.729  50.286 0.0000000000
67771  48.000  -24.255  49.190 0.0000000000
68835  49.133  -23.740  49.518 0.0000000000
68848  48.616  -23.396  49.151 0.0000000000
68847  49.284  -23.179  49.307 0.0000000000
69996  47.737  -22.798  48.403 0.0000000000
68865  47.304  -23.021  48.360 0.0000000000
67781  45.516  -24.380  47.121 0.0000000000
68867  45.901  -23.598  47.367 0.0000000000
68887  44.806  -23.634  45.979 0.0000000000
67796  44.435  -24.439  45.706 0.0000000000
66719  44.740  -25.384  46.066 0.0000000000
65557  44.588  -26.327  45.702 0.0000000000
64284  44.296  -27.214  45.474 0.0000000000
64285  43.782  -27.281  44.745 0.0000000000
62941  45.835  -27.392  48.472 0.0000000000
62968  45.597  -27.432  47.838 0.0000000000
61710  43.587  -28.616  46.453 0.0000000000
61709  44.254  -28.181  46.585 0.0000000000
63015  43.783  -28.154  45.394 0.0000000000
67672  47.632  -23.152  56.153 0.0000000000
66573  48.048  -23.343  55.620 0.0000000000
66586  48.081  -24.035  55.369 0.0000000000
67674  43.474  -24.707  57.703 0.0000000000
67661  43.964  -24.563  58.645 0.0000000000
67673  43.795  -24.142  58.032 0.0000000000
68712  44.446  -23.650  58.809 0.0000000000
68725  44.211  -23.506  57.919 0.0000000000
66602  42.247  -25.896  55.425 0.0000000000
66616  42.202  -25.616  54.652 0.0000000000
68768  43.565  -23.820  54.737 0.0000000000
68738  44.481  -23.122  56.694 0.0000000000
68751  44.937  -23.084  55.539 0.0000000000
66625  45.885  -24.593  53.060 0.0000000000
67708  46.124  -24.111  54.046 0.0000000000
66624  46.378  -24.752  53.327 0.0000000000
65455  46.336  -25.362  52.657 0.0000000000
64175  46.363  -26.074  51.953 0.0000000000
65456  45.762  -25.660  51.952 0.0000000000
65487  44.055  -26.002  50.487 0.0000000000
64193  44.667  -26.423  50.462 0.0000000000
64205  44.033  -26.633  50.114 0.0000000000
62904  44.001  -27.164  49.701 0.0000000000
66676  41.527  -25.546  49.253 0.0000000000
66675  42.212  -25.544  49.541 0.0000000000
66686  42.096  -25.563  48.763 0.0000000000
64264  41.722  -27.071  46.835 0.0000000000
64263  41.877  -26.603  47.379 0.0000000000
64242  41.985  -27.139  47.511 0.0000000000
62943  42.211  -27.545  47.895 0.0000000000
62944  41.888  -27.710  47.389 0.0000000000
62970  41.705  -27.985  46.780 0.0000000000
64314  40.409  -27.622  43.214 0.0000000000
65615  37.901  -26.750  42.220 0.0000000000
64351  37.214  -27.111  41.687 0.0000000000
64408  37.249  -27.562  39.225 0.0000000000
64387  37.914  -27.236  39.849 0.0000000000
60557  36.909  -31.139  45.600 0.0000000000
60598  36.272  -30.963  43.663 0.0000000000
60610  36.064  -30.675  42.869 0.0000000000
61795  36.169  -29.689  42.636 0.0000000000
60622  35.787  -30.528  42.036 0.0000000000
58258  34.832  -31.914  41.895 0.0000000000
59563  33.725  -30.854  39.230 0.0000000000
59551  34.089  -31.079  39.938 0.0000000000
53693  36.658  -36.270  54.448 0.0000000000
53706  36.510  -36.120  53.562 0.0000000000
53736  34.159  -35.650  51.347 0.0000000000
53735  35.322  -35.613  51.276 0.0000000000
53748  35.614  -35.541  50.152 0.0000000000
54778  34.725  -35.461  50.525 0.0000000000
53738  32.588  -36.401  50.922 0.0000000000
53775  32.089  -36.037  48.097 0.0000000000
54789  32.733  -35.627  49.313 0.0000000000
54797  32.695  -35.615  48.503 0.0000000000
54803  34.114  -35.645  48.392 0.0000000000
54804  33.482  -35.550  47.939 0.0000000000
53788  33.848  -35.685  47.106 0.0000000000
54815  32.781  -35.675  46.961 0.0000000000
52706  31.433  -36.213  44.850 0.0000000000
53818  31.918  -35.966  45.396 0.0000000000
52725  31.702  -36.053  44.250 0.0000000000
52744  31.925  -35.945  43.757 0.0000000000
52745  31.024  -36.526  43.795 0.0000000000
50422  28.155  -38.540  48.711 0.0000000000
50421  28.717  -38.712  48.988 0.0000000000
50434  28.647  -38.836  48.043 0.0000000000
49309  28.781  -39.501  46.901 0.0000000000
49326  28.872  -39.075  46.498 0.0000000000
49343  27.861  -38.534  44.598 0.0000000000
49359  28.021  -38.590  43.935 0.0000000000
49357  29.174  -38.521  44.690 0.0000000000
50474  29.733  -38.188  44.368 0.0000000000
51556  30.178  -37.852  44.639 0.0000000000
51586  29.510  -37.885  42.530 0.0000000000
51585  29.826  -37.775  43.074 0.0000000000
52763  30.448  -36.794  42.269 0.0000000000
72432  59.033  -18.458  32.982 0.0000000000
72427  55.797  -20.314  34.855 0.0000000000
69053  55.316  -22.396  34.007 0.0000000000
69061  55.497  -22.135  33.598 0.0000000000
69060  56.149  -21.983  33.505 0.0000000000
71335  47.424  -21.315  36.830 0.0000000000
71334  48.334  -21.211  36.942 0.0000000000
70220  46.987  -22.009  36.094 0.0000000000
55626  26.225  -33.931  66.761 0.0000000000
54592  25.788  -34.192  66.872 0.0000000000
55627  25.366  -34.037  67.281 0.0000000000
53650  40.599  -35.568  57.169 0.0000000000
53663  40.535  -35.445  56.499 0.0000000000
53677  40.618  -35.212  56.151 0.0000000000
54748  40.694  -34.894  55.542 0.0000000000
54765  39.788  -34.829  53.914 0.0000000000
54772  39.217  -34.813  53.126 0.0000000000
53731  38.571  -34.985  52.718 0.0000000000
53732  37.895  -35.236  52.333 0.0000000000
70182  51.998  -21.524  38.535 0.0000000000
70199  51.762  -21.660  37.937 0.0000000000
70200  51.168  -21.536  37.754 0.0000000000
70219  48.498  -22.100  36.226 0.0000000000
52581  21.851  -37.385  55.848 0.0000000000
49173  18.993  -39.672  60.869 0.0000000000
49187  18.066  -40.365  60.130 0.0000000000
46999  15.912  -42.306  58.692 0.0000000000
52433  35.183  -36.270  62.118 0.0000000000
52452  35.598  -36.516  61.820 0.0000000000
51324  35.187  -36.946  61.731 0.0000000000
51343  34.674  -37.317  61.436 0.0000000000
50283  33.256  -37.314  60.252 0.0000000000
50284  32.604  -37.185  60.146 0.0000000000
53643  24.718  -36.464  58.512 0.0000000000
53669  24.010  -36.481  56.475 0.0000000000
70109  44.254  -22.694  43.342 0.0000000000
70132  43.530  -22.966  42.210 0.0000000000
70110  43.734  -22.931  42.888 0.0000000000
67835  43.124  -24.824  41.680 0.0000000000
50216  13.022  -39.505  66.668 0.0000000000
68844  55.074  -21.700  48.397 0.0000000000
65438  49.774  -25.445  53.197 0.0000000000
65454  49.739  -25.660  52.562 0.0000000000
64172  49.214  -25.872  52.779 0.0000000000
64173  48.632  -26.225  52.282 0.0000000000
62881  48.063  -26.596  51.377 0.0000000000
62882  47.511  -26.862  51.022 0.0000000000
62868  46.507  -26.540  51.502 0.0000000000
62887  39.643  -28.978  51.482 0.0000000000
62886  39.951  -28.382  51.719 0.0000000000
62906  39.493  -28.565  50.864 0.0000000000
64225  39.476  -27.684  49.825 0.0000000000
65507  39.570  -27.182  49.124 0.0000000000
64243  39.246  -27.797  48.937 0.0000000000
64266  38.585  -27.734  47.725 0.0000000000
64278  38.225  -27.776  46.868 0.0000000000
64279  37.688  -28.145  46.224 0.0000000000
50407  30.923  -38.419  51.254 0.0000000000
50408  30.213  -38.572  50.863 0.0000000000
76160  59.454  -16.677  35.379 0.0000000000
74802  58.283  -17.772  35.187 0.0000000000
53610  24.717  -36.425  61.592 0.0000000000
53544  23.574  -35.677  65.138 0.0000000000
53568  23.125  -36.179  64.663 0.0000000000
51317  21.405  -37.714  64.012 0.0000000000
53536  30.966  -34.948  62.972 0.0000000000
53560  30.619  -35.343  62.647 0.0000000000
53563  28.149  -35.730  63.369 0.0000000000
53595  26.797  -36.258  61.941 0.0000000000
57995  41.740  -32.221  59.034 0.0000000000
59197  41.941  -31.087  59.187 0.0000000000
60360  41.842  -30.306  59.296 0.0000000000
62749  42.834  -28.510  59.156 0.0000000000
62748  43.100  -28.090  59.215 0.0000000000
61524  43.089  -28.992  58.673 0.0000000000
60385  43.528  -29.908  57.864 0.0000000000
60396  43.608  -30.055  57.318 0.0000000000
56832  41.517  -32.877  53.773 0.0000000000
58124  41.606  -32.410  53.107 0.0000000000
59357  41.497  -31.967  52.846 0.0000000000
59358  40.921  -31.572  52.477 0.0000000000
59378  40.707  -32.037  51.399 0.0000000000
59392  40.557  -32.295  50.904 0.0000000000
59406  39.672  -32.028  49.927 0.0000000000
59419  38.860  -32.255  49.180 0.0000000000
58154  38.841  -32.810  48.983 0.0000000000
58160  38.615  -33.185  48.373 0.0000000000
56872  38.458  -33.539  47.993 0.0000000000
54802  37.385  -34.812  48.497 0.0000000000
54811  37.789  -34.539  48.118 0.0000000000
54813  36.520  -34.714  47.408 0.0000000000
54826  36.255  -34.668  46.825 0.0000000000
54839  35.319  -34.686  45.538 0.0000000000
53814  35.628  -34.884  46.558 0.0000000000
53816  33.806  -35.533  45.548 0.0000000000
52677  25.449  -36.568  48.311 0.0000000000
52689  25.134  -36.440  47.475 0.0000000000
53804  24.873  -36.412  47.049 0.0000000000
73547  55.412  -20.272  37.687 0.0000000000
73561  54.494  -20.076  37.066 0.0000000000
72417  54.411  -20.457  37.083 0.0000000000
70216  53.225  -21.921  36.293 0.0000000000
69030  52.973  -22.549  35.851 0.0000000000
67898  49.414  -23.797  35.120 0.0000000000
67897  50.329  -23.686  35.224 0.0000000000
50384  18.277  -39.854  52.789 0.0000000000
50340  20.922  -38.575  58.513 0.0000000000
50329  20.930  -38.683  59.088 0.0000000000
50331  19.916  -39.148  58.309 0.0000000000
49202  19.274  -39.691  58.330 0.0000000000
48112  17.169  -41.495  57.283 0.0000000000
47011  16.720  -42.036  56.812 0.0000000000
51340  37.480  -37.207  61.242 0.0000000000
52488  38.077  -36.977  61.331 0.0000000000
51358  37.887  -37.393  60.744 0.0000000000
51357  38.543  -37.365  60.344 0.0000000000
51375  38.654  -37.502  59.743 0.0000000000
52519  39.108  -37.224  59.286 0.0000000000
52572  37.017  -37.179  56.811 0.0000000000
50346  32.267  -37.359  57.530 0.0000000000
51426  32.769  -37.226  57.782 0.0000000000
50357  32.077  -37.365  56.641 0.0000000000
50370  31.316  -37.564  55.226 0.0000000000
50372  30.213  -37.766  54.619 0.0000000000
51348  30.379  -36.440  60.614 0.0000000000
51366  30.814  -36.933  60.065 0.0000000000
51401  29.739  -37.178  59.016 0.0000000000
52559  27.842  -36.923  57.151 0.0000000000
52577  27.340  -37.057  56.313 0.0000000000
52629  27.277  -37.090  53.234 0.0000000000
52630  26.545  -36.707  52.953 0.0000000000
53739  26.020  -36.462  52.654 0.0000000000
53741  25.160  -36.333  51.947 0.0000000000
52622  22.546  -36.770  53.219 0.0000000000
51500  20.715  -37.886  50.252 0.0000000000
51501  20.008  -38.724  49.847 0.0000000000
71289  46.631  -21.299  39.582 0.0000000000
71315  44.868  -21.704  38.859 0.0000000000
67869  44.354  -25.098  39.141 0.0000000000
67870  43.802  -24.316  38.744 0.0000000000
53495  20.681  -36.068  69.400 0.0000000000
52394  20.879  -36.544  68.772 0.0000000000
52407  20.408  -37.252  67.776 0.0000000000
51282  19.765  -37.529  67.553 0.0000000000
51286  15.453  -38.386  67.557 0.0000000000
50198  15.990  -38.429  66.804 0.0000000000
50197  16.968  -38.395  66.748 0.0000000000
50211  17.378  -38.682  65.909 0.0000000000
50273  15.946  -39.131  62.744 0.0000000000
50290  15.723  -39.386  62.027 0.0000000000
50291  15.207  -39.512  62.434 0.0000000000
76092  59.258  -17.136  39.065 0.0000000000
74758  59.228  -18.317  39.731 0.0000000000
72379  58.912  -19.789  41.057 0.0000000000
71259  58.350  -20.198  41.013 0.0000000000
70176  56.528  -21.508  40.469 0.0000000000
70158  56.013  -21.941  40.823 0.0000000000
70141  55.358  -22.093  41.525 0.0000000000
68956  55.374  -22.644  44.107 0.0000000000
70099  55.059  -22.442  43.318 0.0000000000
70048  50.670  -22.321  45.814 0.0000000000
70050  48.500  -22.179  45.624 0.0000000000
70033  46.500  -22.369  46.342 0.0000000000
68793  52.525  -22.202  51.485 0.0000000000
68804  52.870  -22.355  50.811 0.0000000000
67731  52.147  -22.742  51.276 0.0000000000
67745  51.903  -23.059  51.129 0.0000000000
67752  51.142  -23.730  51.009 0.0000000000
66661  48.863  -25.385  50.305 0.0000000000
66672  49.206  -24.982  50.212 0.0000000000
66673  48.509  -25.084  49.918 0.0000000000
66683  48.114  -24.820  49.519 0.0000000000
67772  47.330  -24.372  48.814 0.0000000000
68850  47.083  -23.672  48.520 0.0000000000
67773  46.651  -24.368  48.367 0.0000000000
66718  45.202  -25.344  46.813 0.0000000000
64275  45.273  -26.994  46.739 0.0000000000
60496  44.742  -27.875  47.942 0.0000000000
61684  44.987  -27.831  47.683 0.0000000000
60512  44.268  -28.097  47.519 0.0000000000
61686  44.005  -28.387  47.131 0.0000000000
61733  42.535  -29.189  45.631 0.0000000000
67660  47.503  -22.642  56.665 0.0000000000
68722  47.033  -23.355  56.432 0.0000000000
65365  43.711  -26.510  58.257 0.0000000000
66561  43.809  -25.725  58.569 0.0000000000
66574  43.136  -25.725  57.296 0.0000000000
66626  42.217  -25.373  53.694 0.0000000000
67712  42.555  -24.821  54.441 0.0000000000
67724  42.845  -24.634  53.598 0.0000000000
67710  43.905  -23.949  54.055 0.0000000000
68782  45.073  -23.656  54.018 0.0000000000
67722  44.238  -24.153  53.385 0.0000000000
67735  44.511  -24.439  52.756 0.0000000000
66638  44.836  -24.764  52.179 0.0000000000
66649  45.218  -25.272  51.871 0.0000000000
66650  44.534  -25.210  51.481 0.0000000000
66662  44.041  -25.512  50.977 0.0000000000
65488  43.375  -26.037  50.046 0.0000000000
66702  40.726  -25.754  47.560 0.0000000000
66701  41.393  -25.675  47.798 0.0000000000
65558  41.210  -26.684  46.090 0.0000000000
65569  41.203  -27.067  45.663 0.0000000000
64286  41.177  -27.621  45.472 0.0000000000
65589  40.376  -27.209  43.712 0.0000000000
64330  40.055  -27.349  42.418 0.0000000000
64350  39.200  -26.958  41.372 0.0000000000
64371  36.566  -27.605  41.038 0.0000000000
59468  36.818  -31.726  45.356 0.0000000000
60558  36.636  -31.190  44.927 0.0000000000
59523  35.875  -31.535  43.106 0.0000000000
58275  33.166  -32.315  40.432 0.0000000000
58274  33.876  -31.862  40.784 0.0000000000
58286  32.852  -31.844  39.263 0.0000000000
53694  35.682  -36.232  54.355 0.0000000000
53722  34.437  -35.827  52.226 0.0000000000
52661  31.889  -36.788  49.803 0.0000000000
53762  31.608  -36.602  48.414 0.0000000000
53789  32.188  -35.991  47.244 0.0000000000
53790  31.652  -36.260  46.846 0.0000000000
52707  30.797  -36.842  45.188 0.0000000000
50447  28.012  -38.898  47.007 0.0000000000
49410  27.204  -39.768  42.231 0.0000000000
49386  27.600  -38.962  42.898 0.0000000000
50494  28.892  -38.566  43.346 0.0000000000
50493  29.384  -38.312  43.585 0.0000000000
70227  54.925  -22.004  34.657 0.0000000000
69039  54.910  -22.367  34.301 0.0000000000
69050  44.823  -23.431  35.495 0.0000000000
67902  44.644  -24.524  35.151 0.0000000000
53542  25.366  -35.318  64.801 0.0000000000
53543  24.386  -35.397  64.932 0.0000000000
54629  23.935  -35.290  65.679 0.0000000000
54630  23.337  -35.632  65.812 0.0000000000
53527  22.813  -35.856  66.490 0.0000000000
54625  27.554  -34.724  64.669 0.0000000000
54685  41.178  -34.448  60.414 0.0000000000
55729  41.656  -33.828  59.988 0.0000000000
55742  41.771  -33.948  59.062 0.0000000000
56780  41.941  -33.231  58.332 0.0000000000
56765  42.164  -32.601  58.387 0.0000000000
56779  42.561  -32.666  57.961 0.0000000000
58030  42.936  -32.008  57.713 0.0000000000
58051  43.087  -31.977  57.078 0.0000000000
56802  42.862  -32.650  56.639 0.0000000000
55783  42.224  -32.910  55.826 0.0000000000
56812  42.163  -32.842  55.548 0.0000000000
54747  41.149  -34.092  54.980 0.0000000000
55795  41.380  -33.417  54.424 0.0000000000
55804  41.063  -33.523  53.321 0.0000000000
55817  40.568  -33.547  51.671 0.0000000000
55822  39.978  -33.759  50.647 0.0000000000
54783  39.552  -34.239  50.591 0.0000000000
54792  39.112  -34.318  49.976 0.0000000000
54793  38.383  -34.802  49.953 0.0000000000
54785  38.284  -34.909  50.613 0.0000000000
53769  37.723  -35.088  49.677 0.0000000000
53770  37.173  -35.171  49.117 0.0000000000
52679  22.814  -36.816  48.283 0.0000000000
53778  23.574  -36.504  47.830 0.0000000000
51534  22.124  -38.445  46.263 0.0000000000
50460  21.479  -39.386  46.668 0.0000000000
50459  22.193  -39.296  46.205 0.0000000000
69033  50.798  -22.696  36.415 0.0000000000
69025  51.166  -22.295  36.950 0.0000000000
69045  50.069  -23.256  35.653 0.0000000000
51472  20.162  -38.054  53.041 0.0000000000
51462  19.503  -38.489  53.646 0.0000000000
51452  19.604  -38.473  54.548 0.0000000000
50375  18.251  -39.578  53.846 0.0000000000
49227  17.846  -40.108  54.314 0.0000000000
49171  20.369  -39.119  60.501 0.0000000000
48100  17.756  -41.020  58.690 0.0000000000
47003  16.709  -42.076  57.495 0.0000000000
52473  35.942  -36.745  61.590 0.0000000000
52472  36.681  -36.816  61.589 0.0000000000
51341  36.767  -37.248  61.332 0.0000000000
51359  36.951  -37.651  60.866 0.0000000000
51413  35.570  -37.721  58.770 0.0000000000
51414  34.281  -37.420  58.976 0.0000000000
51415  33.589  -37.248  58.750 0.0000000000
50298  33.741  -37.402  59.935 0.0000000000
50324  32.898  -37.322  58.962 0.0000000000
50335  32.629  -37.274  58.287 0.0000000000
50336  31.911  -37.453  58.014 0.0000000000
50337  31.292  -37.555  57.754 0.0000000000
52504  28.404  -36.469  59.795 0.0000000000
53684  25.787  -36.618  55.042 0.0000000000
53697  25.592  -36.559  54.481 0.0000000000
52610  23.310  -36.558  54.810 0.0000000000
70146  45.748  -22.018  42.059 0.0000000000
71250  45.595  -21.889  41.290 0.0000000000
70163  44.693  -22.171  41.162 0.0000000000
70164  44.229  -22.345  40.610 0.0000000000
70165  43.324  -23.025  40.319 0.0000000000
68984  43.308  -23.953  40.047 0.0000000000
51272  14.623  -38.367  68.238 0.0000000000
50263  14.314  -39.519  64.294 0.0000000000
49152  13.789  -40.301  63.966 0.0000000000
48074  13.724  -41.328  63.722 0.0000000000
48066  13.247  -41.402  64.869 0.0000000000
68906  54.007  -22.698  45.575 0.0000000000
68907  53.049  -22.702  45.644 0.0000000000
68883  52.518  -22.579  46.262 0.0000000000
68864  53.689  -22.512  47.361 0.0000000000
70008  53.155  -22.451  47.295 0.0000000000
70028  51.804  -22.364  46.733 0.0000000000
70010  52.022  -22.239  47.573 0.0000000000
70011  51.146  -22.168  47.628 0.0000000000
69993  50.553  -22.263  48.557 0.0000000000
68781  50.867  -23.384  52.736 0.0000000000
67733  50.879  -24.081  52.078 0.0000000000
66646  50.650  -24.442  52.148 0.0000000000
66647  50.313  -25.065  51.860 0.0000000000
66648  49.846  -25.321  51.322 0.0000000000
65469  49.540  -25.717  51.792 0.0000000000
65484  49.299  -25.632  51.136 0.0000000000
65502  48.336  -25.666  50.139 0.0000000000
64261  46.094  -26.784  48.067 0.0000000000
64239  46.645  -26.756  48.730 0.0000000000
62940  46.292  -27.280  48.909 0.0000000000
61668  45.852  -27.427  48.736 0.0000000000
61653  45.924  -27.435  49.097 0.0000000000
60485  44.869  -27.743  48.435 0.0000000000
60486  44.558  -27.698  48.661 0.0000000000
60498  43.788  -27.945  48.313 0.0000000000
68697  45.835  -22.519  59.119 0.0000000000
62838  41.745  -28.238  54.906 0.0000000000
64144  42.027  -27.539  55.246 0.0000000000
64145  41.615  -27.386  54.614 0.0000000000
64161  41.229  -27.253  53.917 0.0000000000
65424  41.630  -26.689  54.246 0.0000000000
64178  40.700  -27.507  52.860 0.0000000000
64177  41.080  -26.913  53.164 0.0000000000
65442  41.557  -26.255  53.558 0.0000000000
65457  41.364  -26.174  52.666 0.0000000000
66641  41.798  -25.450  52.070 0.0000000000
66653  41.696  -25.546  51.101 0.0000000000
66677  40.930  -25.729  48.987 0.0000000000
65506  40.129  -26.432  49.233 0.0000000000
65542  40.188  -26.014  47.029 0.0000000000
65591  38.763  -26.516  43.792 0.0000000000
65592  37.950  -27.093  44.063 0.0000000000
64301  37.412  -27.725  44.523 0.0000000000
64316  37.021  -27.683  43.451 0.0000000000
64332  36.678  -27.859  42.672 0.0000000000
58203  35.371  -33.349  44.489 0.0000000000
58226  35.179  -32.857  43.870 0.0000000000
56938  34.625  -33.130  43.546 0.0000000000
56955  33.722  -32.993  42.278 0.0000000000
58260  33.298  -32.670  41.260 0.0000000000
56956  33.192  -33.293  41.822 0.0000000000
58276  32.517  -32.759  40.123 0.0000000000
52617  32.528  -36.969  53.353 0.0000000000
52627  33.070  -36.562  52.892 0.0000000000
52628  32.515  -36.918  52.392 0.0000000000
52637  32.105  -37.104  51.478 0.0000000000
52638  31.673  -37.513  50.888 0.0000000000
51496  31.247  -37.997  50.617 0.0000000000
52649  31.552  -37.433  50.118 0.0000000000
51517  30.894  -37.823  48.596 0.0000000000
50476  26.314  -38.563  43.744 0.0000000000
50475  27.241  -38.358  44.423 0.0000000000
49361  26.472  -38.868  43.175 0.0000000000
48302  26.560  -40.282  42.373 0.0000000000
73575  59.264  -17.866  34.026 0.0000000000
74809  59.248  -17.656  34.802 0.0000000000
72434  58.386  -19.345  33.701 0.0000000000
71356  57.809  -20.365  32.986 0.0000000000
70244  56.841  -21.244  33.294 0.0000000000
52544  23.406  -36.991  58.598 0.0000000000
52526  22.599  -37.560  59.924 0.0000000000
51386  21.391  -38.566  60.194 0.0000000000
50287  21.412  -38.564  60.850 0.0000000000
53584  23.332  -36.264  63.823 0.0000000000
52462  22.838  -36.818  63.293 0.0000000000
50288  20.907  -38.868  61.075 0.0000000000
49159  20.355  -38.927  61.217 0.0000000000
49147  20.340  -38.788  61.924 0.0000000000
49149  19.084  -38.986  62.644 0.0000000000
51327  32.638  -36.538  61.097 0.0000000000
51328  31.615  -36.358  61.056 0.0000000000
51329  30.674  -36.193  61.054 0.0000000000
51349  29.740  -36.228  60.803 0.0000000000
51350  29.360  -36.192  60.902 0.0000000000
53538  29.150  -34.959  63.604 0.0000000000
52440  28.804  -35.737  62.673 0.0000000000
52441  28.424  -35.848  62.835 0.0000000000
52475  28.865  -36.153  61.168 0.0000000000
52506  26.576  -36.478  60.144 0.0000000000
53621  25.940  -36.415  60.219 0.0000000000
66745  43.083  -25.276  43.371 0.0000000000
65598  43.210  -26.507  42.214 0.0000000000
69928  52.927  -21.490  51.590 0.0000000000
69929  52.322  -21.905  51.923 0.0000000000
69930  51.698  -22.130  52.450 0.0000000000
69931  51.305  -22.297  52.730 0.0000000000
68762  51.179  -22.847  52.613 0.0000000000
68763  50.879  -22.893  53.107 0.0000000000
67706  50.614  -23.979  53.466 0.0000000000
66611  50.458  -24.395  53.596 0.0000000000
68747  50.135  -23.561  54.364 0.0000000000
66612  50.258  -24.541  53.868 0.0000000000
65419  49.575  -25.041  53.869 0.0000000000
65420  48.589  -25.181  53.982 0.0000000000
64095  43.690  -27.435  58.332 0.0000000000
64108  43.428  -27.528  57.596 0.0000000000
59276  43.274  -30.937  56.857 0.0000000000
60407  43.158  -30.266  56.195 0.0000000000
58092  42.543  -32.069  54.799 0.0000000000
59311  42.691  -31.350  55.111 0.0000000000
61559  42.933  -29.430  55.984 0.0000000000
61560  42.402  -29.439  55.532 0.0000000000
62824  42.256  -28.466  55.593 0.0000000000
61574  41.443  -28.790  54.578 0.0000000000
60438  40.481  -29.810  53.059 0.0000000000
59359  40.324  -30.983  52.060 0.0000000000
60465  39.871  -30.453  51.545 0.0000000000
61622  39.896  -29.506  51.887 0.0000000000
60466  39.428  -30.065  51.113 0.0000000000
61657  38.902  -29.835  50.159 0.0000000000
61673  38.133  -29.835  48.704 0.0000000000
61674  37.900  -30.457  48.381 0.0000000000
60515  37.410  -31.035  47.389 0.0000000000
59453  37.552  -31.897  47.007 0.0000000000
59434  38.382  -32.290  48.118 0.0000000000
59467  37.110  -31.981  46.123 0.0000000000
59483  36.781  -32.254  45.519 0.0000000000
58201  36.462  -32.724  45.344 0.0000000000
56901  36.146  -33.148  45.215 0.0000000000
55826  39.363  -33.843  49.662 0.0000000000
55833  38.674  -33.922  48.873 0.0000000000
56880  38.227  -33.797  47.645 0.0000000000
54824  37.497  -34.423  47.587 0.0000000000
55847  37.682  -34.073  47.240 0.0000000000
56889  36.541  -33.520  45.777 0.0000000000
56903  35.248  -33.888  44.618 0.0000000000
55879  34.848  -34.210  44.520 0.0000000000
55880  34.210  -34.392  44.191 0.0000000000
54844  34.556  -34.858  44.924 0.0000000000
54862  34.072  -34.926  44.590 0.0000000000
54874  33.347  -35.239  43.514 0.0000000000
51497  28.288  -38.260  51.211 0.0000000000
50410  28.648  -38.541  50.261 0.0000000000
51518  27.575  -38.142  48.390 0.0000000000
51519  26.998  -37.545  47.972 0.0000000000
51525  27.515  -38.296  47.465 0.0000000000
51533  26.903  -38.007  46.146 0.0000000000
51540  26.739  -38.040  45.389 0.0000000000
53793  23.802  -36.498  47.052 0.0000000000
53805  24.468  -36.508  46.588 0.0000000000
52700  24.740  -36.657  45.974 0.0000000000
52711  23.650  -37.518  45.353 0.0000000000
52728  25.490  -37.777  44.900 0.0000000000
52727  25.925  -37.865  44.934 0.0000000000
51559  25.859  -38.172  44.465 0.0000000000
76163  56.568  -17.225  36.355 0.0000000000
76175  56.507  -17.603  35.522 0.0000000000
76176  56.066  -17.800  36.115 0.0000000000
73580  54.989  -19.451  35.634 0.0000000000
72428  54.885  -20.574  35.270 0.0000000000
72421  54.130  -20.546  36.140 0.0000000000
69040  54.238  -22.501  34.611 0.0000000000
69022  52.923  -21.997  36.757 0.0000000000
67896  50.987  -23.637  35.272 0.0000000000
67905  51.160  -23.699  35.082 0.0000000000
69042  52.438  -23.208  35.352 0.0000000000
50401  18.582  -40.230  51.260 0.0000000000
51429  22.069  -37.768  57.859 0.0000000000
51431  20.808  -38.307  57.128 0.0000000000
50351  20.085  -38.631  56.939 0.0000000000
49196  19.931  -39.345  59.283 0.0000000000
48111  17.713  -40.910  56.967 0.0000000000
48120  17.634  -40.851  56.433 0.0000000000
49219  17.228  -40.948  55.474 0.0000000000
54672  40.232  -34.757  61.133 0.0000000000
55718  40.812  -34.375  60.897 0.0000000000
53618  40.504  -35.564  59.665 0.0000000000
53641  40.171  -36.178  58.562 0.0000000000
52536  39.350  -37.038  58.463 0.0000000000
52535  39.781  -36.602  58.249 0.0000000000
53651  39.960  -36.256  57.646 0.0000000000
53665  39.378  -36.522  56.839 0.0000000000
53680  38.731  -36.441  55.963 0.0000000000
53691  38.525  -36.120  54.930 0.0000000000
53692  37.566  -36.292  54.770 0.0000000000
52588  36.786  -36.938  55.975 0.0000000000
52603  36.062  -36.418  54.983 0.0000000000
51435  34.851  -37.315  57.210 0.0000000000
52575  34.198  -37.064  56.217 0.0000000000
52591  33.655  -36.793  55.554 0.0000000000
50379  31.362  -37.615  54.079 0.0000000000
50386  31.199  -37.878  53.104 0.0000000000
51364  32.468  -36.817  60.527 0.0000000000
50285  31.871  -37.092  60.027 0.0000000000
50301  31.985  -37.318  59.587 0.0000000000
51381  30.686  -37.178  59.662 0.0000000000
50302  31.159  -37.255  59.617 0.0000000000
50315  31.412  -37.470  59.043 0.0000000000
50338  30.779  -37.540  57.464 0.0000000000
51418  29.162  -37.095  58.424 0.0000000000
51417  29.962  -37.433  58.015 0.0000000000
50339  30.310  -37.555  57.216 0.0000000000
50373  29.615  -37.945  54.614 0.0000000000
50382  29.367  -38.157  53.703 0.0000000000
50389  29.022  -38.537  52.689 0.0000000000
52651  26.682  -36.870  50.730 0.0000000000
53763  23.945  -36.355  49.206 0.0000000000
53712  24.815  -36.420  53.484 0.0000000000
53727  24.775  -36.380  52.537 0.0000000000
52631  24.291  -36.417  52.300 0.0000000000
52632  23.622  -36.504  52.479 0.0000000000
53751  23.710  -36.460  49.704 0.0000000000
51520  20.832  -38.335  48.188 0.0000000000
51511  20.714  -38.087  49.194 0.0000000000
51521  20.505  -39.142  47.839 0.0000000000
71311  49.497  -20.807  38.397 0.0000000000
72403  48.700  -20.738  38.462 0.0000000000
71328  47.847  -20.768  37.767 0.0000000000
71336  46.268  -21.534  36.875 0.0000000000
71313  47.105  -20.969  38.649 0.0000000000
70222  44.912  -22.380  36.331 0.0000000000
71291  44.682  -21.906  39.964 0.0000000000
70201  44.108  -22.411  38.475 0.0000000000
70213  43.717  -22.955  38.242 0.0000000000
67881  43.758  -23.963  38.050 0.0000000000
69026  43.917  -23.705  37.243 0.0000000000
66755  44.498  -26.246  41.026 0.0000000000
56673  25.109  -33.336  67.778 0.0000000000
55610  24.382  -33.822  67.977 0.0000000000
55592  23.799  -33.745  68.409 0.0000000000
54581  23.895  -34.127  67.894 0.0000000000
53517  22.742  -35.627  67.117 0.0000000000
54569  22.236  -34.802  68.775 0.0000000000
53505  21.958  -35.593  68.444 0.0000000000
53518  22.204  -35.979  67.463 0.0000000000
53528  22.157  -36.420  66.676 0.0000000000
52416  21.749  -36.977  66.346 0.0000000000
51296  21.243  -37.567  65.929 0.0000000000
51297  20.492  -37.937  66.496 0.0000000000
50226  20.153  -38.356  64.619 0.0000000000
50244  19.787  -38.796  63.894 0.0000000000
49138  19.171  -38.970  63.444 0.0000000000
51256  18.645  -37.389  69.194 0.0000000000
51268  18.923  -37.566  68.517 0.0000000000
51299  18.746  -38.434  66.412 0.0000000000
50210  18.320  -38.828  65.820 0.0000000000
50228  18.710  -39.065  64.961 0.0000000000
49150  18.354  -39.071  63.095 0.0000000000
48103  15.237  -41.726  59.722 0.0000000000
49176  15.697  -39.645  61.377 0.0000000000
48098  15.010  -41.310  60.594 0.0000000000
49165  14.204  -40.276  63.140 0.0000000000
48082  14.450  -41.673  62.443 0.0000000000
77479  58.848  -15.846  37.156 0.0000000000
77480  58.126  -16.361  37.331 0.0000000000
76141  57.319  -16.650  36.893 0.0000000000
76142  56.834  -17.697  37.379 0.0000000000
74791  56.514  -18.301  37.410 0.0000000000
74775  56.879  -18.669  37.853 0.0000000000
74776  56.382  -19.217  37.866 0.0000000000
73546  55.871  -19.805  37.834 0.0000000000
72402  55.663  -20.655  37.996 0.0000000000
71307  55.067  -21.433  38.284 0.0000000000
74739  60.194  -18.166  40.643 0.0000000000
73536  58.530  -19.209  39.752 0.0000000000
72387  58.590  -19.664  40.382 0.0000000000
72388  58.099  -20.079  39.978 0.0000000000
72389  57.327  -20.281  39.578 0.0000000000
72400  56.886  -20.455  39.045 0.0000000000
71306  55.751  -21.246  38.565 0.0000000000
70197  54.361  -21.607  38.333 0.0000000000
70179  54.323  -21.799  38.893 0.0000000000
68998  53.805  -21.747  38.685 0.0000000000
68999  53.014  -21.692  38.648 0.0000000000
68982  53.617  -21.738  39.379 0.0000000000
70181  52.406  -21.555  38.802 0.0000000000
71283  52.229  -21.433  39.123 0.0000000000
71284  51.862  -21.319  38.962 0.0000000000
71285  50.988  -20.874  39.102 0.0000000000
70138  57.391  -21.319  42.662 0.0000000000
71264  51.511  -20.935  39.869 0.0000000000
71265  50.467  -20.806  40.074 0.0000000000
71231  50.427  -21.500  41.832 0.0000000000
71247  48.834  -21.355  41.116 0.0000000000
71248  47.762  -21.463  41.263 0.0000000000
71234  47.324  -21.729  42.118 0.0000000000
68936  52.647  -22.666  44.901 0.0000000000
70127  47.703  -21.937  42.850 0.0000000000
71235  46.778  -21.837  42.180 0.0000000000
70129  45.891  -22.145  42.819 0.0000000000
70108  45.202  -22.287  43.527 0.0000000000
70074  46.368  -22.249  44.430 0.0000000000
70076  44.564  -22.691  44.285 0.0000000000
68938  43.678  -23.605  44.072 0.0000000000
68813  54.110  -21.686  49.998 0.0000000000
68814  53.702  -21.872  49.951 0.0000000000
69977  51.949  -22.348  49.094 0.0000000000
67746  51.102  -23.772  51.674 0.0000000000
67763  49.409  -24.340  49.925 0.0000000000
67762  50.019  -23.886  49.918 0.0000000000
69980  49.630  -22.943  49.284 0.0000000000
69994  49.418  -22.522  48.787 0.0000000000
70014  47.698  -22.359  47.745 0.0000000000
68866  46.566  -23.221  47.964 0.0000000000
68885  46.154  -22.854  47.175 0.0000000000
67822  43.564  -24.611  44.426 0.0000000000
66738  43.811  -25.133  44.739 0.0000000000
66732  43.878  -25.760  44.731 0.0000000000
62969  45.035  -27.739  47.270 0.0000000000
62993  44.759  -27.739  46.618 0.0000000000
63014  44.398  -27.717  45.952 0.0000000000
67670  48.707  -23.166  55.360 0.0000000000
66585  48.645  -24.008  54.972 0.0000000000
65391  48.501  -24.399  54.804 0.0000000000
65421  47.793  -25.264  53.945 0.0000000000
68710  46.088  -22.672  58.017 0.0000000000
66588  42.419  -25.934  56.131 0.0000000000
67683  42.768  -24.830  56.395 0.0000000000
67696  42.887  -24.264  55.144 0.0000000000
68739  43.583  -23.813  57.065 0.0000000000
68724  45.285  -22.851  57.431 0.0000000000
68723  46.335  -23.033  56.981 0.0000000000
68736  46.590  -23.567  56.050 0.0000000000
68735  46.996  -23.697  56.133 0.0000000000
68766  45.502  -23.496  54.609 0.0000000000
68765  46.208  -23.769  54.899 0.0000000000
67694  47.245  -24.412  55.110 0.0000000000
66601  47.227  -24.635  54.709 0.0000000000
65422  47.321  -25.177  53.825 0.0000000000
65439  47.353  -25.518  53.370 0.0000000000
62884  45.666  -26.827  50.743 0.0000000000
65471  45.229  -25.805  51.369 0.0000000000
62885  45.118  -26.611  50.512 0.0000000000
62902  45.225  -26.995  50.094 0.0000000000
61639  44.806  -27.182  49.677 0.0000000000
61656  44.092  -27.527  49.170 0.0000000000
61670  43.293  -27.765  48.527 0.0000000000
66664  42.498  -25.468  50.371 0.0000000000
65489  42.777  -25.823  49.707 0.0000000000
65504  43.058  -26.285  49.494 0.0000000000
65540  41.964  -26.041  47.671 0.0000000000
64223  42.630  -26.450  48.556 0.0000000000
64222  42.946  -26.747  48.986 0.0000000000
62942  42.767  -27.347  48.448 0.0000000000
61671  42.539  -28.157  48.024 0.0000000000
61687  42.389  -28.841  47.439 0.0000000000
61712  41.872  -28.742  46.771 0.0000000000
63017  40.840  -28.301  44.546 0.0000000000
64369  38.792  -27.043  40.754 0.0000000000
64370  37.602  -27.068  40.848 0.0000000000
61713  37.196  -30.013  46.760 0.0000000000
63019  36.696  -29.671  45.081 0.0000000000
61736  36.698  -30.535  45.155 0.0000000000
61760  36.520  -30.419  44.393 0.0000000000
61810  36.012  -29.517  41.768 0.0000000000
61825  35.622  -29.420  40.988 0.0000000000
58243  34.908  -32.332  42.717 0.0000000000
59524  35.558  -31.742  42.580 0.0000000000
59536  35.380  -31.469  41.917 0.0000000000
59544  34.482  -31.358  40.775 0.0000000000
59543  35.131  -31.168  41.247 0.0000000000
60623  35.482  -30.795  41.427 0.0000000000
60634  35.149  -30.424  40.781 0.0000000000
53719  37.281  -35.836  52.883 0.0000000000
53733  37.191  -35.557  51.940 0.0000000000
53747  36.375  -35.629  50.592 0.0000000000
53759  35.673  -35.534  49.224 0.0000000000
53760  35.198  -35.570  48.825 0.0000000000
53737  33.276  -35.917  51.138 0.0000000000
54780  33.367  -35.654  50.577 0.0000000000
53750  32.421  -36.083  50.071 0.0000000000
54788  33.400  -35.465  49.921 0.0000000000
54787  34.296  -35.422  49.984 0.0000000000
54795  34.449  -35.511  49.136 0.0000000000
53773  34.902  -35.691  48.200 0.0000000000
53787  34.741  -35.656  47.295 0.0000000000
53817  32.871  -35.765  45.424 0.0000000000
53802  32.393  -35.870  46.314 0.0000000000
52724  32.592  -35.938  44.122 0.0000000000
52754  32.103  -35.837  43.340 0.0000000000
53862  31.637  -35.968  42.871 0.0000000000
50446  28.583  -39.147  47.307 0.0000000000
49292  29.086  -38.867  47.828 0.0000000000
49307  29.494  -38.773  47.630 0.0000000000
50445  30.085  -38.465  47.341 0.0000000000
50455  29.902  -38.351  46.248 0.0000000000
49341  28.723  -38.678  45.516 0.0000000000
49340  29.222  -38.585  45.880 0.0000000000
51531  30.288  -37.941  46.142 0.0000000000
51538  30.200  -37.930  45.469 0.0000000000
51555  30.509  -37.381  44.925 0.0000000000
51576  30.563  -37.254  44.198 0.0000000000
52746  30.582  -37.146  43.667 0.0000000000
53863  31.141  -36.333  42.829 0.0000000000
53873  30.870  -36.118  42.179 0.0000000000
74811  56.740  -18.338  35.092 0.0000000000
73578  57.261  -19.024  34.738 0.0000000000
72426  56.830  -19.992  34.519 0.0000000000
70226  55.841  -21.789  34.378 0.0000000000
71351  56.452  -21.551  34.121 0.0000000000
71341  57.291  -20.356  34.158 0.0000000000
70238  56.670  -21.415  33.840 0.0000000000
69071  55.968  -21.798  33.260 0.0000000000
70271  56.076  -21.228  32.727 0.0000000000
71360  51.275  -21.768  33.627 0.0000000000
71327  48.921  -20.978  37.565 0.0000000000
70211  48.837  -21.473  36.876 0.0000000000
70232  46.360  -22.713  35.509 0.0000000000
69048  46.845  -23.462  35.045 0.0000000000
47033  16.368  -42.587  55.521 0.0000000000
48065  13.517  -41.667  64.398 0.0000000000
48090  14.392  -40.963  62.222 0.0000000000
48131  16.523  -42.072  55.281 0.0000000000
49151  17.752  -39.088  63.039 0.0000000000
49153  13.421  -40.645  64.524 0.0000000000
49164  14.662  -39.882  62.573 0.0000000000
49223  30.704  -37.646  54.302 0.0000000000
49230  30.685  -37.670  54.012 0.0000000000
49231  30.385  -37.743  53.893 0.0000000000
49241  30.639  -37.809  53.513 0.0000000000
49256  18.653  -40.291  50.996 0.0000000000
49273  29.437  -38.565  48.998 0.0000000000
49274  29.146  -38.711  48.632 0.0000000000
49293  28.897  -39.223  47.539 0.0000000000
49328  28.200  -38.715  45.479 0.0000000000
50214  14.635  -39.019  66.299 0.0000000000
50282  33.672  -37.373  60.295 0.0000000000
50304  21.409  -38.574  60.441 0.0000000000
50305  20.986  -38.862  60.281 0.0000000000
50312  33.257  -37.367  59.497 0.0000000000
50322  34.077  -37.198  58.903 0.0000000000
50323  33.528  -37.275  59.068 0.0000000000
50330  20.371  -38.966  58.868 0.0000000000
50334  33.178  -37.236  58.679 0.0000000000
50495  26.115  -38.950  43.146 0.0000000000
51287  14.720  -38.582  67.451 0.0000000000
51394  38.666  -37.463  59.366 0.0000000000
51410  38.052  -37.549  58.722 0.0000000000
51411  37.599  -37.658  58.753 0.0000000000
51535  21.704  -38.670  46.654 0.0000000000
51541  26.266  -37.966  44.954 0.0000000000
51557  27.200  -38.336  45.096 0.0000000000
52384  20.766  -36.210  69.184 0.0000000000
52386  19.201  -37.036  69.329 0.0000000000
52395  20.067  -37.007  68.428 0.0000000000
52477  27.466  -36.267  61.770 0.0000000000
52503  28.934  -36.418  59.910 0.0000000000
52518  39.800  -36.764  58.958 0.0000000000
52520  38.641  -37.426  59.123 0.0000000000
52538  37.834  -37.493  58.323 0.0000000000
52551  39.762  -36.540  57.925 0.0000000000
52552  39.543  -36.750  57.847 0.0000000000
52569  39.263  -36.863  57.404 0.0000000000
52586  38.392  -36.888  56.561 0.0000000000
52620  26.018  -36.585  54.024 0.0000000000
52690  24.811  -36.362  47.675 0.0000000000
52709  26.012  -37.448  45.399 0.0000000000
53629  40.698  -35.640  58.923 0.0000000000
53679  39.658  -35.978  55.970 0.0000000000
53683  34.948  -36.372  54.834 0.0000000000
53702  39.700  -35.405  54.716 0.0000000000
53725  25.948  -36.480  53.165 0.0000000000
53752  23.428  -36.539  49.395 0.0000000000
53776  31.540  -36.455  47.614 0.0000000000
53791  24.836  -36.383  47.347 0.0000000000
53803  31.391  -36.290  46.126 0.0000000000
53806  23.725  -36.706  46.354 0.0000000000
53820  24.298  -36.721  45.925 0.0000000000
53833  34.581  -35.024  45.204 0.0000000000
54596  22.681  -35.486  67.386 0.0000000000
54686  40.420  -35.068  60.714 0.0000000000
54737  40.929  -35.005  56.589 0.0000000000
54794  35.104  -35.532  49.216 0.0000000000
54814  33.229  -35.578  47.286 0.0000000000
54827  33.272  -35.634  46.817 0.0000000000
54828  32.972  -35.670  46.554 0.0000000000
54843  34.986  -34.827  45.229 0.0000000000
54863  33.693  -35.103  44.104 0.0000000000
55763  42.407  -33.132  57.056 0.0000000000
55805  40.769  -33.771  53.175 0.0000000000
55813  40.727  -33.702  52.681 0.0000000000
55818  40.169  -33.807  51.372 0.0000000000
55832  38.970  -33.650  49.271 0.0000000000
55839  37.837  -34.310  47.674 0.0000000000
55846  38.084  -33.901  47.499 0.0000000000
55857  36.325  -34.171  45.934 0.0000000000
55865  35.546  -34.121  45.127 0.0000000000
55881  33.664  -34.708  43.714 0.0000000000
56823  42.600  -32.371  55.225 0.0000000000
56838  41.338  -33.040  52.854 0.0000000000
56845  40.999  -33.107  51.663 0.0000000000
56867  38.736  -33.438  48.842 0.0000000000
56922  34.844  -33.654  44.166 0.0000000000
56974  32.883  -32.973  41.141 0.0000000000
57978  41.895  -31.692  58.956 0.0000000000
58125  41.422  -32.275  52.544 0.0000000000
58138  41.390  -32.709  52.515 0.0000000000
58145  40.820  -32.667  51.241 0.0000000000
58150  39.146  -32.403  49.417 0.0000000000
58162  37.989  -32.362  47.352 0.0000000000
58171  38.184  -33.132  47.402 0.0000000000
59215  42.767  -30.409  58.714 0.0000000000
59252  43.273  -30.549  57.998 0.0000000000
59435  38.014  -31.921  47.821 0.0000000000
60367  42.912  -29.843  58.795 0.0000000000
60397  43.537  -30.048  56.848 0.0000000000
60408  42.701  -30.072  55.639 0.0000000000
60423  41.467  -29.531  54.457 0.0000000000
60487  44.299  -27.649  48.848 0.0000000000
60499  43.153  -28.142  48.177 0.0000000000
60501  37.845  -31.154  48.185 0.0000000000
60511  44.595  -27.929  47.547 0.0000000000
61517  42.273  -29.673  59.185 0.0000000000
61620  46.156  -27.346  50.316 0.0000000000
61623  39.529  -29.524  51.306 0.0000000000
61640  44.404  -27.180  49.661 0.0000000000
61658  38.552  -29.870  49.558 0.0000000000
61672  42.047  -27.978  47.758 0.0000000000
62792  43.535  -28.469  57.627 0.0000000000
62808  42.484  -28.068  55.960 0.0000000000
62823  42.628  -28.968  55.847 0.0000000000
62839  41.253  -28.085  54.369 0.0000000000
62855  40.663  -28.229  53.380 0.0000000000
62866  48.064  -26.543  51.766 0.0000000000
62869  46.066  -26.487  51.398 0.0000000000
62921  47.107  -27.138  49.693 0.0000000000
64096  43.620  -27.010  57.993 0.0000000000
64120  42.547  -27.586  56.195 0.0000000000
64157  49.242  -25.571  53.334 0.0000000000
64192  45.208  -26.355  50.876 0.0000000000
64203  48.455  -26.304  51.020 0.0000000000
64208  39.719  -27.681  50.625 0.0000000000
64240  42.667  -26.851  48.512 0.0000000000
64265  39.104  -27.462  48.206 0.0000000000
64299  40.605  -27.739  44.089 0.0000000000
64300  37.929  -27.361  45.061 0.0000000000
65389  49.134  -24.341  54.607 0.0000000000
65405  48.808  -24.731  54.376 0.0000000000
65406  47.948  -24.773  54.564 0.0000000000
65407  42.222  -26.853  55.764 0.0000000000
65418  50.088  -24.884  53.765 0.0000000000
65436  50.431  -24.812  53.223 0.0000000000
65440  46.926  -25.259  53.342 0.0000000000
65452  50.449  -24.833  52.991 0.0000000000
65520  42.384  -25.978  48.294 0.0000000000
65572  38.903  -26.608  45.831 0.0000000000
65627  37.922  -26.846  41.522 0.0000000000
66562  43.525  -25.720  57.995 0.0000000000
66571  48.830  -23.656  55.006 0.0000000000
66584  49.111  -24.153  54.670 0.0000000000
66598  50.125  -24.320  54.184 0.0000000000
66599  49.794  -24.324  54.329 0.0000000000
66613  50.243  -24.751  53.925 0.0000000000
66614  47.411  -24.927  54.311 0.0000000000
66623  50.327  -24.694  53.593 0.0000000000
66635  50.415  -24.952  52.452 0.0000000000
66636  46.080  -24.908  52.874 0.0000000000
66674  47.963  -25.234  49.598 0.0000000000
66688  40.746  -25.739  48.336 0.0000000000
66700  41.917  -25.672  48.159 0.0000000000
67659  47.723  -22.636  56.312 0.0000000000
67682  46.800  -23.930  55.580 0.0000000000
67692  50.174  -23.984  54.296 0.0000000000
67695  46.802  -24.200  54.971 0.0000000000
67697  42.428  -25.088  55.316 0.0000000000
67707  50.470  -24.025  53.991 0.0000000000
67720  45.947  -24.374  53.412 0.0000000000
67721  45.277  -24.151  53.308 0.0000000000
67734  45.069  -24.513  52.652 0.0000000000
67848  44.114  -25.454  40.399 0.0000000000
67861  43.749  -24.608  39.627 0.0000000000
67895  51.242  -23.576  35.282 0.0000000000
68749  46.490  -23.793  55.418 0.0000000000
68780  51.536  -22.618  52.261 0.0000000000
68783  44.583  -23.838  53.849 0.0000000000
68792  53.042  -22.242  51.010 0.0000000000
68805  52.612  -22.609  50.831 0.0000000000
68832  51.478  -22.888  49.835 0.0000000000
68909  51.983  -22.610  45.553 0.0000000000
68937  52.203  -22.635  45.243 0.0000000000
68983  53.231  -21.684  39.267 0.0000000000
68997  54.308  -21.815  39.143 0.0000000000
69000  52.543  -21.675  38.347 0.0000000000
69027  43.764  -23.364  37.902 0.0000000000
69035  49.280  -22.559  36.051 0.0000000000
69058  50.690  -23.762  34.616 0.0000000000
69072  55.750  -21.801  33.290 0.0000000000
69915  51.246  -22.613  52.660 0.0000000000
69945  52.741  -21.802  51.574 0.0000000000
69955  54.091  -21.454  50.371 0.0000000000
69974  55.709  -21.343  48.930 0.0000000000
70026  52.925  -22.462  47.091 0.0000000000
70027  52.545  -22.423  46.957 0.0000000000
70068  52.403  -22.603  44.559 0.0000000000
70145  46.372  -21.953  42.273 0.0000000000
70161  53.204  -21.655  39.850 0.0000000000
70162  52.773  -21.570  39.445 0.0000000000
70195  55.892  -21.556  39.107 0.0000000000
70202  43.546  -22.976  38.899 0.0000000000
70208  51.447  -22.043  37.264 0.0000000000
70233  45.330  -22.776  35.661 0.0000000000
70239  56.027  -22.034  34.030 0.0000000000
70245  56.234  -21.759  33.598 0.0000000000
70259  56.214  -21.505  33.068 0.0000000000
71059  53.076  -20.868  51.792 0.0000000000
71075  54.109  -20.947  51.033 0.0000000000
71112  55.033  -21.037  49.998 0.0000000000
71244  51.977  -21.155  40.630 0.0000000000
71251  45.072  -22.010  41.216 0.0000000000
71270  45.050  -21.858  40.628 0.0000000000
71308  51.778  -21.453  38.432 0.0000000000
71312  47.806  -20.693  38.596 0.0000000000
71323  55.260  -21.102  37.988 0.0000000000
71326  49.995  -21.235  37.649 0.0000000000
71350  57.037  -20.973  33.972 0.0000000000
71369  55.630  -21.209  32.664 0.0000000000
72380  58.337  -20.057  40.657 0.0000000000
72390  48.639  -20.717  38.879 0.0000000000
72404  48.190  -20.678  38.261 0.0000000000
72419  48.119  -20.693  37.955 0.0000000000
72429  54.396  -20.686  35.590 0.0000000000
72435  58.105  -19.559  33.979 0.0000000000
73560  54.958  -19.904  37.311 0.0000000000
73568  58.984  -18.090  34.922 0.0000000000
73569  58.741  -18.165  34.981 0.0000000000
73571  54.428  -19.961  36.558 0.0000000000
73574  59.409  -17.529  33.879 0.0000000000
73584  59.304  -17.723  33.523 0.0000000000
74792  55.901  -18.720  37.318 0.0000000000
74793  55.168  -19.215  37.120 0.0000000000
74800  59.388  -17.264  34.941 0.0000000000
74804  55.091  -18.836  36.568 0.0000000000
74812  55.842  -18.431  35.591 0.0000000000
74813  55.233  -18.652  35.977 0.0000000000
76174  57.033  -17.669  35.145 0.0000000000
