#!ascii label  , from subject 3440 vox2ras=TkReg
1184
95289  45.354  16.940  35.233 0.0000000000
94391  53.856  16.404  30.556 0.0000000000
98721  48.053  21.793  17.633 0.0000000000
91715  54.290  13.640  17.797 0.0000000000
93409  51.463  15.382  38.837 0.0000000000
97915  51.084  21.781  23.804 0.0000000000
95457  55.208  16.863  22.658 0.0000000000
96432  42.706  18.661  19.275 0.0000000000
95402  45.620  17.845  27.282 0.0000000000
95325  50.260  17.386  33.920 0.0000000000
92491  56.478  14.699  35.217 0.0000000000
101874  46.715  25.269  17.157 0.0000000000
94583  44.769  17.276  14.702 0.0000000000
95460  47.546  17.248  22.227 0.0000000000
96456  51.004  18.212  16.718 0.0000000000
99469  41.991  22.125  19.034 0.0000000000
93472  44.883  15.260  31.419 0.0000000000
96258  47.515  17.450  34.713 0.0000000000
93426  54.254  15.551  37.599 0.0000000000
99478  51.931  23.034  17.066 0.0000000000
101842  50.684  25.220  17.997 0.0000000000
100329  48.083  23.228  16.416 0.0000000000
98743  44.604  21.362  15.845 0.0000000000
97976  45.652  20.497  16.572 0.0000000000
92546  49.243  14.112  27.494 0.0000000000
95421  46.559  16.982  24.488 0.0000000000
93544  50.417  14.833  25.431 0.0000000000
94531  56.149  16.535  18.963 0.0000000000
96407  53.353  18.493  19.084 0.0000000000
95535  53.080  17.163  16.340 0.0000000000
93642  50.049  16.038  15.925 0.0000000000
91718  51.616  13.752  18.359 0.0000000000
88985  49.011  10.715  20.754 0.0000000000
94313  45.921  16.528  38.412 0.0000000000
96184  48.569  18.007  38.707 0.0000000000
98683  49.789  21.870  20.392 0.0000000000
95354  57.022  16.953  31.474 0.0000000000
94433  54.454  16.374  26.552 0.0000000000
95396  57.494  16.529  27.175 0.0000000000
94488  57.400  16.130  22.757 0.0000000000
97108  49.195  20.170  28.301 0.0000000000
95376  45.709  17.994  28.978 0.0000000000
93481  47.249  14.610  30.235 0.0000000000
94367  52.316  16.295  32.191 0.0000000000
96194  51.709  18.092  38.402 0.0000000000
96222  54.111  17.676  36.491 0.0000000000
96265  56.860  17.522  34.148 0.0000000000
91574  58.176  14.389  33.169 0.0000000000
93411  43.735  15.629  38.492 0.0000000000
101832  48.631  25.404  19.488 0.0000000000
101091  45.503  24.706  19.239 0.0000000000
99483  43.709  22.033  17.136 0.0000000000
95525  44.133  17.618  17.296 0.0000000000
91721  44.228  14.212  17.242 0.0000000000
97888  47.981  20.371  25.354 0.0000000000
98658  46.652  21.337  22.668 0.0000000000
97196  45.576  19.518  19.848 0.0000000000
94491  52.377  16.346  22.478 0.0000000000
95501  49.391  17.899  19.878 0.0000000000
97221  46.402  18.574  17.344 0.0000000000
96475  47.983  17.706  15.142 0.0000000000
92669  46.975  14.892  16.353 0.0000000000
98701  41.406  21.483  20.033 0.0000000000
100295  42.767  23.211  19.864 0.0000000000
95330  45.718  16.736  33.751 0.0000000000
95288  46.607  17.356  35.255 0.0000000000
99467  49.435  22.470  17.944 0.0000000000
100316  49.374  23.626  17.313 0.0000000000
99482  48.175  22.170  16.826 0.0000000000
98732  46.542  21.684  16.549 0.0000000000
97967  46.080  20.605  17.306 0.0000000000
93488  51.297  14.562  29.220 0.0000000000
92559  50.315  14.416  26.427 0.0000000000
93511  51.916  14.805  27.520 0.0000000000
92633  55.422  14.771  17.467 0.0000000000
94544  54.955  17.022  17.071 0.0000000000
93627  54.224  15.594  16.900 0.0000000000
92653  52.451  14.868  17.149 0.0000000000
92636  52.867  14.281  17.670 0.0000000000
90817  52.127  12.506  19.611 0.0000000000
90828  53.522  12.410  18.652 0.0000000000
93364  47.973  15.466  41.151 0.0000000000
98681  51.889  21.687  20.432 0.0000000000
99419  50.603  22.182  22.411 0.0000000000
94388  58.943  15.931  30.929 0.0000000000
95371  56.954  16.995  29.666 0.0000000000
94407  58.678  15.685  29.341 0.0000000000
93552  57.949  15.132  24.522 0.0000000000
91651  57.182  13.495  21.809 0.0000000000
92601  56.774  14.404  20.701 0.0000000000
94371  47.649  16.253  32.570 0.0000000000
93470  46.874  14.923  31.124 0.0000000000
94384  48.356  15.789  31.736 0.0000000000
93467  49.749  15.564  30.912 0.0000000000
95344  50.735  17.005  33.017 0.0000000000
94282  50.918  16.649  40.730 0.0000000000
96182  50.050  18.055  38.910 0.0000000000
94280  52.181  16.812  39.986 0.0000000000
92480  55.416  14.979  36.087 0.0000000000
94309  55.717  16.625  38.461 0.0000000000
93423  56.923  16.222  37.280 0.0000000000
96236  56.362  17.845  36.018 0.0000000000
94350  57.901  16.463  35.737 0.0000000000
94355  58.338  16.390  34.516 0.0000000000
92503  57.648  14.653  34.183 0.0000000000
89791  55.261  11.826  29.989 0.0000000000
101859  48.725  25.066  17.448 0.0000000000
101831  49.571  25.616  19.135 0.0000000000
101845  47.557  25.180  18.790 0.0000000000
101103  46.818  25.028  19.046 0.0000000000
101105  45.392  24.710  18.270 0.0000000000
101107  44.071  23.872  17.798 0.0000000000
101123  44.572  23.920  17.106 0.0000000000
97234  44.964  19.129  15.557 0.0000000000
97978  44.104  20.228  16.465 0.0000000000
95539  44.594  17.787  16.180 0.0000000000
94560  44.358  16.019  17.168 0.0000000000
93648  44.866  15.926  15.893 0.0000000000
96333  47.183  19.751  27.682 0.0000000000
97134  47.813  19.797  26.938 0.0000000000
96344  46.159  19.483  26.420 0.0000000000
95446  46.420  17.395  23.345 0.0000000000
97165  45.614  19.392  23.720 0.0000000000
96373  45.652  18.218  22.279 0.0000000000
98672  46.116  21.225  21.503 0.0000000000
96381  46.311  17.949  20.726 0.0000000000
95431  55.128  17.097  25.006 0.0000000000
93553  53.366  15.751  24.367 0.0000000000
94489  54.149  16.358  22.416 0.0000000000
96440  51.717  18.521  17.491 0.0000000000
96409  51.104  17.929  19.489 0.0000000000
96426  50.271  18.156  18.405 0.0000000000
96428  48.128  18.246  18.469 0.0000000000
96443  48.295  18.154  17.651 0.0000000000
96468  46.911  17.995  16.158 0.0000000000
96466  49.186  17.500  16.044 0.0000000000
92656  49.252  14.940  17.140 0.0000000000
93632  48.732  15.448  16.552 0.0000000000
92622  48.014  14.701  18.688 0.0000000000
92623  46.911  14.919  18.566 0.0000000000
97143  51.722  19.871  25.370 0.0000000000
97199  41.562  20.008  19.975 0.0000000000
97949  41.732  20.069  19.202 0.0000000000
96296  45.032  18.399  30.405 0.0000000000
94386  43.907  16.239  31.798 0.0000000000
94360  46.047  16.384  33.263 0.0000000000
95307  48.735  17.522  34.534 0.0000000000
93427  53.035  15.535  37.924 0.0000000000
101856  51.417  24.567  16.218 0.0000000000
101119  48.847  24.324  17.121 0.0000000000
101134  47.388  24.591  16.412 0.0000000000
101145  45.511  23.971  15.944 0.0000000000
99495  46.681  22.835  15.794 0.0000000000
97987  45.154  20.413  16.049 0.0000000000
97237  45.402  18.873  15.080 0.0000000000
93532  46.691  15.132  26.504 0.0000000000
94449  45.986  16.929  25.706 0.0000000000
94447  47.857  15.490  25.643 0.0000000000
94460  48.412  15.936  24.707 0.0000000000
94477  49.567  16.004  23.901 0.0000000000
95481  56.032  16.946  20.622 0.0000000000
95469  54.401  16.920  21.374 0.0000000000
96387  54.707  17.853  19.297 0.0000000000
96438  53.700  18.290  17.207 0.0000000000
96455  52.028  18.152  16.764 0.0000000000
95549  50.895  17.237  15.820 0.0000000000
94558  51.733  15.884  16.027 0.0000000000
92654  51.472  14.961  17.086 0.0000000000
91720  49.915  13.845  18.593 0.0000000000
88996  50.713  10.363  20.475 0.0000000000
95250  45.689  17.111  36.975 0.0000000000
95249  46.749  17.411  37.075 0.0000000000
95228  46.969  17.133  38.530 0.0000000000
94284  49.241  16.790  41.011 0.0000000000
93392  50.743  15.157  39.475 0.0000000000
99449  53.365  22.026  18.688 0.0000000000
99452  51.016  22.101  18.690 0.0000000000
98698  49.127  21.835  19.475 0.0000000000
96285  55.873  17.802  31.009 0.0000000000
94409  54.310  16.520  28.719 0.0000000000
95372  55.956  17.597  29.212 0.0000000000
95398  56.472  17.520  27.743 0.0000000000
96342  56.550  17.993  25.229 0.0000000000
93524  58.783  15.142  26.450 0.0000000000
95417  57.572  16.413  25.230 0.0000000000
95441  56.774  17.593  23.239 0.0000000000
93587  56.765  15.911  20.922 0.0000000000
92619  56.087  14.961  18.954 0.0000000000
91713  55.600  13.818  18.124 0.0000000000
89916  54.507  11.736  18.018 0.0000000000
96310  47.203  19.847  28.922 0.0000000000
95388  45.460  17.644  28.212 0.0000000000
94402  44.726  16.346  29.484 0.0000000000
94413  45.048  16.277  28.596 0.0000000000
93515  45.527  15.319  27.983 0.0000000000
92527  47.978  14.543  29.092 0.0000000000
93477  51.119  15.113  30.203 0.0000000000
94380  52.933  16.132  31.302 0.0000000000
96213  48.867  18.455  37.676 0.0000000000
97070  49.593  17.835  37.063 0.0000000000
96240  50.862  17.986  36.297 0.0000000000
94296  53.952  16.760  39.312 0.0000000000
96208  53.450  17.899  37.669 0.0000000000
95264  52.343  17.642  36.292 0.0000000000
95303  53.158  17.110  34.617 0.0000000000
95321  54.534  17.007  33.309 0.0000000000
96278  55.245  17.149  32.338 0.0000000000
96275  56.652  17.190  33.088 0.0000000000
94364  58.661  16.049  32.468 0.0000000000
91581  58.329  14.095  31.743 0.0000000000
90674  56.321  12.490  32.376 0.0000000000
90677  56.921  13.305  30.894 0.0000000000
95252  43.858  16.685  36.907 0.0000000000
94314  44.606  16.011  38.065 0.0000000000
92446  44.661  14.731  39.141 0.0000000000
101818  50.440  25.807  20.038 0.0000000000
101821  47.777  24.886  20.903 0.0000000000
100294  43.315  23.929  19.286 0.0000000000
98712  42.313  21.478  18.411 0.0000000000
97969  42.811  20.522  17.601 0.0000000000
99497  44.007  22.125  16.321 0.0000000000
97225  43.185  19.845  17.081 0.0000000000
96446  43.308  18.391  17.786 0.0000000000
97901  49.427  21.086  24.748 0.0000000000
97158  45.924  19.784  24.871 0.0000000000
97916  47.680  20.939  24.274 0.0000000000
98645  48.881  21.830  23.375 0.0000000000
98670  48.340  21.861  21.450 0.0000000000
98685  47.679  21.548  20.544 0.0000000000
98711  47.236  21.378  18.676 0.0000000000
93525  53.086  15.432  26.108 0.0000000000
93570  50.996  15.403  23.742 0.0000000000
94509  49.974  16.702  22.077 0.0000000000
95471  52.243  17.393  21.192 0.0000000000
95486  50.870  17.416  20.432 0.0000000000
95488  48.661  17.823  20.467 0.0000000000
96413  46.939  18.302  19.246 0.0000000000
96430  46.270  18.695  18.563 0.0000000000
97214  45.981  19.337  17.823 0.0000000000
97222  45.944  19.441  17.028 0.0000000000
96469  45.915  18.218  15.837 0.0000000000
95563  45.723  17.705  14.643 0.0000000000
94569  49.415  16.577  15.737 0.0000000000
94571  46.988  16.135  15.069 0.0000000000
93646  46.293  15.629  15.442 0.0000000000
92660  45.564  14.716  16.613 0.0000000000
88986  47.862  10.638  21.075 0.0000000000
100296  42.163  22.809  20.535 0.0000000000
100282  43.941  23.673  20.384 0.0000000000
95312  44.380  16.721  34.339 0.0000000000
95311  45.511  16.932  34.383 0.0000000000
98720  48.853  22.140  17.994 0.0000000000
99481  48.789  22.673  17.366 0.0000000000
98731  47.520  21.812  16.879 0.0000000000
98722  46.923  21.370  17.531 0.0000000000
94392  52.545  15.857  29.991 0.0000000000
93499  51.683  14.639  28.241 0.0000000000
94401  52.859  15.691  28.731 0.0000000000
92650  55.061  15.201  16.955 0.0000000000
92634  54.555  14.746  17.310 0.0000000000
92635  53.663  14.464  17.570 0.0000000000
91716  53.445  13.481  18.136 0.0000000000
90827  54.111  12.594  18.162 0.0000000000
97899  51.999  20.714  24.089 0.0000000000
98642  51.960  21.577  23.008 0.0000000000
98654  51.652  21.952  22.540 0.0000000000
98643  51.345  22.026  23.205 0.0000000000
93475  59.163  15.451  30.503 0.0000000000
94397  58.877  15.852  30.112 0.0000000000
93486  59.074  15.387  29.623 0.0000000000
90748  57.506  13.045  22.848 0.0000000000
90772  57.197  12.505  21.165 0.0000000000
95503  43.159  17.304  19.242 0.0000000000
95346  48.632  16.826  33.183 0.0000000000
94385  47.494  15.462  31.725 0.0000000000
95345  49.664  16.861  33.158 0.0000000000
94369  50.079  16.368  32.383 0.0000000000
93391  51.539  15.878  39.807 0.0000000000
94281  51.497  16.506  40.337 0.0000000000
94298  52.133  16.542  39.830 0.0000000000
92479  56.068  15.012  35.806 0.0000000000
93424  56.478  16.023  37.377 0.0000000000
93439  57.081  15.853  36.842 0.0000000000
94341  57.488  16.246  36.413 0.0000000000
93446  57.359  15.463  35.684 0.0000000000
93451  57.616  15.162  34.831 0.0000000000
92490  57.164  14.942  34.842 0.0000000000
101860  47.646  25.315  17.384 0.0000000000
101844  48.641  25.411  18.326 0.0000000000
101861  46.832  25.296  18.006 0.0000000000
101121  46.032  25.103  17.585 0.0000000000
101122  45.263  24.543  17.254 0.0000000000
96479  44.730  18.565  14.687 0.0000000000
96470  44.535  18.582  15.518 0.0000000000
95552  44.387  17.868  14.906 0.0000000000
94574  44.809  17.054  15.485 0.0000000000
94573  45.099  16.619  15.106 0.0000000000
96323  45.934  18.851  27.373 0.0000000000
96334  46.470  19.507  27.137 0.0000000000
96335  45.775  18.753  26.703 0.0000000000
95445  47.288  17.039  23.096 0.0000000000
95461  46.432  17.507  22.482 0.0000000000
95477  46.061  17.736  21.836 0.0000000000
96382  45.740  18.221  21.292 0.0000000000
95476  46.798  17.626  21.400 0.0000000000
95443  55.265  16.978  23.956 0.0000000000
94472  54.510  16.374  23.443 0.0000000000
96441  50.593  18.294  17.517 0.0000000000
96425  51.390  18.571  18.440 0.0000000000
96442  49.413  18.084  17.551 0.0000000000
96458  48.373  18.088  16.767 0.0000000000
96457  49.678  17.775  16.636 0.0000000000
92621  48.959  14.265  18.579 0.0000000000
92640  48.647  14.706  17.890 0.0000000000
99454  41.956  22.394  19.604 0.0000000000
97950  41.574  20.726  19.640 0.0000000000
97960  41.776  20.724  19.029 0.0000000000
96297  44.262  18.338  30.797 0.0000000000
95358  43.800  17.290  31.308 0.0000000000
95310  46.530  17.306  34.341 0.0000000000
94361  45.167  16.238  33.242 0.0000000000
95329  46.626  17.057  33.662 0.0000000000
95328  47.480  17.135  33.611 0.0000000000
96257  48.231  17.602  35.038 0.0000000000
99491  52.772  22.907  16.700 0.0000000000
101129  52.877  23.576  16.875 0.0000000000
100327  51.797  23.618  16.372 0.0000000000
100317  48.601  23.412  16.858 0.0000000000
101133  48.109  23.999  16.595 0.0000000000
100331  46.803  23.935  15.843 0.0000000000
98733  45.810  21.447  16.195 0.0000000000
97977  45.486  21.051  16.141 0.0000000000
97986  45.396  19.796  16.233 0.0000000000
92547  48.251  14.434  27.358 0.0000000000
93531  47.491  15.022  26.438 0.0000000000
92561  48.786  14.315  26.973 0.0000000000
92571  50.384  14.644  25.920 0.0000000000
93546  48.817  15.210  25.507 0.0000000000
93558  49.223  15.477  25.002 0.0000000000
94459  49.291  15.726  24.599 0.0000000000
95498  55.974  17.231  19.639 0.0000000000
95482  55.034  17.477  20.227 0.0000000000
95511  55.889  17.284  18.840 0.0000000000
95534  54.029  17.107  16.539 0.0000000000
96437  54.397  17.886  16.998 0.0000000000
96453  53.768  17.750  16.628 0.0000000000
96454  52.948  17.978  16.696 0.0000000000
95548  51.733  17.156  15.900 0.0000000000
94557  52.463  16.268  16.100 0.0000000000
92637  51.988  14.322  17.694 0.0000000000
92638  50.986  14.382  17.787 0.0000000000
91719  50.640  13.795  18.459 0.0000000000
91700  51.282  13.175  19.203 0.0000000000
89907  52.490  11.371  19.623 0.0000000000
89897  51.815  11.446  20.278 0.0000000000
95238  45.288  16.732  37.633 0.0000000000
95237  46.309  17.140  37.916 0.0000000000
94312  46.536  16.860  38.531 0.0000000000
94273  48.341  15.834  41.200 0.0000000000
93377  49.175  15.065  40.866 0.0000000000
93376  50.255  15.355  40.479 0.0000000000
92429  50.024  14.861  39.753 0.0000000000
98682  50.850  21.890  20.421 0.0000000000
98696  51.347  21.943  19.512 0.0000000000
98697  50.227  21.993  19.222 0.0000000000
96284  56.461  17.942  31.552 0.0000000000
96292  55.955  17.817  30.098 0.0000000000
96291  56.551  18.071  30.519 0.0000000000
95383  56.993  16.996  28.677 0.0000000000
96319  56.826  17.443  28.440 0.0000000000
95397  57.054  17.260  27.678 0.0000000000
95409  56.601  17.354  26.733 0.0000000000
96330  56.653  17.365  26.060 0.0000000000
93507  59.085  15.060  27.445 0.0000000000
92557  58.945  14.641  26.200 0.0000000000
93565  57.631  15.205  23.796 0.0000000000
94455  57.848  15.875  24.934 0.0000000000
94471  57.587  16.122  23.719 0.0000000000
96363  57.428  17.387  24.077 0.0000000000
95454  57.183  16.622  22.504 0.0000000000
95466  56.955  16.604  21.977 0.0000000000
94503  57.211  16.109  21.950 0.0000000000
91679  56.363  13.689  19.516 0.0000000000
92612  56.274  14.684  19.668 0.0000000000
91697  56.096  14.001  18.843 0.0000000000
90815  56.182  12.800  18.437 0.0000000000
90825  55.427  12.802  17.886 0.0000000000
96303  46.353  19.072  29.264 0.0000000000
96311  46.441  19.251  28.577 0.0000000000
95375  45.946  18.526  28.653 0.0000000000
94394  44.367  16.435  30.240 0.0000000000
95367  45.012  17.506  29.866 0.0000000000
93483  44.916  15.379  30.345 0.0000000000
93482  46.034  14.716  30.106 0.0000000000
93494  45.180  15.350  29.334 0.0000000000
93493  45.814  14.813  29.156 0.0000000000
94425  45.284  15.770  28.174 0.0000000000
92537  46.576  14.432  28.403 0.0000000000
92536  47.326  14.401  28.453 0.0000000000
93492  47.844  14.663  29.733 0.0000000000
94382  50.452  15.871  31.562 0.0000000000
93478  50.089  15.189  30.210 0.0000000000
94381  51.630  15.804  31.100 0.0000000000
96198  48.216  18.049  38.124 0.0000000000
96214  47.931  17.743  37.184 0.0000000000
96197  48.923  18.528  38.255 0.0000000000
96181  51.067  17.924  39.054 0.0000000000
97045  50.017  18.971  37.956 0.0000000000
96211  50.475  18.271  37.447 0.0000000000
96226  50.368  18.061  36.974 0.0000000000
96210  51.287  17.971  37.622 0.0000000000
93407  53.634  16.123  38.776 0.0000000000
94311  54.481  16.430  38.964 0.0000000000
96190  55.384  17.865  38.284 0.0000000000
96191  54.840  17.934  38.510 0.0000000000
96207  54.526  17.995  37.656 0.0000000000
96223  52.895  17.759  36.895 0.0000000000
95263  53.172  17.532  36.143 0.0000000000
95284  52.673  17.371  35.531 0.0000000000
95283  53.789  17.418  35.410 0.0000000000
96251  56.195  17.684  34.773 0.0000000000
95301  54.881  17.476  34.780 0.0000000000
96252  55.382  17.484  34.242 0.0000000000
96267  55.691  17.391  33.165 0.0000000000
96276  56.321  17.494  32.558 0.0000000000
92502  58.324  14.963  33.820 0.0000000000
94357  58.513  16.250  33.738 0.0000000000
92508  58.558  14.769  33.112 0.0000000000
92513  58.704  14.804  32.151 0.0000000000
91578  58.220  14.272  32.655 0.0000000000
90679  55.733  12.023  31.636 0.0000000000
90683  55.708  12.249  30.701 0.0000000000
90682  56.283  12.757  30.336 0.0000000000
95270  43.110  16.713  36.080 0.0000000000
94330  43.532  16.413  37.448 0.0000000000
94302  45.121  15.463  38.595 0.0000000000
93394  44.509  15.200  38.804 0.0000000000
101819  49.443  25.814  20.237 0.0000000000
101805  50.206  26.047  21.063 0.0000000000
101820  48.593  25.416  20.558 0.0000000000
101090  46.352  24.812  19.567 0.0000000000
101080  44.818  24.286  19.793 0.0000000000
101081  44.048  24.324  19.442 0.0000000000
100319  43.878  23.121  17.455 0.0000000000
100320  43.179  22.937  18.245 0.0000000000
99484  43.237  22.373  17.859 0.0000000000
97959  42.203  20.586  18.359 0.0000000000
99503  44.958  22.394  15.463 0.0000000000
100344  44.538  22.908  15.704 0.0000000000
99504  44.389  22.253  15.726 0.0000000000
96460  44.183  18.645  16.376 0.0000000000
97224  43.558  19.400  16.765 0.0000000000
96461  43.679  18.502  16.962 0.0000000000
97215  43.171  18.898  17.167 0.0000000000
95514  43.596  17.303  18.421 0.0000000000
94546  43.845  16.327  17.798 0.0000000000
91727  44.083  14.268  16.791 0.0000000000
97107  50.200  19.948  28.171 0.0000000000
97146  48.460  19.970  25.971 0.0000000000
97133  49.344  19.751  26.699 0.0000000000
97145  49.686  19.923  25.818 0.0000000000
97886  50.068  20.445  25.144 0.0000000000
97887  49.014  20.519  25.373 0.0000000000
95422  45.852  17.533  25.100 0.0000000000
96345  45.559  19.023  25.673 0.0000000000
96356  45.568  18.564  24.467 0.0000000000
97925  46.427  20.855  23.406 0.0000000000
97918  46.135  20.307  23.925 0.0000000000
98647  46.923  21.143  23.442 0.0000000000
98635  48.663  21.431  24.195 0.0000000000
98646  47.715  21.371  23.612 0.0000000000
98657  47.958  21.811  22.512 0.0000000000
97939  45.782  20.500  20.605 0.0000000000
98686  46.579  21.335  20.518 0.0000000000
98700  47.116  21.336  19.740 0.0000000000
97948  46.108  20.799  19.434 0.0000000000
94421  54.389  16.366  27.661 0.0000000000
94422  53.581  15.723  27.034 0.0000000000
94474  52.728  15.967  23.067 0.0000000000
93554  52.624  15.525  24.475 0.0000000000
93579  51.767  15.868  23.068 0.0000000000
94493  50.490  16.030  22.926 0.0000000000
94508  50.938  16.509  21.918 0.0000000000
95483  53.883  17.594  20.482 0.0000000000
95470  53.244  17.380  21.106 0.0000000000
96379  52.946  17.949  20.685 0.0000000000
95500  50.212  17.744  19.901 0.0000000000
95487  49.822  17.560  20.596 0.0000000000
96393  47.710  18.134  19.921 0.0000000000
96392  48.427  18.127  19.750 0.0000000000
96444  47.225  18.350  17.800 0.0000000000
96429  47.192  18.378  18.533 0.0000000000
96445  46.564  18.575  18.051 0.0000000000
96476  47.333  17.807  15.331 0.0000000000
96477  46.158  18.269  15.158 0.0000000000
95562  46.738  17.490  14.935 0.0000000000
94568  50.379  16.627  15.764 0.0000000000
93633  47.836  15.361  16.521 0.0000000000
93644  48.222  15.769  16.055 0.0000000000
93645  47.303  15.463  15.836 0.0000000000
94572  46.383  16.132  15.009 0.0000000000
92670  46.373  14.811  16.001 0.0000000000
92671  45.539  14.988  15.807 0.0000000000
92659  46.418  14.715  16.820 0.0000000000
91705  46.115  14.686  19.307 0.0000000000
89888  49.477  11.467  20.917 0.0000000000
89889  48.594  11.438  21.070 0.0000000000
99439  41.408  22.138  20.830 0.0000000000
95348  43.653  16.696  32.249 0.0000000000
95331  44.359  16.493  33.401 0.0000000000
96245  47.080  17.440  34.819 0.0000000000
99466  50.269  22.365  18.208 0.0000000000
99479  50.834  23.109  17.439 0.0000000000
99480  49.845  23.019  17.574 0.0000000000
99493  48.313  22.755  16.672 0.0000000000
99494  47.600  22.526  16.354 0.0000000000
92524  50.462  14.183  28.923 0.0000000000
92560  49.379  14.300  26.750 0.0000000000
92532  50.860  14.136  28.238 0.0000000000
92544  51.198  14.313  27.269 0.0000000000
93527  51.799  14.719  26.736 0.0000000000
94542  55.957  16.322  18.173 0.0000000000
94532  55.894  16.937  18.290 0.0000000000
93615  55.329  15.709  17.200 0.0000000000
94555  54.651  16.499  16.811 0.0000000000
94556  53.632  16.325  16.488 0.0000000000
93628  53.170  15.391  16.798 0.0000000000
92652  53.126  14.788  17.262 0.0000000000
91717  52.528  13.691  18.229 0.0000000000
91699  52.276  13.194  18.951 0.0000000000
91698  52.993  13.103  18.706 0.0000000000
90816  52.879  12.352  19.167 0.0000000000
94286  46.789  15.768  39.907 0.0000000000
94300  46.942  16.600  39.225 0.0000000000
98666  52.567  21.447  21.265 0.0000000000
98667  51.481  21.892  21.575 0.0000000000
98668  50.400  22.011  21.395 0.0000000000
95353  57.845  16.657  31.035 0.0000000000
95362  57.128  17.143  30.569 0.0000000000
95361  57.740  16.572  30.118 0.0000000000
95370  57.494  16.315  29.165 0.0000000000
94408  58.215  15.919  28.651 0.0000000000
92576  58.293  14.347  24.726 0.0000000000
91629  57.650  13.572  23.317 0.0000000000
92582  57.502  14.429  23.191 0.0000000000
92588  57.318  14.445  22.374 0.0000000000
92594  57.135  14.438  21.500 0.0000000000
91664  57.020  13.482  20.912 0.0000000000
91678  56.693  13.477  20.128 0.0000000000
96304  45.888  18.445  29.427 0.0000000000
93459  46.674  15.356  32.004 0.0000000000
93471  45.815  14.954  31.251 0.0000000000
93469  47.846  15.173  31.047 0.0000000000
93480  48.236  15.009  30.328 0.0000000000
94383  49.397  15.955  31.651 0.0000000000
95343  51.856  16.941  32.955 0.0000000000
95209  49.845  17.337  40.485 0.0000000000
96183  49.225  18.143  38.829 0.0000000000
95224  50.460  17.652  39.775 0.0000000000
95223  51.424  17.597  39.862 0.0000000000
96180  52.145  18.077  39.279 0.0000000000
93441  55.062  15.388  36.848 0.0000000000
93405  55.334  16.191  38.457 0.0000000000
93425  55.545  15.870  37.774 0.0000000000
94308  56.203  16.843  38.057 0.0000000000
96220  56.047  17.892  37.191 0.0000000000
96221  55.298  17.949  36.783 0.0000000000
95262  56.789  17.616  36.874 0.0000000000
95281  57.119  17.658  36.175 0.0000000000
95280  57.506  17.347  35.557 0.0000000000
95300  57.549  17.351  34.581 0.0000000000
94349  58.267  16.248  35.079 0.0000000000
93450  58.227  15.562  34.584 0.0000000000
91575  57.646  14.086  33.259 0.0000000000
89787  55.119  11.757  30.923 0.0000000000
89797  54.636  11.657  29.195 0.0000000000
101843  49.704  25.179  17.945 0.0000000000
101830  50.545  25.524  18.895 0.0000000000
101833  47.873  25.031  19.939 0.0000000000
101104  46.239  25.031  18.616 0.0000000000
101093  43.915  24.297  18.595 0.0000000000
101106  44.633  24.347  17.992 0.0000000000
101124  44.224  23.612  17.385 0.0000000000
100318  44.334  23.502  17.118 0.0000000000
97988  44.703  20.247  16.173 0.0000000000
98734  44.364  20.800  16.238 0.0000000000
97223  44.491  19.341  16.237 0.0000000000
95540  44.161  18.171  16.709 0.0000000000
94545  44.470  16.763  17.212 0.0000000000
94559  44.768  16.593  16.521 0.0000000000
93635  44.380  15.475  16.695 0.0000000000
92661  44.685  14.835  16.509 0.0000000000
97122  48.169  19.870  27.937 0.0000000000
97121  49.199  19.856  27.591 0.0000000000
97135  46.780  19.741  26.602 0.0000000000
97147  46.796  19.955  25.772 0.0000000000
95432  46.851  17.029  23.807 0.0000000000
95433  46.074  17.565  24.084 0.0000000000
96366  45.681  18.147  23.309 0.0000000000
97173  45.553  19.057  22.821 0.0000000000
97926  45.713  20.288  22.837 0.0000000000
98659  45.844  20.957  22.192 0.0000000000
97930  45.603  20.319  21.648 0.0000000000
97184  45.473  19.341  20.832 0.0000000000
97185  45.417  19.058  20.209 0.0000000000
94445  54.500  16.485  25.482 0.0000000000
94434  53.832  15.873  25.884 0.0000000000
94446  53.914  16.007  24.907 0.0000000000
94473  53.613  15.953  23.246 0.0000000000
94490  53.214  16.323  22.450 0.0000000000
96424  52.521  18.710  18.307 0.0000000000
96408  52.278  18.540  19.364 0.0000000000
96410  49.840  18.002  19.209 0.0000000000
96411  48.833  18.104  19.252 0.0000000000
96427  49.149  18.100  18.403 0.0000000000
96459  47.294  18.185  17.067 0.0000000000
96467  48.404  17.835  15.749 0.0000000000
93631  49.746  15.511  16.490 0.0000000000
92657  48.234  15.058  17.147 0.0000000000
92641  47.624  14.912  17.822 0.0000000000
92642  46.610  14.922  17.641 0.0000000000
91704  47.261  14.304  19.399 0.0000000000
97155  51.761  20.298  24.669 0.0000000000
97940  41.221  20.585  20.633 0.0000000000
97198  42.171  19.315  19.890 0.0000000000
97208  42.178  19.391  18.711 0.0000000000
95368  44.350  17.405  30.534 0.0000000000
93473  44.278  15.737  31.558 0.0000000000
94374  44.402  15.983  32.633 0.0000000000
94373  45.392  15.782  32.808 0.0000000000
93460  45.648  15.278  32.173 0.0000000000
94372  46.410  15.883  32.731 0.0000000000
95347  47.920  16.877  33.244 0.0000000000
95326  49.219  17.290  33.876 0.0000000000
93408  52.408  15.794  38.823 0.0000000000
92469  52.434  15.170  37.178 0.0000000000
92468  53.399  15.139  37.070 0.0000000000
92467  54.079  15.073  36.891 0.0000000000
92481  54.553  14.819  36.390 0.0000000000
92493  54.951  14.372  35.640 0.0000000000
92492  55.713  14.553  35.483 0.0000000000
91549  55.912  14.298  35.040 0.0000000000
91562  56.064  13.867  34.447 0.0000000000
101115  52.503  24.108  17.436 0.0000000000
101101  51.049  25.097  17.321 0.0000000000
100315  50.466  23.820  17.032 0.0000000000
101117  50.747  24.618  16.510 0.0000000000
101102  50.385  24.944  17.361 0.0000000000
101858  49.270  24.792  17.416 0.0000000000
101120  48.178  24.782  16.880 0.0000000000
101873  46.990  25.137  16.717 0.0000000000
101135  46.154  24.653  16.386 0.0000000000
100342  46.017  23.636  15.720 0.0000000000
99502  45.739  22.677  15.574 0.0000000000
98741  46.074  22.050  15.873 0.0000000000
98742  45.430  21.633  15.753 0.0000000000
97238  45.050  18.870  14.749 0.0000000000
94437  45.921  16.213  26.370 0.0000000000
95412  45.627  17.695  26.137 0.0000000000
94436  47.049  15.539  26.012 0.0000000000
94448  46.812  16.331  25.238 0.0000000000
94461  47.373  16.553  24.209 0.0000000000
94479  47.438  16.758  23.634 0.0000000000
94478  48.242  16.535  23.459 0.0000000000
94495  48.538  16.739  22.772 0.0000000000
95468  55.561  16.908  21.477 0.0000000000
96388  54.069  17.958  19.662 0.0000000000
96421  54.959  17.817  18.180 0.0000000000
96406  54.182  18.138  18.787 0.0000000000
96423  53.532  18.454  18.110 0.0000000000
96439  52.753  18.435  17.401 0.0000000000
95538  50.574  17.724  16.216 0.0000000000
95537  51.427  17.769  16.195 0.0000000000
94567  51.372  16.438  15.789 0.0000000000
93641  50.695  16.145  15.819 0.0000000000
93629  52.052  15.478  16.519 0.0000000000
93630  50.945  15.645  16.285 0.0000000000
92655  50.371  14.938  17.090 0.0000000000
92639  49.788  14.357  17.990 0.0000000000
91682  49.764  12.996  19.555 0.0000000000
89887  50.321  11.557  20.860 0.0000000000
90818  51.496  12.628  19.702 0.0000000000
89886  51.086  11.683  20.724 0.0000000000
88984  50.015  10.821  20.706 0.0000000000
95268  45.067  16.850  36.095 0.0000000000
95267  46.122  17.196  36.140 0.0000000000
95236  47.300  17.557  37.976 0.0000000000
95227  47.806  17.410  38.949 0.0000000000
94299  47.687  16.935  39.699 0.0000000000
95211  48.157  17.191  39.845 0.0000000000
95210  48.857  17.280  40.271 0.0000000000
94271  49.831  16.253  41.254 0.0000000000
93375  50.974  15.947  40.770 0.0000000000
98719  54.078  21.572  17.430 0.0000000000
99464  52.345  22.717  17.978 0.0000000000
98695  52.306  21.983  19.561 0.0000000000
99451  51.829  22.386  18.803 0.0000000000
99465  51.351  22.614  18.009 0.0000000000
98708  49.979  22.160  18.649 0.0000000000
98709  49.478  22.103  18.568 0.0000000000
98710  48.475  21.775  18.636 0.0000000000
95364  54.580  17.051  30.808 0.0000000000
94400  53.593  16.199  29.319 0.0000000000
95374  54.768  17.139  29.999 0.0000000000
95386  54.790  17.143  29.160 0.0000000000
95400  54.949  16.998  28.216 0.0000000000
96308  56.808  17.533  29.153 0.0000000000
95384  56.192  17.555  28.610 0.0000000000
95411  55.109  16.958  27.158 0.0000000000
95410  55.965  17.469  26.583 0.0000000000
95419  55.714  17.571  25.505 0.0000000000
96355  56.348  18.014  24.496 0.0000000000
92531  59.127  14.609  28.130 0.0000000000
93497  58.530  15.788  28.081 0.0000000000
94420  58.128  16.074  27.741 0.0000000000
93540  58.328  15.138  25.360 0.0000000000
94444  57.951  15.790  25.840 0.0000000000
95407  57.328  16.332  26.130 0.0000000000
96341  56.955  17.652  25.464 0.0000000000
96354  56.952  18.096  24.618 0.0000000000
95456  56.172  17.180  22.504 0.0000000000
95467  56.411  16.716  21.637 0.0000000000
94517  56.499  16.325  20.815 0.0000000000
94523  56.315  16.416  19.958 0.0000000000
93593  56.715  15.043  20.652 0.0000000000
93594  56.538  15.541  20.374 0.0000000000
93601  56.238  15.645  19.415 0.0000000000
92632  55.838  14.814  18.271 0.0000000000
91714  55.039  13.734  17.632 0.0000000000
90826  54.744  12.735  17.828 0.0000000000
89915  55.068  11.968  17.859 0.0000000000
97109  48.178  20.143  28.580 0.0000000000
96321  47.239  19.778  28.310 0.0000000000
95401  45.888  18.673  27.685 0.0000000000
96295  45.926  18.713  29.948 0.0000000000
95366  45.576  17.965  29.480 0.0000000000
95377  45.185  17.236  29.143 0.0000000000
95389  45.258  17.218  28.615 0.0000000000
94412  45.152  16.867  28.229 0.0000000000
94424  45.315  16.295  27.678 0.0000000000
93514  46.165  14.811  27.391 0.0000000000
92548  47.317  14.385  27.694 0.0000000000
92534  48.990  14.114  28.272 0.0000000000
93479  49.146  15.200  30.272 0.0000000000
93490  49.459  14.780  29.627 0.0000000000
92525  49.678  14.228  29.025 0.0000000000
93476  51.788  15.245  29.755 0.0000000000
94379  53.850  16.227  31.644 0.0000000000
95266  47.166  17.437  36.243 0.0000000000
95287  47.380  17.474  35.733 0.0000000000
96244  47.635  17.510  35.363 0.0000000000
96212  49.172  18.940  37.978 0.0000000000
96228  48.890  17.877  37.010 0.0000000000
96243  48.550  17.649  35.899 0.0000000000
96256  49.082  17.772  35.370 0.0000000000
96255  49.933  17.889  35.619 0.0000000000
95286  50.972  17.927  35.708 0.0000000000
93390  52.651  16.358  39.355 0.0000000000
94297  52.905  16.818  39.599 0.0000000000
96179  53.226  17.948  39.205 0.0000000000
94295  54.800  16.836  39.140 0.0000000000
96178  54.164  17.806  38.986 0.0000000000
96193  52.816  18.099  38.502 0.0000000000
96224  51.870  17.820  36.928 0.0000000000
95265  51.810  17.753  36.386 0.0000000000
95305  50.816  17.756  35.001 0.0000000000
95324  51.376  17.318  33.894 0.0000000000
95323  52.473  17.031  33.820 0.0000000000
95282  54.538  17.480  35.117 0.0000000000
95302  54.376  17.298  34.332 0.0000000000
95342  52.927  16.695  32.957 0.0000000000
95341  54.029  16.371  32.872 0.0000000000
95357  54.410  16.420  32.054 0.0000000000
95365  54.292  16.614  31.361 0.0000000000
95355  55.205  17.378  31.339 0.0000000000
96283  56.702  17.471  31.965 0.0000000000
95320  57.377  17.078  33.623 0.0000000000
95319  58.058  16.756  33.087 0.0000000000
95337  57.888  16.576  32.027 0.0000000000
94377  58.770  15.839  31.671 0.0000000000
92512  59.009  15.086  31.528 0.0000000000
91585  58.554  13.939  30.596 0.0000000000
91561  56.960  13.736  33.876 0.0000000000
90661  57.128  12.981  33.210 0.0000000000
90673  57.096  12.993  31.944 0.0000000000
91579  57.681  13.652  32.365 0.0000000000
91582  57.777  13.474  31.329 0.0000000000
91586  57.705  13.366  30.303 0.0000000000
95290  44.264  16.746  35.216 0.0000000000
95251  44.748  16.803  36.867 0.0000000000
95239  44.526  16.557  37.406 0.0000000000
94301  45.838  15.753  39.048 0.0000000000
93382  45.092  14.771  39.024 0.0000000000
92434  46.109  14.413  39.905 0.0000000000
101077  47.381  24.862  20.283 0.0000000000
101078  46.774  24.695  20.606 0.0000000000
99453  42.508  22.801  19.253 0.0000000000
100305  43.432  23.646  18.335 0.0000000000
100306  42.928  23.157  18.938 0.0000000000
99468  42.487  22.289  18.643 0.0000000000
96447  42.748  18.769  18.396 0.0000000000
101136  45.076  23.968  16.355 0.0000000000
100333  44.504  23.396  16.452 0.0000000000
97979  43.521  20.283  16.881 0.0000000000
97968  43.310  20.833  17.213 0.0000000000
97216  42.743  19.520  17.571 0.0000000000
96431  43.192  18.114  18.798 0.0000000000
93636  43.704  15.373  17.214 0.0000000000
97144  50.722  19.789  25.474 0.0000000000
97885  50.637  20.231  24.885 0.0000000000
97900  50.777  20.981  24.355 0.0000000000
97904  46.531  20.378  24.562 0.0000000000
97903  47.265  20.503  24.825 0.0000000000
97902  48.318  20.861  24.718 0.0000000000
98634  49.622  21.676  24.121 0.0000000000
98644  50.263  22.018  23.240 0.0000000000
98656  49.144  21.984  22.351 0.0000000000
98669  49.406  21.934  21.364 0.0000000000
98671  47.161  21.726  21.513 0.0000000000
98684  48.744  21.727  20.470 0.0000000000
98699  48.096  21.442  19.589 0.0000000000
94411  52.947  15.604  27.737 0.0000000000
93510  52.489  15.148  27.210 0.0000000000
93543  51.451  14.845  25.671 0.0000000000
93541  53.207  15.635  25.195 0.0000000000
93555  51.727  15.255  24.578 0.0000000000
93556  50.794  15.090  24.674 0.0000000000
94476  50.345  15.726  23.669 0.0000000000
94494  49.260  16.603  22.702 0.0000000000
95458  49.142  16.879  22.125 0.0000000000
94505  53.570  16.665  21.765 0.0000000000
94507  51.874  16.732  21.886 0.0000000000
96390  52.175  18.020  20.401 0.0000000000
95485  51.624  17.555  20.713 0.0000000000
95472  51.337  17.091  21.223 0.0000000000
95473  50.387  17.094  21.306 0.0000000000
95474  49.281  17.206  21.556 0.0000000000
95475  48.081  17.492  21.442 0.0000000000
95489  47.478  17.819  20.671 0.0000000000
96394  46.667  18.040  20.081 0.0000000000
96414  45.890  18.656  19.403 0.0000000000
96412  47.908  18.306  19.208 0.0000000000
97207  45.837  19.630  18.818 0.0000000000
97958  46.185  20.652  18.233 0.0000000000
97232  45.667  18.930  16.380 0.0000000000
97231  46.281  18.403  16.840 0.0000000000
97236  45.643  18.694  15.580 0.0000000000
96478  45.300  18.462  14.531 0.0000000000
94582  45.332  17.112  14.572 0.0000000000
95550  49.859  17.263  15.968 0.0000000000
95551  48.883  17.157  15.668 0.0000000000
95560  48.257  17.283  15.165 0.0000000000
93643  49.072  15.952  15.982 0.0000000000
94570  48.204  16.407  15.340 0.0000000000
94579  47.929  16.973  14.880 0.0000000000
94580  47.318  16.845  14.829 0.0000000000
94581  46.257  16.748  14.755 0.0000000000
93655  45.607  16.498  14.941 0.0000000000
93647  45.506  15.875  15.464 0.0000000000
92672  45.093  15.292  15.808 0.0000000000
92644  44.770  15.015  17.357 0.0000000000
92643  45.684  14.984  17.423 0.0000000000
93607  45.222  15.536  17.926 0.0000000000
89906  53.199  11.277  18.783 0.0000000000
88982  51.342  11.215  20.655 0.0000000000
88983  50.859  11.012  20.837 0.0000000000
88995  51.383  10.793  20.536 0.0000000000
89896  52.143  11.919  19.915 0.0000000000
90678  56.235  12.761  31.367 0.0000000000
90688  55.838  12.234  29.871 0.0000000000
90784  50.545  12.141  20.589 0.0000000000
90785  49.836  12.153  20.667 0.0000000000
90800  51.785  12.227  19.976 0.0000000000
90801  51.129  12.372  20.141 0.0000000000
91628  58.105  13.490  23.999 0.0000000000
91638  57.372  13.587  22.643 0.0000000000
91701  50.263  13.374  19.038 0.0000000000
92504  56.852  14.405  34.490 0.0000000000
92509  58.118  14.538  33.540 0.0000000000
92515  59.295  14.973  30.933 0.0000000000
92516  58.887  14.550  31.287 0.0000000000
92518  59.234  14.815  30.117 0.0000000000
92519  59.054  14.515  30.652 0.0000000000
92520  46.595  14.516  29.647 0.0000000000
92521  46.200  14.604  29.501 0.0000000000
92523  59.199  14.752  29.124 0.0000000000
92526  48.805  14.383  29.062 0.0000000000
92528  47.137  14.443  29.248 0.0000000000
92529  46.362  14.548  29.059 0.0000000000
92533  49.918  14.022  28.242 0.0000000000
92535  48.123  14.375  28.330 0.0000000000
92543  59.088  14.436  27.269 0.0000000000
92545  50.171  14.089  27.391 0.0000000000
92549  46.808  14.358  27.944 0.0000000000
92556  59.022  14.383  26.468 0.0000000000
92558  51.118  14.537  26.412 0.0000000000
92569  58.748  14.349  25.710 0.0000000000
92570  50.747  14.627  25.969 0.0000000000
92581  57.895  14.379  23.916 0.0000000000
92602  56.531  14.777  20.320 0.0000000000
92611  56.443  14.189  20.112 0.0000000000
92624  45.753  15.287  18.289 0.0000000000
92651  54.711  15.323  16.962 0.0000000000
92658  47.310  14.902  16.939 0.0000000000
93360  50.740  16.084  41.056 0.0000000000
93361  50.376  15.894  41.113 0.0000000000
93362  49.561  15.623  41.178 0.0000000000
93379  47.300  15.334  40.605 0.0000000000
93389  53.307  16.557  39.292 0.0000000000
93406  54.766  16.016  38.490 0.0000000000
93440  56.205  15.477  36.535 0.0000000000
93442  54.475  15.237  36.915 0.0000000000
93445  58.062  15.890  35.351 0.0000000000
93447  56.542  15.163  35.819 0.0000000000
93454  58.686  15.482  33.454 0.0000000000
93457  58.794  15.519  31.954 0.0000000000
93458  58.825  15.326  32.661 0.0000000000
93461  44.760  15.518  32.173 0.0000000000
93462  44.278  15.802  32.070 0.0000000000
93465  59.068  15.502  31.255 0.0000000000
93466  50.617  15.497  30.817 0.0000000000
93468  48.785  15.469  30.989 0.0000000000
93484  44.353  15.736  30.870 0.0000000000
93487  52.173  15.101  29.043 0.0000000000
93489  50.369  14.647  29.570 0.0000000000
93491  48.582  14.800  29.684 0.0000000000
93496  58.904  15.423  28.480 0.0000000000
93498  52.313  15.228  28.082 0.0000000000
93500  45.886  14.748  28.390 0.0000000000
93501  45.409  15.332  28.576 0.0000000000
93508  58.634  15.604  27.512 0.0000000000
93509  52.920  15.345  26.784 0.0000000000
93512  47.865  14.810  26.811 0.0000000000
93513  47.270  14.651  26.945 0.0000000000
93523  59.092  14.775  26.898 0.0000000000
93526  52.379  15.099  26.322 0.0000000000
93528  50.034  14.694  25.830 0.0000000000
93529  49.414  14.667  26.011 0.0000000000
93530  48.387  14.805  26.385 0.0000000000
93542  52.413  15.293  25.396 0.0000000000
93545  49.629  15.017  25.400 0.0000000000
93557  49.896  15.381  24.735 0.0000000000
93566  57.456  15.306  22.989 0.0000000000
93567  53.487  15.813  23.843 0.0000000000
93568  52.981  15.740  23.756 0.0000000000
93569  52.043  15.630  23.577 0.0000000000
93571  50.326  15.522  24.145 0.0000000000
93578  57.339  15.335  22.101 0.0000000000
93580  51.374  15.737  23.137 0.0000000000
93586  57.014  15.408  21.160 0.0000000000
93606  56.057  15.663  18.571 0.0000000000
93608  44.912  15.445  17.724 0.0000000000
93614  55.743  15.664  17.803 0.0000000000
93616  53.819  15.098  17.251 0.0000000000
93617  53.448  14.949  17.226 0.0000000000
93618  45.491  15.341  17.786 0.0000000000
93619  45.216  15.319  17.592 0.0000000000
93626  54.895  15.746  16.865 0.0000000000
93634  47.375  15.107  16.384 0.0000000000
93654  45.991  16.136  15.048 0.0000000000
94269  50.949  16.272  40.894 0.0000000000
94270  50.533  16.295  41.071 0.0000000000
94272  48.907  16.064  41.274 0.0000000000
94283  50.219  16.797  40.987 0.0000000000
94285  47.963  16.383  40.547 0.0000000000
94294  55.308  16.904  38.934 0.0000000000
94310  55.114  16.455  38.833 0.0000000000
94326  57.191  16.507  37.042 0.0000000000
94327  56.653  16.640  37.578 0.0000000000
94328  56.161  16.383  37.893 0.0000000000
94329  44.129  16.440  37.473 0.0000000000
94358  47.498  16.758  33.129 0.0000000000
94359  46.948  16.609  33.155 0.0000000000
94363  58.699  15.835  32.018 0.0000000000
94365  53.984  16.086  32.267 0.0000000000
94366  53.343  16.230  32.247 0.0000000000
94368  51.191  16.284  32.286 0.0000000000
94370  48.968  16.366  32.443 0.0000000000
94378  58.471  16.213  31.449 0.0000000000
94389  58.440  16.247  30.553 0.0000000000
94390  54.389  16.801  30.267 0.0000000000
94393  51.773  15.529  30.267 0.0000000000
94395  44.068  16.441  31.010 0.0000000000
94398  58.290  16.075  29.680 0.0000000000
94399  54.306  16.675  29.681 0.0000000000
94410  53.596  16.058  28.197 0.0000000000
94423  52.991  15.446  27.201 0.0000000000
94432  58.068  15.927  26.830 0.0000000000
94435  47.694  15.207  26.105 0.0000000000
94456  57.640  16.245  24.448 0.0000000000
94457  54.566  16.467  24.466 0.0000000000
94458  53.961  15.960  24.034 0.0000000000
94470  57.692  15.745  24.307 0.0000000000
94475  52.095  16.007  22.972 0.0000000000
94492  51.564  16.131  22.597 0.0000000000
94504  56.874  16.239  21.383 0.0000000000
94506  52.766  16.815  21.819 0.0000000000
94510  49.425  16.831  22.103 0.0000000000
94543  55.408  16.700  17.508 0.0000000000
94554  55.148  16.173  16.990 0.0000000000
94566  51.988  16.718  15.883 0.0000000000
95206  51.929  16.883  40.139 0.0000000000
95207  51.517  17.027  40.289 0.0000000000
95208  50.761  17.215  40.462 0.0000000000
95219  55.098  17.182  39.068 0.0000000000
95220  54.609  17.402  39.098 0.0000000000
95221  53.569  17.361  39.367 0.0000000000
95222  52.383  17.316  39.753 0.0000000000
95225  49.517  17.700  39.633 0.0000000000
95226  48.682  17.639  39.389 0.0000000000
95233  55.969  17.115  38.310 0.0000000000
95234  55.433  17.462  38.615 0.0000000000
95235  54.914  17.712  38.842 0.0000000000
95246  57.026  17.106  37.284 0.0000000000
95247  56.227  17.409  37.781 0.0000000000
95248  55.697  17.781  38.074 0.0000000000
95261  57.434  17.049  36.504 0.0000000000
95279  58.113  16.890  34.971 0.0000000000
95285  51.615  17.716  35.805 0.0000000000
95299  58.097  16.886  34.094 0.0000000000
95304  51.982  17.229  34.813 0.0000000000
95306  49.676  17.663  34.716 0.0000000000
95308  47.902  17.438  34.320 0.0000000000
95309  47.177  17.419  34.177 0.0000000000
95322  53.590  16.877  33.683 0.0000000000
95327  48.318  17.231  33.788 0.0000000000
95338  57.160  16.859  32.558 0.0000000000
95339  55.165  17.136  31.967 0.0000000000
95340  54.788  16.901  32.442 0.0000000000
95356  54.700  16.984  31.670 0.0000000000
95363  55.289  17.498  30.469 0.0000000000
95373  55.457  17.499  29.608 0.0000000000
95382  57.594  16.554  28.163 0.0000000000
95385  55.508  17.389  28.771 0.0000000000
95387  45.879  18.582  28.077 0.0000000000
95399  55.728  17.330  27.850 0.0000000000
95408  57.006  17.078  26.364 0.0000000000
95418  57.329  17.056  25.365 0.0000000000
95420  55.091  17.097  26.058 0.0000000000
95428  57.642  16.397  24.769 0.0000000000
95429  57.651  16.875  24.439 0.0000000000
95430  55.738  17.645  24.595 0.0000000000
95440  57.353  17.031  23.360 0.0000000000
95442  56.024  17.598  23.588 0.0000000000
95444  48.042  16.884  22.742 0.0000000000
95455  56.840  17.012  22.530 0.0000000000
95459  48.566  16.987  22.212 0.0000000000
95484  53.356  17.853  20.629 0.0000000000
95490  46.817  17.803  20.707 0.0000000000
95499  55.371  17.664  19.159 0.0000000000
95502  48.854  18.019  19.843 0.0000000000
95512  55.400  17.499  18.260 0.0000000000
95513  55.011  17.679  17.903 0.0000000000
95522  55.220  17.371  17.758 0.0000000000
95523  54.890  17.464  17.417 0.0000000000
95524  44.606  17.232  16.841 0.0000000000
95533  54.565  17.277  16.865 0.0000000000
95536  52.255  17.542  16.332 0.0000000000
95547  52.328  16.993  16.030 0.0000000000
95561  47.626  17.398  14.952 0.0000000000
95564  44.879  17.868  14.215 0.0000000000
96177  54.658  17.749  38.877 0.0000000000
96192  53.862  17.950  38.464 0.0000000000
96195  50.477  18.281  38.116 0.0000000000
96196  49.629  18.694  38.228 0.0000000000
96205  55.885  17.845  37.743 0.0000000000
96206  55.422  18.005  37.790 0.0000000000
96209  52.344  17.913  37.712 0.0000000000
96225  51.023  17.977  36.961 0.0000000000
96227  49.318  17.849  37.095 0.0000000000
96229  47.954  17.642  36.205 0.0000000000
96235  57.069  17.805  35.739 0.0000000000
96237  55.170  17.627  35.481 0.0000000000
96238  54.416  17.543  35.627 0.0000000000
96239  51.430  17.866  36.479 0.0000000000
96241  50.115  17.925  36.426 0.0000000000
96242  49.407  17.775  36.411 0.0000000000
96250  57.044  17.902  35.117 0.0000000000
96253  55.043  17.326  33.574 0.0000000000
96254  50.541  17.964  35.802 0.0000000000
96259  47.077  17.428  34.511 0.0000000000
96266  56.210  17.472  33.663 0.0000000000
96268  55.194  17.204  32.831 0.0000000000
96277  55.758  17.331  32.076 0.0000000000
96290  57.136  17.958  31.074 0.0000000000
96299  57.101  17.891  30.013 0.0000000000
96300  56.475  17.827  29.468 0.0000000000
96301  55.987  17.719  29.591 0.0000000000
96309  56.651  17.567  28.601 0.0000000000
96320  56.777  17.511  28.135 0.0000000000
96322  46.330  19.310  27.893 0.0000000000
96331  56.517  17.652  25.941 0.0000000000
96332  56.214  17.757  25.661 0.0000000000
96343  56.123  17.895  25.099 0.0000000000
96353  57.320  17.566  24.647 0.0000000000
96364  57.189  17.770  23.930 0.0000000000
96365  56.689  18.042  23.908 0.0000000000
96380  52.661  17.728  20.871 0.0000000000
96389  53.226  18.295  20.130 0.0000000000
96391  51.456  17.749  20.261 0.0000000000
96395  45.715  18.535  20.282 0.0000000000
96396  45.469  18.860  20.066 0.0000000000
96405  54.883  17.916  18.614 0.0000000000
96415  45.530  18.895  19.827 0.0000000000
96422  54.504  18.078  17.893 0.0000000000
96452  54.218  17.526  16.712 0.0000000000
97044  50.107  18.746  37.668 0.0000000000
97052  49.996  18.532  37.352 0.0000000000
97053  49.594  18.969  37.629 0.0000000000
97054  49.116  18.978  37.787 0.0000000000
97060  50.027  17.933  36.979 0.0000000000
97061  49.526  18.306  37.381 0.0000000000
97062  49.246  18.579  37.571 0.0000000000
97069  49.778  17.812  36.788 0.0000000000
97148  45.977  19.660  25.499 0.0000000000
97156  51.093  20.000  24.777 0.0000000000
97157  46.578  20.223  25.045 0.0000000000
97178  45.493  19.235  21.956 0.0000000000
97197  45.429  19.083  19.960 0.0000000000
97213  46.449  18.594  17.719 0.0000000000
97233  45.220  19.209  15.869 0.0000000000
97914  51.618  21.307  23.597 0.0000000000
97917  46.928  20.852  24.039 0.0000000000
97980  43.071  20.201  17.230 0.0000000000
98636  48.110  21.149  24.198 0.0000000000
98655  50.043  22.029  22.126 0.0000000000
98694  53.154  21.982  19.449 0.0000000000
98706  54.281  21.830  18.000 0.0000000000
98707  54.011  21.735  18.306 0.0000000000
98713  41.852  21.506  19.034 0.0000000000
98718  54.391  21.875  17.464 0.0000000000
98723  43.488  21.378  17.174 0.0000000000
98724  42.947  21.438  17.801 0.0000000000
98729  54.344  21.760  16.849 0.0000000000
98730  53.926  21.597  16.570 0.0000000000
98735  43.912  21.225  16.542 0.0000000000
98744  44.138  21.855  15.962 0.0000000000
99408  51.304  22.177  22.744 0.0000000000
99409  50.940  22.234  22.820 0.0000000000
99418  51.156  22.198  22.335 0.0000000000
99429  50.819  22.166  21.926 0.0000000000
99430  50.457  22.109  21.968 0.0000000000
99448  53.753  21.845  18.540 0.0000000000
99450  52.744  22.434  18.815 0.0000000000
99462  53.663  21.851  17.998 0.0000000000
99463  53.214  22.417  17.964 0.0000000000
99475  54.351  22.280  17.085 0.0000000000
99476  53.526  21.926  17.180 0.0000000000
99477  52.942  22.603  17.182 0.0000000000
99489  54.250  22.099  16.201 0.0000000000
99490  53.544  22.313  16.523 0.0000000000
99492  52.266  23.258  16.681 0.0000000000
99496  44.138  22.660  16.014 0.0000000000
99505  44.113  22.244  15.915 0.0000000000
100314  51.198  23.531  16.743 0.0000000000
100324  53.824  22.527  16.225 0.0000000000
100325  53.325  22.984  16.524 0.0000000000
100326  52.534  23.358  16.666 0.0000000000
100328  50.931  23.856  16.027 0.0000000000
100330  47.506  23.530  16.104 0.0000000000
100332  44.855  23.666  16.115 0.0000000000
100334  44.116  22.645  16.671 0.0000000000
100340  51.447  23.919  15.788 0.0000000000
100341  51.121  24.111  15.558 0.0000000000
100343  45.126  23.447  15.769 0.0000000000
101089  47.121  24.919  19.698 0.0000000000
101092  44.663  24.584  18.901 0.0000000000
101114  52.970  23.660  17.250 0.0000000000
101116  51.612  24.606  16.727 0.0000000000
101118  49.845  24.456  17.262 0.0000000000
101130  52.281  23.951  16.553 0.0000000000
101131  51.732  24.205  16.074 0.0000000000
101132  50.956  24.421  15.835 0.0000000000
101137  44.724  23.770  16.629 0.0000000000
101143  51.373  24.237  15.740 0.0000000000
101144  51.136  24.344  15.657 0.0000000000
101146  45.233  23.823  15.975 0.0000000000
101841  51.184  25.168  17.941 0.0000000000
101846  46.857  25.163  18.601 0.0000000000
101857  51.192  24.702  16.322 0.0000000000
101871  51.402  24.477  15.947 0.0000000000
101872  51.097  24.687  16.052 0.0000000000
101881  51.256  24.467  15.811 0.0000000000
101882  51.091  24.618  15.825 0.0000000000
