#!ascii label  , from subject 3440 vox2ras=TkReg
625
44841  31.000  -35.332  70.560 0.0000000000
68006  45.816  -10.320  58.083 0.0000000000
66933  53.469  -10.667  56.216 0.0000000000
57161  47.210  -20.652  63.133 0.0000000000
51604  32.541  -27.247  68.251 0.0000000000
46642  31.667  -32.420  68.178 0.0000000000
69056  49.463  -8.360  58.595 0.0000000000
64965  49.955  -12.941  60.769 0.0000000000
56249  43.727  -21.541  65.381 0.0000000000
52479  37.754  -26.148  69.746 0.0000000000
68120  55.129  -9.697  48.781 0.0000000000
70154  54.189  -8.013  53.854 0.0000000000
60151  44.076  -17.756  61.243 0.0000000000
63887  47.128  -14.192  62.062 0.0000000000
48350  30.413  -31.029  69.069 0.0000000000
44867  31.430  -34.075  69.455 0.0000000000
69058  47.244  -8.884  58.329 0.0000000000
66895  49.995  -10.363  60.363 0.0000000000
66897  48.452  -10.153  60.757 0.0000000000
50793  43.706  -27.373  64.761 0.0000000000
49187  34.037  -28.816  68.646 0.0000000000
51589  35.061  -26.180  69.357 0.0000000000
49185  35.855  -29.307  69.334 0.0000000000
71300  55.471  -7.501  49.601 0.0000000000
68107  55.906  -9.996  49.786 0.0000000000
70187  55.973  -8.547  51.185 0.0000000000
70129  51.993  -8.731  55.427 0.0000000000
71236  52.279  -8.022  53.852 0.0000000000
68034  54.094  -9.747  55.264 0.0000000000
65981  55.032  -11.401  54.175 0.0000000000
63964  53.755  -12.603  55.106 0.0000000000
57131  45.882  -21.192  64.812 0.0000000000
58140  44.085  -19.695  63.277 0.0000000000
59155  45.766  -18.354  63.594 0.0000000000
61920  45.560  -15.751  61.771 0.0000000000
60125  47.723  -17.607  62.585 0.0000000000
61039  48.598  -16.467  61.510 0.0000000000
57188  47.572  -20.032  60.713 0.0000000000
49189  31.673  -29.402  67.985 0.0000000000
70115  49.995  -8.204  56.253 0.0000000000
69053  51.546  -8.961  57.691 0.0000000000
66918  51.115  -10.420  58.167 0.0000000000
63936  50.070  -13.095  58.106 0.0000000000
53498  40.466  -24.723  67.377 0.0000000000
53495  42.662  -24.514  66.311 0.0000000000
53524  44.401  -24.262  64.310 0.0000000000
53539  45.741  -24.012  62.041 0.0000000000
53546  47.305  -23.524  60.539 0.0000000000
53500  38.812  -24.832  67.388 0.0000000000
50750  39.450  -27.444  68.452 0.0000000000
67064  54.363  -10.527  47.297 0.0000000000
71259  54.284  -6.652  52.057 0.0000000000
68073  55.443  -9.849  52.430 0.0000000000
62998  56.341  -13.540  52.066 0.0000000000
64992  46.607  -12.262  60.131 0.0000000000
64954  48.675  -13.253  62.168 0.0000000000
61932  50.493  -15.744  60.595 0.0000000000
43070  31.416  -36.372  70.645 0.0000000000
44852  31.194  -34.308  70.051 0.0000000000
43944  31.649  -35.626  69.760 0.0000000000
69059  46.740  -9.189  58.256 0.0000000000
67973  48.011  -9.383  60.058 0.0000000000
67992  46.574  -10.001  58.964 0.0000000000
49186  34.975  -29.075  69.054 0.0000000000
71285  55.202  -6.624  50.471 0.0000000000
70188  55.875  -8.113  50.673 0.0000000000
71269  55.529  -7.276  51.102 0.0000000000
69084  52.451  -9.198  56.299 0.0000000000
70128  52.654  -9.016  55.460 0.0000000000
68024  53.873  -10.128  56.007 0.0000000000
65968  54.338  -11.357  55.258 0.0000000000
57162  46.880  -20.761  63.763 0.0000000000
58130  45.700  -19.995  64.587 0.0000000000
58128  47.092  -19.349  63.705 0.0000000000
60127  46.238  -17.592  63.217 0.0000000000
58137  47.972  -19.085  62.788 0.0000000000
59162  47.775  -18.363  62.159 0.0000000000
57174  47.393  -20.320  61.670 0.0000000000
48362  31.121  -30.704  68.555 0.0000000000
48376  31.469  -30.712  68.179 0.0000000000
48375  31.894  -30.707  67.687 0.0000000000
69073  48.334  -8.445  56.786 0.0000000000
69086  48.333  -8.657  55.841 0.0000000000
70099  50.149  -7.928  57.139 0.0000000000
70098  50.988  -7.902  57.275 0.0000000000
70083  51.085  -8.133  58.071 0.0000000000
68017  51.452  -9.908  57.805 0.0000000000
69041  50.974  -9.114  58.867 0.0000000000
65925  50.128  -11.480  60.298 0.0000000000
65937  50.729  -11.309  59.165 0.0000000000
64991  50.246  -12.287  59.565 0.0000000000
62946  50.161  -14.299  58.618 0.0000000000
62939  50.359  -14.232  59.577 0.0000000000
52513  41.106  -25.858  67.118 0.0000000000
54410  42.188  -23.992  66.703 0.0000000000
52524  42.143  -25.719  66.241 0.0000000000
52550  43.699  -25.827  64.223 0.0000000000
54446  45.463  -23.850  63.396 0.0000000000
51576  36.286  -26.506  70.120 0.0000000000
52502  37.249  -25.707  68.611 0.0000000000
53479  38.350  -25.711  68.632 0.0000000000
53477  39.222  -25.905  68.389 0.0000000000
51587  39.113  -26.728  69.133 0.0000000000
69164  54.727  -8.775  49.015 0.0000000000
68137  54.513  -10.094  48.178 0.0000000000
66034  56.546  -11.260  50.576 0.0000000000
70155  53.313  -7.636  53.608 0.0000000000
71249  52.241  -7.705  53.276 0.0000000000
71248  53.027  -7.260  52.986 0.0000000000
71260  53.488  -6.571  51.958 0.0000000000
70166  54.523  -7.320  52.812 0.0000000000
69126  55.487  -8.989  52.566 0.0000000000
69116  54.846  -8.801  53.555 0.0000000000
62982  55.186  -13.892  53.048 0.0000000000
64000  55.917  -13.101  52.699 0.0000000000
56250  42.856  -21.820  65.279 0.0000000000
56262  43.359  -21.317  64.811 0.0000000000
59164  44.257  -18.743  62.435 0.0000000000
58149  43.831  -19.724  62.042 0.0000000000
62908  46.242  -15.101  61.899 0.0000000000
62932  45.866  -14.537  60.376 0.0000000000
63902  46.174  -13.908  60.733 0.0000000000
64993  46.345  -12.588  59.533 0.0000000000
63901  46.697  -13.624  61.317 0.0000000000
64969  47.322  -12.665  61.361 0.0000000000
63886  47.995  -13.886  62.404 0.0000000000
60159  49.142  -17.678  60.213 0.0000000000
61933  49.748  -15.741  60.950 0.0000000000
60157  50.450  -17.482  59.541 0.0000000000
60167  51.041  -17.640  59.009 0.0000000000
46627  30.836  -32.608  69.372 0.0000000000
45782  31.502  -33.556  68.790 0.0000000000
44898  31.486  -34.491  67.604 0.0000000000
43956  31.607  -35.294  69.074 0.0000000000
69057  48.411  -8.371  58.042 0.0000000000
69043  49.580  -8.951  59.563 0.0000000000
69029  48.877  -8.998  59.921 0.0000000000
66896  49.322  -10.187  60.728 0.0000000000
65914  49.392  -11.803  61.179 0.0000000000
50724  33.319  -27.442  69.322 0.0000000000
51591  33.483  -26.656  68.912 0.0000000000
49949  34.070  -27.883  69.843 0.0000000000
49947  35.963  -27.990  70.380 0.0000000000
49946  36.929  -27.990  70.199 0.0000000000
49956  38.054  -28.443  69.417 0.0000000000
48359  37.184  -30.036  68.989 0.0000000000
69154  55.208  -8.782  49.509 0.0000000000
68119  55.812  -9.984  49.089 0.0000000000
69146  55.619  -8.777  50.083 0.0000000000
68096  55.972  -9.799  50.640 0.0000000000
67008  56.143  -10.641  50.976 0.0000000000
70146  50.751  -8.717  54.407 0.0000000000
70144  52.129  -8.462  54.427 0.0000000000
70143  52.868  -8.413  54.368 0.0000000000
69107  54.116  -8.926  54.619 0.0000000000
68045  54.741  -9.881  53.929 0.0000000000
66949  54.513  -10.583  54.687 0.0000000000
65064  54.555  -12.151  54.778 0.0000000000
56248  44.609  -21.891  65.633 0.0000000000
57147  44.220  -20.344  64.255 0.0000000000
58120  45.126  -20.338  64.708 0.0000000000
59156  44.900  -18.596  63.494 0.0000000000
60141  44.629  -17.600  62.241 0.0000000000
61059  44.686  -16.744  61.539 0.0000000000
61042  45.686  -16.569  62.521 0.0000000000
61041  46.323  -16.450  62.732 0.0000000000
61906  47.218  -15.918  62.725 0.0000000000
62905  48.377  -15.162  62.452 0.0000000000
61040  48.229  -16.657  62.047 0.0000000000
60149  48.153  -17.613  61.207 0.0000000000
58166  48.630  -19.550  59.810 0.0000000000
49972  30.624  -29.023  67.991 0.0000000000
49963  31.605  -28.973  68.005 0.0000000000
50738  32.566  -28.072  68.253 0.0000000000
49188  33.049  -28.827  67.947 0.0000000000
49216  33.144  -29.531  66.984 0.0000000000
70114  50.831  -8.091  56.374 0.0000000000
70096  51.781  -8.720  57.007 0.0000000000
68026  52.397  -10.076  56.856 0.0000000000
66925  51.982  -10.267  56.943 0.0000000000
66926  51.267  -10.392  57.386 0.0000000000
65010  50.596  -11.594  57.793 0.0000000000
66910  50.580  -10.452  59.647 0.0000000000
65002  50.523  -11.979  58.412 0.0000000000
54424  40.357  -23.713  66.527 0.0000000000
55345  41.303  -23.437  66.749 0.0000000000
54422  42.560  -23.199  66.419 0.0000000000
55353  43.216  -22.707  66.175 0.0000000000
52536  42.929  -25.780  65.405 0.0000000000
53517  43.676  -24.382  65.217 0.0000000000
55365  44.604  -22.716  65.652 0.0000000000
55364  45.192  -22.742  65.134 0.0000000000
55374  46.103  -22.615  64.002 0.0000000000
55392  46.811  -22.415  62.628 0.0000000000
55390  47.591  -21.986  61.433 0.0000000000
53538  46.641  -23.571  61.291 0.0000000000
53499  39.653  -24.684  67.578 0.0000000000
52500  40.170  -25.993  67.894 0.0000000000
50748  40.484  -26.990  67.390 0.0000000000
49181  38.980  -28.849  68.891 0.0000000000
49197  39.976  -29.078  67.952 0.0000000000
67065  53.284  -10.582  47.155 0.0000000000
72295  54.269  -6.314  51.512 0.0000000000
70175  55.784  -8.231  51.747 0.0000000000
69135  55.814  -8.920  51.936 0.0000000000
66995  55.816  -10.772  51.641 0.0000000000
65998  55.342  -11.465  53.221 0.0000000000
66012  55.759  -11.383  52.136 0.0000000000
64017  56.974  -13.083  51.661 0.0000000000
57163  43.571  -20.544  62.804 0.0000000000
65945  45.942  -11.580  58.335 0.0000000000
66913  46.178  -11.129  58.871 0.0000000000
65927  47.435  -11.450  60.780 0.0000000000
65915  48.548  -11.745  61.504 0.0000000000
64966  49.583  -12.931  61.362 0.0000000000
62904  49.261  -14.829  61.960 0.0000000000
62903  49.629  -14.631  61.416 0.0000000000
62931  50.474  -14.387  60.386 0.0000000000
61950  51.040  -15.776  59.271 0.0000000000
55400  47.865  -21.897  60.787 0.0000000000
56314  49.055  -21.344  60.154 0.0000000000
43935  31.196  -35.913  70.849 0.0000000000
43945  31.409  -35.509  70.286 0.0000000000
68005  46.303  -9.721  58.329 0.0000000000
72305  54.543  -6.121  50.821 0.0000000000
68025  53.032  -9.824  56.330 0.0000000000
66932  54.017  -10.689  56.076 0.0000000000
57144  47.062  -20.139  63.846 0.0000000000
59145  47.085  -19.012  63.598 0.0000000000
58138  47.418  -19.643  63.274 0.0000000000
57160  47.531  -19.913  62.564 0.0000000000
57175  47.391  -20.545  62.440 0.0000000000
46643  31.431  -32.267  68.652 0.0000000000
47489  31.433  -31.549  68.448 0.0000000000
46653  31.977  -32.579  67.161 0.0000000000
70085  49.500  -8.017  57.796 0.0000000000
70100  49.234  -8.121  57.024 0.0000000000
70084  50.292  -7.945  58.007 0.0000000000
69055  50.402  -8.498  58.646 0.0000000000
64979  50.057  -12.459  60.328 0.0000000000
63913  50.157  -13.325  60.121 0.0000000000
51611  41.550  -26.463  66.683 0.0000000000
52512  41.795  -25.562  66.879 0.0000000000
51626  42.022  -26.479  66.189 0.0000000000
51575  37.218  -26.549  70.127 0.0000000000
52490  36.729  -25.859  69.183 0.0000000000
52480  36.981  -25.998  69.824 0.0000000000
52489  37.624  -25.868  69.101 0.0000000000
52478  38.044  -26.283  69.639 0.0000000000
52488  38.396  -26.138  69.292 0.0000000000
51588  38.481  -26.683  69.508 0.0000000000
68121  54.115  -9.575  48.861 0.0000000000
71247  53.827  -7.047  52.992 0.0000000000
70153  54.718  -8.229  53.467 0.0000000000
62983  54.380  -14.095  53.065 0.0000000000
56237  43.211  -22.094  65.844 0.0000000000
60142  44.204  -18.195  61.886 0.0000000000
62907  46.820  -14.997  62.162 0.0000000000
62921  46.021  -14.640  61.267 0.0000000000
62920  46.573  -14.501  61.739 0.0000000000
63900  47.417  -13.374  61.871 0.0000000000
59176  49.807  -18.212  59.211 0.0000000000
60158  49.636  -17.625  59.869 0.0000000000
59183  50.442  -18.253  58.902 0.0000000000
45773  31.007  -33.409  69.763 0.0000000000
45783  31.229  -33.283  69.378 0.0000000000
44866  31.559  -34.433  69.138 0.0000000000
44882  31.576  -34.435  68.466 0.0000000000
69088  46.740  -9.008  56.806 0.0000000000
69074  47.472  -8.695  57.348 0.0000000000
69044  48.543  -8.695  59.300 0.0000000000
69045  47.749  -8.728  58.941 0.0000000000
67974  47.430  -9.897  59.852 0.0000000000
66882  48.925  -10.879  61.210 0.0000000000
49961  33.667  -28.258  69.023 0.0000000000
50723  33.744  -27.365  69.752 0.0000000000
49959  35.408  -28.638  69.845 0.0000000000
49958  36.359  -28.724  69.910 0.0000000000
49184  36.733  -29.447  69.357 0.0000000000
71301  55.372  -6.859  49.604 0.0000000000
70211  55.216  -8.044  49.291 0.0000000000
70199  55.576  -8.064  49.864 0.0000000000
69145  55.890  -8.932  50.674 0.0000000000
69134  55.934  -9.053  51.382 0.0000000000
70130  51.441  -8.559  55.526 0.0000000000
70145  51.523  -8.586  54.584 0.0000000000
69095  53.412  -9.171  55.266 0.0000000000
70127  53.097  -9.028  55.097 0.0000000000
70142  53.359  -8.772  54.727 0.0000000000
68046  54.343  -9.651  54.503 0.0000000000
63975  54.181  -13.131  54.472 0.0000000000
56247  45.505  -21.741  65.143 0.0000000000
57132  45.348  -20.808  65.063 0.0000000000
58119  45.409  -20.391  64.785 0.0000000000
59147  46.182  -18.991  64.131 0.0000000000
59148  45.443  -19.105  64.060 0.0000000000
60129  44.783  -17.957  62.996 0.0000000000
60128  45.333  -17.509  63.058 0.0000000000
60126  47.025  -17.624  63.110 0.0000000000
61026  46.730  -16.759  62.988 0.0000000000
61907  46.692  -16.224  62.723 0.0000000000
61025  47.422  -16.779  62.758 0.0000000000
61024  47.803  -16.756  62.473 0.0000000000
58157  47.473  -19.351  61.121 0.0000000000
59170  47.832  -18.333  61.166 0.0000000000
58156  47.962  -19.119  60.340 0.0000000000
59169  48.341  -18.360  60.556 0.0000000000
49191  30.166  -30.406  68.841 0.0000000000
49205  30.421  -29.838  68.474 0.0000000000
50752  32.013  -28.055  67.982 0.0000000000
49962  32.857  -28.210  68.446 0.0000000000
48361  31.756  -29.914  67.909 0.0000000000
70116  49.116  -8.405  56.112 0.0000000000
70132  49.830  -8.595  55.306 0.0000000000
70097  51.446  -8.523  57.356 0.0000000000
69071  51.915  -8.960  57.167 0.0000000000
69070  52.217  -9.177  56.752 0.0000000000
68016  51.887  -9.714  57.258 0.0000000000
65950  50.645  -11.148  57.093 0.0000000000
65943  50.731  -11.145  58.013 0.0000000000
67988  50.187  -9.614  59.774 0.0000000000
54412  40.367  -24.007  67.231 0.0000000000
54423  40.897  -23.555  66.852 0.0000000000
54411  41.244  -23.918  67.108 0.0000000000
54409  42.673  -24.277  66.393 0.0000000000
54421  43.100  -23.617  66.303 0.0000000000
51625  42.560  -26.467  65.729 0.0000000000
51643  43.119  -26.365  65.191 0.0000000000
53525  43.765  -25.042  64.371 0.0000000000
53516  44.299  -23.881  64.950 0.0000000000
54432  44.357  -23.418  65.430 0.0000000000
54431  44.760  -23.552  64.816 0.0000000000
53530  45.498  -24.175  62.899 0.0000000000
54438  45.865  -23.161  63.803 0.0000000000
54445  45.964  -23.379  63.232 0.0000000000
55383  46.561  -22.491  63.124 0.0000000000
54454  46.537  -22.961  62.285 0.0000000000
51590  34.487  -26.405  69.285 0.0000000000
52493  34.237  -26.272  68.709 0.0000000000
52492  34.912  -26.063  68.856 0.0000000000
53511  38.737  -24.951  66.309 0.0000000000
54414  39.176  -24.541  66.715 0.0000000000
54413  39.637  -24.262  67.005 0.0000000000
52501  39.480  -26.232  68.382 0.0000000000
53486  39.645  -25.471  67.946 0.0000000000
51601  39.960  -26.687  68.168 0.0000000000
51600  40.487  -26.512  67.436 0.0000000000
50749  40.251  -27.278  67.735 0.0000000000
49182  38.566  -29.130  69.037 0.0000000000
49213  40.474  -28.975  67.498 0.0000000000
67081  55.381  -10.330  46.174 0.0000000000
70157  51.604  -8.229  53.653 0.0000000000
70158  51.010  -8.592  53.320 0.0000000000
72287  54.030  -6.233  51.787 0.0000000000
72296  53.896  -5.944  51.330 0.0000000000
72286  54.165  -6.389  51.773 0.0000000000
71270  54.845  -6.654  51.344 0.0000000000
71258  55.126  -7.227  52.070 0.0000000000
69125  55.733  -9.509  51.967 0.0000000000
68072  55.618  -10.276  52.009 0.0000000000
66977  55.598  -10.790  52.072 0.0000000000
66948  54.883  -10.612  54.096 0.0000000000
66960  55.111  -10.637  53.525 0.0000000000
65093  55.751  -12.267  52.727 0.0000000000
63999  56.411  -13.022  52.160 0.0000000000
65092  56.180  -12.132  51.964 0.0000000000
58132  44.127  -20.104  63.955 0.0000000000
57148  43.623  -20.750  64.048 0.0000000000
61921  45.044  -16.265  61.666 0.0000000000
65003  46.182  -12.566  58.592 0.0000000000
65939  46.302  -11.693  59.079 0.0000000000
65938  46.635  -11.665  59.743 0.0000000000
66899  46.896  -11.137  59.985 0.0000000000
65928  46.975  -11.662  60.401 0.0000000000
64968  48.078  -12.672  61.936 0.0000000000
65916  47.763  -11.791  61.272 0.0000000000
64967  49.007  -12.528  61.882 0.0000000000
64953  49.270  -13.320  61.920 0.0000000000
61917  48.416  -15.923  62.292 0.0000000000
61916  48.916  -15.848  61.814 0.0000000000
61056  50.434  -16.191  60.441 0.0000000000
61915  49.481  -15.265  61.381 0.0000000000
62919  50.199  -14.911  60.995 0.0000000000
63883  49.841  -14.304  61.272 0.0000000000
62930  50.759  -15.170  60.523 0.0000000000
62938  50.973  -14.990  59.879 0.0000000000
61943  51.076  -15.824  60.123 0.0000000000
60177  51.124  -17.801  58.308 0.0000000000
54452  47.451  -22.582  61.184 0.0000000000
54461  47.706  -22.513  60.559 0.0000000000
44851  31.552  -34.853  69.689 0.0000000000
43069  31.674  -36.259  70.113 0.0000000000
69075  46.700  -9.060  57.736 0.0000000000
68004  46.834  -9.286  58.552 0.0000000000
67991  47.135  -9.521  59.198 0.0000000000
49203  33.566  -29.175  67.739 0.0000000000
49202  34.582  -29.400  68.150 0.0000000000
49214  35.128  -29.938  67.679 0.0000000000
71284  55.645  -7.332  50.199 0.0000000000
70111  52.310  -8.885  55.962 0.0000000000
69096  53.037  -9.332  55.844 0.0000000000
68035  53.541  -9.586  55.789 0.0000000000
66941  54.176  -10.638  55.572 0.0000000000
65958  54.007  -11.336  56.030 0.0000000000
57145  46.381  -20.693  64.292 0.0000000000
57146  45.839  -20.658  64.727 0.0000000000
58129  46.602  -19.671  64.172 0.0000000000
59154  46.557  -18.378  63.515 0.0000000000
59153  47.278  -18.686  63.252 0.0000000000
59152  47.837  -18.414  62.790 0.0000000000
58148  47.552  -19.194  61.928 0.0000000000
48363  30.746  -30.821  68.951 0.0000000000
70082  51.284  -8.462  57.903 0.0000000000
68002  51.542  -9.323  57.750 0.0000000000
69054  51.210  -8.866  58.261 0.0000000000
68003  51.221  -9.735  58.327 0.0000000000
66909  51.032  -10.416  58.865 0.0000000000
63926  50.097  -13.202  59.079 0.0000000000
62945  50.609  -14.985  59.167 0.0000000000
53497  41.381  -24.947  67.179 0.0000000000
53496  42.306  -24.810  66.499 0.0000000000
53509  42.509  -25.077  66.110 0.0000000000
51642  43.548  -26.631  64.597 0.0000000000
54439  45.406  -23.431  64.090 0.0000000000
53531  44.972  -24.476  63.374 0.0000000000
51577  35.198  -26.431  69.861 0.0000000000
52491  35.724  -25.960  69.142 0.0000000000
53502  36.980  -25.640  67.756 0.0000000000
53489  37.294  -25.577  68.090 0.0000000000
53488  37.998  -25.460  68.215 0.0000000000
53487  38.901  -25.207  68.137 0.0000000000
53478  38.907  -25.749  68.533 0.0000000000
52487  39.102  -26.070  68.854 0.0000000000
51602  39.478  -26.755  68.525 0.0000000000
67063  55.376  -10.555  47.651 0.0000000000
67022  56.214  -10.635  50.125 0.0000000000
71235  52.650  -7.860  53.757 0.0000000000
70165  55.100  -8.009  52.969 0.0000000000
68058  55.161  -9.801  53.097 0.0000000000
65082  55.308  -12.250  53.646 0.0000000000
63986  55.446  -13.223  53.223 0.0000000000
62981  55.485  -13.657  52.921 0.0000000000
55366  42.268  -22.139  65.356 0.0000000000
59171  43.987  -18.751  61.552 0.0000000000
61935  45.435  -15.333  60.837 0.0000000000
63915  46.113  -13.572  59.999 0.0000000000
63927  46.102  -13.523  59.001 0.0000000000
64981  46.413  -12.848  60.211 0.0000000000
64980  46.770  -12.602  60.734 0.0000000000
65917  47.228  -12.011  60.940 0.0000000000
61058  49.018  -16.415  60.939 0.0000000000
60147  49.394  -17.090  60.347 0.0000000000
61071  50.046  -16.982  60.056 0.0000000000
61070  50.630  -16.510  60.216 0.0000000000
61082  51.085  -16.700  59.545 0.0000000000
48351  29.963  -30.899  69.073 0.0000000000
47472  30.527  -31.905  69.185 0.0000000000
47471  31.101  -31.934  69.100 0.0000000000
46636  31.214  -32.358  68.990 0.0000000000
46635  31.411  -32.769  68.835 0.0000000000
45790  31.618  -33.517  67.842 0.0000000000
43965  31.578  -35.332  68.182 0.0000000000
67989  49.663  -9.386  60.027 0.0000000000
67990  47.809  -8.983  59.453 0.0000000000
67972  49.105  -9.410  60.263 0.0000000000
67971  49.681  -9.758  60.288 0.0000000000
65926  49.584  -10.916  60.822 0.0000000000
65913  49.850  -12.305  60.827 0.0000000000
50781  42.068  -27.298  66.268 0.0000000000
51592  32.930  -27.233  69.012 0.0000000000
51579  33.380  -27.120  69.429 0.0000000000
51578  34.072  -26.807  69.688 0.0000000000
50722  34.531  -27.211  70.162 0.0000000000
49960  34.482  -28.476  69.553 0.0000000000
49948  34.958  -27.932  70.207 0.0000000000
50721  35.566  -27.157  70.348 0.0000000000
50720  36.598  -27.202  70.348 0.0000000000
50719  37.568  -27.233  70.102 0.0000000000
50718  38.022  -27.058  69.934 0.0000000000
49957  37.244  -28.664  69.733 0.0000000000
49183  37.647  -29.298  69.293 0.0000000000
48358  38.086  -29.989  69.033 0.0000000000
68108  55.506  -9.456  49.597 0.0000000000
68097  55.731  -9.397  50.164 0.0000000000
69117  54.373  -8.698  54.014 0.0000000000
69106  54.457  -9.170  54.108 0.0000000000
65982  54.624  -11.383  54.740 0.0000000000
65063  55.029  -12.183  54.228 0.0000000000
63974  54.962  -12.831  54.106 0.0000000000
63987  54.696  -13.599  53.705 0.0000000000
57134  43.770  -21.058  64.815 0.0000000000
57133  44.386  -20.754  64.845 0.0000000000
58131  44.735  -19.801  64.080 0.0000000000
58139  44.542  -19.250  63.498 0.0000000000
59157  44.444  -18.908  63.135 0.0000000000
59163  44.593  -18.343  62.879 0.0000000000
61060  44.281  -17.018  61.160 0.0000000000
61043  45.056  -16.606  62.099 0.0000000000
61027  46.039  -16.922  63.004 0.0000000000
61919  46.442  -15.793  62.384 0.0000000000
61918  47.006  -15.419  62.447 0.0000000000
62906  47.480  -14.978  62.522 0.0000000000
62896  47.875  -15.505  62.741 0.0000000000
60139  47.953  -17.578  61.724 0.0000000000
60138  48.354  -17.017  61.304 0.0000000000
60148  48.650  -17.615  60.728 0.0000000000
59177  48.903  -18.422  59.936 0.0000000000
49964  30.805  -29.556  68.277 0.0000000000
50767  31.852  -28.098  67.624 0.0000000000
51605  32.205  -27.771  67.897 0.0000000000
50751  32.654  -27.627  68.531 0.0000000000
50737  32.968  -27.615  68.882 0.0000000000
49951  33.189  -27.719  69.027 0.0000000000
49204  32.496  -29.559  67.515 0.0000000000
70131  50.755  -8.485  55.471 0.0000000000
70113  51.463  -8.353  56.447 0.0000000000
70112  52.004  -8.815  56.458 0.0000000000
69085  52.154  -9.007  56.680 0.0000000000
68015  52.335  -9.427  56.764 0.0000000000
66934  52.551  -10.581  56.465 0.0000000000
66935  51.588  -10.764  56.678 0.0000000000
69042  50.604  -9.039  59.103 0.0000000000
67987  50.928  -9.577  59.054 0.0000000000
65936  50.930  -10.944  58.559 0.0000000000
65001  50.681  -11.603  58.062 0.0000000000
55356  40.636  -23.383  66.036 0.0000000000
55355  41.193  -23.087  66.245 0.0000000000
55344  41.825  -23.293  66.640 0.0000000000
55354  42.330  -22.488  66.008 0.0000000000
56236  43.862  -22.194  65.914 0.0000000000
52523  42.663  -25.416  65.791 0.0000000000
53508  43.045  -24.537  66.040 0.0000000000
52535  43.308  -25.567  64.867 0.0000000000
53518  43.079  -25.100  65.447 0.0000000000
53507  43.477  -24.230  65.739 0.0000000000
54420  43.683  -23.845  65.874 0.0000000000
55352  44.027  -22.823  66.010 0.0000000000
56235  44.176  -22.298  65.870 0.0000000000
55363  45.797  -22.208  64.735 0.0000000000
55375  45.649  -22.750  64.521 0.0000000000
56261  46.162  -21.656  64.422 0.0000000000
56275  46.696  -21.522  63.602 0.0000000000
56274  47.074  -21.352  62.997 0.0000000000
56289  47.304  -21.286  62.309 0.0000000000
55391  47.087  -22.239  62.206 0.0000000000
54453  47.117  -22.738  61.592 0.0000000000
53537  47.291  -23.013  61.065 0.0000000000
52586  45.936  -24.705  61.038 0.0000000000
53547  46.718  -24.183  60.669 0.0000000000
52506  33.811  -26.301  68.123 0.0000000000
52504  35.508  -25.840  68.174 0.0000000000
54425  39.544  -24.343  66.229 0.0000000000
53485  40.515  -25.394  67.473 0.0000000000
52499  40.600  -25.814  67.409 0.0000000000
51612  40.973  -26.483  67.023 0.0000000000
50765  40.855  -27.227  67.084 0.0000000000
50735  38.325  -27.369  69.575 0.0000000000
50734  39.029  -27.451  69.126 0.0000000000
49970  39.366  -28.271  68.408 0.0000000000
49969  39.984  -28.298  67.960 0.0000000000
50766  40.441  -27.877  67.464 0.0000000000
43936  30.735  -35.950  71.027 0.0000000000
67082  54.079  -10.436  45.981 0.0000000000
68085  55.848  -10.008  51.425 0.0000000000
66024  56.265  -11.494  51.373 0.0000000000
66978  55.379  -10.714  52.613 0.0000000000
66013  55.529  -11.468  52.660 0.0000000000
63019  57.166  -13.600  51.034 0.0000000000
68019  45.337  -10.128  57.499 0.0000000000
66927  45.581  -10.871  57.925 0.0000000000
66919  46.386  -10.238  58.813 0.0000000000
66911  47.161  -10.165  59.701 0.0000000000
66898  47.462  -10.639  60.334 0.0000000000
66884  47.657  -11.175  60.950 0.0000000000
66883  48.076  -10.955  61.190 0.0000000000
63885  48.892  -14.046  62.174 0.0000000000
61934  49.250  -15.782  61.239 0.0000000000
63884  49.535  -13.960  61.642 0.0000000000
63899  49.646  -13.505  61.424 0.0000000000
63898  50.009  -13.760  61.057 0.0000000000
61092  51.122  -16.734  58.499 0.0000000000
56288  47.525  -21.192  61.567 0.0000000000
56303  47.789  -21.102  60.815 0.0000000000
54460  47.977  -22.253  60.099 0.0000000000
55399  48.317  -21.875  60.313 0.0000000000
56302  48.514  -21.030  60.309 0.0000000000
57202  49.019  -20.465  59.825 0.0000000000
44842  30.736  -35.527  70.583 0.0000000000
49175  30.405  -30.661  68.962 0.0000000000
49176  30.231  -30.656  68.985 0.0000000000
49190  30.682  -30.228  68.607 0.0000000000
49950  33.501  -27.765  69.287 0.0000000000
49955  38.926  -28.262  68.977 0.0000000000
49971  31.472  -28.753  67.936 0.0000000000
49981  40.425  -28.356  67.512 0.0000000000
50736  37.674  -27.967  69.916 0.0000000000
51574  38.025  -26.626  69.846 0.0000000000
51580  33.140  -27.311  69.216 0.0000000000
52481  36.189  -26.107  69.706 0.0000000000
52518  33.529  -26.397  67.458 0.0000000000
53484  40.908  -25.468  67.310 0.0000000000
54466  48.279  -22.551  59.901 0.0000000000
55382  46.964  -21.903  62.840 0.0000000000
56246  45.865  -21.692  64.827 0.0000000000
57187  48.171  -20.249  60.188 0.0000000000
59146  46.843  -18.985  63.804 0.0000000000
59175  50.300  -17.949  59.215 0.0000000000
60140  45.115  -17.021  62.542 0.0000000000
60150  44.426  -17.279  61.540 0.0000000000
61057  49.978  -16.353  60.468 0.0000000000
61905  48.006  -16.049  62.646 0.0000000000
62895  48.138  -15.558  62.656 0.0000000000
62918  50.526  -15.267  60.703 0.0000000000
63914  46.394  -13.291  60.614 0.0000000000
64016  57.304  -13.081  50.997 0.0000000000
64952  49.501  -13.413  61.607 0.0000000000
65011  50.275  -12.017  57.411 0.0000000000
65944  50.789  -11.364  58.542 0.0000000000
66912  46.648  -10.664  59.352 0.0000000000
66920  46.070  -10.625  58.565 0.0000000000
69028  49.191  -9.084  59.957 0.0000000000
69072  51.508  -8.767  57.586 0.0000000000
70133  48.991  -8.668  55.428 0.0000000000
70156  52.008  -8.184  53.948 0.0000000000
70174  55.926  -8.579  51.443 0.0000000000
