#!ascii label  , from subject 3176 vox2ras=TkReg
1111
83757  -26.355  -13.450  -3.983 0.4285714328
83793  -26.703  -13.029  -5.936 0.2857142985
83777  -26.627  -13.261  -5.001 0.4285714328
85047  -28.057  -12.372  -5.044 0.4285714328
85061  -28.215  -11.859  -5.196 0.4285714328
85060  -27.524  -11.807  -5.596 0.2857142985
87532  -28.442  -10.428  -5.319 0.4285714328
87555  -26.931  -9.951  -6.371 0.4285714328
88806  -28.096  -9.534  -5.836 0.4285714328
90045  -27.727  -8.263  -6.705 0.4285714328
91253  -28.058  -7.763  -7.189 0.4285714328
91289  -28.242  -7.394  -8.941 0.5714285970
91274  -28.225  -7.426  -7.803 0.5714285970
92557  -28.796  -6.899  -7.469 0.4285714328
92575  -29.256  -6.453  -7.849 0.2857142985
92589  -29.157  -6.357  -9.023 0.7142857313
95180  -30.384  -4.333  -8.832 0.7142857313
93937  -29.604  -5.628  -9.653 0.7142857313
93921  -30.045  -5.089  -8.562 0.5714285970
96334  -31.005  -3.044  -9.728 0.5714285970
95196  -30.291  -4.264  -9.917 0.5714285970
96333  -30.687  -3.733  -10.350 0.5714285970
96349  -30.952  -3.199  -10.809 0.5714285970
97520  -31.247  -2.479  -10.203 0.5714285970
97508  -31.437  -2.287  -9.051 0.4285714328
98796  -31.461  -1.803  -10.729 0.5714285970
100036  -32.018  -0.847  -10.760 0.5714285970
97549  -31.291  -2.954  -12.219 0.7142857313
100049  -31.697  -1.482  -11.497 0.7142857313
101352  -32.573  -0.088  -11.480 0.7142857313
97536  -31.281  -2.713  -11.300 0.5714285970
96379  -30.047  -3.934  -12.823 0.5714285970
98813  -31.611  -1.690  -12.404 0.8571428657
101366  -33.041  0.678  -12.054 0.7142857313
98827  -31.085  -2.165  -12.889 0.7142857313
102677  -33.696  1.218  -13.613 0.7142857313
102658  -33.751  2.039  -12.070 0.5714285970
100060  -32.506  -1.025  -13.536 0.7142857313
101376  -33.231  0.465  -13.218 0.7142857313
102678  -34.300  1.922  -13.973 0.5714285970
101375  -33.081  -0.423  -13.843 0.7142857313
103961  -34.331  2.888  -13.322 0.5714285970
98843  -32.067  -1.365  -14.205 0.5714285970
101386  -33.157  -0.409  -14.423 0.7142857313
102686  -33.747  1.298  -14.522 0.7142857313
103968  -34.524  2.749  -14.360 0.7142857313
101413  -32.994  0.790  -15.326 0.7142857313
102697  -33.569  1.542  -15.058 0.7142857313
103976  -34.244  2.676  -14.857 0.7142857313
105315  -34.994  3.910  -15.134 0.7142857313
105306  -35.341  4.130  -14.693 0.5714285970
103987  -33.564  2.227  -15.082 0.7142857313
101399  -32.193  0.537  -14.879 0.5714285970
107989  -36.010  5.423  -14.367 0.5714285970
109289  -35.739  6.577  -14.333 0.5714285970
103975  -33.229  2.306  -14.970 0.8571428657
103974  -32.705  1.664  -15.014 0.8571428657
107997  -35.372  5.402  -14.551 0.7142857313
107996  -34.960  5.384  -14.731 0.7142857313
106697  -33.783  3.922  -15.034 0.8571428657
106698  -34.577  4.436  -15.029 0.7142857313
110477  -34.025  7.163  -15.507 0.8571428657
110479  -35.327  7.335  -15.557 0.5714285970
109288  -33.974  5.912  -14.362 0.8571428657
107987  -33.755  5.150  -14.081 0.8571428657
106688  -33.471  4.296  -14.491 0.8571428657
107988  -34.428  5.276  -14.480 0.8571428657
111556  -33.330  8.064  -15.517 0.8571428657
112750  -33.048  8.996  -16.495 0.8571428657
113851  -33.277  10.130  -15.025 0.8571428657
109298  -33.871  6.616  -14.573 0.8571428657
112737  -32.780  9.005  -15.352 0.8571428657
112715  -33.488  9.234  -12.969 1.0000000000
112726  -33.238  9.072  -14.162 1.0000000000
110467  -33.380  7.144  -14.690 0.8571428657
111528  -33.487  7.925  -13.166 1.0000000000
113834  -33.548  10.371  -12.715 1.0000000000
114989  -33.342  11.601  -10.126 0.7142857313
113842  -33.393  10.210  -13.842 1.0000000000
112703  -33.533  9.439  -11.891 1.0000000000
115020  -33.660  11.500  -12.420 1.0000000000
118294  -33.361  14.780  -9.857 1.0000000000
118293  -32.907  14.778  -8.954 0.8571428657
120469  -32.718  16.728  -9.228 0.8571428657
119398  -33.030  15.788  -9.494 1.0000000000
123678  -32.536  19.495  -8.764 0.8571428657
122606  -32.762  18.571  -9.131 0.8571428657
121536  -33.100  17.660  -9.402 1.0000000000
127139  -32.406  22.366  -9.500 0.8571428657
125977  -32.905  21.328  -9.585 0.8571428657
125957  -30.619  21.346  -8.659 0.5714285970
129038  -31.537  23.639  -9.255 0.7142857313
127122  -28.669  22.680  -9.332 0.5714285970
127124  -30.065  22.364  -8.745 0.5714285970
128117  -28.726  23.012  -9.238 0.4285714328
128129  -29.124  24.243  -9.498 0.4285714328
129914  -30.438  25.826  -9.382 0.4285714328
129044  -26.846  24.516  -9.572 0.2857142985
129043  -26.111  24.505  -9.348 0.2857142985
128127  -27.459  23.635  -9.790 0.2857142985
129909  -25.948  24.880  -9.258 0.2857142985
83794  -27.346  -12.559  -5.475 0.2857142985
102667  -33.561  1.325  -12.543 0.5714285970
109300  -35.213  6.261  -14.621 0.5714285970
106699  -35.351  4.706  -14.703 0.7142857313
109299  -34.562  6.344  -14.636 0.8571428657
110486  -34.558  7.575  -16.222 0.8571428657
111568  -33.997  8.256  -16.314 0.8571428657
116121  -33.637  12.627  -10.788 0.8571428657
129890  -27.073  25.736  -7.481 0.1428571492
83808  -26.512  -12.823  -6.795 0.2857142985
86300  -26.390  -11.205  -6.610 0.2857142985
86301  -26.915  -11.057  -6.077 0.2857142985
87531  -27.809  -10.272  -5.742 0.4285714328
90046  -28.429  -8.078  -6.151 0.4285714328
91273  -27.720  -7.911  -7.520 0.4285714328
90065  -27.391  -8.538  -7.711 0.5714285970
92574  -28.698  -6.855  -8.430 0.5714285970
93920  -29.603  -5.810  -8.284 0.4285714328
92602  -29.398  -6.718  -10.288 0.2857142985
93938  -30.020  -4.833  -9.506 0.7142857313
95209  -30.530  -4.411  -10.929 0.5714285970
100019  -32.561  -0.724  -9.376 0.4285714328
96357  -31.218  -3.475  -11.719 0.7142857313
98797  -31.730  -1.317  -10.562 0.5714285970
100050  -32.280  -1.124  -12.246 0.7142857313
101365  -32.667  -0.214  -12.777 0.7142857313
97563  -30.422  -2.932  -12.530 0.5714285970
97564  -31.000  -3.023  -12.563 0.5714285970
105293  -34.614  3.739  -12.639 0.5714285970
98842  -31.321  -1.621  -13.948 0.5714285970
103951  -34.166  2.838  -11.854 0.5714285970
101400  -33.428  0.784  -14.986 0.7142857313
101387  -33.344  0.305  -14.372 0.7142857313
105298  -34.802  3.960  -13.915 0.5714285970
98852  -32.158  -0.707  -14.466 0.8571428657
105314  -34.171  3.273  -14.915 0.7142857313
110487  -35.060  7.571  -16.376 0.5714285970
109287  -33.262  6.118  -14.150 1.0000000000
111512  -33.562  8.378  -12.060 1.0000000000
113807  -33.374  10.569  -10.567 0.8571428657
116103  -33.034  12.698  -9.756 0.7142857313
116132  -33.546  12.587  -12.000 1.0000000000
117181  -33.114  13.782  -9.390 0.7142857313
117220  -33.671  13.676  -11.506 1.0000000000
116085  -32.602  13.121  -9.202 0.7142857313
122598  -32.128  18.582  -8.585 0.8571428657
120470  -33.192  16.777  -9.822 1.0000000000
125958  -31.581  21.338  -8.591 0.7142857313
128119  -30.624  23.218  -8.690 0.7142857313
129037  -31.175  23.886  -8.859 0.7142857313
127136  -28.259  22.612  -9.604 0.4285714328
129045  -27.754  24.712  -9.890 0.2857142985
129046  -28.708  24.922  -9.692 0.4285714328
129048  -30.833  24.754  -9.187 0.4285714328
129913  -29.182  26.079  -9.697 0.4285714328
129910  -26.277  25.164  -9.321 0.2857142985
93949  -29.337  -5.811  -11.027 0.4285714328
95208  -29.870  -4.635  -11.559 0.4285714328
128128  -28.493  23.813  -9.604 0.4285714328
128118  -29.519  23.484  -9.120 0.7142857313
83778  -27.643  -12.997  -4.819 0.4285714328
83792  -25.890  -13.511  -6.078 0.2857142985
85059  -26.921  -12.377  -6.091 0.2857142985
86279  -27.620  -11.084  -5.651 0.4285714328
88848  -27.132  -9.163  -6.988 0.2857142985
90015  -28.203  -8.840  -5.922 0.4285714328
91288  -27.695  -7.932  -8.348 0.4285714328
92588  -28.917  -7.040  -9.472 0.2857142985
95195  -29.978  -4.941  -10.509 0.5714285970
96348  -30.890  -3.902  -11.299 0.5714285970
98781  -31.944  -1.384  -9.969 0.4285714328
101337  -32.615  0.104  -10.208 0.5714285970
96372  -31.057  -3.601  -12.375 0.7142857313
98812  -31.446  -2.197  -11.906 0.7142857313
95232  -30.786  -4.192  -12.073 0.7142857313
98828  -31.752  -1.476  -13.269 0.5714285970
102668  -34.113  1.962  -12.887 0.5714285970
102687  -34.239  1.979  -14.800 0.7142857313
98851  -31.539  -1.043  -14.344 0.7142857313
100098  -33.007  0.011  -15.203 0.8571428657
105305  -34.670  3.456  -14.741 0.7142857313
101411  -31.962  1.006  -15.576 0.8571428657
107974  -33.506  4.684  -13.990 0.8571428657
111543  -33.206  8.029  -14.462 1.0000000000
113823  -33.584  10.495  -11.605 1.0000000000
124837  -32.736  20.418  -9.155 0.8571428657
125976  -32.345  21.350  -8.966 0.8571428657
127125  -31.119  22.287  -8.863 0.7142857313
128130  -31.860  23.245  -9.456 0.7142857313
127123  -29.010  22.387  -9.175 0.5714285970
129047  -29.723  24.778  -9.290 0.4285714328
128125  -25.815  24.015  -9.262 0.2857142985
129033  -25.782  24.898  -8.664 0.2857142985
129022  -26.264  24.884  -8.012 0.1428571492
87554  -26.407  -10.578  -6.759 0.2857142985
117201  -33.491  13.706  -10.350 1.0000000000
129036  -30.380  24.044  -8.905 0.5714285970
132671  -29.796  28.952  -10.891 0.2857142985
132669  -27.339  28.895  -10.529 0.1428571492
130784  -29.308  27.038  -10.014 0.2857142985
131713  -30.594  28.259  -10.597 0.2857142985
131710  -27.284  27.809  -10.313 0.1428571492
132668  -26.630  29.012  -10.344 0.1428571492
129912  -28.063  25.907  -9.770 0.1428571492
130792  -28.644  26.707  -10.052 0.2857142985
130791  -28.002  26.854  -9.982 0.1428571492
131714  -31.531  28.347  -10.962 0.2857142985
131712  -29.848  27.706  -10.379 0.2857142985
130823  -33.450  26.040  -14.271 0.2857142985
131720  -33.052  27.449  -12.383 0.2857142985
131702  -26.669  28.252  -9.910 0.1428571492
129053  -33.122  24.384  -11.280 0.2857142985
130794  -31.122  27.571  -10.041 0.2857142985
130785  -30.181  27.017  -9.808 0.2857142985
127169  -33.335  22.740  -13.052 0.1428571492
129930  -33.011  25.561  -11.834 0.2857142985
130795  -32.199  26.885  -10.336 0.2857142985
130787  -31.806  26.138  -9.851 0.2857142985
126041  -31.413  21.293  -15.669 0.1428571492
127177  -32.662  22.548  -14.435 0.1428571492
129070  -33.397  24.459  -12.924 0.4285714328
129916  -32.220  25.522  -9.971 0.2857142985
123729  -32.818  19.427  -13.121 0.2857142985
127156  -33.672  22.413  -11.494 0.4285714328
128134  -32.966  23.455  -10.560 0.2857142985
121600  -31.988  17.941  -14.638 0.1428571492
126023  -32.887  20.946  -13.573 0.2857142985
128135  -33.303  23.274  -11.233 0.4285714328
124861  -33.418  20.401  -11.462 0.5714285970
127150  -33.363  22.405  -10.625 0.7142857313
120536  -31.927  16.806  -14.604 0.1428571492
122663  -32.650  18.495  -13.495 0.1428571492
125993  -33.397  21.350  -10.209 0.7142857313
128131  -32.494  23.449  -9.852 0.4285714328
123713  -33.293  19.382  -11.804 0.4285714328
119457  -32.077  15.847  -14.846 0.2857142985
119444  -32.597  16.066  -13.242 0.7142857313
124848  -33.516  20.418  -10.549 0.7142857313
119418  -33.184  15.902  -10.476 0.8571428657
121583  -33.070  17.555  -12.452 0.8571428657
123699  -33.458  19.447  -10.947 0.5714285970
118366  -32.326  14.955  -16.232 0.2857142985
118358  -32.321  15.168  -15.260 0.2857142985
122636  -33.353  18.506  -11.313 0.7142857313
122597  -31.313  18.684  -8.052 0.5714285970
122619  -33.338  18.556  -10.508 0.8571428657
117263  -32.654  13.925  -16.903 0.1428571492
119452  -32.770  15.391  -13.373 0.7142857313
117264  -33.061  13.891  -17.633 0.1428571492
109213  -32.051  6.465  -10.107 0.5714285970
112685  -33.394  9.563  -10.915 0.8571428657
111490  -32.989  8.709  -10.433 0.4285714328
112684  -32.880  9.655  -10.157 0.5714285970
116142  -33.252  12.573  -13.367 0.8571428657
118318  -33.286  14.732  -10.976 0.8571428657
117274  -32.603  13.361  -17.616 0.2857142985
117229  -33.281  13.615  -12.633 0.8571428657
118335  -33.418  14.691  -12.098 0.8571428657
121552  -33.401  17.663  -10.861 0.8571428657
117265  -33.906  13.594  -18.014 0.4285714328
117245  -32.657  13.249  -14.591 0.7142857313
118352  -32.777  14.764  -14.035 0.7142857313
109212  -30.844  6.269  -9.728 0.2857142985
110390  -33.287  7.930  -11.446 0.5714285970
110388  -32.326  7.203  -10.008 0.5714285970
115054  -32.557  12.159  -16.900 0.4285714328
116155  -32.644  12.452  -15.371 0.8571428657
117238  -32.839  13.593  -13.755 0.8571428657
116182  -33.965  12.310  -18.313 0.4285714328
102666  -31.314  1.333  -13.145 0.7142857313
103934  -31.543  2.749  -11.686 0.4285714328
102676  -31.337  1.088  -14.148 0.7142857313
105291  -32.617  3.434  -12.946 0.8571428657
106642  -32.569  4.300  -11.894 0.5714285970
107919  -32.325  5.227  -10.814 0.5714285970
107918  -31.186  5.300  -10.258 0.4285714328
107957  -32.737  5.317  -13.073 0.8571428657
110454  -32.985  6.885  -13.738 0.8571428657
110438  -33.315  6.820  -12.819 0.7142857313
109214  -32.615  6.361  -10.934 0.5714285970
113860  -33.087  10.135  -16.208 0.7142857313
115044  -32.859  11.275  -15.687 0.7142857313
116156  -33.157  11.775  -15.078 0.8571428657
115046  -35.335  11.281  -16.205 0.2857142985
113900  -34.545  10.663  -18.206 0.4285714328
115080  -34.070  11.318  -18.281 0.5714285970
98850  -30.992  -1.193  -14.191 0.4285714328
101374  -30.684  -0.019  -13.340 0.4285714328
102655  -30.810  1.060  -11.884 0.4285714328
105312  -33.186  3.266  -14.842 0.7142857313
105297  -32.507  3.412  -14.088 0.7142857313
106687  -32.819  3.981  -14.512 0.7142857313
109257  -32.884  5.750  -13.294 0.8571428657
111579  -34.667  8.203  -16.838 0.7142857313
113872  -35.377  10.363  -16.861 0.2857142985
112777  -35.189  9.761  -17.722 0.5714285970
112764  -33.938  9.226  -17.440 0.5714285970
98826  -30.512  -1.854  -12.736 0.4285714328
100048  -30.322  -1.122  -12.351 0.5714285970
101384  -31.228  0.135  -13.886 0.5714285970
102675  -30.906  0.707  -13.552 0.5714285970
103967  -32.322  2.475  -14.358 0.7142857313
111581  -35.416  7.965  -16.306 0.4285714328
112766  -35.248  9.059  -16.499 0.4285714328
95216  -30.261  -4.221  -12.186 0.5714285970
103950  -33.699  2.312  -11.552 0.4285714328
107975  -37.116  5.643  -13.890 0.4285714328
106690  -36.067  4.710  -14.321 0.4285714328
109276  -36.526  6.676  -13.795 0.4285714328
109275  -35.972  7.083  -14.177 0.4285714328
92530  -29.811  -6.990  -6.206 0.1428571492
106678  -35.951  4.540  -13.617 0.4285714328
106679  -37.013  4.808  -13.921 0.4285714328
107976  -37.500  5.925  -13.267 0.4285714328
93908  -29.647  -6.050  -7.206 0.1428571492
95161  -30.552  -5.138  -6.789 0.1428571492
97509  -31.925  -2.230  -8.453 0.2857142985
103920  -33.832  2.560  -9.679 0.2857142985
106623  -35.833  4.393  -9.956 0.2857142985
105258  -34.482  3.305  -10.758 0.2857142985
106646  -36.584  5.167  -11.769 0.2857142985
105276  -34.884  3.721  -11.584 0.2857142985
103935  -33.719  2.574  -10.837 0.2857142985
106666  -35.879  4.560  -12.449 0.4285714328
93896  -30.275  -6.049  -6.546 0.1428571492
95172  -31.370  -3.999  -7.354 0.2857142985
99997  -33.211  -0.720  -7.435 0.2857142985
102611  -33.802  1.266  -8.649 0.2857142985
101323  -33.514  0.811  -8.584 0.2857142985
102628  -33.726  1.540  -9.153 0.2857142985
93897  -30.867  -5.399  -6.347 0.1428571492
97486  -32.735  -2.581  -6.865 0.2857142985
95162  -31.418  -4.684  -6.384 0.2857142985
97499  -32.366  -2.321  -7.710 0.2857142985
96310  -31.719  -3.203  -7.724 0.2857142985
95171  -30.666  -4.604  -7.638 0.2857142985
98758  -32.531  -1.546  -7.860 0.2857142985
86280  -28.318  -11.180  -5.292 0.2857142985
90016  -29.026  -8.448  -5.650 0.1428571492
88807  -28.729  -9.693  -5.412 0.2857142985
91225  -29.602  -7.421  -5.855 0.1428571492
83758  -27.455  -13.474  -3.952 0.2857142985
82325  -27.137  -13.965  -3.090 0.2857142985
88783  -28.957  -10.005  -4.946 0.2857142985
82326  -28.259  -14.058  -3.111 0.1428571492
82324  -26.038  -13.975  -3.131 0.2857142985
82303  -25.733  -14.812  -2.653 0.1428571492
96299  -32.005  -3.708  -6.803 0.2857142985
98759  -33.032  -1.634  -7.159 0.2857142985
102629  -34.284  2.051  -8.964 0.2857142985
100010  -33.014  -0.151  -8.371 0.2857142985
105237  -34.462  3.422  -9.626 0.2857142985
102657  -33.366  1.685  -11.447 0.4285714328
106645  -35.600  4.290  -11.225 0.2857142985
107939  -38.357  5.864  -11.804 0.2857142985
105290  -32.049  2.772  -12.717 0.7142857313
107959  -37.286  5.600  -13.235 0.4285714328
109236  -33.241  6.187  -12.270 0.5714285970
107990  -36.716  5.415  -14.285 0.4285714328
110488  -35.264  7.719  -16.357 0.4285714328
112751  -35.460  9.288  -15.194 0.2857142985
113861  -35.490  10.292  -15.776 0.2857142985
113887  -35.215  10.600  -17.621 0.5714285970
120457  -32.145  16.731  -8.645 0.7142857313
115055  -32.781  11.380  -17.048 0.7142857313
124827  -31.177  20.376  -8.122 0.4285714328
124828  -32.150  20.445  -8.493 0.5714285970
123689  -32.974  19.484  -9.455 0.7142857313
115070  -34.543  11.519  -17.956 0.2857142985
119433  -33.250  15.718  -11.570 0.8571428657
122607  -33.170  18.572  -9.774 0.8571428657
118359  -32.594  14.650  -14.838 0.5714285970
122651  -33.039  18.445  -12.841 0.4285714328
124873  -33.100  20.279  -12.539 0.4285714328
131703  -26.824  27.528  -9.482 0.1428571492
128146  -33.380  23.420  -12.612 0.2857142985
127178  -33.152  22.644  -13.708 0.1428571492
131717  -32.366  27.755  -11.622 0.2857142985
83759  -28.572  -13.480  -3.896 0.1428571492
83776  -25.573  -13.292  -5.011 0.2857142985
85048  -28.941  -11.993  -4.813 0.1428571492
88808  -29.399  -9.118  -5.161 0.1428571492
92531  -30.184  -6.766  -6.032 0.1428571492
93875  -31.283  -5.786  -5.762 0.1428571492
95139  -31.773  -5.145  -5.659 0.1428571492
96321  -31.245  -3.068  -8.697 0.2857142985
100009  -32.637  -0.970  -8.201 0.2857142985
102612  -34.193  1.422  -8.248 0.2857142985
98769  -31.625  -1.889  -9.110 0.2857142985
103921  -34.433  2.747  -9.022 0.2857142985
100059  -30.406  -0.908  -13.211 0.5714285970
100020  -32.971  0.196  -9.227 0.2857142985
101351  -30.386  0.539  -11.613 0.2857142985
107921  -37.616  5.562  -11.281 0.2857142985
107961  -38.618  6.025  -11.941 0.2857142985
103959  -31.878  2.226  -13.561 0.7142857313
105255  -30.794  3.218  -10.554 0.4285714328
105256  -31.608  3.253  -11.110 0.5714285970
107960  -38.026  6.042  -12.589 0.4285714328
105299  -35.577  4.388  -14.253 0.4285714328
107935  -32.390  4.787  -11.478 0.7142857313
109192  -31.532  7.122  -9.610 0.2857142985
110456  -36.975  7.653  -13.159 0.1428571492
111544  -36.075  8.698  -13.500 0.4285714328
110468  -35.600  7.507  -14.658 0.4285714328
112727  -35.817  9.724  -13.274 0.1428571492
115027  -33.597  11.334  -13.590 0.8571428657
112738  -35.690  9.508  -14.119 0.1428571492
112775  -34.186  9.929  -18.257 0.5714285970
115057  -35.312  11.189  -17.066 0.2857142985
116181  -33.024  12.109  -18.176 0.5714285970
120506  -33.397  16.721  -11.187 0.8571428657
118376  -33.352  14.501  -17.332 0.1428571492
117254  -32.665  13.763  -15.667 0.4285714328
117275  -33.089  13.165  -18.130 0.4285714328
118375  -32.552  14.898  -17.102 0.1428571492
121582  -32.790  17.594  -13.218 0.5714285970
118365  -31.705  15.370  -16.948 0.1428571492
120535  -31.627  17.475  -15.098 0.1428571492
130783  -27.464  26.494  -9.346 0.1428571492
122652  -33.314  18.439  -12.119 0.5714285970
122672  -32.322  18.591  -14.128 0.1428571492
129060  -33.045  23.979  -12.104 0.2857142985
127162  -33.564  22.496  -12.382 0.2857142985
124883  -32.736  20.176  -13.758 0.2857142985
124893  -32.133  20.394  -14.456 0.1428571492
124892  -31.577  20.474  -15.048 0.1428571492
126031  -31.925  21.334  -14.767 0.1428571492
129940  -33.483  25.377  -12.992 0.2857142985
129948  -33.119  25.243  -14.286 0.2857142985
129095  -32.964  24.126  -14.413 0.1428571492
128167  -32.606  23.582  -14.799 0.1428571492
83780  -29.776  -12.749  -4.456 0.1428571492
91226  -30.498  -7.460  -5.293 0.1428571492
115036  -35.319  11.325  -15.113 0.2857142985
127195  -31.296  22.487  -16.010 0.1428571492
129959  -33.038  25.415  -14.830 0.2857142985
83779  -28.798  -12.926  -4.572 0.1428571492
86269  -28.906  -11.274  -4.867 0.1428571492
87515  -28.949  -10.539  -4.881 0.1428571492
91254  -28.622  -7.517  -6.797 0.1428571492
92558  -29.585  -6.764  -6.686 0.1428571492
96320  -30.665  -3.630  -9.267 0.4285714328
96309  -30.892  -3.714  -8.185 0.2857142985
93909  -29.987  -5.348  -7.431 0.1428571492
101353  -33.009  0.839  -10.848 0.4285714328
102685  -31.755  0.966  -14.792 0.5714285970
100086  -31.207  -0.712  -14.279 0.4285714328
103966  -32.011  1.542  -14.555 0.7142857313
107973  -33.210  5.072  -13.694 0.7142857313
115035  -33.250  11.130  -14.603 0.8571428657
115008  -33.696  11.556  -11.220 0.8571428657
123677  -31.850  19.514  -8.191 0.5714285970
127149  -32.865  22.745  -10.112 0.5714285970
129049  -31.825  24.321  -9.505 0.2857142985
129050  -32.625  24.471  -10.292 0.2857142985
111580  -35.200  8.085  -16.812 0.4285714328
91224  -28.960  -7.722  -6.130 0.1428571492
98770  -32.061  -1.676  -8.794 0.2857142985
106677  -35.282  4.186  -12.968 0.4285714328
110417  -33.319  7.219  -11.883 0.5714285970
129915  -31.400  25.514  -9.603 0.2857142985
106675  -32.805  4.320  -13.603 0.8571428657
131704  -29.398  27.424  -10.201 0.2857142985
132670  -28.329  28.748  -10.845 0.1428571492
131711  -28.771  27.656  -10.355 0.2857142985
129921  -28.269  26.432  -9.958 0.1428571492
130805  -33.417  25.861  -12.842 0.2857142985
130798  -32.830  26.627  -11.561 0.2857142985
129923  -32.779  25.611  -10.801 0.2857142985
129059  -33.222  24.819  -12.194 0.2857142985
130786  -31.264  26.566  -9.647 0.2857142985
128168  -33.022  23.447  -14.111 0.1428571492
127186  -31.943  22.436  -15.145 0.1428571492
126032  -32.636  21.364  -14.107 0.1428571492
127187  -32.269  23.000  -14.832 0.1428571492
129082  -33.168  24.278  -13.813 0.1428571492
123743  -32.489  19.230  -13.713 0.1428571492
126004  -33.640  21.416  -11.021 0.5714285970
126013  -33.481  21.437  -12.006 0.4285714328
122671  -31.947  18.776  -14.624 0.1428571492
121592  -32.442  17.685  -13.988 0.1428571492
126024  -33.199  21.607  -13.191 0.2857142985
123690  -33.274  19.475  -10.153 0.7142857313
120527  -32.572  16.765  -13.668 0.4285714328
119451  -32.531  15.849  -14.054 0.5714285970
119445  -32.967  15.683  -12.591 0.7142857313
120518  -33.187  16.649  -12.066 0.7142857313
121571  -33.353  17.579  -11.676 0.7142857313
117255  -32.696  14.239  -15.145 0.5714285970
118346  -32.895  14.601  -13.040 0.8571428657
110416  -32.889  6.864  -11.280 0.5714285970
111491  -33.324  8.585  -11.204 0.5714285970
110369  -32.182  7.805  -9.778 0.4285714328
116148  -33.254  12.055  -14.411 0.8571428657
116147  -32.768  12.745  -14.235 0.8571428657
116167  -32.251  12.828  -16.823 0.4285714328
117276  -33.539  12.873  -18.368 0.5714285970
117246  -32.848  14.036  -14.671 0.8571428657
115043  -32.277  11.970  -16.381 0.7142857313
102665  -30.661  0.824  -12.851 0.5714285970
103948  -31.162  1.692  -11.960 0.4285714328
103960  -32.244  2.920  -13.808 0.7142857313
105273  -32.076  3.330  -12.002 0.7142857313
106663  -32.663  4.470  -12.633 0.7142857313
106641  -32.064  4.187  -11.291 0.5714285970
107920  -32.686  5.795  -11.284 0.5714285970
106622  -31.444  4.233  -10.661 0.4285714328
106621  -30.419  4.307  -10.311 0.2857142985
107958  -32.821  5.622  -12.654 0.7142857313
109258  -32.944  6.052  -13.000 0.8571428657
113885  -33.450  10.195  -18.135 0.5714285970
115069  -33.059  10.991  -17.978 0.7142857313
100072  -30.775  -0.693  -13.973 0.5714285970
101363  -30.280  -0.592  -11.849 0.5714285970
111569  -35.580  8.183  -15.564 0.4285714328
113852  -35.431  10.383  -14.598 0.2857142985
103936  -34.148  2.870  -11.011 0.2857142985
106665  -35.168  4.150  -12.079 0.4285714328
106691  -36.800  5.082  -14.384 0.4285714328
109277  -37.514  6.517  -13.201 0.4285714328
110455  -36.024  7.638  -13.885 0.4285714328
106667  -36.620  5.194  -12.945 0.4285714328
97498  -31.793  -2.646  -8.339 0.2857142985
105236  -33.958  3.099  -10.292 0.2857142985
102644  -33.307  1.757  -10.245 0.2857142985
101338  -33.230  0.858  -9.709 0.2857142985
107938  -37.457  5.642  -12.338 0.4285714328
93874  -30.710  -6.336  -5.954 0.1428571492
96311  -32.304  -2.987  -7.026 0.2857142985
97500  -32.887  -2.208  -7.052 0.2857142985
82327  -29.486  -14.099  -3.045 0.1428571492
111557  -35.676  8.444  -14.492 0.2857142985
83760  -29.653  -13.510  -3.972 0.1428571492
85049  -30.059  -12.065  -4.794 0.1428571492
120455  -30.344  16.651  -8.037 0.5714285970
118272  -30.695  15.027  -8.249 0.4285714328
119380  -30.928  15.815  -8.425 0.4285714328
120456  -31.361  16.710  -8.176 0.5714285970
117162  -31.095  14.276  -8.277 0.4285714328
119381  -31.774  15.849  -8.584 0.5714285970
121528  -32.424  17.653  -8.937 0.4285714328
114968  -32.051  11.946  -8.652 0.4285714328
117180  -32.491  13.808  -8.718 0.4285714328
117178  -30.706  13.427  -8.475 0.4285714328
117163  -31.950  14.341  -8.349 0.5714285970
119397  -32.519  15.810  -8.888 0.5714285970
113806  -32.732  10.640  -9.758 0.5714285970
106604  -37.846  4.686  -9.558 0.1428571492
106624  -36.716  5.108  -10.393 0.1428571492
107922  -38.680  5.544  -11.015 0.1428571492
91300  -27.777  -8.035  -9.432 0.2857142985
105259  -35.104  3.902  -10.278 0.1428571492
105220  -39.059  4.040  -8.856 0.1428571492
106583  -37.285  4.152  -9.034 0.1428571492
106585  -39.303  4.588  -8.731 0.1428571492
107866  -39.148  5.012  -8.226 0.1428571492
90086  -27.218  -8.560  -8.668 0.2857142985
103904  -34.831  2.239  -8.386 0.1428571492
105217  -36.015  3.267  -8.682 0.1428571492
105216  -35.036  3.189  -8.707 0.1428571492
105218  -36.951  3.641  -8.725 0.1428571492
105199  -39.314  3.689  -8.155 0.1428571492
105219  -38.156  3.872  -8.931 0.1428571492
105143  -38.793  3.658  -4.784 0.1428571492
105175  -38.857  3.433  -7.058 0.1428571492
106522  -38.651  4.476  -5.527 0.1428571492
88881  -26.575  -9.125  -8.801 0.2857142985
99998  -34.228  -0.514  -6.837 0.1428571492
101306  -34.582  0.658  -7.496 0.1428571492
103887  -34.817  1.701  -7.835 0.1428571492
103906  -36.685  2.525  -8.257 0.1428571492
102595  -35.932  1.388  -7.677 0.1428571492
103907  -37.804  2.723  -8.539 0.1428571492
103890  -38.772  2.571  -7.697 0.1428571492
103866  -38.821  2.466  -6.438 0.1428571492
103847  -38.768  2.893  -5.286 0.1428571492
105156  -38.631  3.518  -5.922 0.1428571492
88868  -27.201  -9.444  -8.039 0.2857142985
87594  -26.056  -10.059  -8.217 0.2857142985
87572  -25.627  -10.549  -7.811 0.2857142985
97487  -33.437  -2.306  -6.544 0.1428571492
98744  -34.396  -1.603  -6.383 0.1428571492
99981  -34.508  -0.988  -6.524 0.1428571492
99999  -35.211  -0.058  -6.804 0.1428571492
102613  -36.617  1.558  -8.105 0.1428571492
101307  -35.600  0.670  -7.369 0.1428571492
102615  -38.491  1.566  -8.442 0.1428571492
102572  -38.856  2.039  -7.170 0.1428571492
106506  -39.524  4.505  -4.471 0.1428571492
96300  -32.843  -3.249  -6.224 0.1428571492
97488  -34.236  -2.498  -6.192 0.1428571492
96301  -33.887  -3.046  -6.051 0.1428571492
99983  -35.788  -0.769  -6.566 0.1428571492
98725  -35.012  -1.889  -5.941 0.1428571492
101309  -37.140  0.022  -8.413 0.1428571492
101326  -37.475  0.539  -8.858 0.1428571492
100000  -36.123  -0.149  -7.231 0.1428571492
102630  -37.978  1.121  -9.106 0.1428571492
103867  -39.067  1.850  -6.114 0.1428571492
102596  -39.002  1.783  -7.687 0.1428571492
103833  -39.173  2.701  -4.692 0.1428571492
103848  -39.160  2.176  -5.516 0.1428571492
96283  -33.604  -3.683  -5.436 0.1428571492
95163  -32.300  -4.081  -6.094 0.1428571492
97469  -36.571  -2.733  -6.075 0.1428571492
97468  -35.943  -2.373  -5.753 0.1428571492
96302  -34.398  -2.853  -5.873 0.1428571492
98746  -36.308  -1.396  -6.382 0.1428571492
97489  -36.131  -1.841  -6.041 0.1428571492
100021  -37.864  -0.328  -9.761 0.1428571492
100011  -37.534  -0.469  -8.792 0.1428571492
101339  -38.122  0.421  -9.377 0.1428571492
102616  -39.012  0.763  -8.490 0.1428571492
102573  -39.205  1.479  -6.828 0.1428571492
95164  -37.078  -3.902  -6.145 0.1428571492
96285  -35.635  -3.315  -5.503 0.1428571492
96284  -34.574  -3.380  -5.505 0.1428571492
97501  -37.528  -2.347  -8.060 0.1428571492
96303  -37.086  -3.132  -6.535 0.1428571492
98782  -37.612  -1.280  -9.514 0.1428571492
98771  -37.577  -1.406  -8.442 0.1428571492
102597  -39.236  1.134  -7.912 0.1428571492
100022  -38.648  -0.155  -9.752 0.1428571492
97490  -36.644  -2.176  -6.357 0.1428571492
98745  -35.481  -1.575  -6.113 0.1428571492
100001  -37.090  -0.607  -7.721 0.1428571492
101308  -36.570  0.570  -8.060 0.1428571492
101305  -33.682  0.199  -7.719 0.1428571492
106507  -40.461  4.377  -4.257 0.1428571492
103908  -38.722  3.047  -8.538 0.1428571492
107903  -38.571  5.442  -9.993 0.1428571492
87573  -26.200  -10.378  -7.544 0.2857142985
101287  -39.459  0.501  -7.254 0.1428571492
102551  -39.464  1.437  -5.759 0.1428571492
105144  -39.704  3.461  -4.179 0.1428571492
114988  -32.701  11.642  -9.250 0.4285714328
106505  -38.953  4.766  -4.846 0.1428571492
107865  -38.612  5.075  -7.370 0.1428571492
107828  -38.896  5.335  -5.169 0.1428571492
107923  -39.211  5.786  -10.524 0.1428571492
107940  -39.184  5.947  -11.511 0.1428571492
121526  -30.846  17.684  -7.903 0.4285714328
122588  -30.852  19.171  -7.872 0.4285714328
130830  -32.699  25.907  -15.768 0.1428571492
121527  -31.667  17.674  -8.489 0.4285714328
87574  -26.674  -9.870  -7.250 0.2857142985
131729  -33.159  27.069  -14.481 0.1428571492
98760  -33.595  -1.158  -6.721 0.1428571492
96282  -32.852  -4.026  -5.561 0.1428571492
98743  -33.575  -1.658  -6.627 0.1428571492
109259  -37.992  6.658  -12.449 0.1428571492
110457  -37.666  7.109  -12.876 0.1428571492
105238  -35.623  3.799  -9.385 0.1428571492
106603  -36.569  4.235  -9.361 0.1428571492
106625  -37.904  5.330  -10.438 0.1428571492
105240  -38.452  4.351  -9.232 0.1428571492
106605  -38.952  4.665  -9.301 0.1428571492
105221  -39.313  4.102  -8.595 0.1428571492
105239  -36.273  3.729  -9.034 0.1428571492
106564  -39.370  4.432  -8.070 0.1428571492
107904  -39.069  5.551  -9.550 0.1428571492
107883  -38.782  5.564  -8.148 0.1428571492
106563  -39.195  4.142  -7.462 0.1428571492
103888  -35.411  1.915  -7.835 0.1428571492
103905  -35.668  2.549  -8.255 0.1428571492
106538  -38.655  4.298  -6.584 0.1428571492
102594  -35.164  1.298  -7.594 0.1428571492
102614  -37.485  1.569  -8.416 0.1428571492
101325  -36.948  1.082  -8.514 0.1428571492
97467  -34.909  -2.451  -5.736 0.1428571492
99984  -36.546  -0.799  -6.852 0.1428571492
98747  -36.975  -1.457  -6.921 0.1428571492
101327  -38.717  0.392  -9.012 0.1428571492
101310  -39.350  0.372  -8.212 0.1428571492
98761  -37.342  -1.628  -7.626 0.1428571492
97491  -37.216  -2.341  -7.151 0.1428571492
82301  -23.659  -14.918  -3.086 0.1428571492
82323  -25.024  -14.213  -3.373 0.1428571492
82321  -23.023  -14.317  -3.907 0.1428571492
83755  -24.333  -13.661  -4.061 0.1428571492
83756  -25.296  -13.534  -4.038 0.1428571492
83791  -24.839  -13.730  -5.987 0.1428571492
83807  -26.209  -13.606  -7.039 0.1428571492
83806  -25.149  -13.841  -6.931 0.1428571492
83824  -25.930  -12.879  -7.371 0.1428571492
85100  -25.972  -11.944  -6.936 0.1428571492
85077  -23.885  -13.414  -7.476 0.1428571492
85098  -25.117  -12.376  -7.674 0.1428571492
85099  -25.611  -12.087  -7.201 0.1428571492
86322  -25.981  -11.275  -7.166 0.1428571492
86336  -24.749  -10.892  -8.005 0.1428571492
87592  -24.593  -10.119  -8.157 0.1428571492
88880  -25.973  -9.199  -9.219 0.1428571492
87609  -26.012  -9.625  -8.721 0.1428571492
90099  -26.540  -8.531  -9.823 0.2857142985
90100  -27.180  -8.532  -9.681 0.1428571492
91301  -28.503  -7.426  -10.013 0.1428571492
92613  -29.206  -6.675  -11.075 0.2857142985
97547  -29.736  -2.911  -12.012 0.4285714328
97548  -30.186  -2.456  -12.379 0.4285714328
98811  -30.159  -1.987  -12.046 0.4285714328
112662  -32.158  9.690  -9.586 0.2857142985
113784  -31.897  10.749  -8.987 0.2857142985
118290  -28.430  14.656  -9.256 0.2857142985
119379  -29.886  15.610  -8.448 0.2857142985
87610  -26.330  -9.696  -8.468 0.1428571492
91299  -26.107  -8.075  -9.984 0.1428571492
91311  -26.692  -7.873  -10.400 0.2857142985
91313  -28.676  -7.258  -10.819 0.1428571492
83790  -23.881  -13.653  -5.763 0.1428571492
83822  -24.461  -13.548  -7.401 0.1428571492
86320  -24.419  -11.499  -7.843 0.1428571492
88867  -24.962  -9.304  -8.639 0.1428571492
88879  -25.495  -9.209  -8.927 0.1428571492
90098  -25.580  -8.563  -9.455 0.1428571492
92609  -26.508  -7.315  -10.335 0.2857142985
91323  -28.308  -7.238  -11.123 0.2857142985
92610  -27.033  -6.972  -10.497 0.2857142985
92611  -27.895  -6.916  -11.061 0.2857142985
92622  -28.545  -6.807  -11.310 0.2857142985
96347  -29.330  -3.868  -11.605 0.4285714328
97535  -29.069  -2.866  -11.173 0.2857142985
111470  -31.740  8.707  -9.446 0.2857142985
112661  -31.255  9.594  -9.197 0.2857142985
113782  -29.752  10.421  -9.261 0.2857142985
114967  -31.127  11.573  -8.654 0.2857142985
116083  -31.346  12.622  -8.578 0.2857142985
117177  -29.704  13.357  -8.555 0.2857142985
117176  -28.743  13.452  -9.284 0.2857142985
119396  -29.570  14.971  -8.676 0.2857142985
93948  -28.614  -5.746  -11.117 0.2857142985
113783  -30.733  10.534  -9.098 0.2857142985
112683  -29.361  8.963  -9.377 0.2857142985
114966  -30.140  11.417  -9.054 0.2857142985
116081  -29.476  12.330  -9.140 0.2857142985
116082  -30.393  12.413  -8.566 0.2857142985
114964  -28.455  10.886  -9.819 0.2857142985
114965  -29.236  11.239  -9.483 0.2857142985
96355  -29.729  -3.996  -12.330 0.4285714328
83825  -26.130  -12.388  -7.025 0.1428571492
95207  -29.146  -4.747  -11.043 0.4285714328
83775  -24.583  -13.463  -4.951 0.1428571492
118292  -30.107  14.419  -8.402 0.2857142985
91312  -27.643  -7.842  -10.547 0.1428571492
87593  -25.438  -9.848  -8.408 0.1428571492
86337  -25.118  -10.572  -8.070 0.1428571492
82322  -24.017  -14.202  -3.451 0.1428571492
83823  -25.237  -13.313  -7.534 0.1428571492
86321  -25.238  -11.360  -7.756 0.1428571492
91310  -26.208  -7.546  -10.145 0.2857142985
118291  -29.236  14.374  -8.766 0.2857142985
116080  -28.501  12.121  -9.855 0.2857142985
100034  -29.369  -0.936  -10.888 0.2857142985
98810  -29.714  -2.029  -11.231 0.2857142985
101364  -30.435  -0.039  -12.322 0.2857142985
134627  -31.811  30.699  -14.374 0.1428571492
134634  -32.277  30.345  -15.616 0.1428571492
133661  -32.400  29.424  -13.091 0.1428571492
132685  -32.876  28.009  -14.034 0.1428571492
136428  -31.651  31.953  -15.234 0.1428571492
133654  -32.528  28.726  -12.888 0.1428571492
165782  -31.373  29.319  -11.480 0.1428571492
165795  -29.801  29.916  -11.380 0.1428571492
101350  -29.866  0.051  -11.322 0.2857142985
131738  -32.553  27.098  -15.747 0.1428571492
134635  -32.306  29.555  -15.897 0.1428571492
131730  -33.544  26.648  -13.794 0.1428571492
133669  -32.535  28.775  -14.663 0.1428571492
132690  -32.630  27.917  -14.943 0.1428571492
130804  -33.310  26.385  -12.591 0.1428571492
133653  -31.911  28.881  -12.202 0.1428571492
131722  -33.412  27.201  -13.356 0.1428571492
134609  -31.351  29.932  -12.130 0.1428571492
165792  -30.010  29.944  -11.579 0.1428571492
165790  -30.968  29.652  -11.515 0.1428571492
165779  -30.702  29.248  -11.235 0.1428571492
132680  -32.896  28.108  -13.111 0.1428571492
132676  -32.616  28.228  -12.414 0.1428571492
135547  -31.095  31.403  -13.863 0.1428571492
133668  -32.394  29.734  -14.259 0.1428571492
134619  -31.979  30.132  -13.254 0.1428571492
136426  -31.016  31.941  -14.215 0.1428571492
134610  -31.978  29.653  -12.621 0.1428571492
133675  -32.464  29.448  -15.270 0.1428571492
112681  -28.144  9.301  -10.518 0.1428571492
112659  -29.333  9.654  -9.311 0.1428571492
113781  -29.006  10.245  -9.759 0.1428571492
116099  -26.222  12.907  -11.626 0.1428571492
117199  -27.046  13.349  -10.726 0.1428571492
111469  -30.783  8.528  -9.215 0.1428571492
117200  -27.987  13.319  -10.197 0.1428571492
118315  -26.616  14.407  -11.026 0.1428571492
119417  -26.782  15.048  -10.573 0.1428571492
119393  -27.262  15.685  -10.402 0.2857142985
105254  -29.714  3.332  -10.329 0.1428571492
109211  -29.669  6.352  -9.878 0.1428571492
110387  -30.445  7.378  -9.468 0.1428571492
111488  -28.957  8.284  -9.709 0.1428571492
116169  -34.436  12.541  -17.594 0.1428571492
113804  -28.032  10.245  -10.255 0.1428571492
118317  -27.991  14.124  -9.679 0.1428571492
119394  -27.949  15.643  -9.402 0.1428571492
120466  -27.410  16.655  -9.732 0.2857142985
121523  -28.089  18.008  -8.834 0.2857142985
124835  -27.170  20.488  -10.241 0.2857142985
124847  -26.416  20.739  -10.661 0.2857142985
125974  -27.802  21.484  -9.844 0.2857142985
129911  -27.094  25.430  -9.614 0.1428571492
128106  -25.489  23.861  -7.817 0.1428571492
121525  -29.802  17.688  -8.164 0.2857142985
122595  -29.294  18.673  -8.433 0.2857142985
124826  -30.180  20.411  -8.418 0.2857142985
123673  -28.104  19.274  -9.098 0.2857142985
123686  -26.981  19.508  -10.233 0.2857142985
125956  -29.600  21.409  -8.804 0.2857142985
124836  -27.999  20.458  -9.713 0.2857142985
127137  -28.682  22.070  -9.596 0.2857142985
125991  -25.459  21.389  -10.488 0.2857142985
130781  -26.282  25.512  -9.144 0.1428571492
129889  -26.436  25.755  -8.335 0.1428571492
124834  -26.507  20.150  -10.329 0.1428571492
123698  -26.320  19.434  -10.512 0.1428571492
119392  -26.929  16.263  -11.018 0.2857142985
125992  -26.027  21.067  -10.829 0.2857142985
127135  -27.030  22.523  -9.871 0.1428571492
125972  -25.772  21.773  -10.200 0.2857142985
128116  -25.762  23.302  -9.231 0.1428571492
127133  -25.134  22.230  -9.395 0.1428571492
118313  -25.373  14.912  -11.369 0.2857142985
124833  -24.984  20.701  -9.126 0.1428571492
127106  -25.035  22.902  -7.091 0.1428571492
125971  -24.615  21.707  -8.817 0.1428571492
119442  -23.554  14.615  -11.667 0.1428571492
117256  -34.612  13.502  -16.525 0.1428571492
110385  -28.677  7.610  -10.282 0.1428571492
111487  -28.479  8.391  -10.486 0.1428571492
113803  -27.395  10.441  -10.816 0.1428571492
113822  -26.913  10.489  -11.550 0.1428571492
114987  -27.813  11.235  -10.338 0.1428571492
116100  -26.693  12.384  -11.422 0.1428571492
118314  -26.016  14.818  -11.387 0.1428571492
119416  -26.449  15.656  -11.126 0.2857142985
121534  -27.703  17.656  -9.368 0.1428571492
121533  -27.020  17.685  -10.188 0.1428571492
122593  -27.729  18.650  -9.172 0.2857142985
123687  -27.685  19.545  -9.729 0.1428571492
124845  -25.169  20.554  -9.970 0.2857142985
125990  -24.794  21.493  -9.927 0.1428571492
127121  -25.265  22.989  -9.225 0.1428571492
128126  -26.393  23.566  -9.581 0.1428571492
127120  -25.089  22.800  -8.408 0.1428571492
128115  -25.479  23.765  -8.830 0.1428571492
116158  -34.996  11.831  -16.208 0.1428571492
116157  -34.801  12.308  -16.468 0.1428571492
117247  -35.135  12.781  -16.078 0.1428571492
124825  -29.131  20.533  -8.606 0.2857142985
125955  -28.664  21.411  -9.275 0.2857142985
129032  -25.725  24.682  -9.047 0.1428571492
130771  -26.457  25.751  -8.891 0.1428571492
122596  -30.301  18.804  -7.876 0.2857142985
107917  -30.053  5.297  -9.965 0.1428571492
107916  -28.944  5.345  -10.442 0.1428571492
123676  -30.352  19.630  -8.067 0.2857142985
110368  -31.352  7.894  -9.434 0.1428571492
119395  -28.916  15.467  -8.760 0.1428571492
119378  -29.212  15.945  -8.481 0.1428571492
120454  -29.185  16.648  -8.286 0.1428571492
112682  -28.820  9.235  -9.859 0.1428571492
116101  -27.649  12.326  -10.707 0.1428571492
112680  -27.583  9.729  -10.687 0.1428571492
112702  -27.451  9.131  -10.866 0.1428571492
118316  -27.289  14.396  -10.263 0.1428571492
110386  -29.294  7.386  -9.748 0.1428571492
120467  -28.327  16.572  -8.888 0.2857142985
120465  -26.732  16.764  -10.485 0.2857142985
121524  -28.800  17.728  -8.519 0.2857142985
120453  -28.636  17.079  -8.609 0.2857142985
125954  -28.208  20.967  -9.456 0.2857142985
124846  -25.873  20.415  -10.452 0.1428571492
125973  -26.452  21.506  -10.310 0.2857142985
122594  -28.386  18.662  -8.714 0.2857142985
123675  -29.647  19.616  -8.310 0.2857142985
123674  -28.730  19.598  -8.762 0.2857142985
123688  -28.318  19.834  -9.429 0.2857142985
124824  -28.524  20.467  -9.210 0.2857142985
127134  -25.824  22.344  -9.699 0.1428571492
130755  -26.574  26.063  -8.588 0.1428571492
127147  -25.122  22.005  -10.225 0.2857142985
122605  -27.321  18.644  -9.955 0.2857142985
92598  -25.208  -6.596  -9.506 0.1428571492
92600  -26.678  -6.453  -10.266 0.1428571492
93936  -27.212  -5.732  -10.215 0.1428571492
93933  -24.476  -5.541  -9.532 0.1428571492
95191  -25.046  -4.366  -10.220 0.1428571492
95203  -25.391  -3.524  -10.236 0.1428571492
95192  -26.203  -4.813  -10.091 0.1428571492
96343  -25.772  -2.875  -10.311 0.1428571492
95205  -26.905  -4.227  -10.473 0.1428571492
95206  -28.043  -4.832  -10.380 0.1428571492
96344  -26.611  -3.187  -10.631 0.1428571492
96345  -27.613  -3.531  -10.494 0.1428571492
96346  -28.712  -3.753  -10.704 0.1428571492
97534  -28.254  -2.684  -10.593 0.1428571492
97533  -27.195  -2.437  -10.449 0.1428571492
98795  -28.881  -1.852  -10.621 0.1428571492
100033  -28.429  -0.760  -10.410 0.1428571492
102642  -29.565  1.113  -10.402 0.1428571492
102643  -30.310  1.182  -11.115 0.1428571492
120487  -26.396  16.777  -11.169 0.1428571492
95194  -27.532  -5.427  -10.299 0.1428571492
91297  -24.841  -7.491  -9.208 0.1428571492
103933  -31.016  2.183  -11.337 0.1428571492
92599  -26.149  -6.753  -10.110 0.1428571492
93947  -27.728  -6.050  -10.664 0.1428571492
93935  -26.563  -5.821  -10.110 0.1428571492
93934  -25.611  -5.641  -9.884 0.1428571492
95190  -23.966  -4.413  -9.807 0.1428571492
95204  -26.008  -3.808  -10.232 0.1428571492
97532  -26.184  -2.062  -11.018 0.1428571492
96342  -24.786  -3.026  -10.258 0.1428571492
92587  -24.335  -6.615  -9.000 0.1428571492
85078  -26.419  -11.894  -6.557 0.1428571492
85079  -26.965  -11.814  -6.108 0.2857142985
86270  -29.495  -11.322  -4.684 0.1428571492
87571  -24.373  -10.754  -7.915 0.1428571492
87595  -26.699  -9.978  -8.163 0.1428571492
87608  -25.732  -9.460  -8.818 0.1428571492
88784  -29.365  -9.835  -4.780 0.2857142985
88831  -27.624  -9.318  -6.244 0.4285714328
90085  -25.215  -8.873  -8.970 0.1428571492
90108  -26.988  -8.272  -10.435 0.2857142985
90109  -27.103  -8.388  -10.233 0.1428571492
91255  -29.218  -7.367  -6.378 0.1428571492
91302  -29.042  -7.181  -10.449 0.1428571492
91314  -29.176  -7.026  -10.824 0.1428571492
91324  -28.752  -7.052  -11.249 0.2857142985
92559  -30.065  -6.568  -6.462 0.1428571492
92601  -29.082  -7.183  -10.084 0.2857142985
92612  -29.052  -6.975  -11.191 0.2857142985
92623  -28.954  -6.777  -11.425 0.2857142985
92624  -29.150  -6.760  -11.285 0.2857142985
93895  -29.831  -6.289  -6.803 0.1428571492
93946  -27.062  -6.227  -10.271 0.1428571492
93959  -28.326  -6.395  -11.248 0.2857142985
93960  -28.865  -6.381  -11.403 0.2857142985
93961  -29.121  -6.514  -11.338 0.2857142985
95193  -27.104  -5.120  -10.105 0.1428571492
95217  -30.611  -4.253  -11.725 0.7142857313
95231  -30.503  -4.133  -12.383 0.7142857313
96356  -31.043  -4.029  -11.996 0.7142857313
96370  -30.203  -4.003  -12.640 0.5714285970
96371  -30.750  -4.001  -12.449 0.5714285970
96380  -30.440  -3.825  -12.640 0.5714285970
96381  -31.151  -3.819  -12.503 0.7142857313
97562  -29.739  -3.579  -12.652 0.5714285970
97572  -29.739  -3.763  -12.944 0.5714285970
97573  -30.246  -3.624  -12.667 0.5714285970
97574  -30.675  -3.495  -12.604 0.5714285970
98726  -35.333  -2.054  -5.828 0.1428571492
98780  -31.575  -1.877  -9.618 0.4285714328
98841  -30.755  -1.453  -13.641 0.4285714328
99982  -34.937  -0.900  -6.492 0.1428571492
99996  -32.759  -1.176  -7.593 0.2857142985
100035  -31.634  -1.310  -10.868 0.5714285970
100047  -30.013  -1.131  -11.580 0.5714285970
100073  -31.320  -0.242  -14.241 0.4285714328
100074  -32.763  -0.763  -14.418 0.5714285970
100075  -33.129  -0.277  -14.775 0.7142857313
100087  -31.806  -0.106  -14.548 0.5714285970
100088  -32.616  0.075  -14.854 0.8571428657
100089  -33.199  0.180  -15.101 0.8571428657
100096  -32.149  1.032  -15.787 0.8571428657
100097  -32.708  0.482  -15.224 0.8571428657
101324  -33.920  0.837  -7.936 0.1428571492
101340  -38.426  0.364  -9.340 0.1428571492
101385  -31.561  0.424  -14.497 0.5714285970
101398  -31.775  0.940  -14.989 0.5714285970
101412  -32.370  0.855  -15.407 0.8571428657
101418  -32.259  1.025  -15.841 0.8571428657
102593  -34.667  1.304  -7.718 0.1428571492
102631  -38.344  0.802  -9.142 0.1428571492
102656  -31.150  1.381  -12.413 0.7142857313
102698  -34.017  2.161  -15.139 0.7142857313
102709  -32.346  0.996  -15.721 0.8571428657
103832  -38.812  3.057  -4.836 0.1428571492
103889  -36.079  2.019  -7.934 0.1428571492
103949  -31.546  2.195  -12.342 0.4285714328
103973  -32.011  1.145  -15.105 0.8571428657
103986  -33.082  1.463  -15.270 0.7142857313
103988  -34.011  2.557  -15.052 0.7142857313
105200  -39.390  4.210  -8.385 0.1428571492
105241  -38.701  4.223  -9.099 0.1428571492
105257  -34.059  2.965  -10.700 0.2857142985
105274  -32.655  3.801  -12.210 0.7142857313
105275  -32.827  3.960  -12.254 0.7142857313
105277  -35.058  3.737  -10.950 0.2857142985
105292  -32.691  3.805  -12.456 0.7142857313
105303  -32.900  3.017  -14.704 0.7142857313
105304  -33.071  2.489  -14.896 0.8571428657
105313  -33.421  3.017  -14.868 0.8571428657
106582  -36.907  4.076  -8.944 0.1428571492
106584  -39.173  4.406  -9.008 0.1428571492
106602  -35.988  4.133  -9.573 0.1428571492
106643  -32.744  4.190  -12.256 0.7142857313
106644  -35.202  4.043  -11.618 0.4285714328
106664  -32.810  4.013  -12.497 0.7142857313
106676  -33.152  4.501  -14.088 0.8571428657
106689  -34.101  4.511  -14.518 0.8571428657
106696  -33.208  3.639  -14.896 0.7142857313
107936  -32.668  5.393  -12.019 0.7142857313
107937  -32.947  5.799  -12.480 0.7142857313
107986  -33.311  5.511  -13.908 0.8571428657
109193  -32.097  7.109  -9.759 0.2857142985
109235  -32.989  6.278  -11.576 0.5714285970
109260  -38.579  6.257  -11.908 0.2857142985
109273  -32.932  5.578  -13.483 0.7142857313
109274  -32.964  6.023  -13.582 0.8571428657
109286  -33.105  5.677  -13.761 0.7142857313
109290  -36.453  5.874  -14.130 0.4285714328
110370  -32.651  8.196  -10.143 0.4285714328
110389  -32.771  7.532  -10.704 0.5714285970
110478  -34.823  7.083  -15.522 0.5714285970
111471  -32.511  8.780  -9.833 0.4285714328
111489  -29.791  8.303  -9.345 0.1428571492
111511  -27.640  8.427  -10.846 0.1428571492
112660  -30.117  9.414  -9.098 0.1428571492
112701  -27.113  9.578  -11.300 0.1428571492
112765  -34.859  8.896  -17.370 0.5714285970
112776  -34.726  9.553  -18.107 0.5714285970
112783  -34.389  10.288  -18.352 0.4285714328
112784  -34.745  10.050  -18.468 0.5714285970
112785  -35.082  9.846  -18.344 0.5714285970
113780  -28.575  10.326  -10.059 0.1428571492
113805  -28.588  9.887  -10.175 0.1428571492
113871  -33.110  10.094  -17.326 0.5714285970
113886  -34.870  10.820  -17.915 0.4285714328
113899  -34.013  10.561  -18.320 0.4285714328
113901  -35.094  10.273  -18.231 0.5714285970
115045  -34.979  11.627  -16.594 0.2857142985
115056  -34.698  11.659  -17.179 0.2857142985
115071  -34.993  11.175  -17.592 0.2857142985
115079  -33.516  11.018  -18.308 0.5714285970
116084  -32.106  12.907  -8.782 0.7142857313
116102  -32.584  12.447  -9.009 0.7142857313
116141  -32.753  12.984  -13.835 0.8571428657
116149  -35.061  12.438  -16.089 0.1428571492
116150  -35.093  12.208  -15.718 0.1428571492
116168  -32.547  12.280  -17.410 0.4285714328
116180  -32.505  12.793  -17.817 0.2857142985
116189  -33.240  11.440  -18.210 0.5714285970
116190  -33.573  11.655  -18.290 0.5714285970
117164  -32.449  14.477  -8.602 0.5714285970
117179  -31.623  13.543  -8.517 0.4285714328
117237  -32.671  13.114  -14.064 0.8571428657
118273  -31.475  15.056  -8.294 0.4285714328
118274  -32.222  15.047  -8.580 0.5714285970
118289  -27.693  14.892  -9.702 0.1428571492
118351  -32.490  15.254  -14.598 0.5714285970
118367  -32.562  14.547  -15.435 0.5714285970
120468  -28.866  16.128  -8.505 0.1428571492
120488  -33.455  16.936  -10.438 0.8571428657
120517  -32.685  16.709  -12.798 0.4285714328
121535  -28.301  17.396  -8.842 0.2857142985
121537  -33.603  17.701  -10.018 0.8571428657
122587  -30.570  19.307  -7.899 0.4285714328
123662  -30.767  19.591  -7.926 0.2857142985
123663  -31.193  19.538  -7.942 0.4285714328
123730  -33.118  19.197  -12.482 0.2857142985
124814  -30.678  19.999  -8.057 0.2857142985
124815  -30.961  19.895  -7.911 0.2857142985
124838  -33.327  20.412  -9.742 0.7142857313
124872  -32.897  20.119  -13.156 0.2857142985
124884  -33.027  20.612  -13.269 0.2857142985
125975  -28.431  21.892  -9.719 0.2857142985
126033  -33.012  22.025  -13.919 0.1428571492
127126  -31.930  22.081  -8.832 0.7142857313
127138  -31.698  22.620  -9.215 0.7142857313
127140  -33.040  22.051  -9.986 0.7142857313
127148  -25.483  21.907  -10.252 0.2857142985
127176  -32.352  21.909  -14.661 0.1428571492
128120  -31.319  23.139  -9.088 0.7142857313
128140  -33.490  23.262  -11.891 0.2857142985
128155  -33.278  23.504  -13.370 0.1428571492
129054  -33.221  23.735  -11.622 0.2857142985
129069  -33.397  25.048  -12.638 0.2857142985
129081  -32.993  24.824  -14.315 0.2857142985
129094  -32.826  24.491  -14.965 0.1428571492
129900  -25.895  25.082  -9.145 0.2857142985
129901  -25.968  25.317  -8.884 0.2857142985
129922  -28.515  26.267  -9.955 0.2857142985
129939  -33.309  25.518  -12.498 0.2857142985
129949  -33.313  25.232  -13.780 0.2857142985
129960  -33.254  25.480  -14.291 0.2857142985
130793  -30.459  27.633  -10.203 0.2857142985
130813  -33.498  26.610  -13.149 0.1428571492
130814  -33.502  26.108  -13.348 0.2857142985
130822  -33.034  26.318  -15.036 0.1428571492
131701  -26.461  28.750  -10.111 0.1428571492
131705  -29.694  27.296  -10.085 0.2857142985
131709  -26.646  28.624  -10.314 0.1428571492
131723  -33.532  26.662  -13.405 0.1428571492
133662  -32.603  28.821  -13.662 0.1428571492
134626  -31.421  31.055  -14.057 0.1428571492
135548  -31.504  31.420  -14.537 0.1428571492
136423  -31.237  32.056  -13.604 0.1428571492
165371  -32.394  1.179  -15.364 0.8571428657
165372  -32.372  0.987  -15.537 0.8571428657
165373  -32.183  1.109  -15.568 0.8571428657
165374  -32.570  1.121  -15.405 0.8571428657
