#!ascii label  , from subject 3176 vox2ras=TkReg
1332
61423  38.334  -30.478  53.832 0.0000000000
95159  42.054  -5.880  41.977 0.0000000000
78264  35.149  -18.762  46.306 0.0000000000
57237  13.289  -33.931  63.426 0.0000000000
64234  28.641  -28.174  56.387 0.0000000000
86238  33.187  -12.429  46.534 0.0000000000
62767  19.474  -29.737  58.388 0.0000000000
55908  16.960  -34.367  60.728 0.0000000000
60056  24.618  -31.315  55.737 0.0000000000
95195  47.443  -5.086  39.687 0.0000000000
68342  35.676  -26.891  56.650 0.0000000000
72628  34.517  -23.895  54.554 0.0000000000
67008  41.530  -26.831  53.822 0.0000000000
98916  45.320  -1.765  41.041 0.0000000000
102483  44.711  0.683  37.969 0.0000000000
91178  38.982  -7.956  44.330 0.0000000000
87454  44.537  -11.117  43.113 0.0000000000
84947  39.006  -13.199  43.102 0.0000000000
80932  39.910  -16.637  46.757 0.0000000000
57350  35.236  -33.921  56.874 0.0000000000
49299  14.148  -40.123  65.302 0.0000000000
49236  10.308  -40.043  68.170 0.0000000000
51877  6.570  -36.492  70.547 0.0000000000
62844  33.894  -29.321  55.223 0.0000000000
58731  29.826  -32.630  56.214 0.0000000000
74097  31.434  -21.986  51.483 0.0000000000
75508  38.243  -22.457  51.979 0.0000000000
106066  49.549  3.994  37.693 0.0000000000
93850  44.280  -6.332  40.214 0.0000000000
92486  45.521  -7.693  42.311 0.0000000000
65673  37.801  -27.841  55.354 0.0000000000
67020  38.450  -26.662  53.275 0.0000000000
62878  39.874  -29.273  53.401 0.0000000000
97575  40.911  -3.832  42.577 0.0000000000
97572  44.024  -2.372  42.522 0.0000000000
97604  43.006  -3.689  40.528 0.0000000000
97614  44.465  -3.021  39.659 0.0000000000
47780  9.395  -41.724  72.797 0.0000000000
88646  38.933  -10.241  43.054 0.0000000000
88633  36.452  -10.420  44.819 0.0000000000
82249  34.172  -15.238  46.317 0.0000000000
83555  36.018  -15.189  46.134 0.0000000000
79563  37.892  -17.755  46.832 0.0000000000
75573  39.566  -20.070  47.573 0.0000000000
57260  14.799  -33.921  61.544 0.0000000000
53383  17.090  -36.273  62.851 0.0000000000
53354  14.811  -36.560  62.943 0.0000000000
50618  15.292  -38.967  65.228 0.0000000000
51987  13.203  -37.678  63.863 0.0000000000
50593  10.662  -37.856  67.069 0.0000000000
50522  7.986  -38.872  69.322 0.0000000000
64252  31.632  -28.566  55.855 0.0000000000
60077  31.744  -30.923  54.791 0.0000000000
61403  29.134  -30.353  54.660 0.0000000000
57332  23.596  -33.374  58.204 0.0000000000
57330  25.778  -34.346  57.938 0.0000000000
71224  38.081  -23.306  56.047 0.0000000000
74034  36.207  -22.510  53.741 0.0000000000
89876  34.840  -9.606  47.136 0.0000000000
84858  33.119  -13.046  49.649 0.0000000000
79554  31.883  -16.846  48.378 0.0000000000
58662  21.296  -33.004  58.705 0.0000000000
57276  19.637  -34.189  60.447 0.0000000000
58665  17.933  -32.402  59.121 0.0000000000
59968  15.898  -31.362  61.668 0.0000000000
59926  14.588  -30.961  63.739 0.0000000000
62851  26.638  -29.222  54.797 0.0000000000
64214  23.369  -27.864  56.957 0.0000000000
61361  22.045  -30.504  56.742 0.0000000000
69745  32.738  -24.853  58.586 0.0000000000
71230  31.936  -24.565  56.340 0.0000000000
69780  34.713  -25.460  55.189 0.0000000000
69787  38.438  -24.535  54.265 0.0000000000
106048  46.091  3.439  40.747 0.0000000000
101305  44.554  -0.303  39.463 0.0000000000
97621  46.328  -2.738  38.629 0.0000000000
93791  40.544  -6.532  42.725 0.0000000000
91194  43.684  -8.707  42.490 0.0000000000
89912  41.018  -9.530  42.466 0.0000000000
87444  41.984  -12.369  42.717 0.0000000000
82303  42.105  -15.424  43.359 0.0000000000
84937  35.206  -13.291  44.582 0.0000000000
82274  38.479  -15.951  43.931 0.0000000000
58747  36.944  -32.613  55.043 0.0000000000
60071  39.596  -32.346  55.448 0.0000000000
96303  39.878  -4.425  45.616 0.0000000000
54529  11.773  -34.900  65.372 0.0000000000
51955  11.853  -37.539  65.548 0.0000000000
47900  11.817  -40.257  66.642 0.0000000000
44934  12.026  -42.918  68.874 0.0000000000
46373  10.107  -41.923  69.791 0.0000000000
47813  8.858  -40.961  71.364 0.0000000000
49152  7.638  -40.421  72.577 0.0000000000
49136  6.474  -39.301  73.281 0.0000000000
61426  35.467  -30.228  54.515 0.0000000000
58750  34.067  -31.960  55.444 0.0000000000
58700  32.657  -33.101  56.778 0.0000000000
60053  27.271  -31.956  55.580 0.0000000000
75557  32.737  -20.663  47.953 0.0000000000
72668  32.386  -23.321  53.421 0.0000000000
74117  34.441  -23.240  50.009 0.0000000000
74165  36.681  -22.139  48.136 0.0000000000
61397  42.262  -30.304  55.416 0.0000000000
103711  49.986  1.845  35.060 0.0000000000
106069  46.891  2.886  37.559 0.0000000000
102513  48.131  0.571  35.334 0.0000000000
93838  43.544  -6.473  40.903 0.0000000000
93837  44.580  -6.839  41.213 0.0000000000
93813  43.717  -6.959  41.939 0.0000000000
62880  38.328  -29.046  53.739 0.0000000000
64272  38.540  -28.388  53.547 0.0000000000
61445  39.173  -29.875  53.629 0.0000000000
96349  41.143  -4.284  42.211 0.0000000000
97594  41.938  -3.909  41.447 0.0000000000
95175  42.208  -5.167  41.104 0.0000000000
95189  43.277  -4.903  40.162 0.0000000000
47763  8.471  -41.331  73.613 0.0000000000
88632  37.258  -9.967  44.784 0.0000000000
88604  36.706  -9.720  45.997 0.0000000000
79566  34.013  -17.655  46.147 0.0000000000
80936  36.112  -16.841  45.804 0.0000000000
78263  36.405  -18.748  46.638 0.0000000000
78261  38.575  -18.666  47.212 0.0000000000
76915  37.255  -19.807  46.741 0.0000000000
57247  13.704  -34.161  62.628 0.0000000000
54586  14.708  -35.642  62.523 0.0000000000
54562  13.912  -35.752  62.968 0.0000000000
52016  14.003  -37.405  63.622 0.0000000000
54563  12.998  -35.601  63.558 0.0000000000
64233  29.826  -28.252  56.339 0.0000000000
62847  30.505  -29.270  54.844 0.0000000000
62821  29.103  -28.646  55.451 0.0000000000
55904  23.321  -34.358  59.955 0.0000000000
72614  30.551  -22.353  57.103 0.0000000000
72624  38.523  -22.854  56.504 0.0000000000
82214  32.452  -14.793  48.668 0.0000000000
80893  32.040  -15.616  49.412 0.0000000000
60023  19.548  -31.747  57.943 0.0000000000
58684  19.283  -33.065  58.275 0.0000000000
61340  18.579  -30.743  58.631 0.0000000000
61279  17.097  -30.390  61.311 0.0000000000
61262  16.322  -30.405  62.606 0.0000000000
59969  15.414  -32.000  62.091 0.0000000000
64190  24.981  -27.520  57.561 0.0000000000
62743  20.016  -28.773  58.816 0.0000000000
64216  21.594  -28.716  57.556 0.0000000000
61363  20.603  -30.512  57.407 0.0000000000
60021  21.097  -31.670  57.368 0.0000000000
68333  33.898  -25.803  56.810 0.0000000000
68343  35.111  -26.556  56.046 0.0000000000
67018  40.399  -26.742  53.420 0.0000000000
68367  37.808  -25.217  53.808 0.0000000000
68364  40.749  -25.580  54.123 0.0000000000
68354  40.506  -25.023  55.022 0.0000000000
68353  41.636  -25.667  54.836 0.0000000000
97591  44.615  -2.204  42.124 0.0000000000
102459  45.425  0.752  41.336 0.0000000000
100144  45.050  -1.369  40.641 0.0000000000
96383  45.926  -4.249  39.227 0.0000000000
97613  45.517  -3.201  38.926 0.0000000000
96382  46.927  -4.250  39.419 0.0000000000
92469  39.442  -7.350  43.620 0.0000000000
91197  40.581  -8.486  43.137 0.0000000000
89913  40.082  -9.298  43.259 0.0000000000
86272  38.568  -12.244  43.176 0.0000000000
86280  40.099  -11.775  42.536 0.0000000000
84946  39.974  -13.339  43.018 0.0000000000
84934  42.229  -13.772  42.754 0.0000000000
83629  40.140  -14.423  43.057 0.0000000000
88587  33.655  -10.423  47.210 0.0000000000
87417  34.579  -10.799  45.766 0.0000000000
86247  34.024  -12.487  45.539 0.0000000000
82245  38.544  -16.310  45.930 0.0000000000
83570  37.094  -15.407  45.124 0.0000000000
82261  39.100  -16.216  45.242 0.0000000000
80960  40.540  -16.682  44.866 0.0000000000
58725  36.209  -32.943  55.779 0.0000000000
58723  38.071  -33.005  56.214 0.0000000000
92439  39.616  -6.942  45.238 0.0000000000
93780  39.215  -6.303  44.493 0.0000000000
95143  39.687  -5.637  43.527 0.0000000000
55906  18.837  -34.523  60.793 0.0000000000
55873  18.691  -34.882  61.571 0.0000000000
50591  14.842  -39.597  65.419 0.0000000000
50565  16.088  -39.497  67.074 0.0000000000
47896  15.300  -40.477  67.390 0.0000000000
46433  14.002  -41.586  66.685 0.0000000000
54517  11.710  -35.214  66.842 0.0000000000
53308  11.593  -36.533  65.666 0.0000000000
51932  11.429  -37.046  66.204 0.0000000000
49261  10.562  -39.712  67.706 0.0000000000
50566  11.051  -39.195  67.066 0.0000000000
47882  11.146  -40.372  67.631 0.0000000000
46413  11.719  -41.235  67.640 0.0000000000
46391  11.397  -41.559  68.144 0.0000000000
44935  11.323  -42.746  69.054 0.0000000000
46392  10.282  -41.612  68.787 0.0000000000
50523  7.383  -38.080  69.683 0.0000000000
47829  8.610  -40.598  70.403 0.0000000000
50510  7.528  -38.934  70.716 0.0000000000
49170  8.171  -40.417  71.623 0.0000000000
51859  7.046  -37.951  71.565 0.0000000000
62843  34.907  -29.184  55.471 0.0000000000
62842  35.746  -29.424  55.668 0.0000000000
61427  34.706  -30.093  54.514 0.0000000000
60073  35.101  -31.290  54.676 0.0000000000
60075  33.662  -30.912  54.996 0.0000000000
60049  31.365  -31.750  55.406 0.0000000000
58729  32.213  -32.475  55.815 0.0000000000
58701  31.575  -33.271  56.875 0.0000000000
61407  25.540  -30.406  55.208 0.0000000000
61406  26.435  -30.297  54.719 0.0000000000
60055  25.427  -31.700  55.732 0.0000000000
57328  27.939  -34.429  57.950 0.0000000000
89910  43.288  -9.507  42.556 0.0000000000
91193  44.755  -8.776  42.875 0.0000000000
88640  45.793  -10.511  43.483 0.0000000000
76864  30.930  -19.762  51.116 0.0000000000
75541  31.672  -20.165  49.549 0.0000000000
74147  32.038  -21.389  49.642 0.0000000000
71229  33.213  -24.413  55.328 0.0000000000
71254  31.939  -23.884  54.561 0.0000000000
72655  33.186  -23.360  54.183 0.0000000000
74073  36.512  -22.838  52.703 0.0000000000
72682  34.885  -23.251  52.276 0.0000000000
72719  36.153  -22.764  50.621 0.0000000000
74144  34.925  -22.613  48.797 0.0000000000
74114  37.378  -22.270  50.184 0.0000000000
74140  38.946  -22.092  49.202 0.0000000000
60069  41.468  -31.244  55.083 0.0000000000
104921  49.656  2.917  36.254 0.0000000000
103663  45.004  2.082  39.419 0.0000000000
106057  46.574  3.365  38.913 0.0000000000
104904  45.600  2.228  37.721 0.0000000000
101353  47.722  -0.452  35.379 0.0000000000
98966  49.343  -2.471  35.733 0.0000000000
62744  19.262  -29.150  59.268 0.0000000000
62745  18.505  -29.614  59.652 0.0000000000
95186  45.922  -5.872  39.977 0.0000000000
93847  47.458  -6.411  40.666 0.0000000000
93848  46.412  -6.562  40.631 0.0000000000
67001  36.986  -27.128  55.805 0.0000000000
67002  36.261  -26.773  55.211 0.0000000000
65683  37.412  -27.161  54.283 0.0000000000
65681  38.912  -27.550  53.216 0.0000000000
64269  41.290  -28.515  53.673 0.0000000000
98876  44.017  -2.280  43.944 0.0000000000
97556  42.128  -2.646  43.077 0.0000000000
97573  42.810  -2.665  42.105 0.0000000000
98905  43.920  -2.688  40.865 0.0000000000
98917  44.629  -2.293  40.444 0.0000000000
97615  44.015  -3.399  39.916 0.0000000000
95198  44.344  -5.212  39.579 0.0000000000
46326  9.709  -42.406  72.465 0.0000000000
89897  38.807  -8.606  44.587 0.0000000000
89914  39.086  -9.499  43.488 0.0000000000
88631  38.120  -9.599  44.670 0.0000000000
88648  37.603  -10.503  43.952 0.0000000000
87461  37.230  -11.483  43.660 0.0000000000
83557  33.606  -14.337  46.599 0.0000000000
84886  34.218  -13.968  46.151 0.0000000000
82248  35.491  -15.636  46.052 0.0000000000
82247  36.647  -16.080  46.183 0.0000000000
80934  38.174  -16.861  46.541 0.0000000000
78253  38.956  -18.283  47.587 0.0000000000
76899  40.101  -19.500  47.755 0.0000000000
57322  34.493  -34.275  58.000 0.0000000000
55910  15.714  -33.903  60.933 0.0000000000
54618  17.092  -35.559  62.057 0.0000000000
54585  15.656  -35.501  62.112 0.0000000000
53384  16.280  -36.307  62.636 0.0000000000
51984  16.301  -37.410  63.969 0.0000000000
50651  14.201  -38.458  64.480 0.0000000000
50652  13.139  -38.565  64.459 0.0000000000
51933  11.053  -37.287  66.997 0.0000000000
51917  9.922  -37.701  67.831 0.0000000000
50543  9.254  -38.693  67.986 0.0000000000
49213  9.057  -40.294  68.891 0.0000000000
50544  8.617  -38.202  68.512 0.0000000000
53259  7.254  -36.007  69.294 0.0000000000
53245  6.616  -35.698  70.110 0.0000000000
62845  32.615  -28.870  55.378 0.0000000000
61400  32.164  -29.909  54.685 0.0000000000
62846  31.467  -29.199  55.082 0.0000000000
61402  30.147  -30.235  54.681 0.0000000000
60079  29.755  -31.286  54.758 0.0000000000
58708  24.152  -32.313  56.944 0.0000000000
57360  25.337  -33.033  57.252 0.0000000000
57331  24.810  -33.549  57.926 0.0000000000
86255  44.708  -12.762  43.796 0.0000000000
74055  30.364  -21.830  53.890 0.0000000000
71226  36.424  -23.456  54.755 0.0000000000
72640  35.632  -22.954  54.061 0.0000000000
73997  36.514  -22.500  54.766 0.0000000000
74014  37.429  -21.655  54.918 0.0000000000
107226  49.368  4.299  38.458 0.0000000000
47765  7.128  -40.866  74.165 0.0000000000
91111  34.836  -8.676  49.743 0.0000000000
87383  33.340  -10.825  48.779 0.0000000000
84872  32.730  -13.015  48.482 0.0000000000
83545  32.866  -14.160  47.881 0.0000000000
80938  33.170  -16.034  46.518 0.0000000000
78274  33.489  -18.427  46.463 0.0000000000
57274  21.601  -33.707  59.639 0.0000000000
55870  21.565  -34.738  61.263 0.0000000000
57275  20.688  -33.776  60.050 0.0000000000
57304  19.089  -33.699  59.260 0.0000000000
57306  17.548  -32.965  59.787 0.0000000000
59990  17.487  -30.912  60.221 0.0000000000
59991  16.941  -31.442  60.559 0.0000000000
58653  16.497  -32.514  60.497 0.0000000000
58641  15.475  -32.446  61.544 0.0000000000
58627  14.383  -32.650  62.625 0.0000000000
58610  13.856  -32.486  63.457 0.0000000000
62823  27.690  -28.382  55.408 0.0000000000
64236  26.445  -27.839  56.124 0.0000000000
62825  25.218  -28.943  55.722 0.0000000000
62827  23.612  -29.673  55.892 0.0000000000
64192  22.439  -27.695  57.848 0.0000000000
62796  22.522  -29.364  56.617 0.0000000000
60058  23.241  -31.142  56.302 0.0000000000
58710  22.474  -32.197  57.398 0.0000000000
57334  22.237  -32.974  58.475 0.0000000000
71203  31.908  -24.101  58.809 0.0000000000
71216  31.148  -23.393  57.397 0.0000000000
69756  32.323  -24.901  57.537 0.0000000000
69767  33.183  -25.140  55.954 0.0000000000
71228  34.021  -24.491  55.098 0.0000000000
68369  36.188  -25.607  54.298 0.0000000000
69789  36.492  -24.919  54.089 0.0000000000
71240  36.167  -24.037  54.498 0.0000000000
69776  38.098  -23.685  54.969 0.0000000000
69762  40.550  -24.126  56.034 0.0000000000
104872  46.014  2.789  41.447 0.0000000000
103653  45.058  1.790  40.209 0.0000000000
102477  44.481  0.638  39.038 0.0000000000
98926  44.774  -2.226  39.714 0.0000000000
100152  45.213  -1.570  39.180 0.0000000000
93815  41.354  -6.069  42.415 0.0000000000
93789  42.280  -7.092  41.981 0.0000000000
92466  42.056  -7.739  42.357 0.0000000000
91196  41.650  -8.543  42.669 0.0000000000
88643  42.956  -10.435  42.643 0.0000000000
89931  40.208  -9.923  42.615 0.0000000000
88645  41.124  -10.956  42.634 0.0000000000
87442  43.218  -12.084  43.191 0.0000000000
86256  43.737  -12.852  43.398 0.0000000000
83610  44.608  -14.811  43.823 0.0000000000
88621  35.521  -10.460  45.749 0.0000000000
87446  35.965  -11.487  44.033 0.0000000000
84950  36.742  -13.541  43.609 0.0000000000
83595  35.824  -14.323  45.249 0.0000000000
83615  36.728  -14.346  43.763 0.0000000000
82307  38.730  -14.636  43.256 0.0000000000
80974  40.628  -16.144  43.683 0.0000000000
60104  37.521  -31.435  53.826 0.0000000000
60103  38.682  -31.721  54.476 0.0000000000
60072  38.790  -32.407  55.152 0.0000000000
58745  38.749  -32.744  55.677 0.0000000000
97535  40.249  -3.350  44.736 0.0000000000
96334  40.209  -4.491  43.350 0.0000000000
57214  13.007  -32.572  65.161 0.0000000000
55805  12.538  -33.215  65.824 0.0000000000
55829  12.816  -34.351  64.101 0.0000000000
54544  12.153  -35.458  64.686 0.0000000000
51988  12.437  -37.977  64.705 0.0000000000
50620  12.775  -39.095  64.874 0.0000000000
50592  11.061  -38.390  66.500 0.0000000000
49302  11.661  -38.823  65.877 0.0000000000
47922  12.590  -40.242  65.701 0.0000000000
46434  13.091  -41.483  66.746 0.0000000000
44933  13.768  -43.295  68.823 0.0000000000
44904  10.385  -42.437  71.102 0.0000000000
47845  9.231  -40.758  69.155 0.0000000000
47827  9.546  -41.577  70.551 0.0000000000
46342  9.667  -42.198  71.549 0.0000000000
47797  8.932  -41.223  72.290 0.0000000000
49151  8.430  -40.895  72.429 0.0000000000
49134  7.660  -40.665  73.151 0.0000000000
51842  6.830  -38.331  72.194 0.0000000000
49154  6.831  -39.364  73.021 0.0000000000
49118  7.199  -40.303  73.769 0.0000000000
62863  37.844  -29.548  54.118 0.0000000000
62864  36.944  -29.539  54.784 0.0000000000
61424  37.206  -30.398  53.866 0.0000000000
58762  35.869  -31.745  54.441 0.0000000000
58749  35.044  -31.982  55.084 0.0000000000
58726  35.302  -32.851  55.875 0.0000000000
58751  33.152  -32.030  55.308 0.0000000000
58728  33.317  -32.917  55.749 0.0000000000
58699  33.653  -33.399  56.547 0.0000000000
62869  27.670  -29.715  54.549 0.0000000000
60081  27.735  -31.418  54.837 0.0000000000
58732  28.757  -32.733  56.130 0.0000000000
58705  26.971  -33.483  56.798 0.0000000000
58704  28.153  -33.605  56.592 0.0000000000
57355  29.467  -33.935  57.299 0.0000000000
92464  44.220  -8.039  42.533 0.0000000000
78240  31.658  -18.111  49.354 0.0000000000
78267  32.372  -19.059  47.648 0.0000000000
76918  33.693  -19.931  46.552 0.0000000000
71244  30.876  -23.180  55.434 0.0000000000
72657  30.717  -22.797  54.383 0.0000000000
72685  31.601  -22.886  52.498 0.0000000000
72667  33.626  -23.027  53.300 0.0000000000
72702  33.125  -23.297  51.685 0.0000000000
74096  32.498  -22.908  50.933 0.0000000000
74146  33.003  -21.932  49.217 0.0000000000
74167  34.627  -21.974  48.044 0.0000000000
75577  35.593  -20.809  46.723 0.0000000000
75555  38.386  -21.636  47.972 0.0000000000
61421  40.488  -30.440  54.194 0.0000000000
62861  41.460  -29.662  54.181 0.0000000000
62860  42.334  -29.269  54.710 0.0000000000
62836  43.569  -29.012  55.899 0.0000000000
65663  42.918  -27.624  55.166 0.0000000000
104934  50.849  3.200  35.021 0.0000000000
107228  47.800  4.170  38.863 0.0000000000
106067  48.341  3.276  37.290 0.0000000000
102504  46.490  0.478  36.163 0.0000000000
104923  47.285  2.230  36.588 0.0000000000
104922  48.424  2.529  36.456 0.0000000000
102512  49.096  0.841  34.805 0.0000000000
101364  49.989  -0.075  34.596 0.0000000000
95158  42.821  -6.156  41.440 0.0000000000
95140  42.615  -6.723  41.741 0.0000000000
61446  38.532  -29.603  53.721 0.0000000000
95176  41.654  -5.219  41.634 0.0000000000
96364  41.582  -4.487  41.590 0.0000000000
95174  42.974  -5.632  40.722 0.0000000000
79565  35.553  -17.742  46.218 0.0000000000
76916  36.023  -19.805  46.563 0.0000000000
55854  13.864  -34.688  62.560 0.0000000000
55842  13.407  -34.807  63.034 0.0000000000
55868  23.512  -34.934  60.719 0.0000000000
72596  30.600  -22.394  58.293 0.0000000000
61338  19.860  -30.606  57.811 0.0000000000
61339  19.102  -30.760  58.313 0.0000000000
62766  20.300  -29.463  57.852 0.0000000000
68332  34.380  -26.242  57.134 0.0000000000
67017  41.003  -26.731  53.591 0.0000000000
68379  40.153  -25.854  53.427 0.0000000000
68377  41.206  -26.455  53.752 0.0000000000
66999  41.819  -26.458  54.372 0.0000000000
98903  45.034  -1.557  41.805 0.0000000000
100143  45.261  -1.155  41.394 0.0000000000
101294  45.027  -0.701  41.080 0.0000000000
95196  46.451  -5.165  39.477 0.0000000000
96381  47.896  -4.253  39.527 0.0000000000
43462  10.498  -43.331  71.834 0.0000000000
92449  39.092  -7.272  44.167 0.0000000000
91198  39.439  -8.250  43.719 0.0000000000
86271  39.535  -12.265  42.765 0.0000000000
83630  39.254  -14.139  42.981 0.0000000000
87400  32.898  -11.295  47.086 0.0000000000
87418  33.775  -11.604  46.026 0.0000000000
86237  33.685  -12.464  46.029 0.0000000000
82244  39.437  -16.575  46.011 0.0000000000
57375  35.648  -33.247  56.318 0.0000000000
57374  36.286  -33.509  56.391 0.0000000000
91168  39.027  -7.742  45.034 0.0000000000
55907  17.987  -34.494  60.794 0.0000000000
49282  14.964  -40.188  65.959 0.0000000000
47920  14.233  -40.647  65.903 0.0000000000
47897  14.801  -40.934  66.672 0.0000000000
53295  11.411  -36.198  66.681 0.0000000000
47862  10.589  -40.594  68.186 0.0000000000
47861  11.349  -40.885  67.796 0.0000000000
47863  9.796  -40.887  68.578 0.0000000000
51876  6.912  -37.477  70.414 0.0000000000
49190  7.792  -39.814  71.167 0.0000000000
62817  34.524  -28.846  56.292 0.0000000000
62867  34.447  -29.616  54.820 0.0000000000
62868  34.085  -29.598  54.779 0.0000000000
60108  34.325  -30.574  54.563 0.0000000000
61428  33.988  -29.946  54.584 0.0000000000
60050  30.357  -32.027  55.306 0.0000000000
58730  30.965  -32.575  56.156 0.0000000000
57354  31.471  -33.514  57.590 0.0000000000
58702  30.403  -33.524  56.960 0.0000000000
61408  24.827  -30.439  55.540 0.0000000000
60084  25.216  -31.068  55.362 0.0000000000
60033  24.985  -31.824  56.200 0.0000000000
88642  43.968  -10.403  42.653 0.0000000000
88641  44.897  -10.353  42.991 0.0000000000
87453  45.172  -10.917  43.273 0.0000000000
75494  30.732  -20.554  52.271 0.0000000000
75495  30.685  -20.129  51.731 0.0000000000
75510  31.096  -20.514  51.304 0.0000000000
75525  31.289  -20.388  50.342 0.0000000000
74120  31.515  -21.261  50.471 0.0000000000
72629  33.846  -24.176  54.869 0.0000000000
72642  33.657  -23.880  54.664 0.0000000000
74072  37.303  -22.743  52.404 0.0000000000
72679  36.831  -23.070  52.067 0.0000000000
72697  37.132  -22.798  51.773 0.0000000000
72718  36.624  -22.434  50.690 0.0000000000
74092  37.579  -22.375  51.339 0.0000000000
74091  38.615  -22.344  51.194 0.0000000000
106065  50.154  4.200  37.461 0.0000000000
106074  50.314  4.030  36.871 0.0000000000
103664  44.761  1.684  38.635 0.0000000000
104895  45.143  2.146  38.124 0.0000000000
102494  44.949  1.117  37.509 0.0000000000
62705  19.776  -27.731  60.826 0.0000000000
62724  19.023  -28.649  60.170 0.0000000000
62706  18.821  -28.365  61.153 0.0000000000
62723  19.835  -28.164  59.753 0.0000000000
95187  44.950  -5.958  39.755 0.0000000000
93849  45.319  -6.526  40.541 0.0000000000
93811  45.393  -7.374  41.984 0.0000000000
93836  45.762  -7.262  41.552 0.0000000000
65674  37.416  -27.400  54.981 0.0000000000
65682  37.941  -27.555  54.009 0.0000000000
64271  39.416  -28.404  53.180 0.0000000000
65680  39.935  -27.543  53.184 0.0000000000
64270  40.385  -28.406  53.329 0.0000000000
98878  41.647  -2.216  44.008 0.0000000000
97593  42.633  -3.490  41.154 0.0000000000
97592  43.684  -2.687  41.415 0.0000000000
97603  43.734  -3.114  40.371 0.0000000000
96373  43.264  -3.989  40.224 0.0000000000
93851  43.513  -5.875  40.160 0.0000000000
95199  43.769  -4.905  39.763 0.0000000000
95188  44.342  -5.968  39.639 0.0000000000
95197  45.407  -5.152  39.430 0.0000000000
88617  38.508  -8.779  45.659 0.0000000000
88630  38.577  -9.184  44.815 0.0000000000
87445  36.830  -10.860  44.121 0.0000000000
79564  36.810  -17.807  46.490 0.0000000000
80935  37.275  -17.050  46.076 0.0000000000
79553  38.362  -17.257  47.227 0.0000000000
79562  38.509  -17.891  47.376 0.0000000000
76913  39.301  -19.493  47.491 0.0000000000
76900  39.580  -19.070  47.615 0.0000000000
76912  39.775  -19.901  47.612 0.0000000000
75552  40.567  -20.192  48.054 0.0000000000
89888  39.226  -8.335  45.797 0.0000000000
55876  15.531  -34.363  61.222 0.0000000000
54620  15.844  -35.065  61.486 0.0000000000
55852  15.280  -34.833  61.668 0.0000000000
53385  15.459  -36.183  62.597 0.0000000000
53353  15.842  -36.745  62.996 0.0000000000
52013  16.103  -36.996  63.469 0.0000000000
52014  15.540  -37.203  63.360 0.0000000000
50649  16.066  -38.150  64.323 0.0000000000
51985  15.432  -37.873  63.750 0.0000000000
51986  14.444  -37.909  63.881 0.0000000000
51903  9.454  -37.323  68.174 0.0000000000
50568  9.887  -38.162  67.717 0.0000000000
53273  8.829  -36.893  68.580 0.0000000000
53260  7.148  -35.470  69.825 0.0000000000
64231  31.828  -28.584  56.814 0.0000000000
64251  32.187  -28.554  56.210 0.0000000000
62848  29.553  -29.358  54.838 0.0000000000
58679  23.900  -32.927  57.510 0.0000000000
57299  24.080  -33.863  58.793 0.0000000000
75454  30.364  -20.651  54.801 0.0000000000
74036  30.392  -21.852  54.781 0.0000000000
71225  37.214  -23.194  55.492 0.0000000000
72626  36.748  -22.780  55.295 0.0000000000
72625  37.659  -22.732  56.039 0.0000000000
73995  38.877  -22.298  56.033 0.0000000000
73996  37.437  -21.960  55.414 0.0000000000
75400  37.937  -21.619  54.978 0.0000000000
88557  33.733  -10.043  49.334 0.0000000000
80918  32.385  -15.956  47.891 0.0000000000
79567  32.676  -17.554  46.973 0.0000000000
79575  33.396  -18.139  46.424 0.0000000000
58650  21.195  -33.283  59.289 0.0000000000
58651  20.991  -33.424  59.580 0.0000000000
58663  20.449  -33.273  59.079 0.0000000000
58685  18.356  -32.806  58.463 0.0000000000
57335  18.575  -33.237  58.770 0.0000000000
57336  18.171  -33.005  58.848 0.0000000000
57305  18.072  -33.265  59.397 0.0000000000
58666  17.600  -32.641  59.569 0.0000000000
62725  18.284  -29.276  60.579 0.0000000000
61298  17.830  -30.267  60.086 0.0000000000
61278  17.642  -29.830  60.950 0.0000000000
59967  16.624  -30.930  61.330 0.0000000000
59992  16.246  -31.847  60.878 0.0000000000
58640  15.887  -32.149  60.977 0.0000000000
57258  16.005  -32.934  61.016 0.0000000000
59948  14.871  -31.708  62.731 0.0000000000
59949  14.215  -32.081  63.030 0.0000000000
59927  14.124  -31.730  63.632 0.0000000000
64211  26.977  -27.595  57.041 0.0000000000
65645  26.634  -27.510  57.696 0.0000000000
64213  24.717  -27.778  56.920 0.0000000000
64237  25.355  -27.885  56.037 0.0000000000
64238  24.437  -28.379  56.166 0.0000000000
62826  24.435  -29.483  55.757 0.0000000000
64239  23.764  -28.831  56.103 0.0000000000
62797  21.658  -29.481  57.199 0.0000000000
61385  22.781  -30.497  56.360 0.0000000000
60036  22.665  -31.508  56.674 0.0000000000
60037  21.704  -31.540  57.192 0.0000000000
58682  21.362  -32.302  57.841 0.0000000000
57301  22.174  -33.164  59.040 0.0000000000
69746  32.125  -24.575  58.233 0.0000000000
71215  31.616  -24.297  57.848 0.0000000000
68345  33.771  -25.505  56.263 0.0000000000
69766  34.246  -25.138  55.344 0.0000000000
69765  34.953  -24.927  54.842 0.0000000000
67010  36.763  -26.363  54.223 0.0000000000
68356  36.281  -26.130  54.448 0.0000000000
67022  37.016  -26.108  53.717 0.0000000000
68366  38.732  -25.084  53.747 0.0000000000
69788  37.427  -24.602  54.157 0.0000000000
69777  36.869  -24.178  54.446 0.0000000000
71239  37.019  -23.617  54.959 0.0000000000
68341  41.163  -25.066  55.659 0.0000000000
69774  40.071  -24.591  55.224 0.0000000000
97554  44.403  -2.171  43.407 0.0000000000
104871  46.817  3.057  41.830 0.0000000000
104863  46.542  2.376  41.926 0.0000000000
102460  44.897  0.371  40.764 0.0000000000
102470  45.185  1.055  40.666 0.0000000000
102471  44.740  0.625  40.015 0.0000000000
103654  44.743  1.373  39.477 0.0000000000
97622  45.783  -2.408  38.749 0.0000000000
98925  45.308  -2.114  39.246 0.0000000000
98933  45.708  -1.919  38.810 0.0000000000
100165  45.514  -1.209  38.649 0.0000000000
93790  41.537  -6.896  42.417 0.0000000000
89911  42.391  -9.434  42.579 0.0000000000
88644  41.844  -10.564  42.548 0.0000000000
89915  38.658  -9.651  43.702 0.0000000000
89932  39.692  -9.735  42.946 0.0000000000
88660  39.554  -10.386  42.731 0.0000000000
86270  40.673  -12.428  42.671 0.0000000000
87458  40.678  -11.449  42.590 0.0000000000
87457  41.634  -11.757  42.671 0.0000000000
87456  42.646  -11.414  42.710 0.0000000000
87443  42.462  -12.229  42.807 0.0000000000
86257  42.818  -12.896  43.161 0.0000000000
83612  42.649  -14.713  43.268 0.0000000000
84933  43.214  -13.777  43.294 0.0000000000
83611  43.566  -14.765  43.559 0.0000000000
88585  36.063  -9.343  47.140 0.0000000000
88606  35.092  -9.901  46.503 0.0000000000
87448  34.737  -11.750  44.916 0.0000000000
87432  35.014  -11.191  45.205 0.0000000000
86260  35.478  -12.489  44.304 0.0000000000
86259  35.994  -12.466  43.929 0.0000000000
84936  36.021  -13.441  44.042 0.0000000000
83572  35.437  -14.506  45.735 0.0000000000
84903  34.550  -13.989  45.769 0.0000000000
83571  36.360  -14.891  45.586 0.0000000000
83592  38.192  -15.692  44.414 0.0000000000
83593  37.420  -15.178  44.249 0.0000000000
82275  38.127  -15.417  44.053 0.0000000000
83614  37.483  -14.596  43.601 0.0000000000
82290  38.525  -15.275  43.581 0.0000000000
82305  40.167  -15.573  43.444 0.0000000000
80975  40.211  -16.177  43.747 0.0000000000
58761  36.710  -32.060  54.235 0.0000000000
58760  37.609  -32.196  54.390 0.0000000000
98842  40.609  -3.112  45.141 0.0000000000
97521  39.847  -3.881  45.118 0.0000000000
96335  39.816  -5.030  43.686 0.0000000000
95142  40.171  -5.448  43.027 0.0000000000
93816  40.762  -5.685  42.575 0.0000000000
57256  20.675  -34.442  61.162 0.0000000000
55871  21.063  -34.838  61.625 0.0000000000
57244  20.331  -34.580  61.689 0.0000000000
51931  16.071  -38.894  66.080 0.0000000000
58593  13.536  -31.608  64.912 0.0000000000
57201  11.522  -33.768  65.995 0.0000000000
55806  11.768  -33.692  66.256 0.0000000000
55817  11.937  -34.106  65.290 0.0000000000
55816  12.750  -33.492  64.754 0.0000000000
53325  12.052  -36.859  64.644 0.0000000000
50621  12.158  -38.519  65.310 0.0000000000
50653  12.574  -38.559  64.769 0.0000000000
51934  10.750  -37.604  67.257 0.0000000000
49260  11.357  -39.943  67.152 0.0000000000
49284  11.532  -39.487  66.376 0.0000000000
49283  12.016  -40.151  66.046 0.0000000000
47899  12.556  -40.804  66.456 0.0000000000
47880  12.374  -41.086  67.063 0.0000000000
46390  12.021  -42.048  68.081 0.0000000000
44956  12.515  -42.766  68.095 0.0000000000
44936  10.655  -42.378  69.364 0.0000000000
44916  11.023  -42.965  69.817 0.0000000000
44917  10.528  -42.406  70.273 0.0000000000
44903  10.901  -42.936  70.691 0.0000000000
49238  8.694  -39.220  68.589 0.0000000000
49214  8.604  -40.029  69.408 0.0000000000
47828  9.183  -41.184  70.244 0.0000000000
47812  9.407  -41.566  71.089 0.0000000000
47796  9.298  -41.662  71.982 0.0000000000
49171  7.401  -39.805  71.734 0.0000000000
49133  8.197  -40.990  73.045 0.0000000000
51843  6.360  -37.505  72.239 0.0000000000
50485  6.511  -38.596  72.711 0.0000000000
49135  7.298  -39.918  73.329 0.0000000000
64264  37.610  -29.138  54.980 0.0000000000
62865  36.015  -29.640  54.803 0.0000000000
61425  36.295  -30.332  54.267 0.0000000000
60105  36.491  -31.220  53.846 0.0000000000
60106  35.632  -31.012  54.313 0.0000000000
60074  34.486  -31.269  54.794 0.0000000000
60076  32.645  -30.935  55.220 0.0000000000
57351  34.091  -33.749  57.308 0.0000000000
57352  33.034  -33.657  57.463 0.0000000000
64256  26.938  -28.396  55.393 0.0000000000
62850  27.527  -28.817  54.880 0.0000000000
62870  27.110  -29.474  54.581 0.0000000000
60082  26.802  -31.326  54.944 0.0000000000
61405  27.298  -30.668  54.610 0.0000000000
60052  28.265  -32.102  55.412 0.0000000000
57359  25.971  -33.613  57.390 0.0000000000
58706  25.991  -32.911  56.737 0.0000000000
57358  26.631  -34.072  57.481 0.0000000000
57357  27.553  -34.116  57.295 0.0000000000
57356  28.575  -34.121  57.196 0.0000000000
92465  43.208  -7.729  42.199 0.0000000000
79519  31.809  -17.330  49.910 0.0000000000
78226  31.574  -18.088  50.170 0.0000000000
75558  32.244  -20.526  48.749 0.0000000000
76902  32.052  -19.755  48.326 0.0000000000
76901  32.464  -20.084  47.736 0.0000000000
76919  32.797  -20.053  47.196 0.0000000000
75580  33.178  -20.603  47.532 0.0000000000
71231  31.153  -23.273  56.294 0.0000000000
72656  31.732  -23.352  54.068 0.0000000000
71255  31.139  -23.509  54.733 0.0000000000
72669  31.310  -22.845  53.383 0.0000000000
71269  31.686  -23.109  52.956 0.0000000000
72653  35.794  -22.748  53.876 0.0000000000
72654  34.964  -23.083  53.721 0.0000000000
72666  34.759  -23.192  53.046 0.0000000000
74094  34.238  -23.246  50.900 0.0000000000
72701  34.096  -23.294  51.556 0.0000000000
74095  33.537  -23.272  50.775 0.0000000000
74118  32.949  -22.849  49.805 0.0000000000
72721  32.741  -22.499  49.783 0.0000000000
74143  36.075  -22.337  49.048 0.0000000000
72738  34.553  -22.306  48.393 0.0000000000
74166  35.622  -22.111  48.066 0.0000000000
74190  35.115  -21.584  47.278 0.0000000000
74189  36.181  -21.656  47.272 0.0000000000
74188  37.153  -21.619  47.440 0.0000000000
74164  37.729  -21.871  48.253 0.0000000000
74139  39.756  -22.030  49.347 0.0000000000
61422  39.444  -30.700  53.959 0.0000000000
60102  39.945  -31.273  54.752 0.0000000000
61378  41.956  -30.922  55.488 0.0000000000
61420  41.218  -30.537  54.496 0.0000000000
61398  41.752  -30.526  54.861 0.0000000000
62838  42.136  -29.851  54.967 0.0000000000
64247  43.315  -28.462  55.542 0.0000000000
65662  43.443  -27.579  55.842 0.0000000000
104920  50.567  3.347  35.897 0.0000000000
104919  50.966  3.713  35.550 0.0000000000
103727  50.302  1.646  34.692 0.0000000000
106047  46.871  3.677  41.314 0.0000000000
106063  46.799  3.163  37.903 0.0000000000
107221  47.239  3.953  39.093 0.0000000000
106062  47.617  3.628  38.385 0.0000000000
107227  48.455  4.261  38.752 0.0000000000
106068  47.320  3.021  37.568 0.0000000000
103715  47.033  1.140  35.860 0.0000000000
103714  47.474  1.255  35.749 0.0000000000
103696  48.221  2.008  36.111 0.0000000000
103713  48.476  1.682  35.678 0.0000000000
104937  48.671  2.140  35.972 0.0000000000
93812  44.926  -7.225  41.981 0.0000000000
64263  38.004  -28.586  54.507 0.0000000000
62879  38.950  -29.119  53.419 0.0000000000
97574  41.608  -3.498  42.110 0.0000000000
96363  42.117  -4.252  41.094 0.0000000000
96374  42.640  -4.323  40.580 0.0000000000
95190  42.757  -5.012  40.618 0.0000000000
47781  8.831  -41.307  72.965 0.0000000000
88618  37.843  -9.354  45.780 0.0000000000
87429  37.555  -9.372  46.053 0.0000000000
88619  37.072  -9.721  45.711 0.0000000000
88620  36.285  -10.140  45.594 0.0000000000
80937  34.706  -16.479  45.753 0.0000000000
78262  37.579  -18.739  46.835 0.0000000000
76914  38.365  -19.667  47.100 0.0000000000
57246  14.259  -33.607  62.238 0.0000000000
55853  14.508  -34.678  62.078 0.0000000000
55841  14.040  -35.115  62.612 0.0000000000
52015  14.647  -37.345  63.388 0.0000000000
53355  13.717  -36.709  63.376 0.0000000000
53324  12.716  -36.479  63.892 0.0000000000
53257  9.111  -36.348  68.995 0.0000000000
64232  30.929  -28.389  56.631 0.0000000000
64253  30.718  -28.660  55.605 0.0000000000
64254  29.943  -28.656  55.250 0.0000000000
57300  23.161  -33.576  59.039 0.0000000000
55939  23.602  -34.014  59.363 0.0000000000
73999  30.465  -21.217  56.619 0.0000000000
71223  38.923  -23.371  56.332 0.0000000000
71214  38.787  -23.123  56.608 0.0000000000
71213  39.411  -23.215  56.925 0.0000000000
83532  32.932  -13.892  49.174 0.0000000000
82213  32.803  -14.478  50.220 0.0000000000
58683  20.401  -32.539  58.166 0.0000000000
60024  18.484  -31.683  58.526 0.0000000000
61260  17.521  -29.654  61.701 0.0000000000
61261  16.924  -29.784  62.213 0.0000000000
61280  16.538  -30.535  61.789 0.0000000000
65648  23.976  -27.135  57.612 0.0000000000
62742  20.904  -28.583  58.576 0.0000000000
64193  21.650  -28.124  58.169 0.0000000000
62765  21.103  -28.949  57.700 0.0000000000
62798  20.942  -29.763  57.375 0.0000000000
61362  21.270  -30.516  57.079 0.0000000000
60038  20.974  -31.206  57.184 0.0000000000
60022  20.522  -31.528  57.618 0.0000000000
69755  33.236  -25.429  57.235 0.0000000000
69754  33.774  -25.920  57.420 0.0000000000
68358  34.946  -25.930  55.294 0.0000000000
67019  39.499  -26.673  53.225 0.0000000000
68381  38.085  -25.801  53.311 0.0000000000
68380  39.132  -25.749  53.309 0.0000000000
68365  39.792  -24.961  54.054 0.0000000000
68355  39.941  -24.726  54.816 0.0000000000
68352  42.608  -25.900  55.358 0.0000000000
98902  45.709  -1.289  42.467 0.0000000000
103641  45.917  1.740  41.814 0.0000000000
101281  44.896  -0.069  41.160 0.0000000000
101295  44.719  -0.441  40.419 0.0000000000
96384  44.905  -4.163  39.403 0.0000000000
97612  46.496  -3.489  38.943 0.0000000000
97620  46.981  -2.948  38.768 0.0000000000
97611  47.469  -3.400  39.125 0.0000000000
93792  39.538  -6.451  43.487 0.0000000000
92468  40.079  -7.451  43.284 0.0000000000
87459  38.959  -11.128  42.878 0.0000000000
87469  39.521  -11.039  42.682 0.0000000000
86281  39.611  -11.483  42.640 0.0000000000
84935  41.794  -13.214  42.741 0.0000000000
84945  41.122  -13.599  42.845 0.0000000000
84944  41.559  -14.221  42.854 0.0000000000
83627  41.818  -14.774  43.053 0.0000000000
89861  34.320  -9.671  47.625 0.0000000000
89877  34.361  -9.958  46.939 0.0000000000
88607  34.081  -10.527  46.423 0.0000000000
87433  34.427  -11.709  45.351 0.0000000000
86261  34.620  -12.519  44.789 0.0000000000
83554  36.916  -15.700  45.802 0.0000000000
83553  37.818  -15.830  45.596 0.0000000000
82262  38.424  -15.934  45.325 0.0000000000
82273  38.920  -16.398  44.225 0.0000000000
80969  40.330  -16.443  44.142 0.0000000000
58748  35.946  -32.547  54.930 0.0000000000
58724  37.132  -32.990  55.919 0.0000000000
57373  37.212  -33.729  56.491 0.0000000000
92429  39.977  -7.032  46.327 0.0000000000
93758  39.577  -6.264  45.939 0.0000000000
95114  39.379  -5.781  45.606 0.0000000000
95125  39.154  -5.372  45.074 0.0000000000
96304  39.473  -4.485  45.021 0.0000000000
95132  39.462  -5.596  44.089 0.0000000000
57257  19.961  -34.435  61.510 0.0000000000
55872  19.372  -34.585  61.317 0.0000000000
51914  16.124  -39.184  66.492 0.0000000000
50590  15.556  -39.440  66.153 0.0000000000
49281  15.506  -40.145  66.822 0.0000000000
47879  15.157  -40.912  67.660 0.0000000000
46410  14.507  -41.614  67.318 0.0000000000
55807  11.612  -34.522  66.426 0.0000000000
55819  11.541  -34.924  66.072 0.0000000000
54545  11.674  -36.068  65.126 0.0000000000
54530  11.560  -35.425  65.860 0.0000000000
50567  10.496  -38.559  67.325 0.0000000000
47881  11.837  -40.774  67.242 0.0000000000
44957  11.703  -42.396  68.444 0.0000000000
44958  10.984  -42.262  68.619 0.0000000000
46393  9.658  -41.239  68.919 0.0000000000
50509  8.109  -39.433  70.034 0.0000000000
49189  8.157  -39.970  70.630 0.0000000000
47814  8.414  -40.509  71.021 0.0000000000
50499  7.006  -38.951  71.857 0.0000000000
50473  5.599  -38.167  73.073 0.0000000000
62866  35.209  -29.654  54.858 0.0000000000
60107  34.949  -30.732  54.558 0.0000000000
60048  32.113  -31.577  55.343 0.0000000000
57353  32.044  -33.472  57.622 0.0000000000
62852  25.816  -29.545  55.234 0.0000000000
60083  25.904  -31.194  55.119 0.0000000000
60054  26.315  -31.848  55.610 0.0000000000
57296  26.757  -34.670  58.998 0.0000000000
57329  26.874  -34.362  58.141 0.0000000000
55962  27.436  -34.660  58.681 0.0000000000
91214  43.093  -9.000  42.436 0.0000000000
89909  44.352  -9.536  42.717 0.0000000000
89908  45.332  -9.578  43.173 0.0000000000
76853  30.640  -19.537  51.999 0.0000000000
76877  31.164  -19.132  50.412 0.0000000000
76891  31.445  -18.967  49.296 0.0000000000
75524  31.203  -19.878  50.164 0.0000000000
74170  32.194  -20.794  49.208 0.0000000000
71242  32.540  -24.186  55.003 0.0000000000
71243  31.448  -24.020  55.339 0.0000000000
74053  35.993  -22.441  53.053 0.0000000000
74054  35.489  -23.078  52.931 0.0000000000
74074  35.910  -23.061  52.677 0.0000000000
72699  35.875  -23.194  51.288 0.0000000000
72720  35.392  -23.022  50.598 0.0000000000
74116  35.547  -22.522  49.913 0.0000000000
74115  36.538  -22.310  50.095 0.0000000000
74142  37.094  -22.304  49.170 0.0000000000
74141  38.008  -22.247  49.263 0.0000000000
74113  38.289  -22.300  50.248 0.0000000000
60046  40.566  -32.427  56.022 0.0000000000
60070  40.729  -31.768  55.264 0.0000000000
60045  41.628  -31.758  55.997 0.0000000000
104883  45.515  2.556  39.828 0.0000000000
106052  46.450  3.625  39.902 0.0000000000
104894  45.666  2.625  38.825 0.0000000000
104893  46.193  2.882  38.683 0.0000000000
104914  45.945  2.122  37.319 0.0000000000
100202  48.461  -1.502  35.312 0.0000000000
101352  48.964  -0.351  34.707 0.0000000000
61319  18.845  -30.090  58.892 0.0000000000
64170  21.459  -27.712  59.167 0.0000000000
62722  20.726  -28.034  59.479 0.0000000000
95185  46.988  -5.993  39.855 0.0000000000
93835  46.959  -6.891  41.477 0.0000000000
66991  36.329  -27.049  56.470 0.0000000000
66992  35.708  -27.063  55.935 0.0000000000
67009  36.978  -26.980  54.644 0.0000000000
67021  37.421  -26.593  53.719 0.0000000000
65679  40.940  -27.491  53.477 0.0000000000
98877  42.890  -2.070  43.924 0.0000000000
97555  43.356  -2.136  43.065 0.0000000000
98904  44.446  -2.557  41.214 0.0000000000
98918  44.138  -2.656  40.681 0.0000000000
97602  44.182  -2.757  40.075 0.0000000000
96385  43.914  -4.072  39.805 0.0000000000
44892  10.283  -42.979  72.483 0.0000000000
89898  38.553  -9.403  44.111 0.0000000000
88647  38.421  -10.117  43.572 0.0000000000
87460  38.047  -11.294  43.395 0.0000000000
86273  37.682  -12.321  43.443 0.0000000000
84888  32.922  -13.491  47.048 0.0000000000
84905  33.370  -13.302  46.484 0.0000000000
84887  33.763  -13.867  46.403 0.0000000000
83556  34.691  -14.605  46.166 0.0000000000
82246  37.627  -16.306  46.137 0.0000000000
80933  39.024  -16.536  46.651 0.0000000000
79551  39.944  -17.609  47.937 0.0000000000
78252  39.620  -18.483  47.774 0.0000000000
78251  40.548  -18.585  48.230 0.0000000000
57349  36.297  -34.366  56.940 0.0000000000
57321  35.564  -34.301  57.935 0.0000000000
55875  16.403  -34.819  61.181 0.0000000000
54619  16.549  -35.387  61.753 0.0000000000
54584  16.722  -35.821  62.300 0.0000000000
50650  15.299  -38.566  64.272 0.0000000000
50619  13.940  -39.200  64.950 0.0000000000
51916  10.439  -37.574  67.669 0.0000000000
49262  9.907  -39.045  67.715 0.0000000000
49237  9.620  -39.920  68.441 0.0000000000
51892  7.979  -37.717  69.001 0.0000000000
53258  8.303  -36.675  68.986 0.0000000000
51893  7.415  -37.101  69.481 0.0000000000
53244  6.796  -36.555  69.809 0.0000000000
62818  33.534  -28.851  56.365 0.0000000000
61399  33.151  -29.896  54.770 0.0000000000
61401  31.154  -30.068  54.563 0.0000000000
60078  30.778  -31.103  54.748 0.0000000000
60051  29.300  -32.184  55.260 0.0000000000
60034  24.334  -31.917  56.239 0.0000000000
58707  25.094  -32.347  56.695 0.0000000000
58678  24.665  -32.814  57.305 0.0000000000
57298  24.920  -34.470  58.624 0.0000000000
57297  25.929  -34.442  58.846 0.0000000000
87441  44.130  -11.908  43.548 0.0000000000
87440  45.361  -11.637  43.621 0.0000000000
75476  30.554  -20.552  53.529 0.0000000000
74076  30.710  -21.877  52.766 0.0000000000
72641  34.629  -23.333  54.262 0.0000000000
72627  35.850  -23.284  54.350 0.0000000000
73998  36.062  -22.916  54.302 0.0000000000
74016  36.260  -22.591  54.193 0.0000000000
74015  36.947  -21.964  54.530 0.0000000000
74033  37.132  -22.197  54.060 0.0000000000
75474  37.774  -22.236  53.378 0.0000000000
100182  45.673  -0.694  37.886 0.0000000000
102493  45.269  0.718  37.210 0.0000000000
47764  7.831  -41.102  74.017 0.0000000000
91127  35.438  -8.490  48.941 0.0000000000
89849  34.446  -8.921  48.696 0.0000000000
88573  33.508  -10.042  48.200 0.0000000000
88588  33.121  -10.685  47.751 0.0000000000
87384  32.850  -11.279  48.145 0.0000000000
86217  32.686  -12.028  48.529 0.0000000000
86226  32.662  -12.263  47.600 0.0000000000
83558  33.083  -14.184  47.106 0.0000000000
82250  33.162  -14.776  46.920 0.0000000000
82234  32.672  -15.085  47.533 0.0000000000
78265  33.867  -18.784  46.376 0.0000000000
55869  22.481  -34.632  60.695 0.0000000000
57255  21.510  -34.335  60.437 0.0000000000
57303  19.921  -33.618  59.617 0.0000000000
58664  19.704  -33.444  59.040 0.0000000000
57277  18.472  -34.145  60.005 0.0000000000
57278  17.380  -33.489  60.183 0.0000000000
61320  18.222  -30.575  59.146 0.0000000000
60008  17.709  -31.320  59.578 0.0000000000
61299  17.413  -30.578  60.639 0.0000000000
60009  17.375  -32.042  59.674 0.0000000000
58652  17.133  -32.498  59.951 0.0000000000
57279  16.449  -33.508  60.591 0.0000000000
57280  15.934  -33.598  60.868 0.0000000000
57259  15.497  -33.454  61.305 0.0000000000
58642  14.819  -33.041  61.811 0.0000000000
57236  13.686  -33.300  63.001 0.0000000000
64235  27.571  -27.982  56.024 0.0000000000
64212  25.830  -27.519  57.250 0.0000000000
62824  26.056  -28.600  55.519 0.0000000000
61383  24.110  -30.451  55.822 0.0000000000
64215  22.150  -28.492  57.340 0.0000000000
62795  23.200  -29.065  56.262 0.0000000000
62828  23.037  -29.820  56.135 0.0000000000
61384  23.428  -30.487  56.078 0.0000000000
60057  23.890  -31.200  56.157 0.0000000000
60035  23.540  -31.850  56.428 0.0000000000
58709  23.286  -32.305  57.109 0.0000000000
58680  23.007  -32.866  57.717 0.0000000000
58711  21.917  -32.252  57.552 0.0000000000
58681  22.192  -32.758  57.919 0.0000000000
57333  22.717  -33.154  58.396 0.0000000000
57272  23.181  -33.947  59.517 0.0000000000
57273  22.605  -33.923  59.614 0.0000000000
71204  31.254  -23.361  58.525 0.0000000000
69768  32.637  -25.082  56.770 0.0000000000
71227  35.189  -24.210  54.601 0.0000000000
67003  35.658  -26.651  55.503 0.0000000000
68357  35.607  -26.134  54.878 0.0000000000
68368  36.818  -25.562  53.854 0.0000000000
69790  35.875  -25.324  54.378 0.0000000000
69779  35.317  -25.298  54.709 0.0000000000
71241  35.501  -24.585  54.530 0.0000000000
71238  37.562  -23.413  55.428 0.0000000000
69764  38.543  -23.489  55.841 0.0000000000
69775  39.400  -24.345  54.915 0.0000000000
69763  39.188  -23.720  55.785 0.0000000000
103642  45.397  1.868  41.108 0.0000000000
104873  45.430  2.737  40.681 0.0000000000
100153  44.833  -1.395  39.620 0.0000000000
100166  44.766  -0.815  39.080 0.0000000000
101319  44.722  -0.245  38.673 0.0000000000
101318  45.258  -0.240  38.050 0.0000000000
95141  42.197  -6.540  42.017 0.0000000000
93814  41.917  -6.452  42.240 0.0000000000
92467  41.071  -7.620  42.789 0.0000000000
91195  42.694  -8.581  42.446 0.0000000000
89929  42.792  -9.362  42.526 0.0000000000
87468  39.984  -11.131  42.564 0.0000000000
88659  40.450  -10.629  42.521 0.0000000000
88658  41.017  -10.379  42.322 0.0000000000
87455  43.590  -11.276  42.912 0.0000000000
84932  44.207  -13.770  43.587 0.0000000000
88605  36.228  -9.635  46.254 0.0000000000
87431  35.764  -10.930  45.047 0.0000000000
86274  36.678  -12.442  43.657 0.0000000000
84949  37.381  -13.252  43.499 0.0000000000
84904  33.771  -13.295  45.969 0.0000000000
84922  34.249  -13.354  45.207 0.0000000000
84920  35.669  -13.939  44.721 0.0000000000
83594  36.415  -14.542  44.686 0.0000000000
83632  37.795  -13.955  43.369 0.0000000000
83631  38.498  -13.972  43.172 0.0000000000
82306  39.303  -15.048  43.240 0.0000000000
83628  41.010  -14.711  43.106 0.0000000000
82304  41.263  -15.660  43.377 0.0000000000
80968  41.171  -16.489  44.054 0.0000000000
82287  41.918  -16.092  43.616 0.0000000000
82286  42.779  -15.738  43.748 0.0000000000
58746  38.025  -32.610  55.206 0.0000000000
98879  40.809  -2.251  44.168 0.0000000000
97557  40.580  -3.257  43.495 0.0000000000
97558  39.863  -4.224  43.806 0.0000000000
96350  40.641  -4.508  42.743 0.0000000000
95160  41.216  -5.165  42.216 0.0000000000
57245  20.130  -34.579  61.933 0.0000000000
55874  17.548  -35.209  61.694 0.0000000000
58592  13.497  -32.015  64.442 0.0000000000
57228  13.358  -33.194  64.098 0.0000000000
57229  13.140  -33.802  63.978 0.0000000000
49300  13.122  -39.885  65.146 0.0000000000
51956  11.385  -37.682  66.205 0.0000000000
50622  11.678  -38.178  65.923 0.0000000000
49301  12.154  -39.512  65.501 0.0000000000
47921  13.368  -40.540  65.719 0.0000000000
47898  13.671  -41.107  66.245 0.0000000000
46411  13.596  -42.040  67.146 0.0000000000
46412  12.412  -41.672  67.456 0.0000000000
44979  13.189  -42.506  67.516 0.0000000000
44955  13.918  -42.802  68.149 0.0000000000
43485  11.638  -43.197  69.411 0.0000000000
43470  10.616  -42.972  71.331 0.0000000000
46374  9.635  -41.442  69.482 0.0000000000
47846  8.847  -40.682  69.777 0.0000000000
46358  9.671  -41.623  70.152 0.0000000000
46357  9.919  -41.944  70.664 0.0000000000
44893  10.054  -42.803  71.810 0.0000000000
49169  8.663  -40.812  71.968 0.0000000000
49116  8.045  -41.005  73.368 0.0000000000
51860  6.477  -36.922  71.371 0.0000000000
50484  6.777  -38.887  72.346 0.0000000000
51827  6.084  -37.568  72.846 0.0000000000
49153  7.111  -39.576  72.697 0.0000000000
47783  7.242  -39.723  73.183 0.0000000000
49117  7.712  -40.835  73.504 0.0000000000
69731  32.881  -24.510  59.290 0.0000000000
58763  35.404  -31.508  54.603 0.0000000000
58697  35.239  -33.282  56.430 0.0000000000
58752  32.531  -31.781  55.411 0.0000000000
57390  33.684  -32.552  55.428 0.0000000000
58727  34.245  -33.011  55.512 0.0000000000
58698  34.646  -33.390  56.452 0.0000000000
62822  28.193  -28.474  55.416 0.0000000000
62849  28.486  -29.361  54.781 0.0000000000
61430  27.149  -30.032  54.523 0.0000000000
61404  28.101  -30.471  54.559 0.0000000000
60080  28.722  -31.385  54.782 0.0000000000
58736  25.341  -32.013  56.243 0.0000000000
58734  26.678  -32.530  56.202 0.0000000000
58733  27.699  -32.684  56.206 0.0000000000
58703  29.218  -33.493  56.739 0.0000000000
58677  30.705  -33.800  57.601 0.0000000000
93788  42.947  -7.238  41.783 0.0000000000
92488  43.949  -7.511  42.352 0.0000000000
92487  44.571  -7.569  42.360 0.0000000000
92463  45.114  -8.210  42.705 0.0000000000
88629  46.119  -11.123  43.767 0.0000000000
79537  31.929  -16.612  49.624 0.0000000000
79555  32.197  -17.997  47.967 0.0000000000
78254  31.807  -18.576  48.520 0.0000000000
79568  32.515  -18.371  47.304 0.0000000000
78266  32.965  -18.858  46.759 0.0000000000
76917  34.808  -19.875  46.296 0.0000000000
72630  30.618  -22.326  56.067 0.0000000000
72643  30.548  -22.473  55.209 0.0000000000
71256  30.701  -23.075  54.926 0.0000000000
72683  33.863  -23.266  52.442 0.0000000000
72684  32.628  -23.254  52.624 0.0000000000
72703  32.184  -23.009  51.812 0.0000000000
74119  32.185  -22.124  50.290 0.0000000000
74169  32.620  -21.189  48.794 0.0000000000
74145  33.855  -22.583  48.902 0.0000000000
72751  33.976  -22.277  48.406 0.0000000000
74192  33.748  -21.183  47.662 0.0000000000
74191  34.205  -21.370  47.493 0.0000000000
75578  34.509  -20.775  46.838 0.0000000000
75576  36.764  -20.839  46.857 0.0000000000
75575  38.051  -20.943  47.383 0.0000000000
75574  39.100  -20.358  47.533 0.0000000000
74163  38.484  -21.934  48.518 0.0000000000
75554  39.173  -21.525  48.023 0.0000000000
75553  40.028  -20.578  47.758 0.0000000000
61444  39.902  -30.024  53.728 0.0000000000
60101  40.893  -31.066  54.704 0.0000000000
62877  40.718  -29.122  53.630 0.0000000000
64262  42.031  -28.580  54.275 0.0000000000
65672  41.759  -27.699  53.928 0.0000000000
61377  42.581  -30.719  56.098 0.0000000000
62837  42.902  -29.531  55.586 0.0000000000
64261  42.736  -28.547  54.895 0.0000000000
65671  42.344  -27.708  54.538 0.0000000000
66998  42.254  -26.771  54.944 0.0000000000
66997  43.009  -26.777  55.531 0.0000000000
107214  47.210  4.315  39.888 0.0000000000
107220  48.001  4.468  39.357 0.0000000000
106061  48.784  3.886  38.136 0.0000000000
106060  49.248  4.042  38.108 0.0000000000
103688  45.186  1.322  37.331 0.0000000000
103687  45.717  1.685  37.035 0.0000000000
104913  46.569  2.411  37.202 0.0000000000
101354  46.886  -0.315  35.972 0.0000000000
103698  46.635  1.525  36.325 0.0000000000
104912  47.674  2.742  36.992 0.0000000000
106075  49.094  3.409  36.817 0.0000000000
104936  49.139  2.202  35.791 0.0000000000
103712  49.584  1.531  35.118 0.0000000000
102528  49.432  0.702  34.708 0.0000000000
102527  49.759  0.896  34.736 0.0000000000
44978  13.741  -42.406  67.590 0.0000000000
46389  14.199  -42.180  67.645 0.0000000000
46435  12.614  -41.236  66.954 0.0000000000
47782  7.424  -40.095  73.072 0.0000000000
47798  7.398  -40.001  72.856 0.0000000000
47799  7.329  -39.814  72.998 0.0000000000
51904  8.633  -37.278  68.588 0.0000000000
53274  8.599  -36.941  68.663 0.0000000000
54518  11.604  -35.152  66.428 0.0000000000
54531  11.554  -35.148  66.179 0.0000000000
55808  11.595  -34.936  66.314 0.0000000000
55818  11.552  -34.641  65.778 0.0000000000
55828  13.028  -33.708  64.238 0.0000000000
55847  21.421  -35.163  61.970 0.0000000000
55848  20.613  -34.824  62.114 0.0000000000
55877  15.001  -34.451  61.597 0.0000000000
55905  22.642  -34.316  60.077 0.0000000000
55909  16.103  -34.139  60.765 0.0000000000
57202  11.467  -33.945  66.142 0.0000000000
57215  11.623  -33.846  65.786 0.0000000000
57216  11.452  -34.077  65.849 0.0000000000
57254  22.146  -34.312  60.015 0.0000000000
57302  21.583  -33.240  59.212 0.0000000000
57376  34.005  -33.001  55.303 0.0000000000
57377  33.776  -32.910  55.435 0.0000000000
57389  33.981  -32.686  55.365 0.0000000000
58626  15.057  -32.398  62.204 0.0000000000
58661  21.855  -32.860  58.409 0.0000000000
58735  25.796  -32.260  56.176 0.0000000000
60100  41.360  -30.870  54.755 0.0000000000
61429  27.563  -30.234  54.523 0.0000000000
61431  26.824  -29.720  54.605 0.0000000000
62853  25.183  -29.780  55.532 0.0000000000
62862  40.489  -29.703  53.816 0.0000000000
62871  26.850  -29.473  54.630 0.0000000000
64230  32.196  -28.614  56.590 0.0000000000
64255  27.437  -28.367  55.407 0.0000000000
67007  41.977  -27.081  54.310 0.0000000000
68344  34.379  -25.858  55.990 0.0000000000
68363  41.353  -26.147  54.042 0.0000000000
68378  40.856  -26.196  53.646 0.0000000000
68382  37.370  -25.844  53.544 0.0000000000
69778  35.994  -24.653  54.299 0.0000000000
69786  39.116  -24.641  54.183 0.0000000000
71268  31.866  -23.327  53.124 0.0000000000
71281  32.218  -23.383  53.001 0.0000000000
71282  31.961  -23.333  52.807 0.0000000000
72613  39.094  -22.849  57.008 0.0000000000
72680  36.258  -23.168  52.042 0.0000000000
72681  35.555  -23.222  52.033 0.0000000000
72698  36.672  -22.715  51.333 0.0000000000
72700  34.923  -23.226  51.241 0.0000000000
72722  32.569  -22.360  49.877 0.0000000000
72739  34.316  -22.431  48.528 0.0000000000
72740  32.612  -22.196  49.684 0.0000000000
72741  32.335  -22.043  49.850 0.0000000000
72750  34.215  -22.179  48.234 0.0000000000
74035  35.573  -22.870  53.315 0.0000000000
74051  37.483  -22.481  52.990 0.0000000000
74052  36.982  -22.429  53.379 0.0000000000
74075  35.470  -23.209  52.541 0.0000000000
74093  36.914  -22.187  50.776 0.0000000000
74148  31.463  -21.000  50.008 0.0000000000
74168  33.596  -21.702  48.155 0.0000000000
75399  38.652  -21.634  55.318 0.0000000000
75430  37.405  -21.844  54.217 0.0000000000
75452  37.866  -21.707  53.880 0.0000000000
75453  37.421  -22.106  53.849 0.0000000000
75475  37.376  -22.256  53.602 0.0000000000
75492  38.480  -22.313  52.696 0.0000000000
75493  37.869  -22.488  52.612 0.0000000000
75509  37.791  -22.617  52.073 0.0000000000
75511  30.824  -20.164  51.531 0.0000000000
75540  39.543  -21.864  48.750 0.0000000000
75542  31.557  -20.770  49.877 0.0000000000
75556  33.422  -20.962  47.723 0.0000000000
75579  33.652  -20.724  47.260 0.0000000000
76854  30.728  -19.922  51.544 0.0000000000
76865  30.864  -20.058  51.325 0.0000000000
76878  31.093  -19.794  50.466 0.0000000000
76920  32.407  -19.757  47.684 0.0000000000
78260  39.229  -18.806  47.506 0.0000000000
78275  33.383  -18.603  46.536 0.0000000000
79538  31.774  -17.570  48.929 0.0000000000
79552  39.032  -17.496  47.657 0.0000000000
79576  33.164  -18.307  46.567 0.0000000000
80959  41.421  -16.956  44.976 0.0000000000
82272  39.755  -16.400  44.687 0.0000000000
82288  39.721  -16.332  43.861 0.0000000000
82289  39.112  -15.954  43.527 0.0000000000
82291  37.958  -15.001  43.849 0.0000000000
83568  38.520  -15.979  44.755 0.0000000000
83569  37.905  -15.697  44.921 0.0000000000
83591  38.520  -16.059  44.319 0.0000000000
83613  38.164  -14.586  43.485 0.0000000000
83633  37.166  -13.998  43.460 0.0000000000
84921  35.102  -13.825  45.197 0.0000000000
84938  34.683  -13.317  44.830 0.0000000000
84948  38.174  -13.167  43.353 0.0000000000
86258  42.170  -12.845  42.799 0.0000000000
86269  41.582  -12.694  42.710 0.0000000000
87366  32.940  -11.461  48.965 0.0000000000
87399  33.444  -11.026  46.582 0.0000000000
87419  33.286  -11.592  46.528 0.0000000000
87430  37.424  -9.493  46.229 0.0000000000
87447  35.200  -11.697  44.629 0.0000000000
87462  36.639  -11.543  43.785 0.0000000000
88574  33.134  -10.670  48.246 0.0000000000
88586  35.302  -9.498  47.094 0.0000000000
89928  42.992  -9.236  42.473 0.0000000000
89930  40.657  -10.108  42.407 0.0000000000
91215  42.780  -9.100  42.495 0.0000000000
93769  39.295  -6.149  45.289 0.0000000000
93855  43.919  -5.894  39.670 0.0000000000
93856  43.716  -5.394  39.799 0.0000000000
95124  39.499  -4.888  45.446 0.0000000000
95161  40.697  -5.202  42.648 0.0000000000
96318  39.572  -4.765  44.350 0.0000000000
97536  39.759  -3.899  44.393 0.0000000000
98841  41.053  -2.814  45.489 0.0000000000
98862  40.644  -2.705  44.645 0.0000000000
100212  50.274  -0.880  34.403 0.0000000000
101365  49.440  0.391  34.661 0.0000000000
102482  45.200  0.214  37.644 0.0000000000
102511  49.476  1.102  34.841 0.0000000000
102514  47.136  0.595  35.739 0.0000000000
103674  45.413  1.903  37.468 0.0000000000
103675  45.045  1.706  37.681 0.0000000000
103686  46.271  1.911  36.814 0.0000000000
103697  47.747  1.862  36.150 0.0000000000
103699  46.004  1.360  36.562 0.0000000000
103728  49.877  1.346  34.869 0.0000000000
104903  46.203  2.828  38.200 0.0000000000
104905  45.196  2.074  37.827 0.0000000000
104911  48.133  2.891  36.880 0.0000000000
104924  46.788  2.118  36.638 0.0000000000
104935  50.076  2.386  35.326 0.0000000000
106049  45.797  3.169  40.169 0.0000000000
106053  45.978  3.091  39.473 0.0000000000
106056  47.128  3.676  38.785 0.0000000000
106058  46.134  2.946  39.127 0.0000000000
106076  48.587  3.123  36.814 0.0000000000
107215  46.852  3.848  39.401 0.0000000000
107222  46.893  3.726  39.155 0.0000000000
107232  50.502  4.712  37.748 0.0000000000
