#!ascii label  , from subject 3176 vox2ras=TkReg
345
36145  39.888  -49.834  0.335 0.0000000000
32520  43.768  -52.931  -8.111 0.0000000000
33566  47.586  -51.734  -1.863 0.0000000000
30103  40.548  -54.306  -3.620 0.0000000000
24981  47.201  -58.017  -4.628 0.0000000000
30096  47.757  -54.642  -3.855 0.0000000000
24909  48.542  -58.550  -0.912 0.0000000000
31324  41.984  -53.804  -6.410 0.0000000000
36212  40.381  -49.395  -5.722 0.0000000000
34793  43.477  -50.892  -0.654 0.0000000000
31251  44.185  -53.286  -2.713 0.0000000000
28896  45.092  -56.194  -4.546 0.0000000000
27710  44.288  -56.974  -7.633 0.0000000000
26336  44.185  -58.088  -4.473 0.0000000000
36111  39.443  -49.629  2.514 0.0000000000
34736  43.198  -50.836  2.111 0.0000000000
34749  47.493  -50.486  1.251 0.0000000000
36199  37.671  -49.092  -4.017 0.0000000000
27602  48.672  -56.118  -1.694 0.0000000000
31347  42.759  -53.742  -7.572 0.0000000000
33631  42.491  -51.441  -6.605 0.0000000000
33549  45.953  -51.381  -1.384 0.0000000000
32430  46.101  -52.179  -2.690 0.0000000000
27630  47.639  -56.129  -4.409 0.0000000000
28873  46.403  -55.380  -4.307 0.0000000000
27643  46.095  -56.598  -5.417 0.0000000000
27670  44.771  -57.170  -6.173 0.0000000000
25005  46.357  -58.100  -6.258 0.0000000000
25008  43.449  -58.203  -6.974 0.0000000000
34718  44.784  -50.951  2.941 0.0000000000
34751  45.168  -50.602  1.112 0.0000000000
34733  46.692  -50.653  2.112 0.0000000000
31255  40.230  -53.681  -2.847 0.0000000000
33588  38.996  -51.879  -3.669 0.0000000000
40316  40.174  -46.484  -6.374 0.0000000000
40300  38.932  -46.966  -5.679 0.0000000000
32426  49.460  -52.436  -2.102 0.0000000000
32457  47.761  -52.763  -3.213 0.0000000000
30080  49.136  -54.215  -2.502 0.0000000000
27617  48.527  -56.240  -2.693 0.0000000000
24942  47.861  -58.295  -2.971 0.0000000000
30133  41.557  -54.698  -5.251 0.0000000000
33617  40.163  -51.135  -5.128 0.0000000000
33616  41.175  -51.301  -5.810 0.0000000000
37621  41.248  -48.497  -6.333 0.0000000000
33681  45.169  -52.226  -8.620 0.0000000000
34794  42.191  -50.745  -0.285 0.0000000000
32434  41.776  -53.125  -1.937 0.0000000000
30082  42.480  -54.501  -2.523 0.0000000000
31272  46.363  -53.686  -3.561 0.0000000000
30099  44.852  -54.745  -3.509 0.0000000000
28876  42.977  -55.844  -3.869 0.0000000000
27647  42.647  -55.938  -5.355 0.0000000000
28945  42.635  -55.776  -6.624 0.0000000000
28969  43.194  -55.443  -8.312 0.0000000000
24964  46.107  -58.355  -4.491 0.0000000000
25027  44.716  -58.220  -8.017 0.0000000000
26429  44.228  -57.700  -9.148 0.0000000000
31387  44.268  -54.289  -9.583 0.0000000000
37521  38.120  -48.896  1.899 0.0000000000
36122  39.072  -49.317  1.585 0.0000000000
34738  41.205  -50.276  2.379 0.0000000000
34771  41.889  -50.479  0.623 0.0000000000
34770  43.011  -50.626  0.325 0.0000000000
34791  45.673  -50.971  -0.352 0.0000000000
34810  47.346  -50.996  -0.634 0.0000000000
34764  49.436  -50.844  0.407 0.0000000000
34807  48.967  -51.349  -1.022 0.0000000000
36197  38.999  -49.421  -4.675 0.0000000000
36134  38.745  -49.258  0.326 0.0000000000
36147  38.490  -49.318  -0.325 0.0000000000
36146  39.151  -49.633  -0.018 0.0000000000
33630  43.402  -51.225  -7.027 0.0000000000
33568  45.580  -51.698  -2.069 0.0000000000
33567  46.554  -51.730  -1.921 0.0000000000
26333  47.594  -57.475  -4.334 0.0000000000
28920  47.159  -56.427  -5.062 0.0000000000
26359  47.124  -57.488  -5.040 0.0000000000
27691  46.204  -57.336  -6.195 0.0000000000
24982  46.735  -58.209  -5.276 0.0000000000
26364  42.255  -57.686  -5.733 0.0000000000
34717  45.910  -50.951  2.918 0.0000000000
30084  40.869  -54.536  -2.928 0.0000000000
31256  39.593  -53.106  -2.890 0.0000000000
31294  39.813  -53.324  -4.172 0.0000000000
41714  39.617  -45.481  -6.685 0.0000000000
30079  49.404  -53.876  -2.223 0.0000000000
28843  49.248  -54.323  -1.988 0.0000000000
26285  48.572  -57.515  -1.083 0.0000000000
26297  48.448  -57.241  -2.021 0.0000000000
26312  48.341  -57.365  -3.134 0.0000000000
24941  48.403  -58.037  -2.331 0.0000000000
31307  41.819  -54.022  -5.860 0.0000000000
32486  41.159  -52.580  -5.694 0.0000000000
31325  41.581  -53.004  -6.265 0.0000000000
34883  42.035  -50.519  -6.271 0.0000000000
37620  42.158  -48.566  -6.594 0.0000000000
38986  41.697  -47.625  -6.524 0.0000000000
34813  41.462  -50.802  -0.989 0.0000000000
34811  43.139  -51.200  -1.128 0.0000000000
31253  42.293  -53.960  -1.962 0.0000000000
31252  43.243  -53.793  -2.493 0.0000000000
31271  47.348  -53.603  -3.649 0.0000000000
30097  46.886  -54.501  -3.987 0.0000000000
28874  45.446  -55.504  -4.091 0.0000000000
30098  45.932  -54.615  -3.756 0.0000000000
28875  44.297  -55.872  -3.849 0.0000000000
30100  43.550  -54.777  -2.941 0.0000000000
28897  42.870  -56.085  -4.457 0.0000000000
27631  43.561  -56.254  -4.334 0.0000000000
27693  44.654  -57.129  -7.087 0.0000000000
27695  43.159  -56.409  -6.789 0.0000000000
27711  43.584  -56.547  -7.600 0.0000000000
28970  42.925  -55.761  -7.784 0.0000000000
27728  43.421  -56.295  -8.033 0.0000000000
22198  43.027  -60.362  -2.176 0.0000000000
26317  43.620  -57.856  -3.628 0.0000000000
24946  43.593  -58.073  -2.762 0.0000000000
26299  44.117  -57.962  -3.037 0.0000000000
24965  45.018  -58.428  -4.799 0.0000000000
24984  44.825  -58.606  -5.979 0.0000000000
25043  43.388  -58.367  -8.706 0.0000000000
25042  44.006  -58.389  -8.793 0.0000000000
26430  43.822  -57.611  -9.393 0.0000000000
27738  43.794  -56.742  -9.415 0.0000000000
29003  44.051  -55.539  -10.003 0.0000000000
36113  37.577  -49.126  2.619 0.0000000000
36112  38.282  -49.277  2.379 0.0000000000
34720  42.585  -50.727  3.079 0.0000000000
34721  41.402  -50.464  3.135 0.0000000000
34737  42.136  -50.425  2.313 0.0000000000
34754  41.614  -50.329  1.559 0.0000000000
34753  42.617  -50.595  1.320 0.0000000000
34752  43.902  -50.575  1.001 0.0000000000
34750  46.316  -50.498  1.181 0.0000000000
34768  44.911  -50.722  0.242 0.0000000000
34767  45.972  -50.596  0.287 0.0000000000
34790  46.712  -50.955  -0.403 0.0000000000
34766  47.072  -50.602  0.353 0.0000000000
33513  49.554  -51.716  1.158 0.0000000000
33521  49.769  -51.352  0.689 0.0000000000
34787  49.102  -51.231  -0.532 0.0000000000
34868  39.943  -50.201  -5.308 0.0000000000
33618  39.717  -50.676  -4.869 0.0000000000
36213  39.601  -49.362  -5.233 0.0000000000
40301  38.205  -46.342  -5.380 0.0000000000
32501  42.348  -52.665  -6.816 0.0000000000
33542  44.466  -51.229  -0.982 0.0000000000
33551  43.772  -51.437  -1.383 0.0000000000
33550  44.921  -51.484  -1.606 0.0000000000
32431  44.949  -52.377  -2.410 0.0000000000
28872  47.701  -55.620  -4.101 0.0000000000
30119  47.149  -55.314  -4.405 0.0000000000
28893  47.340  -55.930  -4.782 0.0000000000
28894  46.703  -56.116  -4.993 0.0000000000
28895  45.912  -56.136  -4.735 0.0000000000
27645  44.279  -56.522  -4.971 0.0000000000
27644  45.353  -56.625  -5.335 0.0000000000
26362  45.477  -57.324  -6.506 0.0000000000
26387  45.191  -57.359  -7.015 0.0000000000
24985  43.772  -58.311  -5.988 0.0000000000
24986  42.969  -58.152  -6.204 0.0000000000
25029  43.020  -58.072  -7.760 0.0000000000
34735  44.376  -50.948  2.013 0.0000000000
34734  45.538  -50.785  2.055 0.0000000000
33589  38.561  -51.147  -3.518 0.0000000000
33607  38.633  -50.774  -4.113 0.0000000000
38987  40.583  -47.608  -6.121 0.0000000000
38970  39.967  -47.678  -5.667 0.0000000000
40299  39.766  -47.109  -5.830 0.0000000000
40317  39.297  -46.374  -6.157 0.0000000000
33565  48.524  -51.754  -1.897 0.0000000000
32429  47.152  -52.180  -2.636 0.0000000000
32456  48.642  -52.763  -2.951 0.0000000000
31270  48.272  -53.526  -3.375 0.0000000000
30095  48.676  -54.222  -3.018 0.0000000000
28862  48.858  -54.924  -2.332 0.0000000000
28871  48.227  -55.330  -3.295 0.0000000000
27629  48.057  -56.451  -3.876 0.0000000000
26332  48.144  -57.253  -3.986 0.0000000000
30120  41.146  -54.596  -4.664 0.0000000000
32473  40.069  -52.868  -4.683 0.0000000000
31309  40.651  -53.098  -5.188 0.0000000000
32487  40.557  -52.161  -5.139 0.0000000000
34867  40.623  -50.354  -5.726 0.0000000000
33632  41.853  -51.319  -6.232 0.0000000000
34866  41.270  -50.286  -6.063 0.0000000000
36232  40.909  -49.143  -6.187 0.0000000000
40315  41.148  -46.522  -6.753 0.0000000000
32519  44.499  -52.638  -8.491 0.0000000000
34795  40.929  -50.118  -0.129 0.0000000000
34796  39.688  -50.167  -0.412 0.0000000000
31254  41.300  -54.163  -2.195 0.0000000000
30083  41.653  -54.687  -2.745 0.0000000000
32460  44.911  -53.202  -3.042 0.0000000000
31273  45.391  -53.841  -3.331 0.0000000000
31274  44.469  -53.954  -3.034 0.0000000000
30101  42.303  -55.116  -3.236 0.0000000000
30102  41.216  -55.001  -3.672 0.0000000000
28878  41.467  -55.109  -4.308 0.0000000000
28923  41.908  -55.176  -5.346 0.0000000000
28922  42.341  -55.460  -5.818 0.0000000000
27671  43.690  -56.605  -5.929 0.0000000000
27672  42.852  -56.168  -5.897 0.0000000000
30151  42.419  -54.835  -6.820 0.0000000000
30177  42.801  -54.763  -7.641 0.0000000000
31346  43.418  -53.773  -8.302 0.0000000000
24923  47.302  -59.050  -2.234 0.0000000000
23553  43.140  -59.352  -1.964 0.0000000000
24944  46.165  -58.307  -3.477 0.0000000000
26334  46.503  -58.395  -4.245 0.0000000000
24983  45.873  -58.607  -5.718 0.0000000000
25006  45.412  -58.276  -6.875 0.0000000000
26404  45.096  -57.778  -7.633 0.0000000000
25007  44.393  -58.367  -7.019 0.0000000000
27726  44.513  -57.371  -8.125 0.0000000000
28991  43.391  -55.800  -8.816 0.0000000000
30198  43.868  -54.821  -9.330 0.0000000000
31365  44.057  -53.760  -9.037 0.0000000000
31364  44.575  -53.584  -9.378 0.0000000000
38892  37.221  -48.069  1.654 0.0000000000
37522  37.415  -48.599  2.171 0.0000000000
37530  37.631  -48.359  1.550 0.0000000000
37529  38.268  -48.675  1.317 0.0000000000
37528  38.820  -49.085  1.111 0.0000000000
36132  39.900  -49.644  1.069 0.0000000000
33500  41.029  -51.031  3.541 0.0000000000
36110  40.352  -49.858  2.584 0.0000000000
34756  40.491  -49.973  2.124 0.0000000000
36131  40.480  -49.884  1.298 0.0000000000
36144  40.463  -49.906  0.681 0.0000000000
34769  44.005  -50.578  0.036 0.0000000000
34792  44.672  -50.946  -0.449 0.0000000000
33541  45.360  -51.262  -0.893 0.0000000000
33540  46.249  -51.195  -0.776 0.0000000000
33548  47.013  -51.213  -1.083 0.0000000000
34788  48.598  -50.861  -0.323 0.0000000000
34808  48.641  -51.149  -0.865 0.0000000000
33547  48.123  -51.270  -1.330 0.0000000000
33605  39.858  -52.001  -4.689 0.0000000000
33606  39.229  -51.206  -4.397 0.0000000000
37591  38.626  -48.824  -4.582 0.0000000000
38971  39.354  -47.729  -5.464 0.0000000000
38972  38.379  -47.640  -4.901 0.0000000000
22187  43.319  -59.912  -1.881 0.0000000000
22197  43.637  -60.731  -2.029 0.0000000000
23543  43.566  -59.706  -1.824 0.0000000000
23552  43.650  -58.829  -1.940 0.0000000000
24921  48.520  -58.182  -1.526 0.0000000000
24926  44.200  -58.441  -2.294 0.0000000000
24927  43.282  -58.502  -2.288 0.0000000000
24966  44.262  -58.398  -5.237 0.0000000000
25009  42.626  -57.878  -6.763 0.0000000000
25026  45.219  -58.114  -7.489 0.0000000000
25028  43.856  -58.262  -7.967 0.0000000000
25041  44.313  -58.155  -8.936 0.0000000000
25053  44.113  -58.010  -9.268 0.0000000000
25054  43.898  -58.194  -9.250 0.0000000000
25055  43.651  -58.351  -9.125 0.0000000000
26313  47.944  -57.752  -3.719 0.0000000000
26315  46.335  -58.311  -4.089 0.0000000000
26316  44.487  -58.048  -3.780 0.0000000000
26335  46.276  -58.373  -4.324 0.0000000000
26360  46.716  -57.551  -5.719 0.0000000000
26361  45.699  -57.357  -6.420 0.0000000000
26363  42.999  -57.858  -5.537 0.0000000000
26385  46.368  -57.529  -6.174 0.0000000000
26386  45.758  -57.621  -6.606 0.0000000000
26403  45.398  -57.958  -7.213 0.0000000000
26418  44.570  -57.834  -8.518 0.0000000000
26431  43.237  -57.830  -9.340 0.0000000000
27632  43.122  -56.204  -4.355 0.0000000000
27641  47.905  -56.976  -4.298 0.0000000000
27642  47.443  -56.692  -4.656 0.0000000000
27646  43.132  -56.322  -4.966 0.0000000000
27667  47.015  -56.883  -5.330 0.0000000000
27668  46.478  -56.963  -5.759 0.0000000000
27669  45.761  -57.158  -6.065 0.0000000000
27692  46.023  -57.193  -6.187 0.0000000000
27694  43.965  -56.949  -6.868 0.0000000000
27709  44.773  -57.354  -7.524 0.0000000000
27727  43.894  -56.674  -8.397 0.0000000000
27737  44.276  -57.332  -8.800 0.0000000000
28844  48.812  -54.790  -1.804 0.0000000000
28861  49.202  -54.326  -2.234 0.0000000000
28877  42.035  -55.301  -4.110 0.0000000000
28898  42.441  -55.675  -4.822 0.0000000000
28899  41.707  -55.156  -4.769 0.0000000000
28921  46.984  -56.427  -5.254 0.0000000000
28992  43.357  -56.164  -8.287 0.0000000000
30061  42.173  -54.516  -2.383 0.0000000000
30062  41.947  -54.580  -2.455 0.0000000000
30081  43.095  -54.355  -2.632 0.0000000000
30094  49.218  -53.776  -2.669 0.0000000000
30118  47.470  -55.371  -4.292 0.0000000000
30121  40.766  -54.561  -4.137 0.0000000000
30132  41.936  -54.526  -5.836 0.0000000000
30176  43.273  -54.733  -8.362 0.0000000000
31232  41.974  -54.437  -2.234 0.0000000000
31233  41.699  -54.492  -2.394 0.0000000000
31250  49.464  -53.239  -2.433 0.0000000000
31269  49.039  -53.365  -2.963 0.0000000000
31275  43.854  -53.925  -2.819 0.0000000000
31276  40.122  -53.719  -3.731 0.0000000000
31277  39.586  -53.249  -3.500 0.0000000000
31292  40.960  -54.130  -4.943 0.0000000000
31293  40.580  -53.843  -4.532 0.0000000000
31308  41.291  -53.853  -5.509 0.0000000000
32427  48.971  -52.241  -2.379 0.0000000000
32428  48.137  -52.187  -2.547 0.0000000000
32455  49.234  -52.779  -2.619 0.0000000000
32458  46.745  -52.788  -3.308 0.0000000000
32461  39.211  -52.531  -3.140 0.0000000000
32462  38.766  -51.860  -3.061 0.0000000000
32474  39.357  -52.532  -4.129 0.0000000000
32502  41.708  -52.053  -6.299 0.0000000000
32521  43.092  -52.650  -7.401 0.0000000000
32540  44.726  -53.059  -9.206 0.0000000000
32541  44.277  -53.103  -8.693 0.0000000000
33539  46.657  -51.119  -0.726 0.0000000000
33545  49.331  -51.777  -1.190 0.0000000000
33546  48.853  -51.489  -1.349 0.0000000000
34739  40.714  -50.107  2.310 0.0000000000
34755  40.744  -50.130  1.743 0.0000000000
34772  41.053  -50.069  0.941 0.0000000000
34789  47.671  -50.820  -0.271 0.0000000000
34809  47.933  -50.970  -0.769 0.0000000000
34812  42.494  -51.097  -0.981 0.0000000000
34854  39.412  -50.178  -4.775 0.0000000000
34855  38.759  -50.250  -4.407 0.0000000000
36099  41.025  -50.229  2.852 0.0000000000
36109  40.804  -50.110  2.673 0.0000000000
36120  40.466  -49.923  1.613 0.0000000000
36121  40.144  -49.762  1.819 0.0000000000
36123  38.465  -49.014  1.792 0.0000000000
36133  39.205  -49.363  0.738 0.0000000000
36198  38.275  -49.451  -4.273 0.0000000000
36211  40.937  -49.735  -6.058 0.0000000000
36231  41.578  -49.465  -6.360 0.0000000000
37604  39.974  -48.398  -5.563 0.0000000000
37605  39.099  -48.522  -4.994 0.0000000000
37606  38.586  -48.336  -4.663 0.0000000000
37622  40.641  -48.598  -5.958 0.0000000000
40318  38.782  -46.335  -5.834 0.0000000000
41712  40.974  -45.940  -6.835 0.0000000000
