#!ascii label  , from subject 3541 vox2ras=TkReg
514
110332  -30.332  -5.572  -6.131 0.0000000000
103560  -27.666  -10.826  -3.193 0.0000000000
104703  -34.121  -10.407  -3.782 0.0000000000
99357  -30.825  -15.520  -2.782 0.0000000000
124019  -25.284  6.574  -6.018 0.0000000000
121814  -27.950  4.533  -8.715 0.0000000000
114824  -24.078  -1.820  -3.588 0.0000000000
94817  -27.536  -19.423  -0.410 0.0000000000
101433  -28.934  -13.075  -3.296 0.0000000000
99339  -26.815  -15.429  -1.901 0.0000000000
122906  -26.643  5.661  -7.505 0.0000000000
118323  -23.348  2.395  -2.826 0.0000000000
110287  -26.473  -5.753  -3.494 0.0000000000
112524  -24.082  -4.486  -2.825 0.0000000000
113699  -27.104  -3.198  -4.773 0.0000000000
116068  -28.621  -0.518  -7.078 0.0000000000
112623  -30.971  -2.338  -7.955 0.0000000000
110337  -33.251  -4.908  -6.286 0.0000000000
106919  -26.021  -8.575  -2.649 0.0000000000
106956  -29.382  -8.299  -4.689 0.0000000000
108059  -32.262  -7.630  -5.652 0.0000000000
103577  -30.568  -10.927  -4.466 0.0000000000
101456  -32.590  -13.146  -3.553 0.0000000000
99360  -34.097  -16.068  -2.576 0.0000000000
115973  -20.900  -0.412  -2.493 0.0000000000
117210  -26.205  1.280  -5.169 0.0000000000
119620  -29.562  2.474  -9.095 0.0000000000
98168  -26.085  -16.716  -0.698 0.0000000000
97098  -28.946  -17.572  -1.595 0.0000000000
100385  -26.536  -14.066  -2.371 0.0000000000
100372  -25.145  -14.601  -1.438 0.0000000000
119529  -22.941  3.021  -2.656 0.0000000000
118309  -20.272  1.874  -1.768 0.0000000000
110302  -28.591  -5.822  -4.908 0.0000000000
111442  -27.287  -4.682  -4.394 0.0000000000
112581  -28.522  -4.017  -5.490 0.0000000000
113732  -29.881  -2.965  -6.962 0.0000000000
112600  -30.957  -3.936  -6.880 0.0000000000
111491  -32.382  -3.731  -7.006 0.0000000000
110335  -32.065  -5.483  -6.224 0.0000000000
105805  -26.407  -9.563  -2.726 0.0000000000
106939  -27.235  -8.509  -3.369 0.0000000000
105821  -28.142  -9.333  -3.701 0.0000000000
105823  -29.846  -9.758  -4.570 0.0000000000
103562  -29.290  -11.018  -3.938 0.0000000000
100388  -29.438  -14.331  -3.063 0.0000000000
101434  -30.104  -13.586  -3.503 0.0000000000
100390  -31.457  -14.758  -3.120 0.0000000000
101437  -32.904  -13.964  -3.114 0.0000000000
99358  -31.826  -15.719  -2.657 0.0000000000
123988  -24.298  6.621  -4.148 0.0000000000
125144  -24.466  7.507  -4.276 0.0000000000
125161  -25.548  7.730  -6.117 0.0000000000
128071  -27.480  10.326  -8.134 0.0000000000
127186  -28.639  9.359  -9.213 0.0000000000
122907  -27.046  5.152  -7.878 0.0000000000
113680  -24.505  -2.635  -3.537 0.0000000000
112541  -20.749  -2.674  -2.677 0.0000000000
114821  -21.813  -1.081  -2.847 0.0000000000
117181  -23.452  0.615  -3.396 0.0000000000
116009  -24.522  -0.263  -3.918 0.0000000000
170340  -29.932  -0.997  -9.172 0.0000000000
118402  -28.877  1.138  -8.052 0.0000000000
117282  -30.259  0.979  -9.075 0.0000000000
105840  -33.519  -9.246  -4.950 0.0000000000
108043  -34.366  -7.690  -4.951 0.0000000000
94816  -26.919  -18.823  -0.365 0.0000000000
95947  -27.377  -18.203  -0.757 0.0000000000
97096  -27.385  -17.176  -1.150 0.0000000000
95966  -28.286  -18.038  -1.151 0.0000000000
102476  -26.944  -12.368  -2.650 0.0000000000
102477  -27.880  -12.234  -3.124 0.0000000000
101432  -27.704  -13.249  -2.841 0.0000000000
100386  -27.356  -14.216  -2.501 0.0000000000
98203  -28.330  -15.797  -2.275 0.0000000000
122858  -23.947  5.755  -3.716 0.0000000000
124029  -26.169  6.617  -7.185 0.0000000000
121753  -24.356  4.797  -4.003 0.0000000000
120689  -24.635  3.904  -4.104 0.0000000000
119549  -25.462  3.046  -4.790 0.0000000000
110268  -24.894  -6.070  -2.784 0.0000000000
111423  -25.826  -4.925  -3.444 0.0000000000
112567  -25.951  -3.190  -4.023 0.0000000000
113698  -26.559  -2.495  -4.559 0.0000000000
114858  -26.613  -1.301  -4.867 0.0000000000
113730  -28.325  -1.909  -6.079 0.0000000000
114900  -29.873  -1.544  -8.163 0.0000000000
114919  -31.078  -1.428  -8.553 0.0000000000
113768  -32.294  -2.161  -7.551 0.0000000000
92433  -28.226  -21.081  -0.297 0.0000000000
94819  -29.131  -19.666  -0.774 0.0000000000
108021  -26.047  -7.582  -2.904 0.0000000000
108040  -27.767  -7.075  -3.889 0.0000000000
108055  -29.380  -6.798  -5.162 0.0000000000
108069  -31.429  -6.806  -5.835 0.0000000000
106967  -31.152  -8.172  -5.451 0.0000000000
105838  -31.806  -9.421  -5.239 0.0000000000
103580  -32.690  -10.458  -4.629 0.0000000000
102491  -29.630  -11.862  -3.887 0.0000000000
102493  -31.454  -12.087  -4.203 0.0000000000
103567  -33.615  -11.404  -3.691 0.0000000000
102479  -33.992  -12.684  -2.850 0.0000000000
100394  -35.622  -14.787  -2.801 0.0000000000
126250  -29.096  8.338  -9.289 0.0000000000
118320  -20.864  1.158  -2.130 0.0000000000
118330  -24.651  1.877  -3.814 0.0000000000
119578  -27.176  2.775  -6.861 0.0000000000
117229  -27.305  0.778  -6.184 0.0000000000
119579  -27.783  1.825  -7.186 0.0000000000
119618  -28.432  3.071  -8.440 0.0000000000
110320  -33.187  -6.100  -5.895 0.0000000000
110304  -34.956  -6.225  -4.542 0.0000000000
99326  -25.383  -15.790  -0.804 0.0000000000
98184  -26.613  -16.373  -1.225 0.0000000000
98185  -27.641  -16.334  -1.773 0.0000000000
98187  -29.569  -16.905  -2.021 0.0000000000
95968  -30.296  -18.795  -1.471 0.0000000000
97100  -30.852  -17.946  -1.676 0.0000000000
98206  -31.144  -16.409  -2.272 0.0000000000
118308  -19.007  1.894  -1.519 0.0000000000
110319  -29.752  -5.588  -5.846 0.0000000000
111457  -28.687  -4.911  -5.296 0.0000000000
111459  -29.880  -4.885  -6.217 0.0000000000
112583  -30.069  -4.340  -6.473 0.0000000000
111475  -30.459  -4.791  -6.417 0.0000000000
111477  -31.702  -4.664  -6.557 0.0000000000
110334  -31.453  -5.474  -6.249 0.0000000000
104686  -26.066  -10.500  -2.456 0.0000000000
104687  -27.056  -10.300  -2.947 0.0000000000
105806  -27.232  -9.478  -3.171 0.0000000000
104699  -27.862  -10.168  -3.403 0.0000000000
104700  -28.748  -10.162  -3.882 0.0000000000
103561  -28.387  -10.912  -3.510 0.0000000000
99356  -29.842  -15.324  -2.797 0.0000000000
100389  -30.466  -14.580  -3.170 0.0000000000
124006  -24.866  6.601  -5.449 0.0000000000
123989  -24.594  6.867  -4.839 0.0000000000
125179  -25.482  7.119  -6.232 0.0000000000
126227  -26.043  8.430  -7.081 0.0000000000
126241  -27.356  8.402  -8.125 0.0000000000
125187  -26.228  7.556  -7.457 0.0000000000
121813  -27.419  4.604  -8.095 0.0000000000
124048  -28.598  5.740  -9.287 0.0000000000
122924  -28.777  5.072  -9.518 0.0000000000
121834  -28.539  4.467  -9.240 0.0000000000
113679  -23.500  -2.539  -3.397 0.0000000000
113678  -22.584  -2.291  -3.186 0.0000000000
113660  -21.181  -1.892  -2.726 0.0000000000
114823  -23.383  -1.386  -3.391 0.0000000000
115995  -23.795  -0.288  -3.561 0.0000000000
114838  -24.148  -1.044  -3.629 0.0000000000
116101  -30.934  -0.565  -8.750 0.0000000000
116100  -30.285  -0.113  -8.897 0.0000000000
105841  -34.018  -9.531  -4.433 0.0000000000
106960  -34.165  -8.709  -4.727 0.0000000000
105825  -35.150  -9.554  -3.358 0.0000000000
94796  -26.594  -19.351  0.060 0.0000000000
95948  -28.260  -18.866  -0.818 0.0000000000
102475  -26.034  -12.526  -2.292 0.0000000000
101431  -26.742  -13.328  -2.515 0.0000000000
100374  -26.789  -14.663  -2.246 0.0000000000
99353  -27.307  -14.981  -2.279 0.0000000000
99354  -27.988  -14.975  -2.437 0.0000000000
99340  -27.614  -15.520  -2.157 0.0000000000
121752  -23.566  4.890  -3.284 0.0000000000
119535  -23.605  3.008  -3.148 0.0000000000
120701  -25.445  3.969  -5.233 0.0000000000
119548  -24.978  2.981  -4.182 0.0000000000
110269  -25.733  -6.219  -3.067 0.0000000000
112569  -27.544  -3.850  -4.879 0.0000000000
112568  -26.510  -3.824  -4.233 0.0000000000
113714  -27.091  -1.929  -5.001 0.0000000000
113715  -27.817  -2.591  -5.439 0.0000000000
113746  -30.711  -2.727  -7.587 0.0000000000
113745  -30.135  -2.358  -7.604 0.0000000000
113753  -30.061  -1.686  -8.792 0.0000000000
113764  -29.292  -2.340  -9.832 0.0000000000
112651  -31.178  -2.158  -8.551 0.0000000000
114913  -31.799  -1.852  -7.935 0.0000000000
112638  -31.868  -2.306  -7.716 0.0000000000
111480  -33.516  -4.183  -6.441 0.0000000000
111493  -33.244  -3.567  -6.984 0.0000000000
111460  -34.177  -4.537  -5.730 0.0000000000
91308  -28.684  -21.928  -0.354 0.0000000000
108007  -25.034  -7.767  -2.430 0.0000000000
106940  -28.458  -8.401  -4.090 0.0000000000
108023  -27.858  -7.736  -3.849 0.0000000000
108041  -28.770  -7.247  -4.629 0.0000000000
108042  -29.601  -7.773  -4.996 0.0000000000
108056  -29.963  -7.247  -5.340 0.0000000000
106957  -30.229  -8.262  -5.155 0.0000000000
104712  -30.195  -10.188  -4.602 0.0000000000
105837  -31.321  -9.164  -5.212 0.0000000000
104713  -30.927  -10.106  -4.881 0.0000000000
104715  -32.490  -9.879  -5.025 0.0000000000
103579  -32.198  -10.642  -4.668 0.0000000000
102490  -28.775  -11.853  -3.502 0.0000000000
101452  -29.314  -12.369  -3.596 0.0000000000
101455  -31.744  -13.070  -3.876 0.0000000000
101454  -30.808  -12.890  -3.939 0.0000000000
102494  -32.319  -12.220  -3.983 0.0000000000
102495  -33.237  -12.361  -3.507 0.0000000000
102496  -33.784  -12.025  -3.308 0.0000000000
102478  -33.499  -12.978  -3.030 0.0000000000
100392  -33.432  -14.891  -2.761 0.0000000000
100393  -34.528  -14.906  -2.626 0.0000000000
122898  -25.931  5.772  -6.541 0.0000000000
125195  -27.647  7.426  -8.399 0.0000000000
124038  -27.018  6.587  -8.157 0.0000000000
115971  -19.199  -0.692  -1.950 0.0000000000
117162  -19.566  0.108  -2.012 0.0000000000
117164  -21.213  0.574  -2.471 0.0000000000
117196  -24.908  0.808  -4.222 0.0000000000
118344  -25.305  1.958  -4.405 0.0000000000
118345  -25.836  2.073  -4.985 0.0000000000
118360  -26.352  2.068  -5.532 0.0000000000
116028  -27.344  -0.646  -5.727 0.0000000000
116027  -26.736  -0.331  -5.370 0.0000000000
116067  -28.139  -0.072  -6.735 0.0000000000
118419  -29.704  1.618  -8.998 0.0000000000
118401  -28.319  1.165  -7.511 0.0000000000
119601  -28.832  1.764  -8.323 0.0000000000
119600  -28.090  2.505  -7.871 0.0000000000
120753  -29.136  2.983  -9.029 0.0000000000
120775  -30.113  3.457  -9.219 0.0000000000
109182  -32.329  -6.322  -5.925 0.0000000000
108060  -32.951  -7.508  -5.675 0.0000000000
109152  -34.717  -6.755  -4.867 0.0000000000
97078  -25.868  -17.283  -0.271 0.0000000000
98167  -25.397  -16.467  -0.373 0.0000000000
98183  -25.867  -16.159  -0.907 0.0000000000
97097  -28.115  -17.253  -1.487 0.0000000000
98186  -28.629  -16.684  -2.001 0.0000000000
94832  -29.881  -19.664  -1.159 0.0000000000
98189  -31.303  -17.233  -1.929 0.0000000000
101424  -25.900  -13.487  -2.261 0.0000000000
101423  -25.177  -13.677  -1.760 0.0000000000
100373  -25.970  -14.532  -2.033 0.0000000000
120666  -22.276  4.056  -2.481 0.0000000000
119527  -21.189  3.108  -1.948 0.0000000000
119528  -22.062  2.954  -2.297 0.0000000000
118321  -21.446  1.807  -2.222 0.0000000000
110301  -27.901  -5.565  -4.506 0.0000000000
110300  -27.144  -5.325  -3.984 0.0000000000
111443  -28.065  -4.733  -4.928 0.0000000000
113716  -28.801  -3.231  -5.875 0.0000000000
112582  -29.505  -3.857  -6.231 0.0000000000
112599  -30.404  -3.641  -6.849 0.0000000000
112612  -31.120  -3.213  -7.363 0.0000000000
111510  -31.809  -2.804  -7.566 0.0000000000
111490  -31.826  -3.810  -7.006 0.0000000000
111478  -32.299  -4.587  -6.565 0.0000000000
105804  -25.388  -9.545  -2.260 0.0000000000
106920  -26.733  -9.021  -2.935 0.0000000000
106938  -26.552  -8.041  -3.100 0.0000000000
105835  -29.825  -8.797  -4.807 0.0000000000
105822  -29.296  -9.287  -4.371 0.0000000000
104701  -29.545  -10.209  -4.309 0.0000000000
103576  -29.913  -10.750  -4.337 0.0000000000
101435  -31.110  -13.824  -3.519 0.0000000000
101436  -32.045  -13.942  -3.368 0.0000000000
100391  -32.434  -14.865  -2.963 0.0000000000
99359  -32.903  -15.898  -2.533 0.0000000000
122850  -21.886  6.374  -2.062 0.0000000000
125145  -24.747  7.445  -4.994 0.0000000000
128087  -29.275  10.475  -9.737 0.0000000000
124039  -28.007  6.328  -8.789 0.0000000000
122915  -27.291  5.518  -8.332 0.0000000000
112520  -20.571  -2.946  -2.602 0.0000000000
114819  -20.324  -2.142  -2.488 0.0000000000
114802  -20.732  -1.560  -2.549 0.0000000000
114803  -21.310  -0.989  -2.653 0.0000000000
115974  -21.607  -0.258  -2.746 0.0000000000
115993  -22.291  -0.283  -3.041 0.0000000000
117197  -25.701  0.849  -4.731 0.0000000000
170346  -29.557  -0.462  -8.212 0.0000000000
117248  -29.075  -0.004  -7.784 0.0000000000
170343  -29.530  -0.110  -8.371 0.0000000000
170345  -30.068  0.958  -9.160 0.0000000000
118434  -30.026  1.755  -9.207 0.0000000000
106970  -33.322  -8.394  -5.371 0.0000000000
108061  -33.679  -7.574  -5.486 0.0000000000
106971  -33.836  -8.229  -5.183 0.0000000000
108024  -34.556  -8.220  -4.580 0.0000000000
95946  -26.250  -18.235  -0.150 0.0000000000
97079  -26.615  -17.324  -0.698 0.0000000000
95965  -27.798  -17.666  -1.134 0.0000000000
103547  -26.152  -11.558  -2.332 0.0000000000
103548  -27.104  -11.314  -2.843 0.0000000000
103549  -27.953  -11.435  -3.252 0.0000000000
100387  -28.392  -14.172  -2.794 0.0000000000
99355  -28.876  -15.121  -2.654 0.0000000000
122857  -23.023  5.979  -2.821 0.0000000000
122885  -24.812  6.041  -5.315 0.0000000000
124020  -25.685  6.597  -6.506 0.0000000000
122871  -24.651  5.617  -4.777 0.0000000000
122886  -25.266  5.718  -5.723 0.0000000000
122887  -25.687  5.407  -6.102 0.0000000000
120674  -23.168  3.974  -2.990 0.0000000000
121767  -24.843  4.668  -4.659 0.0000000000
121779  -25.404  4.802  -5.480 0.0000000000
121798  -26.483  4.888  -6.900 0.0000000000
120714  -26.460  4.005  -6.499 0.0000000000
120731  -26.973  3.958  -7.140 0.0000000000
112525  -24.599  -4.743  -3.032 0.0000000000
111424  -26.572  -4.794  -3.832 0.0000000000
112546  -25.198  -3.932  -3.464 0.0000000000
113697  -25.527  -2.497  -3.876 0.0000000000
114839  -24.878  -1.416  -3.821 0.0000000000
114840  -25.832  -1.394  -4.365 0.0000000000
114859  -27.240  -1.357  -5.364 0.0000000000
114876  -28.428  -1.214  -6.527 0.0000000000
113731  -29.148  -2.482  -6.600 0.0000000000
113744  -29.560  -1.874  -7.402 0.0000000000
114889  -29.169  -1.342  -7.168 0.0000000000
113774  -29.408  -1.664  -9.475 0.0000000000
114917  -30.250  -1.541  -10.125 0.0000000000
116102  -31.322  -0.871  -8.491 0.0000000000
114901  -32.107  -1.261  -7.761 0.0000000000
114891  -32.492  -1.392  -7.440 0.0000000000
112625  -32.318  -2.738  -7.441 0.0000000000
104688  -34.686  -11.025  -3.089 0.0000000000
93594  -27.569  -20.343  -0.116 0.0000000000
93610  -28.110  -20.177  -0.379 0.0000000000
94818  -28.432  -19.620  -0.600 0.0000000000
109120  -25.369  -6.907  -2.815 0.0000000000
109132  -26.300  -6.746  -3.192 0.0000000000
108022  -26.992  -7.463  -3.394 0.0000000000
109133  -27.149  -6.554  -3.637 0.0000000000
109150  -28.442  -6.279  -4.659 0.0000000000
109167  -29.013  -6.346  -5.043 0.0000000000
109178  -30.194  -6.113  -5.878 0.0000000000
109180  -31.224  -6.194  -6.020 0.0000000000
109169  -30.337  -6.634  -5.701 0.0000000000
108057  -30.890  -7.145  -5.713 0.0000000000
106968  -31.896  -8.232  -5.537 0.0000000000
106958  -30.790  -8.723  -5.203 0.0000000000
105847  -31.623  -8.631  -5.406 0.0000000000
106969  -32.586  -8.426  -5.483 0.0000000000
105849  -32.575  -9.196  -5.274 0.0000000000
105839  -32.978  -9.510  -5.088 0.0000000000
104716  -33.232  -10.181  -4.590 0.0000000000
103563  -29.979  -11.311  -4.220 0.0000000000
101453  -29.895  -12.625  -3.742 0.0000000000
102492  -30.556  -11.847  -4.202 0.0000000000
102507  -31.180  -11.543  -4.376 0.0000000000
103565  -31.965  -11.423  -4.350 0.0000000000
103566  -32.836  -11.176  -4.199 0.0000000000
104702  -33.439  -10.790  -4.091 0.0000000000
103550  -34.307  -11.663  -3.099 0.0000000000
102480  -35.011  -12.628  -2.593 0.0000000000
101438  -33.729  -13.743  -2.790 0.0000000000
101439  -34.771  -13.713  -2.532 0.0000000000
125188  -26.813  7.546  -7.966 0.0000000000
126249  -28.234  8.379  -8.631 0.0000000000
125196  -28.644  7.370  -8.868 0.0000000000
118322  -22.764  1.779  -2.680 0.0000000000
117165  -22.025  0.699  -2.769 0.0000000000
118328  -23.216  1.182  -3.095 0.0000000000
118329  -23.776  1.801  -3.186 0.0000000000
119563  -26.389  3.019  -6.071 0.0000000000
119599  -27.418  3.299  -7.384 0.0000000000
116011  -26.084  -0.338  -4.792 0.0000000000
117198  -26.284  0.467  -5.137 0.0000000000
117211  -26.699  0.889  -5.626 0.0000000000
117230  -27.811  0.574  -6.655 0.0000000000
118380  -27.937  1.105  -7.012 0.0000000000
118361  -26.921  1.865  -6.128 0.0000000000
120751  -28.006  3.720  -8.282 0.0000000000
120773  -28.905  3.976  -9.273 0.0000000000
109181  -31.743  -6.239  -5.986 0.0000000000
110336  -32.825  -5.497  -6.139 0.0000000000
110321  -33.643  -5.550  -5.868 0.0000000000
109171  -33.417  -6.701  -5.757 0.0000000000
109151  -34.113  -6.691  -5.435 0.0000000000
110303  -34.581  -5.631  -5.018 0.0000000000
99337  -25.103  -15.246  -0.985 0.0000000000
99338  -25.816  -15.475  -1.388 0.0000000000
98204  -29.242  -16.029  -2.403 0.0000000000
98205  -30.191  -16.227  -2.418 0.0000000000
95949  -28.767  -19.193  -0.776 0.0000000000
95967  -29.200  -18.679  -1.114 0.0000000000
97099  -29.898  -17.810  -1.611 0.0000000000
98188  -30.500  -17.054  -1.926 0.0000000000
101457  -33.179  -13.227  -3.187 0.0000000000
102506  -30.932  -11.324  -4.436 0.0000000000
103564  -31.511  -11.489  -4.371 0.0000000000
103578  -31.391  -10.933  -4.594 0.0000000000
104704  -34.747  -9.936  -3.497 0.0000000000
104714  -31.752  -9.982  -5.062 0.0000000000
104717  -33.710  -9.851  -4.483 0.0000000000
104725  -32.084  -9.541  -5.218 0.0000000000
104726  -32.305  -9.402  -5.243 0.0000000000
105824  -34.606  -9.350  -3.970 0.0000000000
105836  -30.324  -9.294  -4.878 0.0000000000
105848  -32.034  -9.005  -5.381 0.0000000000
105850  -33.011  -8.975  -5.316 0.0000000000
106941  -34.729  -8.568  -4.244 0.0000000000
106959  -33.697  -8.661  -5.105 0.0000000000
106966  -30.601  -7.706  -5.443 0.0000000000
108058  -31.619  -7.504  -5.665 0.0000000000
108068  -31.083  -6.634  -5.885 0.0000000000
108070  -31.980  -6.959  -5.805 0.0000000000
108071  -32.484  -7.029  -5.762 0.0000000000
109149  -27.905  -6.433  -4.194 0.0000000000
109168  -29.694  -6.346  -5.518 0.0000000000
109170  -32.870  -6.558  -5.852 0.0000000000
109179  -30.734  -6.281  -5.945 0.0000000000
110288  -27.328  -5.918  -3.940 0.0000000000
110317  -28.469  -5.330  -4.997 0.0000000000
110318  -29.091  -5.599  -5.331 0.0000000000
110333  -30.889  -5.522  -6.235 0.0000000000
111458  -29.270  -4.822  -5.720 0.0000000000
111476  -31.056  -4.606  -6.586 0.0000000000
111479  -32.896  -4.386  -6.589 0.0000000000
111489  -31.372  -4.037  -6.856 0.0000000000
111492  -32.910  -3.439  -7.033 0.0000000000
111500  -32.007  -3.213  -7.392 0.0000000000
111501  -32.226  -2.999  -7.433 0.0000000000
111502  -32.548  -2.998  -7.321 0.0000000000
111511  -31.818  -2.575  -7.638 0.0000000000
112542  -21.108  -2.764  -2.733 0.0000000000
112547  -26.035  -4.361  -3.721 0.0000000000
112598  -29.740  -3.272  -6.691 0.0000000000
112611  -30.666  -2.972  -7.364 0.0000000000
112613  -31.657  -3.289  -7.343 0.0000000000
112615  -33.569  -3.458  -6.609 0.0000000000
112622  -30.364  -1.872  -8.642 0.0000000000
112624  -31.524  -2.846  -7.581 0.0000000000
112626  -32.674  -2.722  -7.301 0.0000000000
112635  -30.209  -2.069  -9.067 0.0000000000
112636  -30.666  -1.889  -8.708 0.0000000000
112637  -31.360  -2.257  -7.906 0.0000000000
112639  -32.291  -2.495  -7.490 0.0000000000
112650  -30.840  -1.971  -8.970 0.0000000000
112652  -31.344  -2.211  -7.945 0.0000000000
113661  -21.360  -1.541  -2.732 0.0000000000
113675  -20.513  -2.516  -2.590 0.0000000000
113676  -20.925  -2.284  -2.686 0.0000000000
113677  -21.669  -2.044  -2.870 0.0000000000
113752  -29.491  -2.160  -9.363 0.0000000000
113754  -30.629  -2.323  -7.870 0.0000000000
113755  -32.841  -2.241  -7.252 0.0000000000
113765  -29.925  -2.416  -9.449 0.0000000000
113766  -30.365  -2.226  -9.248 0.0000000000
113767  -31.811  -1.846  -7.834 0.0000000000
113775  -29.696  -2.046  -10.035 0.0000000000
113776  -30.605  -2.021  -9.540 0.0000000000
113777  -31.305  -1.952  -9.052 0.0000000000
113778  -31.478  -1.714  -8.111 0.0000000000
114820  -20.606  -2.186  -2.592 0.0000000000
114822  -22.480  -1.259  -3.099 0.0000000000
114875  -27.837  -1.330  -5.866 0.0000000000
114890  -29.834  -1.169  -8.066 0.0000000000
114892  -32.846  -1.700  -7.223 0.0000000000
114899  -29.904  -1.735  -8.830 0.0000000000
114902  -32.450  -1.760  -7.479 0.0000000000
114911  -31.067  -0.888  -8.701 0.0000000000
114912  -31.846  -1.003  -7.938 0.0000000000
114916  -29.616  -1.402  -10.049 0.0000000000
114918  -30.582  -1.465  -9.117 0.0000000000
115994  -23.029  -0.345  -3.317 0.0000000000
116010  -25.289  -0.309  -4.367 0.0000000000
116048  -27.138  0.071  -5.857 0.0000000000
116049  -27.754  -0.301  -6.279 0.0000000000
116050  -28.241  -0.521  -6.627 0.0000000000
116069  -29.219  -0.750  -7.495 0.0000000000
116071  -32.893  -1.128  -7.109 0.0000000000
116086  -31.648  -0.539  -8.288 0.0000000000
116108  -29.910  -1.012  -9.370 0.0000000000
116109  -30.152  -0.807  -9.101 0.0000000000
117163  -20.367  0.495  -2.154 0.0000000000
117180  -22.793  0.602  -3.109 0.0000000000
117182  -24.175  0.756  -3.723 0.0000000000
117247  -28.284  0.373  -7.138 0.0000000000
117262  -29.438  0.293  -8.331 0.0000000000
117281  -30.004  1.283  -9.159 0.0000000000
118379  -27.491  1.507  -6.654 0.0000000000
118418  -29.488  0.993  -8.582 0.0000000000
118435  -30.516  1.624  -8.979 0.0000000000
119536  -24.328  2.940  -3.611 0.0000000000
119562  -25.838  3.083  -5.442 0.0000000000
119619  -28.977  2.385  -8.689 0.0000000000
119637  -30.032  2.567  -9.221 0.0000000000
120675  -23.903  3.907  -3.620 0.0000000000
120690  -25.149  3.918  -4.640 0.0000000000
120702  -25.827  4.163  -5.861 0.0000000000
120732  -27.485  3.842  -7.697 0.0000000000
120752  -28.654  3.588  -8.897 0.0000000000
121768  -25.164  4.530  -5.060 0.0000000000
121780  -25.641  5.056  -5.869 0.0000000000
121791  -25.973  4.926  -6.292 0.0000000000
121799  -27.000  4.730  -7.523 0.0000000000
121835  -29.109  4.371  -9.469 0.0000000000
121836  -29.745  4.279  -9.428 0.0000000000
122872  -25.064  5.092  -5.166 0.0000000000
122897  -25.515  6.155  -6.225 0.0000000000
122914  -26.822  6.039  -7.951 0.0000000000
122916  -28.105  5.270  -9.096 0.0000000000
122925  -29.427  4.972  -9.615 0.0000000000
124005  -24.634  6.321  -4.981 0.0000000000
124030  -26.489  6.928  -7.735 0.0000000000
124037  -26.582  6.370  -7.721 0.0000000000
125160  -25.188  7.436  -5.638 0.0000000000
125180  -25.784  7.471  -6.745 0.0000000000
170336  -29.606  0.602  -8.600 0.0000000000
170337  -29.722  0.287  -8.679 0.0000000000
170338  -29.572  0.404  -8.518 0.0000000000
170339  -29.860  -0.024  -8.856 0.0000000000
170341  -29.713  -1.203  -9.554 0.0000000000
170342  -29.796  -0.898  -10.051 0.0000000000
170344  -29.842  -0.521  -8.678 0.0000000000
170347  -29.809  0.472  -8.821 0.0000000000
170348  -29.494  -0.162  -8.246 0.0000000000
