#!ascii label  , from subject 3541 vox2ras=TkReg
687
16536  -52.454  -82.170  2.173 0.0000000000
23479  -45.930  -77.031  -2.644 0.0000000000
20985  -47.562  -77.978  4.955 0.0000000000
24709  -52.572  -75.380  -1.017 0.0000000000
27218  -45.554  -72.629  3.090 0.0000000000
12073  -46.182  -86.514  3.321 0.0000000000
20942  -45.573  -78.578  8.544 0.0000000000
22123  -52.513  -77.504  7.514 0.0000000000
25895  -44.721  -74.203  6.361 0.0000000000
27203  -48.002  -73.390  4.309 0.0000000000
31170  -44.757  -70.441  5.654 0.0000000000
15406  -44.896  -83.301  6.787 0.0000000000
16437  -48.257  -82.618  8.545 0.0000000000
28507  -53.744  -72.757  5.872 0.0000000000
27164  -50.567  -73.296  7.862 0.0000000000
21039  -51.906  -78.620  0.503 0.0000000000
23466  -48.786  -76.158  -1.914 0.0000000000
21134  -51.281  -78.088  -6.030 0.0000000000
21131  -48.048  -78.190  -6.238 0.0000000000
18620  -50.877  -80.554  4.212 0.0000000000
21025  -53.685  -78.425  1.992 0.0000000000
25954  -48.999  -74.415  1.202 0.0000000000
24684  -46.661  -75.609  0.904 0.0000000000
16480  -47.460  -82.419  4.780 0.0000000000
19749  -44.571  -79.272  6.341 0.0000000000
25860  -44.237  -74.626  8.653 0.0000000000
17480  -51.180  -81.727  8.008 0.0000000000
20923  -49.374  -78.642  9.081 0.0000000000
25848  -47.484  -74.440  9.000 0.0000000000
32354  -47.312  -70.246  9.348 0.0000000000
21075  -52.094  -78.311  -3.100 0.0000000000
29947  -41.530  -71.708  -0.746 0.0000000000
24749  -42.148  -75.960  -3.226 0.0000000000
21124  -40.857  -77.770  -6.117 0.0000000000
27171  -44.355  -72.809  7.515 0.0000000000
27181  -45.380  -72.886  6.343 0.0000000000
18669  -52.420  -80.867  1.312 0.0000000000
23480  -47.105  -76.903  -2.394 0.0000000000
22267  -48.335  -77.612  -3.838 0.0000000000
22291  -46.690  -77.777  -4.523 0.0000000000
21129  -45.918  -78.275  -5.899 0.0000000000
22289  -44.671  -77.585  -4.576 0.0000000000
20987  -48.954  -78.720  4.496 0.0000000000
22177  -49.171  -77.319  3.815 0.0000000000
28566  -47.725  -72.623  3.383 0.0000000000
27241  -49.120  -73.132  2.567 0.0000000000
25937  -47.591  -73.391  2.233 0.0000000000
24668  -47.829  -75.040  1.365 0.0000000000
25934  -44.840  -74.234  2.866 0.0000000000
15451  -48.249  -83.605  3.963 0.0000000000
15449  -46.515  -84.123  3.970 0.0000000000
18585  -45.089  -80.763  7.648 0.0000000000
18597  -44.530  -80.644  6.642 0.0000000000
19714  -44.538  -79.175  7.635 0.0000000000
22132  -43.681  -77.039  7.508 0.0000000000
23339  -44.866  -76.955  8.595 0.0000000000
19721  -51.818  -79.274  7.764 0.0000000000
19719  -49.938  -79.602  8.788 0.0000000000
22121  -50.647  -77.587  8.428 0.0000000000
29810  -50.578  -71.746  8.020 0.0000000000
25861  -48.916  -74.200  8.464 0.0000000000
29808  -49.258  -71.685  8.631 0.0000000000
29789  -47.771  -71.770  9.276 0.0000000000
23445  -53.458  -76.152  -0.242 0.0000000000
21055  -53.993  -77.817  -0.558 0.0000000000
22252  -52.739  -76.540  -2.577 0.0000000000
18766  -50.882  -79.564  -5.886 0.0000000000
32545  -42.117  -70.204  -1.242 0.0000000000
25991  -41.287  -74.631  -2.682 0.0000000000
26026  -40.535  -74.665  -5.632 0.0000000000
23396  -45.552  -76.242  5.593 0.0000000000
24633  -47.604  -75.154  4.720 0.0000000000
25898  -46.763  -74.436  5.099 0.0000000000
28523  -46.321  -71.872  5.091 0.0000000000
29899  -44.754  -71.108  4.257 0.0000000000
13146  -45.233  -85.096  5.204 0.0000000000
15387  -46.448  -83.198  7.891 0.0000000000
17476  -46.554  -81.440  8.472 0.0000000000
24600  -52.516  -75.276  6.897 0.0000000000
24588  -51.075  -75.584  7.629 0.0000000000
27174  -52.461  -73.604  6.826 0.0000000000
29829  -51.768  -71.801  7.355 0.0000000000
32409  -51.398  -69.974  7.149 0.0000000000
23468  -50.713  -75.697  -2.282 0.0000000000
23507  -51.884  -76.029  -3.265 0.0000000000
22269  -50.357  -76.687  -3.996 0.0000000000
21132  -49.115  -78.030  -6.367 0.0000000000
19988  -48.653  -79.686  -7.482 0.0000000000
19986  -46.711  -79.855  -7.466 0.0000000000
19984  -45.140  -79.904  -7.234 0.0000000000
18786  -43.236  -80.289  -7.411 0.0000000000
17549  -52.193  -81.395  3.474 0.0000000000
18646  -53.829  -80.482  2.082 0.0000000000
22202  -52.568  -77.330  1.923 0.0000000000
25957  -51.787  -74.995  0.748 0.0000000000
25918  -49.443  -74.210  3.476 0.0000000000
25938  -50.329  -74.058  2.255 0.0000000000
25970  -51.131  -74.743  0.181 0.0000000000
24687  -49.654  -75.132  0.034 0.0000000000
24704  -48.006  -75.670  -0.388 0.0000000000
24716  -46.155  -75.892  -1.091 0.0000000000
16492  -50.038  -82.913  4.077 0.0000000000
17532  -48.792  -81.514  4.968 0.0000000000
19762  -47.833  -79.576  5.271 0.0000000000
16478  -45.668  -82.664  4.921 0.0000000000
18608  -45.767  -80.472  5.524 0.0000000000
20978  -45.980  -78.446  5.507 0.0000000000
22157  -44.813  -77.235  5.832 0.0000000000
25872  -43.617  -74.569  7.886 0.0000000000
28470  -44.199  -73.079  8.544 0.0000000000
17479  -50.004  -81.609  8.488 0.0000000000
18558  -48.471  -80.166  9.078 0.0000000000
20921  -47.343  -78.298  9.159 0.0000000000
23354  -49.644  -76.015  8.205 0.0000000000
23343  -48.096  -76.375  8.750 0.0000000000
23341  -46.184  -76.583  8.875 0.0000000000
25846  -45.748  -74.731  9.169 0.0000000000
29787  -46.046  -71.774  9.626 0.0000000000
19823  -53.334  -79.237  0.549 0.0000000000
22234  -52.530  -77.845  -1.068 0.0000000000
21083  -52.144  -77.719  -4.095 0.0000000000
19887  -51.273  -79.601  -4.140 0.0000000000
25933  -43.831  -74.473  2.889 0.0000000000
24682  -44.176  -75.481  0.580 0.0000000000
24714  -43.978  -75.741  -1.189 0.0000000000
24712  -41.947  -75.133  -1.299 0.0000000000
23502  -44.153  -76.920  -3.303 0.0000000000
22287  -42.854  -77.191  -4.669 0.0000000000
21151  -42.300  -78.865  -6.255 0.0000000000
29827  -44.575  -71.283  7.817 0.0000000000
31118  -44.594  -70.180  7.540 0.0000000000
17583  -51.501  -81.891  1.430 0.0000000000
17584  -52.441  -81.679  1.702 0.0000000000
22247  -46.646  -77.370  -2.988 0.0000000000
22266  -47.176  -77.658  -3.721 0.0000000000
22265  -45.979  -77.434  -3.480 0.0000000000
22290  -45.626  -77.664  -4.500 0.0000000000
22264  -44.955  -77.348  -3.839 0.0000000000
20986  -48.041  -78.545  4.931 0.0000000000
22169  -49.211  -78.214  4.109 0.0000000000
22168  -48.793  -77.624  4.184 0.0000000000
28564  -45.961  -72.089  3.277 0.0000000000
28588  -47.182  -72.713  2.829 0.0000000000
27237  -45.984  -72.890  2.820 0.0000000000
25936  -46.996  -73.699  2.353 0.0000000000
25915  -45.187  -73.337  3.031 0.0000000000
10948  -46.349  -87.345  2.997 0.0000000000
12074  -46.625  -85.974  2.942 0.0000000000
14331  -46.659  -84.672  3.589 0.0000000000
14330  -45.934  -84.826  3.869 0.0000000000
18569  -45.394  -80.094  8.104 0.0000000000
18568  -44.788  -79.805  7.625 0.0000000000
19715  -44.952  -79.189  8.052 0.0000000000
20940  -44.330  -78.456  7.727 0.0000000000
20918  -45.359  -78.057  8.563 0.0000000000
22133  -53.137  -77.323  7.121 0.0000000000
22134  -53.912  -77.397  6.622 0.0000000000
20956  -53.261  -78.418  7.135 0.0000000000
19734  -52.675  -79.648  7.297 0.0000000000
20945  -52.208  -78.491  7.665 0.0000000000
20944  -51.309  -78.522  8.170 0.0000000000
22122  -51.615  -77.477  8.010 0.0000000000
31101  -50.264  -70.935  8.117 0.0000000000
29809  -49.950  -71.709  8.325 0.0000000000
31099  -48.886  -70.794  8.792 0.0000000000
32381  -49.384  -69.815  8.299 0.0000000000
24690  -52.753  -75.506  -0.399 0.0000000000
23456  -53.410  -75.956  -0.867 0.0000000000
24723  -52.470  -75.651  -1.800 0.0000000000
27310  -41.118  -73.676  -3.177 0.0000000000
26017  -40.602  -74.465  -4.825 0.0000000000
28693  -40.887  -73.118  -4.921 0.0000000000
24624  -45.402  -75.100  5.760 0.0000000000
24625  -46.253  -75.216  5.355 0.0000000000
25896  -45.299  -73.954  6.030 0.0000000000
29852  -45.323  -71.049  6.026 0.0000000000
28522  -45.748  -71.840  5.854 0.0000000000
29879  -45.482  -70.929  5.095 0.0000000000
29880  -46.126  -71.465  4.451 0.0000000000
29878  -44.398  -70.687  5.045 0.0000000000
16435  -45.972  -82.263  8.106 0.0000000000
17477  -47.573  -81.582  8.713 0.0000000000
25889  -53.514  -74.613  6.195 0.0000000000
27182  -53.045  -73.859  6.442 0.0000000000
25875  -52.089  -74.370  7.038 0.0000000000
28506  -52.995  -72.863  6.523 0.0000000000
31144  -51.866  -70.507  6.951 0.0000000000
22232  -50.473  -77.912  -0.490 0.0000000000
23467  -49.848  -75.928  -2.140 0.0000000000
23483  -50.436  -76.223  -3.082 0.0000000000
22250  -49.670  -76.766  -3.365 0.0000000000
22320  -48.492  -77.868  -5.563 0.0000000000
22293  -48.954  -77.558  -4.785 0.0000000000
19959  -48.199  -79.093  -7.264 0.0000000000
19987  -47.706  -79.797  -7.498 0.0000000000
21154  -45.526  -78.768  -6.387 0.0000000000
19956  -45.119  -79.419  -6.851 0.0000000000
18787  -43.990  -80.130  -7.185 0.0000000000
19955  -44.108  -79.489  -6.688 0.0000000000
18630  -52.578  -80.565  3.289 0.0000000000
23433  -52.392  -76.456  1.304 0.0000000000
23432  -51.515  -76.107  1.757 0.0000000000
25906  -48.138  -74.270  4.386 0.0000000000
24638  -49.026  -75.316  3.778 0.0000000000
25917  -48.751  -74.329  3.926 0.0000000000
27222  -49.745  -73.539  2.615 0.0000000000
27258  -50.223  -73.932  1.792 0.0000000000
25956  -51.095  -74.547  1.240 0.0000000000
25955  -50.231  -74.251  1.194 0.0000000000
24688  -50.424  -74.957  -0.145 0.0000000000
24685  -47.782  -75.531  0.522 0.0000000000
24703  -46.920  -75.753  -0.243 0.0000000000
24717  -47.244  -75.882  -1.135 0.0000000000
24702  -45.776  -75.678  -0.203 0.0000000000
15445  -47.837  -82.951  4.480 0.0000000000
16481  -48.403  -82.536  4.665 0.0000000000
17531  -47.857  -81.618  5.109 0.0000000000
18617  -48.173  -80.565  5.228 0.0000000000
18616  -47.408  -80.908  5.300 0.0000000000
14307  -44.986  -84.320  5.468 0.0000000000
14322  -45.085  -83.971  4.899 0.0000000000
16473  -44.688  -82.820  5.795 0.0000000000
18607  -44.972  -80.556  5.909 0.0000000000
19759  -45.369  -79.437  5.736 0.0000000000
19760  -46.310  -79.487  5.497 0.0000000000
20977  -45.029  -78.331  5.786 0.0000000000
20969  -44.316  -78.088  6.273 0.0000000000
24583  -43.874  -75.877  8.249 0.0000000000
23379  -43.570  -76.171  7.151 0.0000000000
25859  -43.854  -74.975  8.324 0.0000000000
28469  -44.025  -73.434  8.384 0.0000000000
27161  -44.460  -73.849  8.863 0.0000000000
19706  -49.398  -79.353  9.100 0.0000000000
18573  -49.356  -80.492  8.863 0.0000000000
19705  -48.843  -79.371  9.214 0.0000000000
19704  -47.881  -79.230  9.236 0.0000000000
20922  -48.336  -78.412  9.246 0.0000000000
24598  -50.895  -74.697  7.574 0.0000000000
24587  -50.171  -75.173  7.851 0.0000000000
25863  -50.322  -74.109  7.842 0.0000000000
25849  -48.227  -74.275  8.753 0.0000000000
24585  -48.624  -74.892  8.483 0.0000000000
24577  -48.055  -75.197  8.684 0.0000000000
23342  -47.060  -76.485  8.868 0.0000000000
24576  -47.255  -75.444  8.813 0.0000000000
24575  -46.382  -75.596  8.931 0.0000000000
25847  -46.637  -74.590  9.139 0.0000000000
31079  -47.449  -71.007  9.430 0.0000000000
29788  -46.954  -71.794  9.506 0.0000000000
31078  -46.648  -70.915  9.540 0.0000000000
31077  -45.705  -70.769  9.443 0.0000000000
21006  -53.987  -79.107  2.148 0.0000000000
19804  -54.147  -80.040  1.329 0.0000000000
21026  -54.214  -78.819  1.275 0.0000000000
22240  -52.649  -77.837  -2.010 0.0000000000
22235  -53.405  -77.655  -1.031 0.0000000000
21068  -51.971  -78.361  -2.275 0.0000000000
21067  -51.252  -78.487  -1.870 0.0000000000
21074  -51.521  -78.869  -2.707 0.0000000000
22295  -51.064  -76.731  -4.698 0.0000000000
22296  -51.992  -76.926  -4.671 0.0000000000
21135  -51.752  -77.830  -5.558 0.0000000000
17674  -49.676  -81.172  -5.442 0.0000000000
18752  -50.857  -79.959  -5.062 0.0000000000
25913  -43.480  -73.924  3.325 0.0000000000
27214  -41.813  -73.189  3.571 0.0000000000
24681  -43.180  -75.227  0.460 0.0000000000
24701  -44.633  -75.568  -0.289 0.0000000000
24700  -43.533  -75.381  -0.432 0.0000000000
25983  -41.464  -74.500  -1.602 0.0000000000
24730  -42.308  -75.818  -2.638 0.0000000000
23476  -43.037  -76.044  -2.269 0.0000000000
23501  -42.894  -76.380  -3.202 0.0000000000
23524  -43.372  -76.977  -3.992 0.0000000000
23523  -42.451  -76.589  -4.118 0.0000000000
22313  -41.377  -77.299  -5.442 0.0000000000
22314  -42.319  -77.573  -5.259 0.0000000000
21125  -41.741  -78.130  -5.774 0.0000000000
27180  -44.590  -73.103  6.975 0.0000000000
28504  -44.712  -72.077  7.343 0.0000000000
29851  -44.936  -70.902  6.852 0.0000000000
31142  -44.337  -70.012  6.571 0.0000000000
31172  -54.203  -71.046  5.453 0.0000000000
19802  -52.161  -79.677  0.973 0.0000000000
23481  -48.229  -76.778  -2.420 0.0000000000
22249  -48.818  -77.178  -3.123 0.0000000000
22248  -47.714  -77.394  -2.986 0.0000000000
22292  -47.834  -77.827  -4.646 0.0000000000
22319  -47.380  -77.990  -5.417 0.0000000000
21130  -46.972  -78.252  -6.063 0.0000000000
22318  -46.296  -77.963  -5.290 0.0000000000
22317  -45.274  -77.909  -5.221 0.0000000000
21128  -44.892  -78.308  -5.771 0.0000000000
19767  -49.479  -79.593  4.577 0.0000000000
20988  -49.644  -78.737  4.122 0.0000000000
22178  -49.595  -77.705  3.722 0.0000000000
23417  -50.080  -76.720  3.096 0.0000000000
28545  -47.869  -72.783  3.946 0.0000000000
27220  -48.978  -73.606  3.575 0.0000000000
28590  -48.423  -72.778  2.900 0.0000000000
27240  -48.257  -72.942  2.480 0.0000000000
27256  -48.647  -73.361  1.947 0.0000000000
25953  -47.781  -73.945  1.888 0.0000000000
24667  -46.979  -74.773  1.884 0.0000000000
24666  -45.931  -75.288  1.739 0.0000000000
15450  -47.085  -83.945  3.896 0.0000000000
15444  -47.233  -83.174  4.373 0.0000000000
16452  -44.905  -82.484  7.204 0.0000000000
16463  -44.677  -82.656  6.438 0.0000000000
17492  -44.777  -81.331  7.213 0.0000000000
19731  -43.916  -78.687  7.083 0.0000000000
20968  -43.882  -77.848  6.680 0.0000000000
20939  -44.017  -78.123  7.589 0.0000000000
23351  -43.914  -76.809  8.088 0.0000000000
23352  -44.365  -76.452  8.464 0.0000000000
18586  -52.476  -80.716  7.373 0.0000000000
18575  -51.575  -80.764  7.769 0.0000000000
18574  -50.507  -80.639  8.322 0.0000000000
19720  -51.062  -79.640  8.165 0.0000000000
20943  -50.373  -78.612  8.643 0.0000000000
22108  -49.731  -77.649  8.774 0.0000000000
28486  -50.874  -72.536  7.800 0.0000000000
27163  -49.952  -73.344  8.171 0.0000000000
28472  -49.611  -72.529  8.440 0.0000000000
28471  -48.905  -72.546  8.749 0.0000000000
27150  -47.807  -73.502  9.109 0.0000000000
27149  -46.972  -73.608  9.326 0.0000000000
29790  -48.531  -71.709  8.974 0.0000000000
31080  -48.149  -70.922  9.216 0.0000000000
32380  -48.220  -69.874  8.945 0.0000000000
22203  -53.406  -77.578  1.403 0.0000000000
22204  -53.954  -77.642  0.458 0.0000000000
23435  -53.958  -76.865  -0.041 0.0000000000
22242  -53.743  -76.659  -1.490 0.0000000000
22251  -52.657  -77.395  -2.918 0.0000000000
19927  -50.995  -78.982  -6.334 0.0000000000
29966  -42.303  -71.361  -1.917 0.0000000000
29965  -41.848  -71.898  -1.693 0.0000000000
28614  -41.413  -72.579  -0.988 0.0000000000
27311  -41.242  -73.615  -2.486 0.0000000000
25990  -41.044  -74.149  -3.176 0.0000000000
24748  -41.486  -75.367  -3.475 0.0000000000
23522  -41.604  -76.098  -4.310 0.0000000000
24775  -40.607  -75.245  -5.159 0.0000000000
23542  -40.571  -76.024  -5.504 0.0000000000
23409  -47.004  -76.908  5.084 0.0000000000
23410  -47.538  -76.337  4.778 0.0000000000
23398  -47.188  -75.749  4.941 0.0000000000
24626  -46.988  -75.170  5.033 0.0000000000
25905  -47.426  -74.141  4.751 0.0000000000
27188  -46.004  -72.867  5.656 0.0000000000
27189  -46.683  -72.871  4.999 0.0000000000
27202  -47.346  -73.085  4.531 0.0000000000
28544  -46.876  -72.169  4.121 0.0000000000
29917  -45.752  -71.579  3.647 0.0000000000
28543  -44.779  -71.535  3.821 0.0000000000
13169  -45.545  -85.478  4.342 0.0000000000
15420  -45.138  -83.979  6.600 0.0000000000
14279  -46.298  -84.506  7.061 0.0000000000
15407  -45.628  -83.598  7.309 0.0000000000
16453  -45.459  -82.633  7.674 0.0000000000
17475  -45.707  -81.140  8.114 0.0000000000
18570  -46.179  -80.408  8.485 0.0000000000
23381  -53.572  -75.923  6.449 0.0000000000
23368  -52.331  -75.802  7.144 0.0000000000
23356  -51.996  -76.389  7.533 0.0000000000
24599  -51.725  -75.190  7.283 0.0000000000
25874  -51.395  -74.161  7.377 0.0000000000
27173  -51.788  -73.435  7.240 0.0000000000
29854  -53.259  -71.763  6.286 0.0000000000
28488  -52.200  -72.563  7.104 0.0000000000
28487  -51.496  -72.570  7.480 0.0000000000
29828  -51.168  -71.757  7.679 0.0000000000
31119  -50.807  -71.041  7.823 0.0000000000
32408  -50.488  -69.964  7.664 0.0000000000
24721  -51.375  -75.430  -1.741 0.0000000000
24732  -52.128  -75.605  -2.136 0.0000000000
23484  -51.385  -75.766  -2.739 0.0000000000
22270  -50.949  -76.412  -4.103 0.0000000000
21133  -50.179  -77.878  -6.387 0.0000000000
19989  -49.373  -79.669  -7.373 0.0000000000
19957  -46.158  -79.285  -6.958 0.0000000000
19985  -45.732  -79.886  -7.355 0.0000000000
18831  -45.664  -81.023  -8.441 0.0000000000
18830  -44.679  -81.073  -8.506 0.0000000000
18807  -43.930  -80.680  -7.860 0.0000000000
16495  -52.476  -81.965  3.103 0.0000000000
17564  -53.168  -81.233  2.330 0.0000000000
17550  -52.901  -81.351  3.021 0.0000000000
19775  -52.896  -79.796  2.970 0.0000000000
21005  -52.922  -78.821  2.613 0.0000000000
21004  -52.316  -78.445  2.835 0.0000000000
22191  -53.010  -77.950  2.192 0.0000000000
24671  -52.383  -75.516  0.537 0.0000000000
25972  -52.313  -75.205  -0.193 0.0000000000
23411  -48.435  -76.425  4.198 0.0000000000
23416  -49.248  -76.611  3.648 0.0000000000
24640  -50.326  -74.515  2.650 0.0000000000
24670  -51.697  -75.367  1.273 0.0000000000
25971  -51.981  -74.959  0.181 0.0000000000
25979  -51.973  -75.006  -0.405 0.0000000000
24707  -51.035  -75.107  -0.770 0.0000000000
24720  -50.416  -75.480  -1.522 0.0000000000
24719  -49.388  -75.649  -1.367 0.0000000000
24686  -48.798  -75.288  0.383 0.0000000000
24705  -49.030  -75.498  -0.554 0.0000000000
24718  -48.321  -75.780  -1.233 0.0000000000
23465  -47.682  -76.286  -1.815 0.0000000000
23464  -46.573  -76.370  -1.814 0.0000000000
23463  -45.472  -76.331  -1.825 0.0000000000
16494  -51.776  -82.323  3.390 0.0000000000
16493  -50.873  -82.396  3.911 0.0000000000
17534  -50.512  -81.422  4.349 0.0000000000
16491  -49.182  -83.112  4.243 0.0000000000
16482  -49.385  -82.298  4.579 0.0000000000
18619  -50.042  -80.502  4.563 0.0000000000
18618  -49.143  -80.524  4.900 0.0000000000
19766  -48.619  -79.577  4.968 0.0000000000
20980  -47.514  -79.039  5.257 0.0000000000
14323  -45.580  -84.317  4.405 0.0000000000
15443  -46.236  -83.558  4.352 0.0000000000
16479  -46.573  -82.555  4.755 0.0000000000
17515  -44.712  -81.811  5.974 0.0000000000
17516  -45.437  -81.613  5.424 0.0000000000
17530  -46.877  -81.599  5.117 0.0000000000
18609  -46.709  -80.498  5.384 0.0000000000
19761  -47.135  -79.553  5.383 0.0000000000
20979  -47.046  -78.500  5.256 0.0000000000
22158  -45.725  -77.360  5.506 0.0000000000
24623  -44.550  -74.996  6.286 0.0000000000
22146  -43.683  -77.115  6.879 0.0000000000
23380  -43.989  -76.141  6.550 0.0000000000
25886  -44.287  -74.192  6.724 0.0000000000
27170  -43.964  -73.529  7.661 0.0000000000
28485  -44.194  -72.512  7.979 0.0000000000
17478  -48.729  -81.405  8.790 0.0000000000
18571  -47.051  -80.678  8.750 0.0000000000
19717  -46.672  -79.861  8.747 0.0000000000
19702  -46.221  -78.679  8.799 0.0000000000
23355  -50.729  -76.438  8.040 0.0000000000
23345  -49.980  -76.876  8.439 0.0000000000
23344  -49.154  -76.701  8.608 0.0000000000
24586  -49.267  -75.045  8.225 0.0000000000
23353  -48.779  -75.720  8.452 0.0000000000
22107  -48.748  -77.531  8.985 0.0000000000
22106  -47.733  -77.425  9.043 0.0000000000
22105  -46.792  -77.418  8.981 0.0000000000
22104  -45.962  -77.474  8.835 0.0000000000
23340  -45.426  -76.740  8.762 0.0000000000
24574  -45.548  -75.768  8.933 0.0000000000
25845  -44.841  -74.911  8.997 0.0000000000
27148  -46.069  -73.705  9.400 0.0000000000
27147  -45.170  -73.797  9.268 0.0000000000
29786  -45.135  -71.789  9.403 0.0000000000
31076  -44.963  -70.977  9.115 0.0000000000
18670  -53.407  -80.881  1.603 0.0000000000
19803  -53.382  -80.108  0.951 0.0000000000
19822  -52.681  -79.026  0.518 0.0000000000
21041  -53.958  -78.405  0.208 0.0000000000
21040  -53.062  -78.571  0.037 0.0000000000
22218  -52.241  -78.115  -0.297 0.0000000000
21053  -50.621  -78.195  -1.236 0.0000000000
22272  -52.318  -76.133  -2.962 0.0000000000
22271  -52.306  -76.663  -3.598 0.0000000000
19901  -51.569  -78.995  -5.337 0.0000000000
19888  -51.821  -78.690  -4.186 0.0000000000
19884  -51.597  -79.049  -3.453 0.0000000000
32429  -44.068  -69.430  7.053 0.0000000000
29877  -43.539  -70.869  5.356 0.0000000000
29898  -43.775  -71.306  4.697 0.0000000000
28542  -44.078  -72.002  3.988 0.0000000000
27217  -44.761  -72.830  3.355 0.0000000000
25914  -44.348  -73.681  3.259 0.0000000000
24648  -44.295  -75.045  2.338 0.0000000000
25931  -42.055  -74.170  2.358 0.0000000000
25951  -43.260  -74.953  2.144 0.0000000000
24683  -45.314  -75.627  0.737 0.0000000000
24715  -45.060  -75.837  -1.097 0.0000000000
23462  -44.411  -76.208  -1.805 0.0000000000
27290  -41.349  -73.502  -1.287 0.0000000000
25976  -41.659  -74.267  -0.541 0.0000000000
24699  -42.427  -74.985  -0.461 0.0000000000
24713  -42.797  -75.627  -1.565 0.0000000000
23461  -43.490  -76.020  -1.854 0.0000000000
23478  -44.812  -76.682  -2.522 0.0000000000
22263  -44.165  -77.304  -4.046 0.0000000000
22288  -43.767  -77.461  -4.604 0.0000000000
21127  -43.860  -78.313  -5.701 0.0000000000
21152  -43.414  -78.908  -6.202 0.0000000000
19954  -43.004  -79.681  -6.766 0.0000000000
13168  -45.167  -84.658  4.835 0.0000000000
13183  -46.274  -85.487  3.440 0.0000000000
14295  -45.067  -84.389  6.128 0.0000000000
14296  -45.789  -84.876  6.481 0.0000000000
14324  -46.150  -84.294  4.019 0.0000000000
15386  -45.821  -82.944  7.806 0.0000000000
15419  -44.745  -83.599  6.094 0.0000000000
15430  -44.937  -83.427  5.267 0.0000000000
15431  -45.210  -83.023  5.036 0.0000000000
15441  -45.090  -83.621  4.959 0.0000000000
15442  -45.362  -83.499  4.793 0.0000000000
15454  -51.250  -82.847  3.405 0.0000000000
16438  -49.505  -82.641  8.483 0.0000000000
16474  -45.048  -82.555  5.358 0.0000000000
16483  -50.118  -82.117  4.386 0.0000000000
16511  -52.705  -81.848  2.614 0.0000000000
16537  -52.823  -81.723  2.271 0.0000000000
17462  -47.951  -80.769  8.941 0.0000000000
17463  -48.473  -80.758  8.942 0.0000000000
17493  -45.252  -81.790  7.708 0.0000000000
17505  -44.633  -81.804  6.706 0.0000000000
17517  -46.138  -81.218  5.273 0.0000000000
17529  -46.094  -81.917  5.044 0.0000000000
17533  -49.681  -81.409  4.700 0.0000000000
17548  -51.358  -81.454  3.919 0.0000000000
17585  -52.902  -81.564  1.996 0.0000000000
18557  -47.477  -79.965  8.972 0.0000000000
18559  -49.006  -79.959  9.082 0.0000000000
18572  -48.757  -80.704  8.937 0.0000000000
18584  -44.661  -80.360  7.240 0.0000000000
18610  -47.449  -80.221  5.374 0.0000000000
18629  -51.674  -80.443  3.770 0.0000000000
18631  -53.270  -80.578  2.739 0.0000000000
18647  -54.108  -80.206  1.728 0.0000000000
18671  -53.950  -80.416  1.675 0.0000000000
18744  -50.605  -80.254  -4.270 0.0000000000
18765  -50.199  -80.262  -5.896 0.0000000000
18788  -44.672  -79.875  -7.111 0.0000000000
18808  -45.015  -80.429  -7.664 0.0000000000
18812  -49.061  -80.145  -7.437 0.0000000000
18829  -43.683  -81.131  -8.628 0.0000000000
19703  -46.830  -79.070  8.984 0.0000000000
19716  -45.842  -79.168  8.552 0.0000000000
19718  -49.326  -79.768  9.052 0.0000000000
19732  -44.219  -79.208  7.178 0.0000000000
19733  -51.907  -80.019  7.639 0.0000000000
19748  -44.002  -78.578  6.783 0.0000000000
19780  -53.662  -79.789  2.476 0.0000000000
19781  -54.173  -79.778  1.861 0.0000000000
19824  -53.988  -79.388  0.819 0.0000000000
19902  -52.037  -78.296  -4.893 0.0000000000
20919  -45.719  -78.263  8.680 0.0000000000
20920  -46.479  -78.205  8.939 0.0000000000
20941  -45.152  -78.299  8.404 0.0000000000
20954  -43.863  -78.175  7.267 0.0000000000
20955  -44.086  -78.625  7.368 0.0000000000
20992  -50.327  -78.562  3.762 0.0000000000
21054  -53.638  -78.142  -0.408 0.0000000000
21100  -51.868  -78.186  -5.470 0.0000000000
21101  -52.059  -77.703  -5.109 0.0000000000
21126  -42.798  -78.291  -5.666 0.0000000000
21155  -46.574  -78.690  -6.556 0.0000000000
22102  -44.883  -77.350  8.501 0.0000000000
22103  -45.207  -77.608  8.581 0.0000000000
22118  -44.015  -77.698  7.754 0.0000000000
22119  -44.596  -77.501  8.314 0.0000000000
22120  -44.975  -77.804  8.436 0.0000000000
22147  -44.149  -77.121  6.350 0.0000000000
22159  -46.595  -77.504  5.266 0.0000000000
22166  -47.277  -77.442  5.013 0.0000000000
22167  -47.930  -77.396  4.672 0.0000000000
22217  -51.177  -77.952  0.065 0.0000000000
22219  -53.065  -78.122  -0.586 0.0000000000
22220  -54.126  -77.451  -0.300 0.0000000000
22233  -51.489  -77.880  -0.928 0.0000000000
22236  -54.021  -77.166  -1.095 0.0000000000
22239  -52.021  -78.075  -1.644 0.0000000000
22241  -53.319  -77.084  -1.848 0.0000000000
22246  -46.151  -77.318  -3.013 0.0000000000
22312  -40.651  -76.877  -5.818 0.0000000000
22315  -43.310  -77.758  -5.188 0.0000000000
22316  -44.294  -77.854  -5.195 0.0000000000
22321  -49.579  -77.571  -5.671 0.0000000000
22322  -50.640  -77.385  -5.594 0.0000000000
22323  -51.527  -77.380  -5.373 0.0000000000
23357  -52.715  -76.887  7.303 0.0000000000
23367  -43.632  -76.112  7.774 0.0000000000
23369  -53.118  -76.362  6.837 0.0000000000
23395  -44.667  -76.150  5.996 0.0000000000
23397  -46.613  -76.318  5.228 0.0000000000
23434  -53.278  -76.537  0.470 0.0000000000
23446  -53.955  -76.660  -0.638 0.0000000000
23457  -53.789  -76.485  -1.223 0.0000000000
23460  -43.089  -75.900  -1.899 0.0000000000
23469  -53.226  -76.166  -1.654 0.0000000000
23470  -53.664  -76.427  -1.460 0.0000000000
23477  -43.776  -76.419  -2.474 0.0000000000
23482  -49.318  -76.542  -2.632 0.0000000000
23485  -51.992  -75.722  -2.626 0.0000000000
23486  -52.439  -75.865  -2.355 0.0000000000
23500  -42.078  -76.111  -3.651 0.0000000000
23503  -45.229  -77.125  -3.133 0.0000000000
23504  -45.684  -77.234  -3.065 0.0000000000
23505  -50.771  -76.355  -3.740 0.0000000000
23506  -51.211  -76.187  -3.641 0.0000000000
23508  -52.154  -75.885  -2.828 0.0000000000
23521  -40.947  -75.783  -4.725 0.0000000000
23525  -51.225  -76.436  -4.150 0.0000000000
23526  -51.623  -76.462  -4.047 0.0000000000
24573  -44.855  -76.057  8.776 0.0000000000
24584  -44.296  -75.487  8.610 0.0000000000
24597  -43.601  -75.374  7.988 0.0000000000
24610  -43.574  -75.314  7.486 0.0000000000
24611  -43.852  -75.204  6.854 0.0000000000
24612  -53.209  -75.373  6.525 0.0000000000
24634  -48.253  -75.291  4.307 0.0000000000
24649  -45.378  -74.823  2.403 0.0000000000
24650  -46.365  -74.480  2.304 0.0000000000
24651  -46.885  -74.288  2.193 0.0000000000
24664  -43.719  -75.336  1.418 0.0000000000
24665  -44.790  -75.436  1.597 0.0000000000
24669  -48.398  -75.158  0.936 0.0000000000
24672  -52.906  -75.707  0.055 0.0000000000
24689  -52.461  -75.289  -0.005 0.0000000000
24698  -41.820  -74.751  -0.953 0.0000000000
24706  -50.008  -75.282  -0.731 0.0000000000
24708  -51.839  -75.155  -0.986 0.0000000000
24722  -52.072  -75.413  -1.643 0.0000000000
24729  -41.732  -75.311  -2.158 0.0000000000
24731  -51.826  -75.576  -2.191 0.0000000000
24733  -52.331  -75.698  -2.082 0.0000000000
25862  -49.633  -74.209  8.150 0.0000000000
25873  -50.850  -73.921  7.634 0.0000000000
25885  -43.802  -74.425  7.266 0.0000000000
25887  -44.838  -73.662  6.471 0.0000000000
25888  -52.777  -74.521  6.640 0.0000000000
25897  -46.194  -74.004  5.399 0.0000000000
25904  -46.908  -73.677  4.962 0.0000000000
25916  -45.659  -73.081  2.879 0.0000000000
25919  -49.969  -74.011  2.924 0.0000000000
25932  -42.779  -74.359  2.771 0.0000000000
25935  -45.898  -73.674  2.722 0.0000000000
25952  -47.175  -74.171  2.110 0.0000000000
25978  -51.597  -75.002  -0.462 0.0000000000
25980  -52.267  -75.202  -0.437 0.0000000000
26004  -41.184  -74.669  -3.302 0.0000000000
27151  -48.554  -73.414  8.793 0.0000000000
27160  -43.964  -73.908  8.347 0.0000000000
27162  -49.269  -73.374  8.481 0.0000000000
27172  -51.155  -73.323  7.570 0.0000000000
27179  -44.100  -73.804  7.133 0.0000000000
27183  -53.574  -73.689  6.029 0.0000000000
27204  -48.511  -73.532  3.950 0.0000000000
27215  -42.598  -73.588  3.481 0.0000000000
27219  -46.197  -72.526  2.992 0.0000000000
27221  -49.364  -73.351  3.103 0.0000000000
27236  -42.173  -74.006  2.880 0.0000000000
27238  -46.657  -72.913  2.736 0.0000000000
27239  -47.502  -73.002  2.513 0.0000000000
27242  -49.817  -73.577  2.235 0.0000000000
27255  -47.977  -73.217  2.185 0.0000000000
27332  -40.942  -73.716  -3.653 0.0000000000
27333  -41.232  -73.154  -3.408 0.0000000000
28452  -44.685  -72.826  9.191 0.0000000000
28453  -45.545  -72.762  9.508 0.0000000000
28454  -46.477  -72.711  9.513 0.0000000000
28455  -47.360  -72.657  9.343 0.0000000000
28456  -48.172  -72.596  9.091 0.0000000000
28473  -50.269  -72.527  8.132 0.0000000000
28484  -43.989  -73.278  8.205 0.0000000000
28505  -45.243  -71.929  6.630 0.0000000000
28546  -48.298  -73.074  3.912 0.0000000000
28562  -44.447  -72.435  3.595 0.0000000000
28563  -45.049  -71.964  3.456 0.0000000000
28565  -46.821  -72.438  3.236 0.0000000000
28567  -48.605  -72.987  3.387 0.0000000000
28568  -49.029  -73.010  2.988 0.0000000000
28589  -47.675  -72.682  2.859 0.0000000000
28591  -48.830  -72.924  2.932 0.0000000000
28632  -41.505  -72.719  -1.917 0.0000000000
29807  -44.533  -71.813  8.698 0.0000000000
29830  -52.180  -71.844  7.139 0.0000000000
29881  -53.948  -71.794  5.627 0.0000000000
29900  -45.626  -71.206  4.146 0.0000000000
29901  -46.202  -71.528  3.949 0.0000000000
29916  -45.201  -71.368  3.789 0.0000000000
29918  -46.344  -71.872  3.609 0.0000000000
31098  -45.230  -70.252  9.081 0.0000000000
31120  -51.382  -70.884  7.406 0.0000000000
31121  -52.054  -71.255  7.040 0.0000000000
31143  -44.975  -70.513  6.116 0.0000000000
31168  -43.282  -70.473  5.883 0.0000000000
31171  -45.157  -70.673  5.690 0.0000000000
32355  -47.794  -70.493  9.276 0.0000000000
32379  -47.213  -69.351  9.023 0.0000000000
32404  -43.815  -69.011  7.298 0.0000000000
32407  -49.789  -69.227  7.753 0.0000000000
