#!ascii label  , from subject 3175 vox2ras=TkReg
1092
59364  34.898  -22.513  58.939 0.0000000000
83144  45.187  -1.182  44.745 0.0000000000
72085  36.616  -11.222  50.618 0.0000000000
56024  13.209  -25.951  62.162 0.0000000000
67492  29.650  -15.263  60.866 0.0000000000
79711  35.633  -4.701  50.108 0.0000000000
64070  19.300  -17.982  58.979 0.0000000000
56020  18.431  -25.749  61.323 0.0000000000
66373  24.288  -16.594  58.497 0.0000000000
82018  50.110  -2.682  46.023 0.0000000000
64080  33.579  -18.483  58.168 0.0000000000
66406  34.951  -16.941  55.073 0.0000000000
60529  38.799  -21.710  59.023 0.0000000000
85270  49.153  1.933  44.762 0.0000000000
85304  52.668  0.426  43.277 0.0000000000
84224  41.295  -0.048  47.111 0.0000000000
80883  43.463  -4.628  48.278 0.0000000000
79767  39.176  -4.316  47.114 0.0000000000
74261  39.959  -8.960  50.579 0.0000000000
57158  31.109  -24.783  61.691 0.0000000000
51342  11.534  -30.335  65.235 0.0000000000
49232  6.734  -31.629  65.115 0.0000000000
49190  3.779  -30.891  68.659 0.0000000000
61701  31.062  -20.611  59.788 0.0000000000
62945  27.880  -19.937  59.192 0.0000000000
70955  32.394  -12.282  52.879 0.0000000000
68782  38.268  -15.052  55.233 0.0000000000
88582  55.306  3.818  42.824 0.0000000000
82020  48.226  -2.677  45.592 0.0000000000
81983  46.915  -3.772  47.164 0.0000000000
61743  34.865  -21.158  57.660 0.0000000000
61760  36.209  -20.381  56.559 0.0000000000
59385  36.919  -22.174  58.611 0.0000000000
85274  45.587  1.059  45.523 0.0000000000
85256  47.065  2.084  46.204 0.0000000000
84252  47.067  -0.118  44.283 0.0000000000
83157  49.435  -1.302  44.256 0.0000000000
45384  5.009  -35.753  68.681 0.0000000000
82008  40.341  -2.089  46.778 0.0000000000
81975  38.295  -2.504  48.444 0.0000000000
76465  35.132  -7.656  49.631 0.0000000000
76463  37.089  -7.519  48.854 0.0000000000
73186  38.426  -10.261  50.682 0.0000000000
72045  39.093  -11.836  52.756 0.0000000000
56033  15.861  -25.602  61.479 0.0000000000
54799  17.101  -27.210  64.073 0.0000000000
54802  14.993  -27.914  63.389 0.0000000000
52400  13.975  -29.601  66.263 0.0000000000
53655  11.658  -27.964  63.425 0.0000000000
51364  7.728  -28.631  64.877 0.0000000000
49224  5.156  -31.479  66.547 0.0000000000
64040  30.402  -18.177  60.542 0.0000000000
61703  29.628  -20.611  58.729 0.0000000000
66368  28.992  -17.244  58.659 0.0000000000
64067  22.853  -19.269  59.726 0.0000000000
65147  24.462  -18.336  60.466 0.0000000000
65205  38.225  -17.240  57.614 0.0000000000
68758  36.462  -15.490  55.770 0.0000000000
80849  37.745  -2.407  50.652 0.0000000000
78564  35.477  -5.710  52.487 0.0000000000
75344  34.021  -8.267  50.826 0.0000000000
61705  21.356  -20.682  59.224 0.0000000000
57148  21.156  -24.756  61.845 0.0000000000
59353  18.991  -22.845  59.495 0.0000000000
58269  17.063  -23.602  60.698 0.0000000000
58220  15.108  -22.777  62.353 0.0000000000
68692  27.023  -14.427  58.890 0.0000000000
68674  23.887  -13.770  60.370 0.0000000000
66376  21.137  -16.640  58.591 0.0000000000
67534  32.182  -15.852  58.837 0.0000000000
67570  31.672  -16.018  55.892 0.0000000000
64126  33.291  -18.236  56.167 0.0000000000
62988  38.108  -19.277  56.808 0.0000000000
87452  52.003  2.227  43.535 0.0000000000
85288  51.049  1.099  43.577 0.0000000000
84248  51.885  -1.342  44.730 0.0000000000
83147  42.868  -0.616  45.535 0.0000000000
80913  44.071  -3.164  45.868 0.0000000000
80915  42.445  -3.288  46.187 0.0000000000
79765  41.219  -4.788  47.480 0.0000000000
78603  41.020  -6.112  49.033 0.0000000000
79750  37.048  -4.148  48.585 0.0000000000
76461  39.257  -7.177  48.944 0.0000000000
58259  33.667  -23.245  59.901 0.0000000000
58230  36.247  -23.941  61.120 0.0000000000
85248  43.783  1.378  47.287 0.0000000000
56008  10.578  -25.608  63.142 0.0000000000
51385  9.781  -28.790  63.592 0.0000000000
50286  9.839  -30.952  64.897 0.0000000000
48272  8.599  -33.101  66.322 0.0000000000
47347  6.578  -33.744  66.259 0.0000000000
47330  4.675  -33.864  67.297 0.0000000000
47298  3.360  -33.299  68.691 0.0000000000
48222  2.916  -32.226  69.226 0.0000000000
59366  32.925  -22.073  59.081 0.0000000000
59368  31.138  -22.177  58.976 0.0000000000
59348  29.074  -22.757  60.078 0.0000000000
65189  25.847  -17.260  59.120 0.0000000000
70968  34.495  -12.640  51.174 0.0000000000
68805  32.967  -15.155  54.054 0.0000000000
69886  35.438  -14.225  52.982 0.0000000000
69902  36.805  -13.394  52.483 0.0000000000
58228  38.203  -23.436  61.099 0.0000000000
88580  57.168  3.785  42.171 0.0000000000
87450  53.708  2.264  43.144 0.0000000000
86385  56.443  1.706  43.122 0.0000000000
83143  46.029  -1.728  44.706 0.0000000000
82001  47.614  -3.400  46.296 0.0000000000
82002  46.641  -3.394  46.100 0.0000000000
60530  34.803  -21.860  58.605 0.0000000000
60552  36.246  -21.737  58.283 0.0000000000
59387  35.580  -22.582  58.763 0.0000000000
84233  44.950  0.126  44.865 0.0000000000
85294  45.865  0.528  44.761 0.0000000000
83161  45.910  -0.930  44.464 0.0000000000
83159  47.480  -1.117  44.296 0.0000000000
45374  3.561  -35.432  68.881 0.0000000000
81973  39.558  -0.911  48.664 0.0000000000
80867  38.581  -1.196  50.131 0.0000000000
73201  35.887  -9.882  49.646 0.0000000000
74275  36.974  -9.242  49.469 0.0000000000
72084  37.090  -10.982  50.487 0.0000000000
72073  38.581  -11.121  51.456 0.0000000000
72074  37.517  -11.566  51.104 0.0000000000
56023  14.220  -25.806  61.655 0.0000000000
54820  15.605  -27.206  63.027 0.0000000000
54845  14.012  -26.870  62.485 0.0000000000
53636  13.919  -28.542  63.989 0.0000000000
54846  13.039  -26.858  62.531 0.0000000000
66321  29.976  -16.159  60.298 0.0000000000
65187  29.760  -17.810  59.024 0.0000000000
66322  29.290  -16.027  59.669 0.0000000000
61684  22.388  -20.438  60.646 0.0000000000
70874  31.448  -13.070  57.031 0.0000000000
66339  38.168  -16.265  58.508 0.0000000000
77501  34.517  -6.783  51.760 0.0000000000
76426  34.307  -7.322  52.295 0.0000000000
61706  20.156  -20.402  59.055 0.0000000000
59372  20.304  -22.176  59.154 0.0000000000
62928  18.448  -19.784  58.956 0.0000000000
60498  17.162  -20.871  61.290 0.0000000000
59329  16.526  -21.530  61.454 0.0000000000
58241  16.030  -22.966  61.518 0.0000000000
68652  25.431  -13.963  61.230 0.0000000000
66327  19.490  -16.453  59.849 0.0000000000
66325  20.599  -15.047  59.752 0.0000000000
65194  20.094  -17.047  58.882 0.0000000000
64086  20.949  -18.382  58.697 0.0000000000
65230  32.496  -17.609  57.059 0.0000000000
64101  33.435  -18.721  57.128 0.0000000000
60573  37.622  -20.979  57.459 0.0000000000
61758  37.056  -20.079  56.632 0.0000000000
62965  37.824  -20.148  57.086 0.0000000000
62939  38.993  -19.653  58.377 0.0000000000
61696  39.184  -20.708  58.750 0.0000000000
85271  48.231  1.983  44.953 0.0000000000
86374  50.506  2.065  44.218 0.0000000000
85289  50.277  0.993  43.791 0.0000000000
83139  49.835  -2.168  45.059 0.0000000000
83156  50.505  -1.531  44.335 0.0000000000
83138  50.945  -2.416  45.400 0.0000000000
84223  41.966  0.151  46.537 0.0000000000
82006  42.846  -2.170  45.641 0.0000000000
83134  41.199  -1.004  46.748 0.0000000000
80918  39.421  -3.678  46.750 0.0000000000
80917  40.184  -3.594  46.520 0.0000000000
79766  40.204  -4.659  46.926 0.0000000000
79745  41.458  -5.408  48.173 0.0000000000
78628  40.033  -6.096  48.020 0.0000000000
79710  36.274  -3.792  50.550 0.0000000000
81963  37.090  -2.968  49.450 0.0000000000
79725  36.314  -4.329  49.320 0.0000000000
75353  38.501  -8.409  49.374 0.0000000000
76462  38.445  -7.633  48.942 0.0000000000
76445  39.444  -7.684  49.615 0.0000000000
76444  40.566  -7.613  50.344 0.0000000000
58233  33.132  -24.129  60.873 0.0000000000
58213  33.590  -24.843  61.632 0.0000000000
84199  41.770  0.308  48.245 0.0000000000
84211  42.972  1.093  47.378 0.0000000000
84222  42.967  0.659  46.256 0.0000000000
57149  20.056  -25.143  61.514 0.0000000000
56005  19.623  -25.912  62.840 0.0000000000
52401  13.134  -29.772  65.807 0.0000000000
51298  13.342  -29.732  67.423 0.0000000000
50283  12.465  -30.414  66.544 0.0000000000
50267  11.253  -30.982  66.834 0.0000000000
54826  9.458  -26.150  63.981 0.0000000000
53657  9.562  -27.121  63.587 0.0000000000
53639  8.967  -26.990  64.592 0.0000000000
50289  6.654  -30.094  65.084 0.0000000000
51345  8.555  -29.839  64.550 0.0000000000
49238  8.113  -31.142  64.532 0.0000000000
48284  9.326  -32.054  65.387 0.0000000000
48286  7.615  -32.722  65.444 0.0000000000
48273  7.848  -33.381  65.936 0.0000000000
47360  6.811  -33.110  65.636 0.0000000000
49215  4.595  -31.008  67.582 0.0000000000
48276  4.768  -32.749  66.696 0.0000000000
49204  3.838  -32.329  67.569 0.0000000000
47312  3.608  -33.590  68.083 0.0000000000
48232  3.463  -32.389  68.660 0.0000000000
61680  31.705  -20.512  60.186 0.0000000000
60532  33.162  -21.419  59.516 0.0000000000
60533  32.033  -21.268  59.196 0.0000000000
59367  32.108  -22.127  58.771 0.0000000000
60534  31.070  -21.401  59.371 0.0000000000
61723  28.274  -20.540  58.725 0.0000000000
60536  29.041  -21.466  58.806 0.0000000000
59371  28.333  -21.882  59.834 0.0000000000
68716  25.217  -14.540  58.684 0.0000000000
66371  26.165  -16.294  58.646 0.0000000000
66372  25.288  -16.198  58.603 0.0000000000
64019  25.265  -18.645  61.020 0.0000000000
80882  44.717  -3.988  47.666 0.0000000000
80881  45.531  -3.967  47.961 0.0000000000
80864  44.824  -4.364  48.990 0.0000000000
72064  32.966  -11.379  52.518 0.0000000000
73179  33.467  -10.894  52.109 0.0000000000
70969  33.455  -12.366  51.629 0.0000000000
66427  32.736  -16.439  55.189 0.0000000000
68787  32.394  -15.400  54.657 0.0000000000
67589  33.729  -16.135  54.835 0.0000000000
68757  37.443  -15.146  56.023 0.0000000000
69843  35.987  -14.722  54.684 0.0000000000
69865  36.191  -14.353  53.907 0.0000000000
69903  35.815  -13.622  52.327 0.0000000000
69864  37.187  -14.425  53.742 0.0000000000
69863  38.194  -14.083  53.722 0.0000000000
58229  37.266  -23.896  61.069 0.0000000000
88581  56.317  3.659  42.192 0.0000000000
86389  52.755  1.357  43.139 0.0000000000
87451  52.909  2.226  43.399 0.0000000000
86388  53.672  1.388  43.227 0.0000000000
86372  56.037  0.794  43.877 0.0000000000
86370  57.262  1.709  43.630 0.0000000000
65150  18.670  -17.021  60.252 0.0000000000
64024  17.769  -17.802  60.218 0.0000000000
82019  49.175  -2.636  45.794 0.0000000000
81999  49.506  -3.098  46.698 0.0000000000
82000  48.565  -3.223  46.509 0.0000000000
62941  33.906  -19.493  58.206 0.0000000000
62966  34.739  -19.885  56.516 0.0000000000
61742  35.509  -20.815  56.918 0.0000000000
60575  36.351  -21.283  57.576 0.0000000000
59361  37.794  -22.477  58.823 0.0000000000
85244  46.747  2.424  47.208 0.0000000000
85257  46.168  1.733  46.303 0.0000000000
86377  46.864  1.435  44.743 0.0000000000
85291  48.553  1.010  44.232 0.0000000000
84250  48.977  -0.165  43.917 0.0000000000
84251  47.988  -0.079  44.115 0.0000000000
83140  48.839  -2.027  44.914 0.0000000000
46340  6.046  -35.858  69.749 0.0000000000
83110  40.870  -0.226  48.438 0.0000000000
83124  40.504  -1.127  47.273 0.0000000000
81986  39.621  -1.330  47.663 0.0000000000
81987  39.001  -2.320  47.454 0.0000000000
81988  38.391  -2.926  47.704 0.0000000000
77540  35.339  -6.730  49.517 0.0000000000
77539  36.340  -6.291  48.839 0.0000000000
76464  35.978  -7.503  49.205 0.0000000000
75354  37.689  -8.561  49.244 0.0000000000
74263  38.610  -9.630  50.256 0.0000000000
73175  39.612  -10.447  51.352 0.0000000000
72061  39.366  -11.126  52.054 0.0000000000
57143  30.622  -24.877  62.583 0.0000000000
54864  17.681  -26.066  61.298 0.0000000000
54817  18.518  -26.561  62.932 0.0000000000
54842  16.640  -26.683  62.200 0.0000000000
54800  16.153  -27.476  63.744 0.0000000000
53615  15.525  -28.511  64.988 0.0000000000
53618  13.245  -29.409  64.806 0.0000000000
52431  12.051  -29.396  64.259 0.0000000000
53641  7.719  -27.869  64.734 0.0000000000
52420  6.676  -28.538  66.015 0.0000000000
51322  5.917  -29.304  66.035 0.0000000000
49223  5.837  -31.617  65.703 0.0000000000
50269  5.381  -30.156  66.590 0.0000000000
51284  4.756  -29.511  67.777 0.0000000000
49188  4.227  -29.376  68.671 0.0000000000
62921  30.460  -19.756  59.913 0.0000000000
61702  30.347  -20.621  59.392 0.0000000000
62922  29.788  -19.704  59.244 0.0000000000
65210  29.069  -18.127  58.535 0.0000000000
64083  27.571  -18.755  58.809 0.0000000000
65216  22.720  -17.757  58.677 0.0000000000
65191  24.203  -17.493  58.839 0.0000000000
65168  23.582  -18.297  60.030 0.0000000000
79743  43.308  -5.181  49.306 0.0000000000
70940  31.589  -12.263  53.866 0.0000000000
66386  37.248  -16.717  56.486 0.0000000000
67568  35.343  -16.129  55.734 0.0000000000
67555  36.814  -16.016  56.643 0.0000000000
67554  37.618  -15.780  56.981 0.0000000000
88571  54.304  3.630  43.353 0.0000000000
45375  2.355  -35.358  69.208 0.0000000000
79689  37.399  -2.896  51.744 0.0000000000
79691  36.439  -3.980  52.008 0.0000000000
78588  35.130  -5.371  50.688 0.0000000000
77518  34.574  -6.902  50.839 0.0000000000
75357  34.640  -8.415  49.929 0.0000000000
74265  34.693  -9.577  50.192 0.0000000000
60497  22.291  -21.854  60.974 0.0000000000
58218  22.034  -23.741  62.450 0.0000000000
59327  21.708  -22.844  60.624 0.0000000000
58240  20.631  -23.841  60.232 0.0000000000
57181  19.353  -24.223  60.105 0.0000000000
60519  17.670  -20.883  60.208 0.0000000000
59354  17.615  -22.259  60.196 0.0000000000
56051  17.754  -24.801  60.622 0.0000000000
57166  16.656  -24.282  60.848 0.0000000000
57168  15.000  -24.769  61.399 0.0000000000
57151  14.203  -24.666  61.780 0.0000000000
68670  27.802  -14.495  60.068 0.0000000000
69774  26.960  -13.598  60.632 0.0000000000
68694  25.034  -14.106  59.246 0.0000000000
68718  23.977  -14.351  58.691 0.0000000000
67496  22.226  -14.109  60.331 0.0000000000
67517  22.283  -14.700  59.255 0.0000000000
66374  23.079  -16.457  58.438 0.0000000000
64085  21.886  -18.391  58.961 0.0000000000
62925  21.867  -19.890  59.390 0.0000000000
68713  31.844  -14.854  58.551 0.0000000000
68739  31.216  -14.706  57.023 0.0000000000
67557  31.467  -15.628  57.229 0.0000000000
65250  32.226  -17.312  56.274 0.0000000000
65248  34.057  -17.660  55.601 0.0000000000
64099  34.782  -19.470  56.054 0.0000000000
64123  36.755  -18.922  56.071 0.0000000000
65246  36.256  -17.957  55.832 0.0000000000
64098  38.286  -18.365  57.150 0.0000000000
64078  39.079  -18.594  58.264 0.0000000000
87438  51.422  2.837  44.370 0.0000000000
86373  51.156  2.157  43.848 0.0000000000
85305  51.804  0.168  43.349 0.0000000000
84249  50.032  -0.325  43.800 0.0000000000
84263  51.717  -0.878  43.859 0.0000000000
83145  44.226  -0.879  44.942 0.0000000000
82004  44.693  -3.008  45.788 0.0000000000
82005  43.857  -2.522  45.617 0.0000000000
80914  43.469  -3.221  45.954 0.0000000000
80896  43.430  -3.937  46.881 0.0000000000
80916  41.270  -3.332  46.375 0.0000000000
80884  42.587  -4.948  47.935 0.0000000000
79744  42.409  -5.384  48.779 0.0000000000
78601  42.239  -5.724  49.664 0.0000000000
81947  37.650  -2.226  49.797 0.0000000000
81976  37.838  -3.067  48.621 0.0000000000
79769  37.797  -3.802  47.723 0.0000000000
77557  36.949  -5.983  48.376 0.0000000000
78630  37.822  -5.637  47.895 0.0000000000
78629  38.969  -5.910  48.125 0.0000000000
77535  40.573  -6.456  49.274 0.0000000000
59346  34.495  -22.962  59.557 0.0000000000
59344  35.625  -23.323  59.657 0.0000000000
58232  34.211  -24.124  60.848 0.0000000000
58211  35.704  -24.760  62.021 0.0000000000
85259  44.453  1.478  46.422 0.0000000000
84234  44.020  0.100  45.320 0.0000000000
57131  12.582  -24.351  62.658 0.0000000000
58175  11.606  -24.070  63.644 0.0000000000
56007  11.470  -25.745  62.773 0.0000000000
54824  11.008  -26.669  62.999 0.0000000000
52454  10.743  -28.187  63.561 0.0000000000
51361  10.285  -29.465  63.945 0.0000000000
51363  8.266  -28.920  64.519 0.0000000000
51344  9.556  -30.123  64.407 0.0000000000
51343  10.590  -30.328  64.686 0.0000000000
49228  10.531  -31.362  66.405 0.0000000000
49222  10.020  -31.788  66.724 0.0000000000
47328  7.015  -34.302  67.269 0.0000000000
48274  6.041  -32.553  65.935 0.0000000000
47329  5.999  -34.122  67.108 0.0000000000
46363  5.799  -34.488  67.797 0.0000000000
46364  5.102  -34.719  67.802 0.0000000000
46354  4.348  -34.735  68.166 0.0000000000
46341  3.416  -34.116  68.555 0.0000000000
48220  3.300  -31.422  68.917 0.0000000000
47288  3.149  -32.738  69.419 0.0000000000
46342  2.686  -34.263  68.786 0.0000000000
60531  34.120  -21.328  58.969 0.0000000000
59365  33.839  -22.310  59.241 0.0000000000
58279  32.781  -22.849  59.223 0.0000000000
58260  32.504  -23.608  60.034 0.0000000000
58261  31.442  -23.811  60.093 0.0000000000
60535  30.155  -21.504  59.185 0.0000000000
58282  30.190  -23.220  59.857 0.0000000000
58236  30.036  -23.934  61.170 0.0000000000
66344  27.967  -16.070  58.721 0.0000000000
65212  27.375  -17.497  58.594 0.0000000000
65188  26.680  -17.868  59.022 0.0000000000
65166  24.964  -17.570  59.777 0.0000000000
64042  26.045  -18.589  60.381 0.0000000000
62907  27.243  -19.667  60.688 0.0000000000
81984  45.999  -3.672  46.882 0.0000000000
74246  33.653  -8.720  52.557 0.0000000000
73190  34.202  -10.071  50.723 0.0000000000
72076  35.093  -11.735  50.830 0.0000000000
69825  31.477  -13.858  55.888 0.0000000000
68807  31.526  -14.073  54.706 0.0000000000
69889  32.241  -13.327  53.279 0.0000000000
69845  34.399  -15.164  54.435 0.0000000000
69867  33.997  -14.800  53.842 0.0000000000
68827  33.753  -13.915  52.392 0.0000000000
69904  34.417  -13.687  52.021 0.0000000000
70953  35.369  -13.171  51.635 0.0000000000
70966  36.711  -12.301  51.524 0.0000000000
70950  37.818  -12.485  52.204 0.0000000000
58256  36.797  -23.823  59.951 0.0000000000
59343  37.597  -23.254  59.555 0.0000000000
59342  38.466  -22.803  59.927 0.0000000000
58227  38.819  -23.081  61.470 0.0000000000
60510  39.504  -21.565  59.987 0.0000000000
89748  57.844  5.090  41.643 0.0000000000
88572  53.611  3.156  43.365 0.0000000000
88583  54.890  3.089  42.695 0.0000000000
85301  55.072  0.867  43.516 0.0000000000
87448  55.598  2.208  42.798 0.0000000000
87461  55.470  2.892  42.470 0.0000000000
88569  57.012  3.215  42.559 0.0000000000
88568  57.633  3.589  42.889 0.0000000000
82022  46.317  -2.626  45.284 0.0000000000
82023  45.382  -2.367  45.197 0.0000000000
84254  45.600  -0.335  44.553 0.0000000000
73188  36.488  -10.531  50.042 0.0000000000
67493  29.218  -15.410  60.183 0.0000000000
60480  22.231  -21.812  62.144 0.0000000000
61664  22.273  -20.834  61.446 0.0000000000
70873  31.848  -12.724  57.534 0.0000000000
62927  19.144  -19.068  58.660 0.0000000000
62910  18.421  -18.627  59.265 0.0000000000
65170  19.226  -17.289  59.447 0.0000000000
66350  19.716  -16.933  59.299 0.0000000000
65195  19.692  -17.468  58.890 0.0000000000
64087  20.018  -18.173  58.642 0.0000000000
65208  32.955  -17.644  57.910 0.0000000000
60550  37.865  -21.478  58.031 0.0000000000
61739  37.991  -20.640  57.444 0.0000000000
61719  38.658  -20.736  58.058 0.0000000000
60528  39.347  -21.219  59.194 0.0000000000
85254  48.996  2.434  45.812 0.0000000000
86375  49.880  2.001  44.463 0.0000000000
85290  49.481  0.949  44.046 0.0000000000
84221  51.607  -2.422  45.804 0.0000000000
46338  7.784  -34.799  68.884 0.0000000000
83133  42.191  -1.002  45.793 0.0000000000
79779  39.782  -4.144  46.653 0.0000000000
79746  40.572  -5.329  47.773 0.0000000000
79747  39.581  -5.178  47.647 0.0000000000
80851  36.579  -3.274  49.744 0.0000000000
79726  35.798  -4.952  49.481 0.0000000000
75342  39.027  -8.649  49.837 0.0000000000
76446  38.859  -8.092  49.442 0.0000000000
75341  39.791  -8.434  50.287 0.0000000000
58234  31.982  -24.368  61.096 0.0000000000
58214  32.699  -24.739  61.708 0.0000000000
84212  41.726  0.283  47.595 0.0000000000
56019  19.284  -25.625  61.776 0.0000000000
54839  19.174  -26.038  62.296 0.0000000000
51341  12.500  -30.249  65.707 0.0000000000
50284  11.846  -30.711  66.138 0.0000000000
50288  7.835  -30.709  64.595 0.0000000000
49231  8.084  -31.756  64.696 0.0000000000
48287  6.752  -32.547  65.408 0.0000000000
49202  4.303  -30.356  68.295 0.0000000000
49203  3.910  -31.643  68.010 0.0000000000
48247  3.500  -32.672  67.872 0.0000000000
62920  30.766  -20.125  60.334 0.0000000000
61681  31.053  -20.539  60.587 0.0000000000
61700  31.674  -20.569  59.863 0.0000000000
60556  31.675  -21.712  58.848 0.0000000000
61724  27.857  -20.793  59.129 0.0000000000
60558  28.274  -21.152  58.808 0.0000000000
60538  27.794  -21.183  59.588 0.0000000000
60516  28.064  -21.618  59.945 0.0000000000
61704  27.457  -20.399  59.905 0.0000000000
67538  24.761  -15.263  58.402 0.0000000000
72065  32.502  -11.269  53.221 0.0000000000
70954  32.927  -12.343  52.211 0.0000000000
66407  33.618  -16.823  55.180 0.0000000000
67569  34.550  -16.201  55.164 0.0000000000
68783  37.443  -15.293  55.015 0.0000000000
69842  36.890  -14.892  54.487 0.0000000000
69841  37.825  -14.839  54.402 0.0000000000
89738  55.765  4.870  42.244 0.0000000000
85303  53.516  0.604  43.356 0.0000000000
65132  18.434  -16.200  61.257 0.0000000000
65151  18.173  -17.029  60.845 0.0000000000
66309  19.270  -15.748  60.729 0.0000000000
81982  47.914  -3.602  47.387 0.0000000000
61720  34.516  -20.377  57.410 0.0000000000
60551  37.009  -21.637  58.069 0.0000000000
85258  45.323  1.546  46.353 0.0000000000
85293  46.624  0.722  44.553 0.0000000000
85292  47.463  1.116  44.455 0.0000000000
83141  47.878  -2.128  44.614 0.0000000000
83096  40.232  -0.548  48.807 0.0000000000
83111  40.245  -0.681  48.041 0.0000000000
81974  39.036  -1.740  48.584 0.0000000000
74264  37.763  -9.488  49.735 0.0000000000
75343  38.371  -9.004  49.594 0.0000000000
74252  39.222  -9.864  50.838 0.0000000000
83109  41.523  0.241  48.742 0.0000000000
54865  16.784  -26.254  61.490 0.0000000000
54866  16.329  -26.147  61.841 0.0000000000
54821  14.767  -27.411  63.057 0.0000000000
54801  15.407  -27.760  63.534 0.0000000000
53634  15.915  -28.118  64.217 0.0000000000
53635  14.955  -28.310  63.848 0.0000000000
53654  13.030  -27.884  63.113 0.0000000000
53637  12.830  -28.869  64.175 0.0000000000
53638  11.966  -28.837  63.822 0.0000000000
52404  6.349  -28.326  66.812 0.0000000000
51323  5.475  -29.471  66.758 0.0000000000
51301  5.643  -28.908  67.143 0.0000000000
50234  4.511  -29.546  68.197 0.0000000000
64062  30.328  -19.019  60.435 0.0000000000
64063  30.067  -18.648  59.704 0.0000000000
64082  28.589  -18.840  58.626 0.0000000000
65211  28.244  -17.917  58.217 0.0000000000
64084  22.546  -18.600  59.208 0.0000000000
65193  23.150  -18.491  59.431 0.0000000000
65169  23.486  -19.063  59.985 0.0000000000
72032  32.105  -11.637  54.806 0.0000000000
70923  31.594  -12.435  54.891 0.0000000000
66387  36.591  -16.287  56.318 0.0000000000
66363  37.916  -16.703  57.774 0.0000000000
67530  38.012  -15.756  58.113 0.0000000000
46343  1.945  -34.296  69.019 0.0000000000
79690  37.130  -3.122  51.817 0.0000000000
78576  35.428  -5.437  51.780 0.0000000000
77500  34.843  -6.135  51.293 0.0000000000
76434  34.197  -7.467  51.326 0.0000000000
76447  34.453  -7.653  50.461 0.0000000000
74278  34.599  -9.143  49.947 0.0000000000
74266  34.240  -9.121  50.412 0.0000000000
60518  21.733  -21.768  59.848 0.0000000000
59373  19.423  -22.095  59.307 0.0000000000
59352  20.193  -22.927  59.716 0.0000000000
58266  19.737  -23.819  59.775 0.0000000000
62890  17.325  -19.040  60.641 0.0000000000
61686  17.703  -19.920  60.218 0.0000000000
59355  17.302  -23.030  60.503 0.0000000000
58268  17.755  -23.653  60.070 0.0000000000
57183  17.705  -24.404  60.401 0.0000000000
57165  17.402  -24.630  60.625 0.0000000000
58242  15.516  -23.623  61.482 0.0000000000
58243  15.131  -24.079  61.614 0.0000000000
57150  14.625  -24.112  61.903 0.0000000000
68650  27.608  -13.715  61.145 0.0000000000
68651  26.580  -13.590  61.104 0.0000000000
68673  24.753  -14.061  60.280 0.0000000000
68672  25.752  -14.070  60.169 0.0000000000
68717  24.420  -14.436  58.685 0.0000000000
68695  24.071  -13.957  59.166 0.0000000000
66348  20.750  -15.669  59.133 0.0000000000
67518  21.530  -15.211  58.940 0.0000000000
67541  21.536  -15.957  58.707 0.0000000000
67540  22.288  -15.594  58.568 0.0000000000
66375  22.044  -16.664  58.556 0.0000000000
65217  21.548  -17.549  58.616 0.0000000000
62926  20.701  -19.392  58.857 0.0000000000
64069  21.501  -19.025  59.092 0.0000000000
61685  22.083  -20.811  60.212 0.0000000000
67556  31.893  -15.722  57.943 0.0000000000
64127  32.711  -17.867  56.383 0.0000000000
65249  33.018  -17.576  55.734 0.0000000000
62991  35.737  -19.973  56.206 0.0000000000
62989  37.523  -19.655  56.667 0.0000000000
64136  36.184  -19.474  55.841 0.0000000000
65245  37.207  -17.831  56.282 0.0000000000
64122  37.853  -18.646  56.610 0.0000000000
64097  38.588  -18.695  57.684 0.0000000000
85243  47.832  2.627  47.128 0.0000000000
86356  50.939  3.213  45.132 0.0000000000
86357  50.742  2.873  44.876 0.0000000000
86390  51.847  1.246  43.275 0.0000000000
83173  51.208  -1.402  44.028 0.0000000000
84264  50.853  -0.954  43.682 0.0000000000
83146  43.449  -0.699  45.244 0.0000000000
82025  43.612  -1.583  45.287 0.0000000000
83135  40.640  -1.384  46.881 0.0000000000
80898  40.923  -4.183  46.765 0.0000000000
80897  42.183  -4.299  47.185 0.0000000000
79764  42.023  -5.104  47.810 0.0000000000
78626  41.535  -5.730  48.875 0.0000000000
78625  41.918  -5.688  49.234 0.0000000000
78602  41.572  -6.061  49.470 0.0000000000
80868  38.253  -1.761  50.275 0.0000000000
80870  36.961  -3.613  49.133 0.0000000000
80869  37.454  -3.294  48.951 0.0000000000
80886  37.529  -3.608  48.249 0.0000000000
79749  37.608  -4.486  47.879 0.0000000000
77537  38.814  -6.583  48.481 0.0000000000
78606  38.379  -6.208  48.121 0.0000000000
78605  38.728  -6.231  48.237 0.0000000000
77555  39.282  -6.370  48.382 0.0000000000
77554  39.537  -6.269  48.279 0.0000000000
77536  39.760  -6.614  48.736 0.0000000000
58258  34.775  -23.485  60.204 0.0000000000
58212  34.647  -24.804  61.715 0.0000000000
85247  44.360  1.488  47.198 0.0000000000
84235  43.277  0.022  45.691 0.0000000000
85276  43.761  0.904  45.870 0.0000000000
58217  21.743  -23.768  61.437 0.0000000000
57128  21.495  -24.361  63.362 0.0000000000
54818  17.465  -26.923  63.072 0.0000000000
58198  12.939  -23.710  62.835 0.0000000000
56009  9.899  -25.356  63.817 0.0000000000
57109  10.415  -24.625  63.962 0.0000000000
57134  10.443  -25.046  63.508 0.0000000000
57133  11.057  -24.710  63.241 0.0000000000
52455  9.939  -28.032  63.649 0.0000000000
53656  10.458  -27.415  63.288 0.0000000000
52433  10.415  -28.683  63.605 0.0000000000
52432  11.215  -28.896  63.845 0.0000000000
52436  7.537  -28.147  64.872 0.0000000000
52435  7.992  -28.236  64.605 0.0000000000
50287  8.854  -30.825  64.486 0.0000000000
50285  10.786  -30.899  65.687 0.0000000000
48271  9.353  -32.243  66.080 0.0000000000
48258  9.559  -32.528  67.105 0.0000000000
47346  7.671  -33.758  66.570 0.0000000000
47327  7.818  -33.853  67.608 0.0000000000
47311  7.490  -34.198  68.003 0.0000000000
48260  4.352  -32.852  66.928 0.0000000000
47349  4.844  -33.157  66.692 0.0000000000
48211  3.362  -30.661  69.155 0.0000000000
48221  3.009  -32.299  69.193 0.0000000000
47289  2.907  -32.709  69.447 0.0000000000
47300  2.501  -33.286  69.229 0.0000000000
47290  2.644  -32.677  69.343 0.0000000000
58278  33.353  -22.650  59.246 0.0000000000
58280  31.817  -22.919  59.444 0.0000000000
58281  30.834  -23.088  59.618 0.0000000000
59369  29.816  -22.566  59.479 0.0000000000
59347  29.506  -22.908  59.924 0.0000000000
58262  30.505  -23.670  60.293 0.0000000000
58263  29.601  -23.299  60.356 0.0000000000
58237  29.154  -23.639  61.613 0.0000000000
67513  28.132  -15.448  59.290 0.0000000000
68691  27.481  -15.013  59.087 0.0000000000
66370  27.205  -16.384  58.601 0.0000000000
65213  26.627  -17.072  58.687 0.0000000000
65167  24.230  -17.775  60.000 0.0000000000
66324  24.808  -17.412  59.598 0.0000000000
65146  24.787  -18.222  60.388 0.0000000000
64018  26.053  -19.052  61.293 0.0000000000
64041  26.754  -19.023  60.591 0.0000000000
82003  45.688  -3.287  45.901 0.0000000000
81985  45.142  -3.642  46.666 0.0000000000
73178  33.555  -9.934  51.969 0.0000000000
72077  33.929  -11.302  51.204 0.0000000000
72087  34.809  -10.902  50.660 0.0000000000
69808  31.377  -13.806  56.704 0.0000000000
68761  31.437  -14.656  56.145 0.0000000000
68806  31.899  -14.668  54.243 0.0000000000
69869  31.601  -13.497  54.224 0.0000000000
69868  32.581  -14.322  53.649 0.0000000000
68759  35.655  -15.597  55.560 0.0000000000
68784  35.167  -15.453  55.155 0.0000000000
69824  35.478  -15.317  55.179 0.0000000000
69866  35.194  -14.526  53.907 0.0000000000
69887  34.333  -14.402  52.880 0.0000000000
69888  33.253  -14.083  52.857 0.0000000000
68826  34.121  -14.143  52.505 0.0000000000
70952  36.273  -12.997  51.847 0.0000000000
70967  35.698  -12.432  51.338 0.0000000000
70951  37.099  -12.743  52.083 0.0000000000
70965  37.398  -12.253  51.727 0.0000000000
69901  37.634  -13.106  52.539 0.0000000000
69862  39.256  -13.344  53.857 0.0000000000
58257  35.742  -23.555  60.098 0.0000000000
58255  37.722  -23.520  60.305 0.0000000000
59324  38.709  -22.728  60.859 0.0000000000
59323  39.419  -22.551  61.026 0.0000000000
89737  56.920  4.564  41.635 0.0000000000
89749  57.271  5.416  41.531 0.0000000000
89736  57.853  4.349  42.210 0.0000000000
87437  52.227  3.181  43.892 0.0000000000
88573  53.052  2.899  43.458 0.0000000000
87449  54.599  2.429  42.866 0.0000000000
86386  55.572  1.280  43.349 0.0000000000
87447  56.409  2.636  42.604 0.0000000000
82021  47.262  -2.695  45.425 0.0000000000
60554  34.737  -21.473  58.255 0.0000000000
60577  35.101  -21.523  57.993 0.0000000000
60553  35.396  -21.916  58.455 0.0000000000
59386  36.156  -22.484  58.685 0.0000000000
84253  46.256  -0.208  44.374 0.0000000000
83160  46.596  -1.051  44.351 0.0000000000
83142  46.913  -1.960  44.672 0.0000000000
45373  4.850  -36.051  69.282 0.0000000000
81959  39.944  -0.979  49.731 0.0000000000
81960  38.999  -1.093  49.461 0.0000000000
75356  35.567  -8.419  49.447 0.0000000000
74276  36.117  -9.188  49.469 0.0000000000
73199  37.140  -10.006  49.635 0.0000000000
73187  37.667  -10.416  50.345 0.0000000000
73177  38.159  -10.698  51.026 0.0000000000
72062  38.389  -11.854  52.096 0.0000000000
56022  15.323  -26.079  61.838 0.0000000000
54843  15.855  -26.612  62.479 0.0000000000
54844  14.969  -26.675  62.400 0.0000000000
54822  14.249  -27.352  62.884 0.0000000000
53653  14.167  -27.792  63.205 0.0000000000
53678  13.648  -27.370  62.795 0.0000000000
52381  6.054  -28.110  67.873 0.0000000000
65165  30.011  -17.440  60.041 0.0000000000
66342  29.608  -16.762  59.334 0.0000000000
66343  28.794  -16.210  58.971 0.0000000000
62908  22.600  -19.910  60.480 0.0000000000
61663  22.545  -20.341  61.021 0.0000000000
70888  31.688  -12.340  56.697 0.0000000000
65183  38.783  -17.118  58.560 0.0000000000
77491  34.582  -6.805  52.347 0.0000000000
75330  33.668  -8.012  51.874 0.0000000000
60539  20.809  -21.528  59.169 0.0000000000
60540  19.778  -21.321  59.122 0.0000000000
60541  18.812  -21.226  59.284 0.0000000000
61665  17.389  -20.000  61.124 0.0000000000
59330  16.690  -22.550  60.977 0.0000000000
68654  23.768  -13.806  61.073 0.0000000000
67483  20.463  -14.578  60.623 0.0000000000
68675  20.865  -14.658  60.226 0.0000000000
66326  20.096  -15.360  60.061 0.0000000000
66377  20.502  -16.621  58.829 0.0000000000
65218  20.612  -17.426  58.621 0.0000000000
62947  20.055  -18.838  58.580 0.0000000000
66367  32.412  -16.600  58.025 0.0000000000
65229  32.861  -18.126  57.239 0.0000000000
64102  32.873  -18.206  56.784 0.0000000000
61741  36.570  -20.833  56.939 0.0000000000
61759  36.748  -20.333  56.663 0.0000000000
61740  37.337  -20.498  57.017 0.0000000000
62964  38.319  -19.744  57.345 0.0000000000
64121  38.332  -18.950  57.044 0.0000000000
62916  39.303  -20.127  58.908 0.0000000000
85255  48.076  2.317  46.072 0.0000000000
83155  51.299  -1.595  44.722 0.0000000000
84232  51.737  -1.866  45.358 0.0000000000
84236  42.633  -0.152  45.934 0.0000000000
82026  42.937  -1.223  45.355 0.0000000000
82007  41.655  -2.155  46.111 0.0000000000
82009  39.437  -2.951  46.745 0.0000000000
80899  40.364  -4.178  46.625 0.0000000000
78627  40.859  -5.823  48.419 0.0000000000
80850  36.783  -2.825  50.314 0.0000000000
81948  37.223  -2.519  49.861 0.0000000000
77538  37.621  -6.485  48.422 0.0000000000
77516  39.606  -7.067  49.278 0.0000000000
84186  42.590  0.737  49.111 0.0000000000
84198  42.474  0.706  48.493 0.0000000000
85260  43.672  1.281  46.702 0.0000000000
56018  20.128  -25.315  62.264 0.0000000000
52417  13.405  -29.566  65.342 0.0000000000
51321  13.064  -29.980  66.717 0.0000000000
50266  12.085  -30.576  66.976 0.0000000000
55987  9.657  -25.257  64.488 0.0000000000
54825  10.029  -26.362  63.241 0.0000000000
52456  9.212  -27.733  63.802 0.0000000000
51346  7.595  -29.362  64.920 0.0000000000
50302  8.270  -30.958  64.493 0.0000000000
49237  8.505  -31.300  64.555 0.0000000000
49230  9.139  -31.702  64.775 0.0000000000
48285  8.741  -32.374  65.343 0.0000000000
47359  7.305  -33.472  65.847 0.0000000000
49225  4.751  -32.330  66.770 0.0000000000
49216  4.338  -31.999  67.224 0.0000000000
49217  4.037  -32.557  67.262 0.0000000000
47331  4.013  -33.191  67.179 0.0000000000
47313  3.724  -33.315  67.510 0.0000000000
48223  2.811  -32.044  68.866 0.0000000000
60555  31.963  -21.712  58.767 0.0000000000
59389  31.723  -21.975  58.735 0.0000000000
61722  28.852  -20.529  58.534 0.0000000000
60557  28.597  -20.960  58.604 0.0000000000
59370  28.767  -22.140  59.597 0.0000000000
58264  28.698  -23.079  60.853 0.0000000000
59349  28.197  -22.200  60.554 0.0000000000
68693  26.041  -14.101  58.939 0.0000000000
67514  26.792  -14.760  58.669 0.0000000000
67537  25.835  -15.157  58.539 0.0000000000
66345  25.581  -16.731  58.828 0.0000000000
64020  24.545  -18.704  61.035 0.0000000000
64003  24.824  -18.908  61.798 0.0000000000
80895  44.259  -3.594  46.407 0.0000000000
80863  45.618  -3.937  48.638 0.0000000000
72050  32.795  -10.302  53.847 0.0000000000
73168  33.184  -10.170  52.895 0.0000000000
72078  33.433  -11.507  51.824 0.0000000000
66428  32.229  -16.442  55.514 0.0000000000
67591  31.999  -15.848  55.451 0.0000000000
67590  32.893  -16.021  54.830 0.0000000000
68786  33.410  -15.593  54.564 0.0000000000
69823  35.893  -15.185  55.231 0.0000000000
69822  36.675  -15.261  55.183 0.0000000000
69885  36.489  -13.991  53.090 0.0000000000
69884  37.456  -13.720  53.106 0.0000000000
58210  36.806  -24.557  61.877 0.0000000000
58209  37.769  -24.296  61.886 0.0000000000
86371  56.607  1.023  43.997 0.0000000000
86384  56.994  2.062  42.993 0.0000000000
64048  18.118  -18.363  59.569 0.0000000000
64023  18.266  -17.548  59.935 0.0000000000
66308  20.085  -14.625  61.201 0.0000000000
81998  50.473  -3.112  46.882 0.0000000000
81981  48.850  -3.257  47.522 0.0000000000
62968  33.728  -19.177  57.612 0.0000000000
62940  34.226  -19.858  57.312 0.0000000000
60576  35.577  -21.355  57.847 0.0000000000
60574  37.161  -21.178  57.461 0.0000000000
85273  46.434  1.479  45.252 0.0000000000
85272  47.269  1.850  45.168 0.0000000000
83158  48.438  -1.149  44.294 0.0000000000
46339  6.885  -35.275  69.235 0.0000000000
83123  41.116  -0.380  47.629 0.0000000000
80900  38.767  -3.363  47.176 0.0000000000
79768  38.267  -4.047  47.439 0.0000000000
78608  35.401  -5.595  49.583 0.0000000000
75355  36.560  -8.414  49.227 0.0000000000
74262  39.461  -9.186  50.453 0.0000000000
73165  39.992  -10.622  51.943 0.0000000000
72072  39.115  -10.818  51.475 0.0000000000
72060  40.017  -10.863  52.330 0.0000000000
57142  31.756  -25.060  62.400 0.0000000000
83122  41.371  0.092  48.137 0.0000000000
54840  18.600  -26.247  61.980 0.0000000000
54841  17.644  -26.668  62.037 0.0000000000
54819  16.478  -27.166  63.018 0.0000000000
53599  14.502  -29.149  65.586 0.0000000000
53617  13.843  -29.264  64.936 0.0000000000
52418  12.782  -29.669  64.941 0.0000000000
51359  12.026  -29.844  64.936 0.0000000000
52419  7.270  -28.332  65.452 0.0000000000
51347  6.807  -29.100  65.462 0.0000000000
50268  5.875  -30.706  65.770 0.0000000000
51302  5.096  -29.597  67.313 0.0000000000
50251  4.817  -30.354  67.132 0.0000000000
50235  4.547  -30.054  67.735 0.0000000000
49201  4.271  -29.574  68.519 0.0000000000
49189  4.009  -29.590  68.766 0.0000000000
62906  30.360  -19.758  60.812 0.0000000000
64081  29.321  -18.799  59.031 0.0000000000
62943  29.141  -19.689  58.616 0.0000000000
62944  28.381  -19.732  58.680 0.0000000000
65215  23.692  -17.287  58.591 0.0000000000
65214  24.072  -17.147  58.561 0.0000000000
65192  23.723  -18.066  59.063 0.0000000000
64045  23.952  -18.485  60.408 0.0000000000
65149  23.440  -19.202  60.465 0.0000000000
65148  23.682  -18.906  60.468 0.0000000000
64021  23.943  -18.963  61.052 0.0000000000
72051  31.910  -11.176  53.802 0.0000000000
66405  36.081  -16.835  55.881 0.0000000000
67567  36.219  -15.946  56.151 0.0000000000
67566  36.907  -15.668  56.355 0.0000000000
84261  53.462  -0.078  43.703 0.0000000000
84260  53.994  0.146  43.615 0.0000000000
80828  38.443  -2.290  51.523 0.0000000000
79708  37.368  -2.823  51.476 0.0000000000
79709  36.926  -3.116  51.155 0.0000000000
79692  35.670  -4.606  51.186 0.0000000000
77517  34.870  -6.272  50.265 0.0000000000
77541  34.746  -7.139  50.028 0.0000000000
76466  34.715  -7.723  49.967 0.0000000000
74277  35.204  -9.294  49.731 0.0000000000
73189  35.246  -10.238  50.156 0.0000000000
59315  22.091  -22.785  61.753 0.0000000000
58239  21.221  -23.653  60.824 0.0000000000
59351  21.055  -22.490  59.642 0.0000000000
59328  21.049  -23.221  60.129 0.0000000000
57162  20.862  -24.165  61.026 0.0000000000
57163  20.090  -24.589  60.658 0.0000000000
57164  19.448  -25.213  60.940 0.0000000000
62911  17.988  -19.126  59.505 0.0000000000
61708  18.092  -20.397  59.369 0.0000000000
60542  18.052  -21.209  59.470 0.0000000000
59375  17.852  -21.577  59.754 0.0000000000
59374  18.417  -21.899  59.494 0.0000000000
58267  18.690  -23.631  59.836 0.0000000000
57182  18.759  -24.560  60.374 0.0000000000
56030  18.674  -25.339  60.883 0.0000000000
56031  17.700  -25.197  60.838 0.0000000000
56032  16.711  -25.429  60.950 0.0000000000
57167  15.746  -24.613  61.070 0.0000000000
56034  14.933  -25.422  61.498 0.0000000000
56035  14.511  -25.222  61.565 0.0000000000
57152  13.141  -24.803  62.164 0.0000000000
68669  28.821  -14.773  60.457 0.0000000000
68649  28.539  -14.260  61.105 0.0000000000
69773  27.312  -13.751  60.589 0.0000000000
68671  26.770  -13.911  60.024 0.0000000000
67539  23.522  -14.887  58.501 0.0000000000
67495  23.152  -13.626  60.740 0.0000000000
67497  21.185  -14.685  59.877 0.0000000000
67516  23.114  -13.951  59.609 0.0000000000
62924  22.362  -19.685  59.770 0.0000000000
62909  22.250  -20.137  60.100 0.0000000000
69807  31.503  -13.712  57.698 0.0000000000
68738  31.441  -14.819  57.864 0.0000000000
66389  31.510  -16.071  56.833 0.0000000000
66388  31.800  -16.635  57.121 0.0000000000
66410  31.582  -16.249  56.583 0.0000000000
66409  31.764  -16.486  56.029 0.0000000000
66408  32.540  -16.920  55.554 0.0000000000
62967  33.971  -19.466  57.189 0.0000000000
64100  34.396  -19.224  56.375 0.0000000000
64125  34.223  -18.561  55.928 0.0000000000
64137  35.917  -19.646  55.883 0.0000000000
64124  35.385  -19.173  55.726 0.0000000000
65247  35.177  -17.840  55.601 0.0000000000
66404  36.752  -17.296  56.020 0.0000000000
65228  38.054  -17.593  57.109 0.0000000000
65227  38.507  -18.021  57.408 0.0000000000
65204  38.755  -17.551  57.915 0.0000000000
85306  50.923  -0.050  43.444 0.0000000000
84262  52.635  -0.395  43.807 0.0000000000
82024  44.460  -1.983  45.146 0.0000000000
79724  42.898  -5.515  49.832 0.0000000000
81961  38.202  -1.822  49.561 0.0000000000
81962  37.670  -2.593  49.239 0.0000000000
80885  37.992  -3.171  48.075 0.0000000000
80901  38.162  -3.468  47.648 0.0000000000
78607  36.042  -5.256  49.034 0.0000000000
78631  36.843  -5.246  48.401 0.0000000000
77556  37.256  -5.855  48.183 0.0000000000
79748  38.565  -4.900  47.722 0.0000000000
78604  40.470  -6.251  48.676 0.0000000000
77515  40.114  -6.930  49.620 0.0000000000
77534  41.068  -6.320  49.439 0.0000000000
59345  35.232  -23.226  59.579 0.0000000000
58231  35.219  -23.880  61.152 0.0000000000
85246  45.075  1.619  47.120 0.0000000000
85275  44.657  1.000  45.622 0.0000000000
56004  20.591  -25.207  63.162 0.0000000000
54816  19.071  -26.297  62.584 0.0000000000
58222  13.915  -23.718  62.271 0.0000000000
58223  13.549  -24.171  62.219 0.0000000000
58200  11.725  -24.448  63.153 0.0000000000
57132  12.057  -24.846  62.569 0.0000000000
56025  12.396  -25.928  62.486 0.0000000000
54823  12.041  -26.900  62.709 0.0000000000
51360  11.301  -29.733  64.445 0.0000000000
53640  8.053  -27.577  64.627 0.0000000000
52434  8.604  -28.156  64.088 0.0000000000
51362  9.067  -29.209  63.849 0.0000000000
49229  9.876  -31.601  65.662 0.0000000000
49221  10.624  -31.412  67.206 0.0000000000
47345  8.333  -33.567  67.181 0.0000000000
46351  7.661  -34.465  68.328 0.0000000000
46352  6.906  -34.777  68.155 0.0000000000
48275  5.185  -32.624  66.519 0.0000000000
47348  5.515  -33.434  66.540 0.0000000000
46362  6.420  -34.400  67.639 0.0000000000
46353  5.562  -35.408  68.459 0.0000000000
45385  4.634  -35.582  68.559 0.0000000000
49176  3.598  -29.924  69.110 0.0000000000
48233  3.203  -32.315  69.006 0.0000000000
48212  3.116  -31.380  69.107 0.0000000000
47299  3.182  -33.071  69.212 0.0000000000
58235  30.907  -24.277  60.967 0.0000000000
57159  30.366  -24.414  61.840 0.0000000000
67494  28.568  -15.138  59.899 0.0000000000
67535  27.497  -15.549  58.771 0.0000000000
66369  28.089  -16.885  58.575 0.0000000000
62923  27.294  -19.355  59.816 0.0000000000
66347  24.642  -17.359  59.191 0.0000000000
66346  25.078  -17.083  59.207 0.0000000000
64066  25.493  -17.686  59.625 0.0000000000
64043  25.361  -18.255  60.030 0.0000000000
64065  26.009  -18.078  59.600 0.0000000000
64064  26.789  -18.537  59.744 0.0000000000
61683  27.513  -20.317  60.872 0.0000000000
81972  45.511  -3.853  47.443 0.0000000000
75320  34.307  -7.954  52.911 0.0000000000
74254  33.871  -9.057  51.369 0.0000000000
72086  35.734  -11.053  50.577 0.0000000000
70889  31.278  -13.078  56.327 0.0000000000
70906  31.271  -13.255  55.657 0.0000000000
68788  31.563  -14.747  55.197 0.0000000000
69847  31.379  -13.778  55.208 0.0000000000
69846  31.262  -13.150  55.054 0.0000000000
68760  35.013  -15.732  55.401 0.0000000000
68785  34.456  -15.589  54.802 0.0000000000
68804  33.875  -15.256  54.346 0.0000000000
69844  35.115  -15.092  54.665 0.0000000000
69906  32.690  -13.282  52.735 0.0000000000
69905  33.155  -13.262  52.126 0.0000000000
69917  33.637  -13.200  51.668 0.0000000000
72075  36.222  -11.711  51.035 0.0000000000
72063  37.804  -12.086  51.748 0.0000000000
70949  38.374  -12.521  52.569 0.0000000000
69883  38.417  -13.207  52.994 0.0000000000
70939  38.850  -12.494  52.940 0.0000000000
58276  36.436  -23.451  59.476 0.0000000000
59362  36.838  -23.117  59.063 0.0000000000
58208  38.543  -23.759  62.035 0.0000000000
60511  38.857  -22.003  59.917 0.0000000000
61695  39.596  -20.661  59.194 0.0000000000
88560  53.189  3.938  44.064 0.0000000000
85302  54.502  0.530  43.558 0.0000000000
86387  54.528  1.450  43.258 0.0000000000
87462  55.125  2.632  42.694 0.0000000000
87460  55.824  3.221  42.326 0.0000000000
87446  57.432  2.685  43.247 0.0000000000
48248  3.745  -32.818  67.399 0.0000000000
48261  4.004  -32.855  67.176 0.0000000000
50217  4.508  -29.129  68.754 0.0000000000
50218  4.199  -29.024  69.009 0.0000000000
50236  4.663  -29.897  67.594 0.0000000000
50247  12.277  -30.232  67.461 0.0000000000
50252  4.764  -29.916  67.401 0.0000000000
50303  8.029  -30.905  64.520 0.0000000000
51285  4.659  -29.738  67.756 0.0000000000
51303  4.795  -29.706  67.561 0.0000000000
51320  13.649  -29.873  67.032 0.0000000000
51386  9.292  -28.393  63.713 0.0000000000
53621  7.508  -27.550  65.152 0.0000000000
53652  14.740  -27.909  63.335 0.0000000000
53677  14.005  -27.341  62.833 0.0000000000
56006  19.182  -26.393  62.968 0.0000000000
56010  9.552  -25.594  64.275 0.0000000000
56021  16.054  -26.076  62.117 0.0000000000
56050  18.140  -24.885  60.627 0.0000000000
57147  21.328  -24.167  61.274 0.0000000000
57153  12.674  -25.350  62.299 0.0000000000
57169  14.664  -25.012  61.492 0.0000000000
57184  17.209  -24.250  60.596 0.0000000000
58199  12.229  -24.199  63.171 0.0000000000
58277  36.201  -23.509  59.709 0.0000000000
59341  38.991  -22.316  60.368 0.0000000000
59363  35.847  -23.204  59.230 0.0000000000
59384  37.412  -21.915  58.419 0.0000000000
59388  31.964  -21.945  58.674 0.0000000000
60537  28.270  -21.579  59.302 0.0000000000
60559  27.956  -21.233  59.103 0.0000000000
61707  19.056  -20.403  59.010 0.0000000000
62942  33.651  -18.988  57.807 0.0000000000
62946  20.426  -18.691  58.654 0.0000000000
62990  36.503  -19.798  56.312 0.0000000000
63002  36.211  -19.646  56.019 0.0000000000
63003  36.053  -19.815  56.112 0.0000000000
64044  24.247  -18.490  60.565 0.0000000000
64046  23.094  -19.480  60.528 0.0000000000
64047  18.567  -17.938  59.484 0.0000000000
64068  22.185  -19.157  59.321 0.0000000000
65190  25.334  -17.358  59.489 0.0000000000
65209  32.375  -17.154  57.558 0.0000000000
65219  20.104  -17.537  58.718 0.0000000000
66323  25.016  -17.265  59.595 0.0000000000
66349  20.068  -16.347  59.320 0.0000000000
66362  38.396  -16.823  58.395 0.0000000000
66426  33.249  -16.378  54.958 0.0000000000
67498  20.625  -14.762  60.189 0.0000000000
67512  28.812  -15.630  59.585 0.0000000000
67515  26.497  -14.707  58.676 0.0000000000
67536  26.840  -15.242  58.601 0.0000000000
67571  31.450  -15.681  56.308 0.0000000000
67592  31.522  -15.262  55.749 0.0000000000
68655  20.886  -14.528  60.467 0.0000000000
68656  20.616  -14.606  60.491 0.0000000000
68668  29.289  -14.981  60.609 0.0000000000
68676  20.701  -14.636  60.396 0.0000000000
68714  27.265  -15.180  58.760 0.0000000000
68715  27.176  -14.934  58.768 0.0000000000
68816  34.153  -14.305  52.693 0.0000000000
68817  33.907  -14.246  52.633 0.0000000000
69762  27.400  -13.650  60.879 0.0000000000
69763  27.176  -13.579  60.875 0.0000000000
69794  31.647  -14.234  58.249 0.0000000000
69806  32.047  -13.156  57.983 0.0000000000
69870  31.406  -13.614  54.785 0.0000000000
69900  38.068  -12.844  52.575 0.0000000000
69916  33.923  -13.073  51.422 0.0000000000
72046  38.652  -12.146  52.642 0.0000000000
73176  38.825  -10.438  51.114 0.0000000000
73200  36.530  -9.822  49.541 0.0000000000
74253  38.774  -10.038  50.738 0.0000000000
79778  40.117  -4.178  46.583 0.0000000000
80829  37.691  -2.846  51.887 0.0000000000
80887  37.259  -3.677  48.735 0.0000000000
80902  37.828  -3.497  47.882 0.0000000000
81949  36.809  -2.771  49.829 0.0000000000
83172  51.558  -1.337  44.310 0.0000000000
84210  44.130  1.440  47.770 0.0000000000
84213  41.318  -0.001  47.397 0.0000000000
86360  47.027  1.709  44.875 0.0000000000
86361  46.801  1.699  44.988 0.0000000000
86376  47.181  1.578  44.745 0.0000000000
87428  51.038  3.152  44.861 0.0000000000
