#!ascii label  , from subject 3805 vox2ras=TkReg
1245
68235  -42.541  -11.142  52.802 0.0000000000
76835  -55.025  -2.650  43.381 0.0000000000
71506  -48.379  -7.758  47.424 0.0000000000
51830  -14.419  -25.156  75.428 0.0000000000
68166  -41.123  -10.340  56.256 0.0000000000
57619  -29.974  -20.043  69.927 0.0000000000
58736  -38.630  -18.680  67.191 0.0000000000
61146  -44.441  -16.323  61.579 0.0000000000
64857  -46.341  -12.769  59.423 0.0000000000
55489  -21.840  -22.200  69.169 0.0000000000
55459  -25.470  -21.563  71.933 0.0000000000
56615  -26.598  -20.475  65.980 0.0000000000
58827  -34.390  -18.804  63.229 0.0000000000
59944  -39.543  -17.941  62.752 0.0000000000
71393  -45.317  -8.571  57.640 0.0000000000
69349  -48.520  -10.354  55.580 0.0000000000
73607  -52.223  -5.272  45.845 0.0000000000
68315  -45.655  -10.951  48.896 0.0000000000
77931  -51.764  -2.586  37.932 0.0000000000
49618  -12.313  -26.774  78.268 0.0000000000
70341  -44.097  -8.750  59.513 0.0000000000
70415  -40.903  -8.925  54.862 0.0000000000
58804  -30.701  -18.720  64.409 0.0000000000
57667  -34.425  -19.711  68.278 0.0000000000
70432  -49.985  -8.125  52.086 0.0000000000
80802  -55.881  2.042  36.200 0.0000000000
61177  -41.941  -16.747  59.329 0.0000000000
62411  -43.960  -15.777  59.258 0.0000000000
56567  -24.132  -21.775  68.162 0.0000000000
58879  -36.920  -18.728  60.263 0.0000000000
60002  -40.079  -17.661  60.750 0.0000000000
59969  -42.424  -17.568  62.522 0.0000000000
69345  -44.301  -10.127  55.390 0.0000000000
69329  -46.477  -9.939  56.676 0.0000000000
68218  -45.358  -11.288  53.576 0.0000000000
74675  -54.124  -4.374  44.886 0.0000000000
75679  -54.243  -3.976  47.616 0.0000000000
77898  -56.478  -0.873  42.908 0.0000000000
49657  -13.175  -26.353  73.611 0.0000000000
50707  -13.277  -25.627  76.966 0.0000000000
67103  -44.315  -11.643  57.600 0.0000000000
68126  -45.662  -10.050  59.448 0.0000000000
69314  -42.894  -9.695  58.015 0.0000000000
71370  -41.733  -7.891  57.128 0.0000000000
70378  -40.448  -8.895  56.071 0.0000000000
56531  -28.416  -20.473  71.014 0.0000000000
56487  -27.547  -20.407  73.893 0.0000000000
57561  -29.932  -19.848  72.970 0.0000000000
57580  -31.650  -19.375  71.222 0.0000000000
59936  -28.964  -18.499  63.095 0.0000000000
59982  -30.622  -17.824  61.925 0.0000000000
58783  -37.188  -19.108  65.477 0.0000000000
59905  -34.517  -19.172  65.465 0.0000000000
58708  -36.772  -19.389  68.002 0.0000000000
57623  -36.174  -19.593  69.763 0.0000000000
53021  -16.822  -24.101  71.404 0.0000000000
54181  -18.946  -22.849  74.445 0.0000000000
54128  -19.208  -22.228  77.358 0.0000000000
69464  -47.320  -9.198  47.794 0.0000000000
69416  -48.068  -9.588  50.507 0.0000000000
70485  -49.294  -8.268  49.393 0.0000000000
80820  -57.724  2.137  34.592 0.0000000000
54110  -14.333  -22.950  78.857 0.0000000000
62336  -45.834  -16.110  63.526 0.0000000000
64779  -47.208  -13.795  63.489 0.0000000000
62395  -45.437  -14.928  61.001 0.0000000000
64868  -44.220  -13.850  57.903 0.0000000000
54231  -21.808  -22.536  71.220 0.0000000000
55420  -23.958  -22.040  73.463 0.0000000000
55473  -23.751  -21.883  70.092 0.0000000000
56551  -25.936  -21.172  69.506 0.0000000000
56587  -28.431  -20.415  68.170 0.0000000000
59984  -32.400  -18.558  61.424 0.0000000000
58877  -34.842  -18.849  60.221 0.0000000000
58830  -37.388  -18.907  63.372 0.0000000000
58786  -39.907  -19.008  65.075 0.0000000000
59924  -41.668  -18.308  64.853 0.0000000000
61093  -44.261  -17.327  64.319 0.0000000000
54279  -19.427  -23.022  69.032 0.0000000000
72386  -46.801  -7.172  60.230 0.0000000000
72370  -49.820  -6.820  61.596 0.0000000000
71341  -48.088  -7.689  59.338 0.0000000000
71377  -49.262  -8.236  57.884 0.0000000000
73604  -49.916  -5.835  46.473 0.0000000000
73584  -51.130  -6.279  48.878 0.0000000000
74617  -52.229  -4.966  47.997 0.0000000000
47396  -8.045  -28.653  82.231 0.0000000000
68273  -44.566  -11.603  50.547 0.0000000000
69473  -44.476  -9.438  46.412 0.0000000000
73602  -47.813  -6.290  45.725 0.0000000000
73642  -48.788  -5.470  44.481 0.0000000000
74689  -50.806  -5.074  43.123 0.0000000000
75737  -52.411  -4.141  41.771 0.0000000000
76856  -54.256  -2.500  41.696 0.0000000000
75765  -51.098  -4.213  39.095 0.0000000000
51777  -12.902  -24.047  80.504 0.0000000000
50689  -11.066  -25.560  81.417 0.0000000000
49600  -8.921  -26.654  82.590 0.0000000000
70287  -47.602  -8.944  63.427 0.0000000000
67041  -46.737  -11.226  62.438 0.0000000000
69247  -46.615  -9.692  61.747 0.0000000000
71308  -45.979  -7.879  61.506 0.0000000000
71354  -44.788  -7.798  58.591 0.0000000000
70402  -43.138  -8.661  55.855 0.0000000000
69374  -41.436  -10.331  53.760 0.0000000000
56471  -25.784  -21.175  74.970 0.0000000000
58777  -28.684  -19.290  65.252 0.0000000000
58728  -30.267  -18.882  67.081 0.0000000000
59940  -32.170  -18.397  63.605 0.0000000000
59884  -32.069  -18.867  66.177 0.0000000000
59824  -32.157  -18.730  68.641 0.0000000000
58660  -34.387  -19.373  70.769 0.0000000000
51876  -13.979  -25.046  72.519 0.0000000000
51887  -15.504  -24.251  71.573 0.0000000000
52987  -15.705  -23.667  74.457 0.0000000000
68239  -46.753  -11.275  52.450 0.0000000000
122222  -49.614  -9.725  53.361 0.0000000000
122234  -51.436  -8.746  53.676 0.0000000000
72480  -51.751  -6.766  51.500 0.0000000000
77917  -55.379  -0.965  40.467 0.0000000000
79802  -55.967  0.250  40.074 0.0000000000
80786  -56.260  2.221  38.361 0.0000000000
80799  -53.807  1.238  36.476 0.0000000000
82707  -57.402  3.301  37.829 0.0000000000
61176  -41.071  -16.849  59.348 0.0000000000
61187  -42.129  -16.312  58.478 0.0000000000
60050  -40.952  -16.594  57.479 0.0000000000
58893  -38.822  -18.133  59.772 0.0000000000
60016  -40.481  -17.317  59.398 0.0000000000
60003  -40.757  -17.221  60.480 0.0000000000
68216  -43.239  -10.876  53.690 0.0000000000
68200  -45.035  -10.734  54.640 0.0000000000
68217  -44.334  -11.017  53.611 0.0000000000
75719  -55.270  -3.502  44.380 0.0000000000
75696  -55.328  -3.417  46.090 0.0000000000
76825  -55.942  -2.862  45.506 0.0000000000
77873  -56.938  -1.333  44.803 0.0000000000
77884  -56.519  -1.400  43.673 0.0000000000
50728  -13.637  -25.915  74.420 0.0000000000
49648  -13.071  -26.415  74.480 0.0000000000
51810  -13.953  -25.324  76.022 0.0000000000
68155  -42.028  -10.306  56.986 0.0000000000
68156  -43.082  -10.434  57.696 0.0000000000
69312  -41.531  -9.500  57.057 0.0000000000
70363  -41.303  -8.449  57.095 0.0000000000
69326  -40.513  -9.679  56.286 0.0000000000
54166  -21.238  -22.390  75.324 0.0000000000
56554  -29.218  -20.541  70.095 0.0000000000
56515  -29.152  -20.416  71.979 0.0000000000
57594  -29.762  -20.033  71.284 0.0000000000
57579  -30.831  -19.675  71.612 0.0000000000
57596  -30.882  -19.573  70.478 0.0000000000
58762  -37.996  -19.112  66.332 0.0000000000
58761  -37.108  -19.441  66.412 0.0000000000
58735  -37.757  -19.030  67.248 0.0000000000
57648  -37.425  -19.296  68.622 0.0000000000
54194  -20.269  -22.825  73.019 0.0000000000
54182  -20.277  -22.372  74.167 0.0000000000
54165  -19.881  -22.606  75.574 0.0000000000
70297  -48.623  -8.239  62.717 0.0000000000
70506  -48.382  -8.391  47.845 0.0000000000
70496  -48.479  -8.674  48.456 0.0000000000
71498  -49.524  -7.824  48.615 0.0000000000
61130  -45.268  -16.275  62.834 0.0000000000
62359  -45.772  -15.730  62.436 0.0000000000
62377  -45.023  -15.861  61.510 0.0000000000
63649  -44.226  -14.306  58.105 0.0000000000
64890  -43.461  -13.578  56.500 0.0000000000
66021  -43.864  -12.747  56.872 0.0000000000
54256  -21.667  -22.641  70.224 0.0000000000
54232  -22.667  -22.588  71.334 0.0000000000
55472  -22.999  -22.040  69.896 0.0000000000
56600  -25.625  -20.882  66.596 0.0000000000
56568  -24.925  -21.072  68.298 0.0000000000
56585  -26.517  -20.701  67.744 0.0000000000
56570  -26.710  -20.736  68.689 0.0000000000
56602  -27.110  -20.513  67.008 0.0000000000
60010  -33.312  -18.567  59.070 0.0000000000
58869  -38.543  -18.524  61.332 0.0000000000
58852  -37.526  -18.939  62.317 0.0000000000
58831  -38.384  -18.813  63.306 0.0000000000
58808  -38.267  -19.039  64.291 0.0000000000
58810  -40.193  -18.825  64.311 0.0000000000
58787  -40.706  -18.792  65.192 0.0000000000
58833  -40.604  -18.462  63.646 0.0000000000
59990  -43.248  -17.268  62.118 0.0000000000
59948  -43.131  -17.548  63.448 0.0000000000
61128  -43.627  -17.008  62.634 0.0000000000
61112  -45.084  -16.615  63.549 0.0000000000
55488  -21.093  -22.369  68.874 0.0000000000
71355  -45.745  -7.757  58.604 0.0000000000
72402  -47.004  -7.362  59.658 0.0000000000
71356  -46.771  -8.162  58.579 0.0000000000
69348  -47.125  -10.355  55.831 0.0000000000
69315  -47.878  -9.338  57.322 0.0000000000
70386  -48.921  -9.157  56.935 0.0000000000
70369  -50.257  -8.618  56.815 0.0000000000
70406  -49.550  -9.796  55.907 0.0000000000
73605  -50.753  -5.694  46.355 0.0000000000
73594  -51.351  -5.444  47.224 0.0000000000
74627  -52.109  -4.927  46.826 0.0000000000
75671  -55.961  -3.226  48.618 0.0000000000
74638  -48.508  -5.687  45.364 0.0000000000
74670  -47.761  -5.420  44.153 0.0000000000
74687  -49.034  -5.036  43.070 0.0000000000
74702  -50.583  -4.710  42.370 0.0000000000
74704  -52.151  -4.534  42.640 0.0000000000
74714  -51.444  -4.456  41.609 0.0000000000
75744  -51.802  -4.183  40.688 0.0000000000
49629  -11.842  -27.282  76.517 0.0000000000
49614  -11.530  -27.033  79.489 0.0000000000
55336  -14.223  -22.179  80.611 0.0000000000
52919  -13.543  -23.907  80.131 0.0000000000
54085  -12.728  -22.187  81.760 0.0000000000
52908  -11.348  -24.069  82.600 0.0000000000
51772  -9.889  -24.755  82.875 0.0000000000
50684  -10.163  -26.019  82.221 0.0000000000
50680  -8.854  -25.694  83.784 0.0000000000
49593  -8.251  -26.723  83.511 0.0000000000
64819  -46.844  -13.327  61.115 0.0000000000
65951  -46.888  -12.377  61.791 0.0000000000
65966  -46.944  -12.472  60.680 0.0000000000
68109  -44.708  -9.916  59.846 0.0000000000
69262  -45.837  -9.629  60.364 0.0000000000
69245  -45.380  -9.084  60.973 0.0000000000
70308  -45.962  -8.595  61.412 0.0000000000
70326  -44.828  -8.742  60.499 0.0000000000
72384  -45.315  -7.769  60.542 0.0000000000
71336  -44.120  -8.229  59.413 0.0000000000
71404  -41.631  -7.995  55.965 0.0000000000
70380  -42.460  -7.882  56.227 0.0000000000
69342  -41.616  -9.104  55.191 0.0000000000
69343  -42.476  -9.259  55.350 0.0000000000
69357  -41.148  -9.576  54.439 0.0000000000
55439  -24.689  -21.698  72.747 0.0000000000
55421  -24.940  -21.269  73.904 0.0000000000
55422  -25.980  -20.981  73.700 0.0000000000
58824  -29.460  -18.916  63.690 0.0000000000
58823  -28.643  -18.973  63.680 0.0000000000
58802  -29.308  -19.031  64.551 0.0000000000
58754  -29.574  -19.114  66.395 0.0000000000
58756  -30.565  -18.801  66.006 0.0000000000
58848  -33.521  -18.606  62.135 0.0000000000
59963  -32.237  -18.329  62.560 0.0000000000
59942  -34.046  -18.758  63.435 0.0000000000
59864  -34.695  -19.143  66.602 0.0000000000
59904  -33.515  -18.910  65.436 0.0000000000
58757  -33.581  -19.308  67.104 0.0000000000
59862  -32.265  -18.925  67.255 0.0000000000
59843  -32.871  -19.264  68.270 0.0000000000
58658  -32.732  -19.352  70.149 0.0000000000
58706  -33.826  -19.517  69.391 0.0000000000
59891  -42.153  -18.001  66.583 0.0000000000
53020  -16.219  -24.032  71.806 0.0000000000
53009  -16.094  -23.937  72.508 0.0000000000
51865  -15.274  -24.289  73.436 0.0000000000
55353  -19.674  -21.757  79.220 0.0000000000
68294  -45.116  -11.337  49.618 0.0000000000
68257  -46.075  -11.005  51.611 0.0000000000
68275  -46.399  -10.731  50.729 0.0000000000
69403  -48.924  -9.344  51.355 0.0000000000
69392  -48.810  -9.816  52.419 0.0000000000
69393  -49.595  -8.958  52.457 0.0000000000
122218  -50.437  -9.115  53.251 0.0000000000
122223  -50.710  -8.581  53.171 0.0000000000
72526  -52.260  -6.098  50.309 0.0000000000
73554  -51.166  -6.403  50.099 0.0000000000
72481  -52.354  -6.278  51.497 0.0000000000
76872  -53.480  -2.652  39.753 0.0000000000
77908  -54.835  -1.688  41.351 0.0000000000
76873  -54.311  -2.035  39.770 0.0000000000
77934  -54.404  -0.577  38.736 0.0000000000
79809  -54.879  0.384  38.937 0.0000000000
79811  -56.477  1.281  39.536 0.0000000000
79817  -55.176  1.293  38.608 0.0000000000
79845  -54.413  0.658  35.727 0.0000000000
79844  -53.546  0.543  35.772 0.0000000000
80801  -55.272  1.958  36.451 0.0000000000
81732  -55.607  2.444  37.418 0.0000000000
82712  -56.714  3.180  36.895 0.0000000000
81748  -57.298  2.890  36.497 0.0000000000
81755  -58.280  2.110  35.395 0.0000000000
61162  -42.866  -16.690  60.151 0.0000000000
62393  -43.555  -16.010  59.943 0.0000000000
61178  -42.661  -16.428  59.280 0.0000000000
62427  -42.335  -15.949  57.997 0.0000000000
55507  -23.226  -21.832  68.598 0.0000000000
58891  -37.278  -18.468  59.441 0.0000000000
58881  -38.758  -18.297  60.436 0.0000000000
59986  -39.918  -17.722  61.466 0.0000000000
59967  -40.501  -17.699  62.293 0.0000000000
59987  -40.695  -17.438  61.490 0.0000000000
61143  -41.728  -16.978  60.884 0.0000000000
70383  -44.773  -9.006  56.783 0.0000000000
70384  -45.802  -9.377  57.310 0.0000000000
69328  -45.520  -9.765  56.323 0.0000000000
69347  -46.094  -10.371  55.786 0.0000000000
68202  -46.944  -11.020  54.343 0.0000000000
74654  -53.072  -4.883  45.123 0.0000000000
74640  -52.857  -5.059  46.093 0.0000000000
74642  -54.399  -4.185  46.137 0.0000000000
75689  -55.343  -3.386  47.029 0.0000000000
79785  -56.776  0.774  42.785 0.0000000000
49638  -12.567  -26.848  75.518 0.0000000000
50701  -12.610  -26.048  78.039 0.0000000000
66006  -45.579  -11.984  58.389 0.0000000000
67072  -46.109  -11.234  58.877 0.0000000000
67070  -44.659  -10.440  58.336 0.0000000000
68124  -44.470  -9.746  58.715 0.0000000000
69282  -44.057  -9.434  58.957 0.0000000000
71352  -43.095  -8.170  58.130 0.0000000000
70364  -42.335  -8.530  57.619 0.0000000000
71369  -41.005  -8.164  56.733 0.0000000000
70399  -40.337  -8.721  55.394 0.0000000000
56530  -27.029  -21.105  71.069 0.0000000000
56500  -27.040  -20.713  73.385 0.0000000000
56514  -28.013  -20.682  72.098 0.0000000000
57544  -28.581  -20.197  73.595 0.0000000000
57563  -31.793  -19.642  72.360 0.0000000000
61103  -29.571  -18.171  62.495 0.0000000000
58846  -30.558  -18.505  63.076 0.0000000000
58806  -36.245  -18.858  64.646 0.0000000000
59923  -34.455  -19.314  64.316 0.0000000000
58782  -36.296  -18.925  65.707 0.0000000000
58759  -35.527  -19.107  66.621 0.0000000000
57668  -35.063  -19.621  67.865 0.0000000000
57646  -35.364  -19.564  68.870 0.0000000000
57647  -36.480  -19.514  68.806 0.0000000000
53038  -18.417  -23.545  70.337 0.0000000000
54227  -18.424  -23.772  71.260 0.0000000000
54180  -17.634  -22.797  74.483 0.0000000000
54164  -18.587  -22.529  75.847 0.0000000000
69463  -46.465  -9.928  47.967 0.0000000000
68296  -46.784  -10.545  49.922 0.0000000000
69434  -47.769  -9.593  49.494 0.0000000000
70464  -48.932  -8.624  49.987 0.0000000000
70447  -49.630  -8.038  51.152 0.0000000000
76895  -51.013  -2.355  37.604 0.0000000000
77932  -52.608  -2.040  38.118 0.0000000000
77943  -51.611  -1.523  37.501 0.0000000000
79847  -56.076  0.879  35.626 0.0000000000
80811  -56.528  1.759  35.644 0.0000000000
79859  -56.540  0.904  34.927 0.0000000000
80831  -57.608  1.511  34.177 0.0000000000
52966  -15.261  -23.465  76.473 0.0000000000
51794  -14.241  -24.311  77.066 0.0000000000
64765  -47.184  -14.281  63.980 0.0000000000
62360  -46.513  -15.168  62.676 0.0000000000
63593  -46.016  -14.741  61.427 0.0000000000
64839  -45.452  -13.982  59.697 0.0000000000
62412  -44.615  -15.131  59.315 0.0000000000
64855  -45.304  -14.169  58.974 0.0000000000
64870  -45.476  -12.797  58.511 0.0000000000
66022  -44.446  -12.391  57.478 0.0000000000
67102  -43.706  -11.674  57.017 0.0000000000
54196  -21.552  -22.587  72.692 0.0000000000
55402  -22.062  -21.963  73.911 0.0000000000
54211  -22.872  -22.438  72.215 0.0000000000
55457  -23.854  -22.211  71.959 0.0000000000
55458  -24.474  -21.933  71.616 0.0000000000
55491  -23.666  -21.813  69.210 0.0000000000
55493  -25.118  -21.492  69.830 0.0000000000
55475  -25.639  -21.518  70.739 0.0000000000
56552  -26.963  -20.946  69.698 0.0000000000
56553  -28.013  -20.678  69.950 0.0000000000
57642  -29.608  -19.839  68.769 0.0000000000
58875  -32.981  -18.983  60.378 0.0000000000
58865  -34.509  -18.866  61.368 0.0000000000
58878  -35.881  -18.816  60.198 0.0000000000
58866  -35.616  -18.869  61.321 0.0000000000
58829  -36.297  -18.783  63.500 0.0000000000
58807  -37.269  -18.891  64.441 0.0000000000
58784  -38.144  -19.100  65.323 0.0000000000
58763  -38.967  -18.733  66.205 0.0000000000
59844  -39.980  -18.106  67.822 0.0000000000
59889  -40.158  -18.576  66.459 0.0000000000
59890  -41.102  -18.496  66.223 0.0000000000
59908  -43.011  -17.780  65.599 0.0000000000
59947  -42.172  -18.171  63.474 0.0000000000
59926  -42.925  -17.653  64.430 0.0000000000
59909  -43.517  -17.551  65.015 0.0000000000
61084  -45.008  -16.619  65.077 0.0000000000
54254  -19.780  -23.405  70.007 0.0000000000
73419  -46.963  -6.687  61.309 0.0000000000
73431  -47.838  -6.299  60.783 0.0000000000
72404  -48.356  -6.988  59.817 0.0000000000
71342  -49.011  -7.453  59.202 0.0000000000
70366  -47.393  -8.732  57.827 0.0000000000
71358  -48.590  -8.117  58.563 0.0000000000
72558  -49.319  -6.281  46.556 0.0000000000
72546  -49.371  -7.017  47.591 0.0000000000
72547  -50.346  -6.358  47.701 0.0000000000
73585  -51.513  -5.778  48.357 0.0000000000
73573  -53.603  -5.061  49.707 0.0000000000
74618  -53.191  -4.526  48.266 0.0000000000
74607  -53.716  -4.286  49.276 0.0000000000
67168  -41.787  -12.346  51.055 0.0000000000
68254  -43.008  -11.762  51.744 0.0000000000
68272  -43.485  -11.788  50.526 0.0000000000
68293  -43.983  -11.655  49.294 0.0000000000
68314  -44.785  -11.134  48.643 0.0000000000
68326  -45.436  -10.570  48.108 0.0000000000
70503  -46.060  -9.284  46.805 0.0000000000
70520  -47.070  -8.501  46.951 0.0000000000
71515  -47.206  -8.061  46.646 0.0000000000
72557  -48.519  -6.631  46.340 0.0000000000
72573  -49.028  -6.258  45.873 0.0000000000
73622  -49.065  -5.706  45.337 0.0000000000
73644  -50.644  -5.779  44.551 0.0000000000
73656  -48.588  -5.376  43.739 0.0000000000
73658  -50.256  -5.665  43.701 0.0000000000
73645  -51.544  -5.404  44.462 0.0000000000
74691  -52.605  -4.611  43.437 0.0000000000
75716  -53.274  -4.184  43.218 0.0000000000
76848  -54.006  -3.255  42.510 0.0000000000
77882  -54.856  -2.269  42.983 0.0000000000
75746  -52.875  -3.652  41.377 0.0000000000
76871  -52.769  -3.292  40.210 0.0000000000
76884  -52.334  -3.310  38.915 0.0000000000
76883  -50.901  -3.233  38.226 0.0000000000
52948  -13.730  -24.326  77.881 0.0000000000
51783  -13.086  -25.087  78.237 0.0000000000
50694  -12.310  -25.313  79.968 0.0000000000
122068  -12.246  -23.281  81.829 0.0000000000
51775  -11.651  -25.267  81.099 0.0000000000
50693  -11.596  -25.919  80.285 0.0000000000
49609  -10.654  -26.954  80.561 0.0000000000
48547  -9.932  -27.443  80.789 0.0000000000
48545  -8.682  -28.083  81.523 0.0000000000
48533  -8.171  -27.867  82.591 0.0000000000
71289  -47.648  -8.115  63.162 0.0000000000
67034  -47.190  -11.337  63.693 0.0000000000
68111  -46.712  -10.655  60.643 0.0000000000
68099  -46.688  -10.526  61.567 0.0000000000
70296  -46.998  -8.666  62.698 0.0000000000
71293  -46.773  -7.970  62.215 0.0000000000
72345  -46.504  -7.499  61.769 0.0000000000
72385  -45.922  -7.335  60.678 0.0000000000
71338  -45.464  -7.698  59.338 0.0000000000
71373  -45.052  -7.901  57.956 0.0000000000
71353  -43.907  -8.041  58.473 0.0000000000
71391  -43.404  -7.668  56.977 0.0000000000
70382  -43.833  -8.186  56.434 0.0000000000
69344  -43.294  -9.702  55.320 0.0000000000
68198  -42.902  -10.303  54.621 0.0000000000
68234  -41.380  -10.878  53.067 0.0000000000
69325  -39.674  -9.749  55.835 0.0000000000
70397  -39.009  -9.537  55.051 0.0000000000
70412  -39.026  -9.310  54.643 0.0000000000
70423  -39.481  -9.192  54.381 0.0000000000
69372  -39.516  -9.625  53.970 0.0000000000
69389  -40.753  -10.492  53.325 0.0000000000
68253  -41.846  -11.703  51.818 0.0000000000
56486  -26.687  -20.699  74.150 0.0000000000
56630  -26.586  -20.230  64.929 0.0000000000
58800  -28.157  -19.425  64.557 0.0000000000
57691  -27.520  -20.273  66.099 0.0000000000
57680  -28.371  -19.913  66.785 0.0000000000
57664  -29.207  -19.967  67.692 0.0000000000
58702  -30.162  -19.510  68.512 0.0000000000
59983  -31.192  -17.860  61.367 0.0000000000
59962  -31.177  -18.394  62.702 0.0000000000
59939  -31.437  -18.450  63.747 0.0000000000
59922  -33.715  -18.886  64.469 0.0000000000
59903  -32.588  -18.829  65.375 0.0000000000
59902  -31.775  -18.708  65.217 0.0000000000
59861  -31.234  -18.817  66.931 0.0000000000
59840  -31.349  -19.043  67.816 0.0000000000
58656  -31.320  -19.292  69.668 0.0000000000
58657  -31.992  -19.348  69.820 0.0000000000
58638  -33.081  -19.219  71.052 0.0000000000
50753  -13.433  -25.910  72.415 0.0000000000
50741  -14.256  -25.241  73.857 0.0000000000
50786  -15.283  -25.242  70.254 0.0000000000
50776  -14.513  -25.195  70.693 0.0000000000
51885  -14.157  -24.862  71.892 0.0000000000
51864  -14.579  -24.808  73.474 0.0000000000
52986  -15.211  -24.040  74.928 0.0000000000
52977  -15.666  -23.429  75.690 0.0000000000
55371  -17.981  -22.191  76.887 0.0000000000
68237  -44.715  -11.483  52.630 0.0000000000
68219  -46.377  -11.300  53.470 0.0000000000
68220  -47.382  -11.021  53.431 0.0000000000
69401  -47.238  -10.009  51.242 0.0000000000
69391  -48.117  -10.413  52.465 0.0000000000
69362  -48.506  -10.496  54.312 0.0000000000
69333  -50.079  -9.550  55.515 0.0000000000
72524  -50.161  -7.367  49.428 0.0000000000
71474  -50.411  -7.243  50.628 0.0000000000
71434  -50.656  -7.802  51.893 0.0000000000
77896  -55.057  -1.917  42.259 0.0000000000
78869  -55.451  -1.077  41.922 0.0000000000
78881  -56.302  -0.002  41.464 0.0000000000
77924  -54.614  -1.308  39.246 0.0000000000
78889  -55.668  -0.422  40.098 0.0000000000
79796  -56.249  0.410  40.907 0.0000000000
81718  -57.065  2.096  40.618 0.0000000000
81719  -57.307  2.524  40.350 0.0000000000
79826  -54.162  1.084  37.656 0.0000000000
80785  -55.268  1.852  38.083 0.0000000000
82700  -56.930  3.206  38.273 0.0000000000
81754  -57.757  2.478  35.457 0.0000000000
60028  -40.615  -17.134  58.546 0.0000000000
60042  -40.811  -16.846  57.873 0.0000000000
60027  -39.884  -17.637  58.499 0.0000000000
68236  -43.645  -11.259  52.671 0.0000000000
75718  -54.809  -3.543  43.704 0.0000000000
76836  -55.965  -2.841  44.118 0.0000000000
76826  -56.485  -2.154  45.119 0.0000000000
76837  -56.537  -1.983  44.397 0.0000000000
77883  -55.461  -2.018  43.217 0.0000000000
50729  -14.187  -25.464  74.485 0.0000000000
51829  -14.018  -25.504  75.457 0.0000000000
68154  -41.453  -10.123  56.939 0.0000000000
69327  -40.927  -9.682  56.738 0.0000000000
55387  -22.259  -22.402  74.718 0.0000000000
55386  -21.498  -22.079  74.430 0.0000000000
56555  -29.615  -20.217  70.448 0.0000000000
56532  -29.396  -20.114  70.990 0.0000000000
57595  -29.996  -19.747  70.980 0.0000000000
58710  -38.224  -18.478  67.999 0.0000000000
54183  -20.998  -21.999  74.441 0.0000000000
70507  -48.861  -8.506  48.062 0.0000000000
71507  -49.170  -8.177  47.770 0.0000000000
62358  -44.994  -16.150  62.181 0.0000000000
63676  -42.557  -14.482  56.300 0.0000000000
63677  -43.608  -14.476  56.962 0.0000000000
55471  -22.344  -22.245  69.777 0.0000000000
55490  -22.720  -21.889  69.192 0.0000000000
56584  -25.655  -20.907  67.564 0.0000000000
56601  -26.431  -20.810  66.878 0.0000000000
56616  -26.915  -20.516  66.478 0.0000000000
58854  -39.062  -18.114  62.251 0.0000000000
58853  -38.451  -18.705  62.293 0.0000000000
58832  -39.431  -18.471  63.272 0.0000000000
61145  -43.476  -16.834  61.560 0.0000000000
61129  -44.440  -16.563  62.564 0.0000000000
54281  -21.203  -22.700  69.504 0.0000000000
71374  -45.981  -8.146  57.994 0.0000000000
68186  -47.438  -10.799  55.115 0.0000000000
69331  -48.399  -9.604  56.686 0.0000000000
70405  -49.045  -9.665  56.356 0.0000000000
73606  -51.681  -5.443  46.210 0.0000000000
74639  -52.214  -5.207  46.281 0.0000000000
75659  -56.261  -3.122  49.564 0.0000000000
74651  -47.156  -5.305  44.606 0.0000000000
74713  -50.391  -4.727  41.449 0.0000000000
74723  -50.145  -4.724  40.530 0.0000000000
74724  -50.999  -4.491  40.662 0.0000000000
49623  -12.277  -26.630  77.321 0.0000000000
49622  -11.774  -27.378  77.487 0.0000000000
49617  -11.711  -27.353  78.473 0.0000000000
49615  -12.219  -26.859  79.068 0.0000000000
54094  -13.565  -22.725  80.587 0.0000000000
51771  -9.366  -25.202  83.425 0.0000000000
50675  -8.958  -26.092  84.252 0.0000000000
64840  -46.382  -13.410  60.093 0.0000000000
65980  -46.662  -12.473  59.916 0.0000000000
69260  -44.247  -9.407  59.961 0.0000000000
69261  -44.945  -9.492  60.321 0.0000000000
70325  -44.282  -8.600  60.038 0.0000000000
71325  -44.038  -8.285  59.930 0.0000000000
70400  -41.148  -8.485  55.593 0.0000000000
55440  -25.684  -21.480  72.964 0.0000000000
58825  -30.181  -18.835  63.545 0.0000000000
58803  -30.066  -19.104  64.425 0.0000000000
58779  -29.926  -18.882  65.310 0.0000000000
58780  -30.595  -18.746  65.170 0.0000000000
58849  -34.167  -18.657  62.589 0.0000000000
59964  -33.325  -18.570  62.593 0.0000000000
58731  -34.355  -19.491  67.275 0.0000000000
58758  -33.988  -19.278  66.636 0.0000000000
59863  -32.938  -19.078  67.508 0.0000000000
58730  -33.567  -19.616  67.915 0.0000000000
58705  -33.517  -19.599  68.823 0.0000000000
57666  -33.934  -19.701  68.643 0.0000000000
59892  -43.198  -17.950  66.773 0.0000000000
52989  -17.292  -23.111  75.009 0.0000000000
68274  -45.573  -11.247  50.644 0.0000000000
68295  -45.990  -10.927  49.793 0.0000000000
69404  -49.432  -8.561  51.594 0.0000000000
69394  -50.173  -8.390  52.893 0.0000000000
73555  -52.983  -5.713  50.825 0.0000000000
72506  -52.406  -5.932  50.969 0.0000000000
76885  -53.311  -2.360  38.744 0.0000000000
79815  -53.745  0.419  37.964 0.0000000000
79816  -54.491  0.809  38.282 0.0000000000
80810  -55.644  1.466  36.014 0.0000000000
80809  -54.829  1.335  36.070 0.0000000000
81739  -55.596  2.486  36.822 0.0000000000
81747  -56.364  2.514  36.452 0.0000000000
61204  -41.805  -15.964  57.701 0.0000000000
62446  -42.475  -15.698  57.429 0.0000000000
58903  -37.582  -18.341  58.996 0.0000000000
58894  -39.164  -18.119  60.123 0.0000000000
58882  -39.459  -17.987  60.636 0.0000000000
58870  -39.244  -18.094  61.391 0.0000000000
61161  -41.577  -16.818  60.265 0.0000000000
60004  -41.398  -16.988  60.794 0.0000000000
61144  -42.360  -17.091  60.966 0.0000000000
70404  -44.878  -9.467  55.815 0.0000000000
68183  -45.280  -10.580  55.073 0.0000000000
68201  -45.990  -11.203  54.445 0.0000000000
68185  -46.567  -10.756  55.107 0.0000000000
74655  -53.642  -4.662  45.441 0.0000000000
74656  -54.283  -4.309  45.576 0.0000000000
76804  -55.841  -2.883  47.378 0.0000000000
76796  -55.891  -2.913  48.005 0.0000000000
76797  -56.271  -2.522  47.850 0.0000000000
78859  -56.807  -0.191  43.286 0.0000000000
79779  -57.004  0.968  43.909 0.0000000000
50713  -13.451  -25.848  76.243 0.0000000000
49639  -13.121  -26.463  75.382 0.0000000000
50712  -13.041  -26.099  76.607 0.0000000000
49630  -12.552  -26.671  76.429 0.0000000000
50706  -12.837  -25.901  77.285 0.0000000000
67088  -44.854  -11.534  58.127 0.0000000000
67087  -44.054  -11.007  57.897 0.0000000000
68141  -44.031  -9.965  58.113 0.0000000000
69299  -43.427  -9.547  58.210 0.0000000000
69298  -42.919  -9.075  58.062 0.0000000000
70349  -42.975  -8.526  58.090 0.0000000000
70362  -40.984  -8.526  56.625 0.0000000000
71388  -40.951  -8.346  56.359 0.0000000000
70379  -40.870  -8.443  55.979 0.0000000000
56513  -27.087  -20.808  72.449 0.0000000000
56516  -29.660  -20.204  72.472 0.0000000000
56502  -28.556  -20.348  73.014 0.0000000000
56503  -29.362  -20.307  72.964 0.0000000000
57562  -30.680  -19.685  72.716 0.0000000000
61123  -30.073  -17.735  61.878 0.0000000000
59938  -29.994  -18.419  62.759 0.0000000000
59961  -30.353  -18.200  62.396 0.0000000000
58805  -35.357  -19.263  64.999 0.0000000000
58734  -36.959  -19.398  67.261 0.0000000000
58760  -36.271  -19.230  66.548 0.0000000000
58733  -36.120  -19.385  67.248 0.0000000000
58732  -35.256  -19.247  67.149 0.0000000000
58707  -35.868  -19.566  67.976 0.0000000000
57624  -37.200  -19.656  69.411 0.0000000000
54228  -19.030  -23.730  70.943 0.0000000000
53023  -18.296  -23.746  70.737 0.0000000000
54193  -19.256  -22.947  73.187 0.0000000000
54146  -20.708  -22.505  76.803 0.0000000000
69450  -47.484  -9.503  48.554 0.0000000000
69449  -47.146  -10.155  49.127 0.0000000000
70484  -48.772  -8.778  49.164 0.0000000000
70446  -49.217  -8.636  50.801 0.0000000000
70465  -49.483  -8.159  50.285 0.0000000000
79857  -54.752  0.163  35.108 0.0000000000
79858  -55.676  0.286  34.869 0.0000000000
54140  -15.056  -23.039  77.075 0.0000000000
55326  -14.559  -21.730  81.083 0.0000000000
62313  -46.203  -15.642  64.456 0.0000000000
63523  -46.715  -14.765  64.256 0.0000000000
62337  -46.503  -15.473  63.431 0.0000000000
62378  -45.521  -15.313  61.467 0.0000000000
63571  -46.120  -15.108  62.045 0.0000000000
63612  -45.695  -14.364  60.571 0.0000000000
63650  -44.729  -14.501  58.587 0.0000000000
64869  -44.845  -13.572  58.262 0.0000000000
66005  -45.074  -12.577  57.997 0.0000000000
64883  -44.636  -13.017  57.785 0.0000000000
67115  -43.152  -11.764  56.296 0.0000000000
54197  -22.218  -22.443  72.699 0.0000000000
54210  -22.037  -22.502  72.038 0.0000000000
54258  -23.255  -22.450  70.585 0.0000000000
54233  -23.630  -22.436  71.450 0.0000000000
54259  -23.916  -22.297  70.694 0.0000000000
55474  -24.526  -21.895  70.477 0.0000000000
56569  -25.755  -20.839  68.504 0.0000000000
56550  -24.998  -20.957  69.173 0.0000000000
56529  -26.405  -21.276  70.216 0.0000000000
56586  -27.531  -20.500  67.803 0.0000000000
56571  -27.708  -20.519  68.885 0.0000000000
56572  -28.806  -20.324  69.008 0.0000000000
56588  -28.950  -20.302  68.305 0.0000000000
58876  -33.751  -18.756  60.207 0.0000000000
58867  -36.680  -18.828  61.297 0.0000000000
58851  -36.488  -18.795  62.378 0.0000000000
58785  -39.044  -18.885  65.147 0.0000000000
58764  -39.685  -18.743  65.856 0.0000000000
59888  -39.618  -18.632  66.423 0.0000000000
58765  -40.332  -18.724  65.763 0.0000000000
58811  -41.133  -18.601  64.485 0.0000000000
59906  -41.337  -18.499  65.267 0.0000000000
59907  -41.903  -18.110  65.531 0.0000000000
59968  -41.431  -17.669  62.400 0.0000000000
59946  -41.103  -18.265  63.011 0.0000000000
59949  -43.834  -17.381  63.751 0.0000000000
59927  -43.692  -17.469  64.426 0.0000000000
61083  -44.346  -17.223  65.552 0.0000000000
62312  -45.543  -16.337  64.571 0.0000000000
54230  -21.030  -22.787  71.169 0.0000000000
73429  -46.561  -6.864  60.908 0.0000000000
73430  -47.224  -6.559  60.804 0.0000000000
71340  -47.249  -7.631  59.231 0.0000000000
72403  -47.526  -7.207  59.757 0.0000000000
72405  -49.318  -6.948  59.889 0.0000000000
70385  -46.876  -9.143  57.325 0.0000000000
71395  -46.663  -8.754  57.580 0.0000000000
70367  -48.503  -8.799  57.706 0.0000000000
71359  -49.598  -7.674  58.355 0.0000000000
71360  -50.581  -7.319  57.967 0.0000000000
73592  -49.772  -6.097  47.170 0.0000000000
73593  -50.454  -5.807  47.137 0.0000000000
74605  -52.149  -5.361  48.991 0.0000000000
74606  -52.928  -4.938  49.005 0.0000000000
75687  -54.125  -4.231  47.122 0.0000000000
74629  -53.708  -4.373  47.537 0.0000000000
74619  -53.936  -4.146  48.344 0.0000000000
75648  -54.525  -3.842  49.842 0.0000000000
47407  -7.754  -29.177  81.234 0.0000000000
46260  -7.696  -29.552  81.709 0.0000000000
67190  -43.314  -11.590  48.823 0.0000000000
67191  -43.660  -11.558  48.666 0.0000000000
68313  -43.975  -11.341  48.315 0.0000000000
68325  -44.467  -10.705  47.762 0.0000000000
69462  -45.232  -10.066  47.041 0.0000000000
70519  -46.571  -8.522  46.651 0.0000000000
71514  -46.486  -7.779  46.270 0.0000000000
72556  -47.448  -7.169  46.279 0.0000000000
74653  -48.399  -5.441  45.051 0.0000000000
73623  -50.099  -5.867  45.510 0.0000000000
73643  -49.678  -5.762  44.542 0.0000000000
74688  -49.946  -5.178  43.011 0.0000000000
73659  -51.077  -5.643  43.730 0.0000000000
74672  -52.179  -5.079  44.050 0.0000000000
74690  -51.673  -4.977  43.417 0.0000000000
74715  -51.863  -4.504  42.129 0.0000000000
75727  -52.905  -4.135  42.607 0.0000000000
75728  -53.726  -3.629  42.710 0.0000000000
76855  -53.856  -3.211  42.071 0.0000000000
75738  -53.187  -3.643  41.918 0.0000000000
75755  -51.373  -4.056  39.985 0.0000000000
75745  -52.527  -3.686  40.867 0.0000000000
75756  -52.129  -3.769  40.005 0.0000000000
75766  -51.781  -3.932  39.442 0.0000000000
48557  -10.913  -27.616  78.697 0.0000000000
52933  -14.110  -23.422  78.223 0.0000000000
52949  -14.134  -23.972  77.700 0.0000000000
52932  -13.518  -23.912  78.626 0.0000000000
52918  -13.058  -24.227  79.373 0.0000000000
51779  -12.674  -24.783  79.472 0.0000000000
52907  -11.866  -22.504  82.816 0.0000000000
50685  -10.838  -25.093  82.242 0.0000000000
51773  -11.465  -24.918  81.678 0.0000000000
50692  -11.067  -26.459  80.514 0.0000000000
50688  -10.750  -26.258  81.046 0.0000000000
49601  -9.623  -26.586  82.031 0.0000000000
49605  -9.371  -26.908  81.829 0.0000000000
48546  -9.209  -27.877  81.027 0.0000000000
48541  -8.935  -27.431  81.838 0.0000000000
48540  -8.480  -27.936  82.099 0.0000000000
49599  -7.898  -27.118  82.825 0.0000000000
48515  -8.681  -27.593  83.964 0.0000000000
70276  -47.918  -9.240  63.736 0.0000000000
70288  -48.145  -8.731  63.412 0.0000000000
71288  -47.104  -8.127  63.080 0.0000000000
63546  -47.071  -14.297  63.663 0.0000000000
64764  -47.218  -13.915  64.892 0.0000000000
65940  -47.118  -12.410  62.984 0.0000000000
67073  -46.585  -11.338  59.482 0.0000000000
68127  -46.503  -10.593  59.723 0.0000000000
69263  -46.482  -9.914  60.950 0.0000000000
68094  -46.752  -10.237  62.310 0.0000000000
69236  -46.917  -9.490  62.535 0.0000000000
71309  -46.415  -8.248  61.708 0.0000000000
72366  -46.040  -7.184  61.358 0.0000000000
72365  -45.423  -7.635  60.934 0.0000000000
71337  -44.620  -7.853  59.389 0.0000000000
71327  -45.302  -7.776  60.072 0.0000000000
71371  -42.927  -7.832  57.586 0.0000000000
70381  -42.898  -7.938  56.289 0.0000000000
71392  -44.404  -8.054  57.254 0.0000000000
69358  -42.075  -9.907  54.465 0.0000000000
69359  -42.681  -9.793  54.946 0.0000000000
68197  -42.342  -10.231  54.281 0.0000000000
68215  -42.143  -10.482  53.796 0.0000000000
68214  -41.673  -10.507  53.511 0.0000000000
70377  -39.365  -9.438  55.553 0.0000000000
70396  -38.522  -9.781  55.064 0.0000000000
70421  -38.308  -9.334  54.181 0.0000000000
70422  -39.031  -9.177  54.225 0.0000000000
69371  -38.516  -9.552  53.652 0.0000000000
69387  -38.838  -10.207  53.145 0.0000000000
69388  -39.829  -10.285  53.207 0.0000000000
68252  -40.695  -11.661  52.001 0.0000000000
55419  -22.814  -21.985  73.070 0.0000000000
55403  -23.089  -22.205  74.091 0.0000000000
56484  -25.277  -21.160  74.592 0.0000000000
55423  -26.553  -20.891  73.601 0.0000000000
58801  -28.538  -19.244  64.697 0.0000000000
58822  -28.096  -19.441  64.036 0.0000000000
57703  -28.376  -19.390  65.130 0.0000000000
57692  -28.539  -19.560  65.763 0.0000000000
58727  -29.654  -19.356  67.054 0.0000000000
57665  -30.024  -19.470  67.578 0.0000000000
57643  -29.985  -19.637  68.110 0.0000000000
58703  -30.722  -19.339  68.102 0.0000000000
59885  -33.131  -19.100  66.437 0.0000000000
59883  -31.253  -18.781  65.763 0.0000000000
59841  -31.814  -18.705  68.085 0.0000000000
58681  -31.686  -18.745  69.027 0.0000000000
58704  -31.353  -18.870  68.456 0.0000000000
58659  -33.594  -19.388  70.479 0.0000000000
58639  -33.840  -19.465  71.211 0.0000000000
57622  -35.147  -19.219  70.139 0.0000000000
57598  -35.433  -19.091  70.781 0.0000000000
59867  -40.489  -18.335  67.259 0.0000000000
51863  -13.920  -25.271  73.185 0.0000000000
53036  -17.056  -24.172  70.354 0.0000000000
51897  -15.498  -24.707  70.680 0.0000000000
51896  -14.976  -24.629  70.947 0.0000000000
50777  -15.048  -25.130  70.527 0.0000000000
50765  -14.133  -25.094  71.271 0.0000000000
51886  -14.695  -24.587  71.608 0.0000000000
51847  -15.127  -24.344  74.172 0.0000000000
54144  -18.823  -22.381  76.858 0.0000000000
55384  -18.099  -22.329  76.253 0.0000000000
54127  -18.810  -22.280  77.321 0.0000000000
72349  -49.973  -6.921  62.298 0.0000000000
68255  -44.083  -11.665  51.630 0.0000000000
68238  -45.728  -11.253  52.551 0.0000000000
69433  -47.352  -9.986  50.129 0.0000000000
68276  -46.943  -10.130  50.790 0.0000000000
69415  -47.447  -9.902  50.862 0.0000000000
69377  -48.684  -10.378  53.374 0.0000000000
122220  -49.228  -10.012  54.389 0.0000000000
122226  -51.232  -8.787  54.620 0.0000000000
122225  -50.469  -9.418  54.533 0.0000000000
72536  -50.515  -6.756  48.636 0.0000000000
72535  -49.996  -7.277  48.938 0.0000000000
73570  -50.944  -6.490  49.523 0.0000000000
72479  -51.288  -6.694  51.020 0.0000000000
72504  -50.929  -6.732  50.514 0.0000000000
71455  -51.063  -7.322  51.250 0.0000000000
71454  -50.181  -7.616  51.302 0.0000000000
77916  -54.831  -1.510  40.327 0.0000000000
78879  -55.276  -1.212  41.545 0.0000000000
77909  -55.256  -1.229  40.988 0.0000000000
78870  -56.415  -0.411  42.160 0.0000000000
78880  -55.787  -0.577  41.130 0.0000000000
77933  -53.666  -1.265  38.391 0.0000000000
78896  -55.613  0.076  39.657 0.0000000000
78895  -55.132  -0.275  39.250 0.0000000000
80763  -56.909  1.626  41.099 0.0000000000
79803  -56.630  0.854  40.056 0.0000000000
80778  -56.343  1.861  39.075 0.0000000000
80779  -56.863  2.109  39.589 0.0000000000
81726  -56.961  2.521  39.536 0.0000000000
82694  -57.521  3.236  39.549 0.0000000000
81725  -56.748  2.785  38.800 0.0000000000
80791  -53.574  1.173  36.920 0.0000000000
80792  -54.256  1.406  37.246 0.0000000000
82706  -56.734  3.232  37.521 0.0000000000
81733  -56.219  2.705  37.937 0.0000000000
82701  -57.592  3.383  38.635 0.0000000000
80812  -57.338  2.057  35.281 0.0000000000
81753  -57.095  2.350  35.879 0.0000000000
61186  -41.277  -16.699  58.571 0.0000000000
61203  -41.309  -16.392  57.865 0.0000000000
60013  -38.194  -18.271  59.053 0.0000000000
60026  -38.979  -18.121  58.426 0.0000000000
60015  -39.577  -17.851  59.682 0.0000000000
61160  -40.907  -16.941  59.893 0.0000000000
68199  -43.988  -10.642  54.600 0.0000000000
69360  -44.587  -10.485  54.950 0.0000000000
75707  -54.273  -4.164  44.238 0.0000000000
75709  -55.385  -3.462  45.078 0.0000000000
77860  -56.857  -1.419  45.807 0.0000000000
78835  -57.320  -0.563  45.512 0.0000000000
78836  -57.452  0.317  45.373 0.0000000000
50720  -13.638  -25.890  75.303 0.0000000000
67101  -42.732  -11.181  56.711 0.0000000000
69313  -42.437  -9.586  57.626 0.0000000000
69311  -41.008  -9.103  56.630 0.0000000000
54147  -21.892  -22.729  76.692 0.0000000000
57577  -29.579  -20.180  71.507 0.0000000000
57578  -30.020  -20.125  71.925 0.0000000000
58709  -37.524  -18.929  67.989 0.0000000000
57649  -38.060  -18.863  68.463 0.0000000000
70495  -47.837  -8.788  48.199 0.0000000000
70497  -49.112  -8.466  48.521 0.0000000000
62394  -44.741  -15.442  60.447 0.0000000000
62447  -43.411  -15.416  57.580 0.0000000000
62429  -44.117  -15.158  58.422 0.0000000000
62448  -43.819  -14.764  57.642 0.0000000000
63666  -43.982  -14.167  57.619 0.0000000000
64882  -44.118  -13.478  57.436 0.0000000000
54257  -22.442  -22.463  70.487 0.0000000000
56583  -24.751  -21.088  67.318 0.0000000000
57662  -27.819  -20.340  67.450 0.0000000000
58868  -37.673  -18.801  61.305 0.0000000000
58809  -39.250  -19.091  64.202 0.0000000000
58812  -41.732  -18.413  64.349 0.0000000000
59989  -42.798  -17.437  61.778 0.0000000000
59970  -43.206  -17.500  62.549 0.0000000000
61110  -43.662  -17.406  63.156 0.0000000000
61111  -44.287  -17.105  63.479 0.0000000000
61094  -44.820  -16.960  64.412 0.0000000000
54280  -20.417  -22.834  69.155 0.0000000000
71339  -46.441  -7.620  59.394 0.0000000000
70351  -47.019  -8.353  58.433 0.0000000000
69330  -47.572  -9.898  56.666 0.0000000000
69316  -48.431  -9.285  57.221 0.0000000000
70368  -49.494  -8.686  57.255 0.0000000000
70387  -49.746  -9.257  56.512 0.0000000000
69332  -50.078  -9.514  56.022 0.0000000000
75670  -55.034  -3.579  48.433 0.0000000000
75657  -54.410  -3.827  48.937 0.0000000000
75658  -55.223  -3.508  49.293 0.0000000000
81712  -57.371  2.664  41.503 0.0000000000
69474  -45.198  -9.089  46.642 0.0000000000
74636  -47.351  -5.680  45.269 0.0000000000
74637  -48.062  -5.679  45.384 0.0000000000
74652  -47.817  -5.414  44.885 0.0000000000
74671  -48.198  -5.466  44.569 0.0000000000
74701  -49.678  -4.890  42.247 0.0000000000
74703  -51.389  -4.636  42.567 0.0000000000
75736  -52.078  -4.165  41.212 0.0000000000
48566  -10.969  -27.905  77.715 0.0000000000
48552  -10.841  -27.481  79.421 0.0000000000
54095  -14.258  -22.487  79.843 0.0000000000
52912  -12.683  -23.300  80.795 0.0000000000
52906  -11.012  -23.103  83.683 0.0000000000
50683  -9.279  -25.706  83.046 0.0000000000
49594  -8.836  -26.203  83.270 0.0000000000
50679  -8.607  -26.265  83.939 0.0000000000
49585  -8.840  -26.770  84.102 0.0000000000
64799  -46.930  -13.402  62.180 0.0000000000
67050  -46.837  -11.462  61.231 0.0000000000
69283  -46.231  -9.927  59.845 0.0000000000
68110  -45.167  -9.810  60.030 0.0000000000
69246  -46.165  -9.254  61.222 0.0000000000
70307  -45.386  -8.468  61.113 0.0000000000
71307  -45.210  -8.106  60.867 0.0000000000
71326  -44.632  -8.016  60.265 0.0000000000
71389  -41.373  -7.972  56.368 0.0000000000
71390  -42.321  -7.773  56.596 0.0000000000
71405  -41.862  -7.878  56.186 0.0000000000
70401  -42.176  -8.131  55.822 0.0000000000
55438  -23.770  -22.033  72.521 0.0000000000
56485  -25.796  -20.929  74.425 0.0000000000
57534  -28.151  -20.148  74.184 0.0000000000
56473  -27.466  -20.463  74.837 0.0000000000
58778  -29.219  -19.121  65.508 0.0000000000
58755  -29.962  -18.791  66.164 0.0000000000
58729  -30.473  -18.780  66.572 0.0000000000
59985  -33.161  -18.641  61.918 0.0000000000
59941  -33.099  -18.398  63.552 0.0000000000
59887  -34.954  -19.136  66.262 0.0000000000
59886  -34.175  -19.060  66.158 0.0000000000
59842  -32.407  -18.817  68.103 0.0000000000
59825  -32.522  -19.141  68.696 0.0000000000
58682  -32.319  -19.209  69.223 0.0000000000
58683  -33.172  -19.463  69.445 0.0000000000
58684  -34.256  -19.354  70.001 0.0000000000
53011  -17.515  -23.559  72.208 0.0000000000
53010  -16.756  -23.726  72.372 0.0000000000
51878  -15.357  -24.222  72.515 0.0000000000
52997  -15.954  -23.758  73.423 0.0000000000
52978  -16.314  -23.138  75.319 0.0000000000
55363  -19.965  -21.724  77.777 0.0000000000
68256  -45.156  -11.518  51.608 0.0000000000
68258  -47.034  -10.527  51.600 0.0000000000
69402  -47.911  -10.030  51.536 0.0000000000
73571  -51.698  -6.081  49.581 0.0000000000
72505  -51.653  -6.305  50.721 0.0000000000
76864  -54.238  -2.321  40.643 0.0000000000
78903  -54.472  0.098  38.808 0.0000000000
79810  -55.602  0.821  39.237 0.0000000000
80777  -55.596  1.450  38.718 0.0000000000
79856  -54.038  0.122  35.224 0.0000000000
80808  -54.144  1.225  36.034 0.0000000000
80800  -54.556  1.513  36.578 0.0000000000
80793  -55.016  2.048  37.100 0.0000000000
81740  -56.142  2.871  37.174 0.0000000000
82713  -57.193  3.377  37.135 0.0000000000
81760  -58.179  2.240  34.567 0.0000000000
61163  -44.041  -16.376  60.691 0.0000000000
62392  -43.054  -16.258  59.678 0.0000000000
62410  -43.161  -16.121  59.262 0.0000000000
61188  -42.775  -16.264  58.832 0.0000000000
62428  -43.094  -15.954  58.361 0.0000000000
55506  -22.477  -21.939  68.272 0.0000000000
56582  -23.661  -21.389  66.942 0.0000000000
56614  -25.628  -20.682  65.622 0.0000000000
58890  -36.191  -18.490  59.045 0.0000000000
58880  -37.860  -18.489  60.381 0.0000000000
58892  -38.100  -18.263  59.480 0.0000000000
59966  -39.709  -17.809  62.222 0.0000000000
59945  -40.124  -17.838  63.009 0.0000000000
59988  -41.682  -17.220  61.445 0.0000000000
69346  -45.221  -10.221  55.369 0.0000000000
73626  -52.483  -5.104  45.248 0.0000000000
74641  -53.866  -4.545  46.506 0.0000000000
75695  -54.769  -3.853  45.726 0.0000000000
75688  -54.608  -3.912  46.735 0.0000000000
75680  -54.845  -3.689  47.649 0.0000000000
75681  -55.497  -3.331  47.847 0.0000000000
75672  -56.423  -2.944  49.016 0.0000000000
80737  -57.293  1.939  44.031 0.0000000000
49646  -12.004  -27.081  74.938 0.0000000000
65991  -45.993  -12.379  58.912 0.0000000000
65992  -46.505  -11.984  59.398 0.0000000000
67089  -45.461  -11.367  58.496 0.0000000000
67071  -45.353  -10.675  58.621 0.0000000000
68125  -44.949  -9.845  58.999 0.0000000000
68108  -44.311  -9.845  59.467 0.0000000000
70350  -43.724  -8.712  58.472 0.0000000000
70414  -40.344  -8.732  54.852 0.0000000000
55460  -26.357  -21.378  72.159 0.0000000000
56501  -27.747  -20.354  73.098 0.0000000000
57559  -28.196  -20.215  73.347 0.0000000000
57543  -28.022  -20.141  73.608 0.0000000000
57535  -28.993  -20.126  74.225 0.0000000000
61102  -29.186  -18.259  62.655 0.0000000000
59937  -29.556  -18.501  63.029 0.0000000000
58828  -34.983  -19.190  63.624 0.0000000000
59943  -34.449  -19.256  63.740 0.0000000000
58781  -35.491  -18.988  65.975 0.0000000000
59865  -35.112  -19.059  66.604 0.0000000000
57600  -36.925  -20.036  70.305 0.0000000000
53037  -17.803  -23.550  69.987 0.0000000000
53022  -17.817  -23.916  71.176 0.0000000000
54206  -18.497  -23.391  72.039 0.0000000000
54145  -19.621  -22.396  76.802 0.0000000000
55373  -20.210  -22.123  77.220 0.0000000000
68316  -46.406  -10.629  48.981 0.0000000000
70483  -48.190  -9.170  48.891 0.0000000000
70463  -48.418  -9.158  49.743 0.0000000000
69417  -48.761  -9.121  50.452 0.0000000000
77944  -52.678  -0.956  37.655 0.0000000000
79846  -55.285  0.683  35.730 0.0000000000
80819  -57.184  1.572  34.775 0.0000000000
79871  -56.296  0.288  34.256 0.0000000000
52976  -15.057  -24.281  75.831 0.0000000000
51811  -14.332  -24.601  76.410 0.0000000000
52965  -14.665  -23.772  76.908 0.0000000000
54124  -14.623  -23.072  77.816 0.0000000000
63545  -46.811  -14.635  63.383 0.0000000000
63572  -46.596  -14.421  62.359 0.0000000000
63594  -46.449  -14.053  61.388 0.0000000000
63613  -46.383  -13.822  60.778 0.0000000000
61164  -44.646  -16.114  60.995 0.0000000000
63611  -44.942  -14.525  59.830 0.0000000000
62430  -44.673  -14.930  58.835 0.0000000000
63631  -44.975  -14.655  59.159 0.0000000000
64856  -45.765  -13.356  59.071 0.0000000000
68167  -42.053  -10.935  56.211 0.0000000000
55437  -23.212  -22.146  72.510 0.0000000000
56549  -24.448  -21.420  68.897 0.0000000000
55492  -24.429  -21.623  69.558 0.0000000000
55476  -26.120  -21.426  71.454 0.0000000000
57641  -29.450  -20.276  69.504 0.0000000000
60001  -33.045  -18.261  59.880 0.0000000000
58863  -32.691  -18.886  60.860 0.0000000000
58864  -33.381  -18.784  61.376 0.0000000000
58850  -35.353  -18.743  62.472 0.0000000000
59866  -39.603  -18.504  67.089 0.0000000000
58834  -41.497  -18.456  63.814 0.0000000000
58835  -41.983  -18.427  64.037 0.0000000000
59925  -42.226  -18.120  64.611 0.0000000000
61082  -43.654  -17.620  66.204 0.0000000000
54253  -18.672  -23.330  69.738 0.0000000000
54229  -20.172  -23.286  71.118 0.0000000000
54195  -20.882  -22.674  72.699 0.0000000000
72368  -47.508  -7.052  61.774 0.0000000000
72387  -47.695  -6.722  60.321 0.0000000000
72388  -48.504  -6.608  60.579 0.0000000000
72389  -49.563  -6.845  60.744 0.0000000000
71394  -46.232  -8.712  57.631 0.0000000000
70365  -47.017  -8.497  58.229 0.0000000000
71357  -47.653  -8.150  58.793 0.0000000000
70353  -47.900  -8.532  58.321 0.0000000000
71343  -50.037  -7.396  59.106 0.0000000000
71378  -50.066  -7.973  57.471 0.0000000000
72537  -50.997  -6.370  48.201 0.0000000000
72548  -51.021  -6.072  47.644 0.0000000000
73572  -52.818  -5.699  49.854 0.0000000000
73556  -53.588  -5.408  50.568 0.0000000000
74628  -53.032  -4.911  47.253 0.0000000000
47419  -8.548  -28.647  80.781 0.0000000000
68292  -42.827  -11.641  49.384 0.0000000000
68327  -46.023  -10.590  48.441 0.0000000000
70504  -46.867  -8.995  47.222 0.0000000000
70505  -47.617  -8.422  47.343 0.0000000000
71505  -47.712  -7.593  46.933 0.0000000000
72544  -47.746  -7.286  46.719 0.0000000000
72545  -48.079  -7.093  47.011 0.0000000000
73603  -48.522  -6.068  45.665 0.0000000000
72574  -49.498  -6.011  45.906 0.0000000000
73624  -51.088  -5.585  45.420 0.0000000000
73655  -48.132  -5.439  43.799 0.0000000000
73657  -49.364  -5.447  43.749 0.0000000000
73625  -51.848  -5.315  45.323 0.0000000000
73646  -52.159  -5.153  44.699 0.0000000000
74673  -52.773  -4.878  44.387 0.0000000000
74674  -53.579  -4.538  44.470 0.0000000000
74692  -53.204  -4.417  43.819 0.0000000000
75717  -53.880  -4.036  43.581 0.0000000000
76849  -54.388  -2.902  42.740 0.0000000000
76863  -53.317  -3.111  41.028 0.0000000000
76862  -52.901  -3.395  40.683 0.0000000000
51793  -13.727  -24.907  77.209 0.0000000000
51784  -13.509  -24.540  77.981 0.0000000000
51792  -13.262  -25.393  77.442 0.0000000000
50698  -12.490  -25.964  79.157 0.0000000000
51776  -12.283  -24.567  80.899 0.0000000000
50697  -11.983  -26.444  79.505 0.0000000000
49610  -11.206  -26.732  80.171 0.0000000000
49606  -10.066  -26.826  81.460 0.0000000000
47408  -8.223  -28.472  81.745 0.0000000000
47397  -8.275  -28.225  82.205 0.0000000000
49592  -7.863  -27.467  83.148 0.0000000000
48524  -8.096  -28.048  83.095 0.0000000000
67060  -46.755  -11.568  60.150 0.0000000000
69284  -46.491  -10.015  60.251 0.0000000000
68087  -46.964  -10.303  63.141 0.0000000000
69226  -47.273  -9.421  63.349 0.0000000000
70309  -46.639  -8.802  61.893 0.0000000000
71287  -46.901  -8.239  62.895 0.0000000000
71294  -47.358  -7.647  62.633 0.0000000000
72367  -46.632  -6.988  61.698 0.0000000000
73428  -46.240  -7.033  60.987 0.0000000000
71328  -46.016  -7.661  60.005 0.0000000000
71372  -44.058  -7.870  57.813 0.0000000000
70403  -44.089  -9.072  55.877 0.0000000000
68182  -43.515  -10.267  55.075 0.0000000000
68165  -39.979  -10.263  55.793 0.0000000000
70398  -39.529  -8.952  55.298 0.0000000000
70413  -39.624  -8.916  54.737 0.0000000000
69355  -39.847  -9.066  54.458 0.0000000000
69356  -40.344  -9.325  54.459 0.0000000000
69373  -40.466  -10.134  53.984 0.0000000000
68233  -40.217  -11.067  52.787 0.0000000000
69390  -41.135  -10.518  53.376 0.0000000000
55388  -23.319  -22.350  75.010 0.0000000000
55404  -24.171  -22.171  74.356 0.0000000000
57690  -27.083  -20.347  65.830 0.0000000000
57679  -27.752  -20.277  67.096 0.0000000000
57663  -28.198  -20.270  67.481 0.0000000000
57681  -29.108  -19.524  66.598 0.0000000000
56573  -29.182  -20.153  68.433 0.0000000000
58679  -30.247  -19.283  69.008 0.0000000000
58847  -30.990  -18.504  63.330 0.0000000000
58826  -30.859  -18.564  63.778 0.0000000000
59919  -31.345  -18.547  64.459 0.0000000000
59921  -32.877  -18.577  64.503 0.0000000000
59920  -32.057  -18.508  64.501 0.0000000000
59901  -31.152  -18.671  65.013 0.0000000000
59860  -30.940  -19.021  67.477 0.0000000000
58680  -30.926  -18.889  69.014 0.0000000000
57620  -30.692  -19.425  69.577 0.0000000000
57597  -31.640  -19.406  70.389 0.0000000000
58637  -32.276  -19.264  70.743 0.0000000000
58617  -32.536  -19.358  71.633 0.0000000000
57645  -34.348  -19.540  69.234 0.0000000000
57621  -34.607  -19.325  69.809 0.0000000000
49667  -13.335  -26.223  73.029 0.0000000000
50740  -13.667  -25.722  73.582 0.0000000000
51898  -16.234  -24.520  70.510 0.0000000000
51877  -14.650  -24.587  72.577 0.0000000000
51846  -14.719  -24.779  74.588 0.0000000000
55362  -18.833  -22.076  77.832 0.0000000000
68203  -47.828  -10.771  54.436 0.0000000000
68259  -47.674  -10.524  51.976 0.0000000000
68240  -47.545  -10.876  52.460 0.0000000000
69376  -47.942  -10.647  53.100 0.0000000000
68221  -48.038  -10.608  53.736 0.0000000000
122221  -49.541  -9.771  55.169 0.0000000000
71490  -49.955  -7.712  49.642 0.0000000000
73553  -50.846  -6.618  49.995 0.0000000000
71491  -50.281  -7.500  50.177 0.0000000000
71473  -49.972  -7.699  50.577 0.0000000000
70433  -50.765  -8.070  52.782 0.0000000000
77897  -55.974  -1.370  42.605 0.0000000000
79789  -56.622  0.655  41.772 0.0000000000
77923  -54.059  -2.090  39.025 0.0000000000
78888  -55.194  -0.949  39.835 0.0000000000
79795  -55.904  -0.078  40.568 0.0000000000
80754  -57.100  1.508  42.182 0.0000000000
80764  -57.288  2.013  41.781 0.0000000000
80770  -57.070  1.733  39.952 0.0000000000
82687  -57.908  3.194  40.799 0.0000000000
79825  -53.362  0.741  37.391 0.0000000000
80784  -54.511  1.343  37.817 0.0000000000
82693  -57.161  3.241  38.828 0.0000000000
48532  -8.041  -27.969  82.855 0.0000000000
48534  -8.465  -27.397  82.419 0.0000000000
48542  -9.531  -27.312  81.405 0.0000000000
49598  -7.861  -27.554  82.888 0.0000000000
49631  -13.055  -26.483  76.070 0.0000000000
50721  -14.031  -25.634  75.031 0.0000000000
51780  -12.955  -24.355  80.099 0.0000000000
51888  -16.042  -24.317  71.200 0.0000000000
52931  -12.974  -24.415  78.876 0.0000000000
54212  -23.473  -22.294  72.154 0.0000000000
54234  -24.223  -22.302  71.040 0.0000000000
55372  -18.513  -22.269  77.114 0.0000000000
55385  -18.357  -22.340  76.598 0.0000000000
55416  -20.740  -22.738  73.174 0.0000000000
55441  -26.506  -21.169  73.080 0.0000000000
56488  -28.675  -20.290  73.345 0.0000000000
56489  -28.963  -20.319  73.391 0.0000000000
56533  -29.779  -20.031  70.646 0.0000000000
57560  -28.395  -20.251  73.336 0.0000000000
57618  -29.566  -20.352  69.834 0.0000000000
57644  -33.931  -19.642  68.933 0.0000000000
57693  -29.110  -19.266  66.057 0.0000000000
58685  -34.766  -19.120  70.537 0.0000000000
59826  -32.895  -19.465  68.775 0.0000000000
59965  -33.893  -18.462  62.886 0.0000000000
60014  -38.574  -18.111  59.163 0.0000000000
61104  -29.896  -18.044  62.297 0.0000000000
61121  -29.190  -18.022  62.319 0.0000000000
61122  -29.525  -17.815  61.998 0.0000000000
63524  -46.957  -14.508  63.819 0.0000000000
64780  -47.221  -14.105  63.718 0.0000000000
64838  -45.163  -14.332  59.451 0.0000000000
67204  -43.354  -11.527  48.247 0.0000000000
68181  -43.218  -10.077  55.017 0.0000000000
68184  -45.698  -10.712  55.097 0.0000000000
69361  -44.838  -10.346  55.040 0.0000000000
69375  -41.897  -10.223  54.003 0.0000000000
70286  -47.198  -8.617  63.065 0.0000000000
70352  -47.289  -8.426  58.379 0.0000000000
70375  -38.706  -9.845  55.207 0.0000000000
70376  -38.900  -9.748  55.288 0.0000000000
71292  -46.608  -7.937  61.833 0.0000000000
71375  -46.687  -8.566  57.919 0.0000000000
71376  -46.908  -8.739  57.603 0.0000000000
72525  -50.486  -7.089  49.733 0.0000000000
72527  -52.608  -5.883  50.505 0.0000000000
73418  -46.475  -6.907  61.250 0.0000000000
73641  -48.284  -5.512  44.152 0.0000000000
75669  -54.425  -3.776  48.208 0.0000000000
75708  -54.724  -3.926  44.779 0.0000000000
75729  -54.196  -3.522  43.165 0.0000000000
76789  -56.177  -2.792  48.280 0.0000000000
78868  -55.093  -1.373  41.807 0.0000000000
80771  -57.115  2.227  39.837 0.0000000000
81711  -57.091  2.309  40.927 0.0000000000
81746  -55.741  2.286  36.490 0.0000000000
