#!ascii label  , from subject 3805 vox2ras=TkReg
1873
65829  -40.081  -11.816  71.201 0.0000000000
79723  -50.785  0.292  50.617 0.0000000000
77671  -41.727  -1.108  60.465 0.0000000000
61011  -4.807  -16.629  70.431 0.0000000000
60977  -24.420  -14.964  72.747 0.0000000000
71223  -9.060  -9.520  69.811 0.0000000000
69030  -10.149  -9.547  77.306 0.0000000000
74499  -48.210  -2.799  56.361 0.0000000000
68080  -6.586  -10.954  62.702 0.0000000000
58583  -5.137  -18.305  78.964 0.0000000000
68065  -40.610  -10.485  65.009 0.0000000000
65854  -34.664  -11.574  69.219 0.0000000000
64654  -32.109  -10.957  72.486 0.0000000000
81658  -52.771  2.817  48.175 0.0000000000
77703  -44.539  -1.209  57.927 0.0000000000
56527  -18.239  -16.880  69.075 0.0000000000
73382  -9.867  -5.984  64.668 0.0000000000
68006  -8.317  -11.861  72.017 0.0000000000
64695  -9.580  -12.701  68.721 0.0000000000
61049  -7.954  -17.468  68.213 0.0000000000
63329  -11.143  -14.174  78.794 0.0000000000
122128  -9.058  -14.543  80.397 0.0000000000
75523  -40.288  -3.791  63.159 0.0000000000
65769  -29.128  -12.143  75.403 0.0000000000
63445  -26.242  -12.908  69.213 0.0000000000
69101  -10.658  -9.778  73.679 0.0000000000
65801  -6.703  -12.905  74.477 0.0000000000
76746  -49.060  -2.258  53.546 0.0000000000
62124  -13.109  -14.918  75.021 0.0000000000
60985  -15.458  -16.343  71.840 0.0000000000
68053  -9.212  -10.646  65.852 0.0000000000
62298  -9.838  -13.489  64.523 0.0000000000
67899  -10.902  -10.378  82.243 0.0000000000
65733  -6.591  -12.862  78.907 0.0000000000
59769  -6.295  -17.217  74.899 0.0000000000
66954  -42.168  -10.891  69.722 0.0000000000
65858  -39.404  -12.158  69.301 0.0000000000
66991  -41.235  -11.395  67.770 0.0000000000
65826  -37.795  -12.183  71.066 0.0000000000
64706  -37.393  -12.855  67.951 0.0000000000
64644  -36.052  -11.580  73.112 0.0000000000
80700  -51.405  1.815  49.117 0.0000000000
77825  -47.557  -1.396  50.760 0.0000000000
79728  -48.563  0.525  48.955 0.0000000000
79749  -50.221  1.222  47.580 0.0000000000
78669  -43.527  -0.255  59.341 0.0000000000
75561  -39.330  -3.853  59.732 0.0000000000
76668  -40.419  -2.157  58.580 0.0000000000
78702  -41.663  -0.923  57.019 0.0000000000
63418  -5.493  -14.416  71.563 0.0000000000
62196  -8.121  -15.700  71.349 0.0000000000
62215  -5.146  -16.494  69.091 0.0000000000
57672  -7.026  -19.534  67.484 0.0000000000
57631  -5.806  -19.149  69.148 0.0000000000
59757  -10.288  -16.775  77.233 0.0000000000
60923  -9.455  -16.486  78.097 0.0000000000
74440  -40.070  -4.148  64.713 0.0000000000
70262  -39.650  -8.792  66.602 0.0000000000
69213  -38.588  -9.353  64.506 0.0000000000
72335  -38.371  -6.283  65.185 0.0000000000
74461  -38.593  -4.725  63.261 0.0000000000
67958  -31.261  -10.451  76.395 0.0000000000
65852  -31.110  -11.519  69.373 0.0000000000
64666  -28.999  -11.851  71.439 0.0000000000
81693  -52.157  2.875  43.906 0.0000000000
83656  -51.981  4.962  43.527 0.0000000000
69065  -10.000  -9.815  75.671 0.0000000000
69081  -7.899  -10.089  74.295 0.0000000000
67964  -7.739  -10.392  75.986 0.0000000000
74534  -48.720  -3.124  54.980 0.0000000000
75586  -44.922  -3.230  54.758 0.0000000000
73487  -46.335  -4.921  54.299 0.0000000000
74564  -46.869  -4.294  53.016 0.0000000000
64608  -15.021  -13.588  77.594 0.0000000000
63364  -16.649  -14.121  76.672 0.0000000000
70242  -12.516  -8.874  68.506 0.0000000000
70258  -11.888  -8.746  65.871 0.0000000000
69186  -9.693  -9.912  67.429 0.0000000000
62233  -11.109  -15.534  67.895 0.0000000000
63477  -9.815  -13.329  66.294 0.0000000000
62276  -12.333  -15.830  65.546 0.0000000000
66814  -12.466  -11.097  83.606 0.0000000000
122129  -6.812  -16.482  79.780 0.0000000000
64563  -7.787  -13.446  80.604 0.0000000000
60920  -5.965  -16.262  77.937 0.0000000000
60934  -6.071  -16.059  77.004 0.0000000000
57520  -5.333  -18.835  76.810 0.0000000000
69198  -40.829  -9.674  66.876 0.0000000000
67973  -32.870  -10.712  75.356 0.0000000000
64623  -34.967  -11.676  74.159 0.0000000000
122189  -34.176  -11.272  72.013 0.0000000000
83635  -52.688  4.445  46.620 0.0000000000
81683  -51.689  2.298  45.610 0.0000000000
76685  -46.280  -2.031  57.121 0.0000000000
77774  -43.613  -2.075  55.264 0.0000000000
58654  -22.766  -15.714  69.510 0.0000000000
59805  -21.067  -15.274  70.928 0.0000000000
70270  -7.987  -8.488  63.916 0.0000000000
70202  -7.886  -9.291  70.660 0.0000000000
69171  -8.173  -10.328  68.861 0.0000000000
66958  -8.832  -12.232  70.347 0.0000000000
62208  -10.041  -15.244  69.994 0.0000000000
59877  -9.662  -17.845  66.647 0.0000000000
64568  -12.999  -13.330  80.610 0.0000000000
64551  -11.173  -13.714  82.089 0.0000000000
63315  -10.169  -14.241  79.798 0.0000000000
122133  -8.020  -16.377  79.494 0.0000000000
76597  -41.372  -2.349  62.626 0.0000000000
74474  -39.108  -4.458  61.789 0.0000000000
62134  -26.485  -13.591  74.134 0.0000000000
65792  -30.816  -11.578  73.787 0.0000000000
63415  -28.192  -13.229  72.383 0.0000000000
61008  -25.394  -15.042  70.706 0.0000000000
70190  -13.136  -8.970  70.986 0.0000000000
69104  -13.454  -9.407  73.178 0.0000000000
70189  -10.414  -9.613  71.698 0.0000000000
69115  -7.971  -9.931  72.477 0.0000000000
66921  -6.687  -12.514  73.233 0.0000000000
64636  -4.950  -13.849  73.259 0.0000000000
77820  -50.516  -0.829  51.822 0.0000000000
76766  -47.493  -2.224  51.632 0.0000000000
64582  -14.318  -13.297  79.638 0.0000000000
63360  -12.080  -14.029  76.926 0.0000000000
59767  -10.792  -17.166  75.224 0.0000000000
60989  -19.199  -15.628  72.055 0.0000000000
62160  -18.542  -14.821  73.246 0.0000000000
63388  -16.614  -14.521  74.487 0.0000000000
62156  -14.414  -15.394  73.534 0.0000000000
58602  -12.129  -18.041  73.540 0.0000000000
73360  -12.749  -5.484  65.551 0.0000000000
69211  -10.020  -9.026  64.494 0.0000000000
68071  -7.758  -10.628  63.624 0.0000000000
68043  -8.493  -11.342  67.115 0.0000000000
65896  -7.360  -12.242  65.315 0.0000000000
63527  -6.929  -12.867  64.021 0.0000000000
67913  -11.144  -10.201  80.262 0.0000000000
66811  -9.666  -11.940  82.775 0.0000000000
67910  -8.279  -10.957  80.816 0.0000000000
67926  -7.657  -10.881  78.605 0.0000000000
64604  -7.017  -12.549  76.672 0.0000000000
62120  -6.171  -14.940  75.070 0.0000000000
60968  -6.110  -16.628  72.832 0.0000000000
55367  -6.131  -21.439  76.512 0.0000000000
56457  -6.136  -21.089  75.048 0.0000000000
57570  -6.752  -19.421  71.382 0.0000000000
65843  -40.628  -11.087  69.912 0.0000000000
66942  -39.479  -11.173  71.350 0.0000000000
65841  -39.582  -12.317  70.307 0.0000000000
65860  -40.696  -11.313  69.298 0.0000000000
65827  -38.732  -12.232  71.164 0.0000000000
65840  -38.583  -12.382  70.184 0.0000000000
64659  -39.048  -11.950  72.093 0.0000000000
64657  -37.702  -12.225  72.144 0.0000000000
79731  -51.277  1.180  49.962 0.0000000000
78786  -48.870  -0.370  50.332 0.0000000000
78792  -48.653  0.037  49.671 0.0000000000
79729  -49.530  0.300  49.448 0.0000000000
79738  -50.256  0.762  48.645 0.0000000000
78654  -42.556  -0.429  60.238 0.0000000000
78655  -43.699  0.122  60.324 0.0000000000
78639  -42.831  -0.402  61.440 0.0000000000
76655  -39.715  -2.779  59.145 0.0000000000
76657  -41.179  -1.827  60.194 0.0000000000
78667  -41.805  -0.884  58.592 0.0000000000
63425  -4.881  -15.244  70.725 0.0000000000
63435  -5.866  -15.316  70.372 0.0000000000
61019  -4.786  -16.897  69.645 0.0000000000
59833  -4.861  -17.962  68.914 0.0000000000
58643  -5.628  -17.795  69.679 0.0000000000
57518  -10.031  -18.366  76.377 0.0000000000
122088  -9.679  -18.246  77.111 0.0000000000
72302  -39.961  -6.844  66.500 0.0000000000
71268  -38.775  -7.663  66.169 0.0000000000
72323  -39.407  -6.121  66.211 0.0000000000
73394  -39.123  -5.181  65.133 0.0000000000
83646  -52.048  4.627  45.031 0.0000000000
82663  -51.503  3.720  43.656 0.0000000000
84639  -52.321  5.664  43.977 0.0000000000
69047  -10.548  -9.673  76.512 0.0000000000
69064  -9.065  -9.685  75.781 0.0000000000
69045  -8.783  -9.557  76.594 0.0000000000
74512  -48.515  -3.242  56.005 0.0000000000
76704  -49.645  -2.027  56.015 0.0000000000
75577  -46.186  -3.142  55.710 0.0000000000
73472  -45.805  -4.285  54.692 0.0000000000
74520  -47.214  -3.383  55.475 0.0000000000
74532  -47.487  -3.839  54.648 0.0000000000
63349  -16.628  -14.275  77.784 0.0000000000
63350  -17.693  -14.533  77.590 0.0000000000
60965  -24.126  -14.803  73.869 0.0000000000
60976  -23.098  -15.488  73.118 0.0000000000
69220  -6.594  -8.931  62.873 0.0000000000
70224  -11.690  -9.223  69.552 0.0000000000
70241  -11.444  -9.419  68.129 0.0000000000
69162  -9.680  -9.429  68.875 0.0000000000
59855  -11.365  -16.921  66.667 0.0000000000
61053  -11.578  -16.311  66.682 0.0000000000
61078  -11.800  -16.821  65.696 0.0000000000
67887  -14.225  -10.402  84.686 0.0000000000
65696  -13.597  -11.479  84.096 0.0000000000
60917  -4.780  -16.897  80.299 0.0000000000
59749  -6.353  -16.946  79.211 0.0000000000
58584  -5.762  -17.963  78.599 0.0000000000
58590  -5.742  -17.743  77.696 0.0000000000
58589  -5.620  -18.614  77.998 0.0000000000
68049  -42.131  -10.615  67.925 0.0000000000
68048  -41.477  -10.570  67.368 0.0000000000
69189  -41.328  -9.726  67.414 0.0000000000
70256  -41.172  -8.838  67.433 0.0000000000
66939  -35.569  -11.574  71.394 0.0000000000
65795  -35.178  -11.507  72.345 0.0000000000
65836  -34.870  -11.500  70.202 0.0000000000
66965  -33.217  -11.124  69.395 0.0000000000
82641  -52.974  3.657  47.675 0.0000000000
80705  -50.952  1.439  47.212 0.0000000000
80712  -50.617  1.600  46.624 0.0000000000
81664  -51.827  2.599  46.857 0.0000000000
81672  -52.250  2.929  46.399 0.0000000000
77705  -45.932  -0.676  58.254 0.0000000000
78691  -47.137  -0.324  58.777 0.0000000000
78672  -46.586  -0.309  59.671 0.0000000000
78704  -43.136  -0.855  57.669 0.0000000000
77726  -42.751  -1.277  56.651 0.0000000000
77728  -44.534  -1.252  56.996 0.0000000000
77755  -45.209  -1.576  56.308 0.0000000000
73355  -8.151  -5.533  64.563 0.0000000000
71273  -7.258  -7.296  63.875 0.0000000000
72328  -8.770  -6.734  64.285 0.0000000000
68014  -7.865  -10.733  71.188 0.0000000000
68027  -7.912  -11.029  70.443 0.0000000000
66945  -8.488  -11.892  71.118 0.0000000000
62217  -7.467  -16.727  69.654 0.0000000000
61013  -8.822  -15.786  70.635 0.0000000000
62218  -8.576  -16.433  69.529 0.0000000000
61051  -9.825  -17.086  67.947 0.0000000000
61066  -8.403  -17.583  67.532 0.0000000000
59875  -8.169  -18.263  67.413 0.0000000000
63317  -11.920  -14.072  79.477 0.0000000000
63305  -10.961  -13.859  80.504 0.0000000000
63316  -10.842  -13.959  79.633 0.0000000000
59745  -8.124  -18.041  78.555 0.0000000000
60922  -8.690  -16.740  78.587 0.0000000000
58577  -7.409  -18.440  79.248 0.0000000000
59736  -7.523  -17.965  80.992 0.0000000000
75524  -41.019  -3.041  62.938 0.0000000000
74463  -39.899  -4.173  63.199 0.0000000000
74473  -38.607  -4.674  62.476 0.0000000000
75543  -39.774  -4.089  62.555 0.0000000000
75544  -39.882  -3.366  62.077 0.0000000000
65768  -27.929  -12.261  75.547 0.0000000000
64621  -26.767  -12.702  75.217 0.0000000000
63384  -27.063  -12.590  74.198 0.0000000000
65783  -32.299  -11.311  74.396 0.0000000000
65772  -31.734  -11.041  74.829 0.0000000000
64641  -31.479  -11.491  73.171 0.0000000000
63440  -27.863  -12.383  70.253 0.0000000000
63424  -28.301  -12.637  71.482 0.0000000000
63431  -27.152  -13.097  70.935 0.0000000000
62182  -26.478  -13.790  71.855 0.0000000000
62200  -25.746  -14.111  70.559 0.0000000000
61025  -24.991  -14.758  69.317 0.0000000000
69085  -11.319  -9.859  74.616 0.0000000000
69116  -11.007  -9.794  72.953 0.0000000000
69130  -11.063  -9.939  72.165 0.0000000000
70174  -10.447  -9.666  72.524 0.0000000000
70172  -9.010  -9.375  72.069 0.0000000000
70157  -9.316  -9.315  73.094 0.0000000000
67980  -7.192  -11.258  74.338 0.0000000000
69096  -7.248  -11.050  73.678 0.0000000000
66920  -6.641  -12.333  73.856 0.0000000000
122163  -6.101  -13.357  73.204 0.0000000000
63370  -6.140  -13.857  73.991 0.0000000000
77812  -49.032  -1.706  52.772 0.0000000000
77814  -50.936  -0.775  52.455 0.0000000000
77806  -50.887  -0.918  53.589 0.0000000000
74566  -48.336  -3.368  53.161 0.0000000000
75626  -47.272  -3.494  52.559 0.0000000000
76756  -48.333  -2.217  52.565 0.0000000000
77818  -48.348  -1.753  51.737 0.0000000000
64570  -15.086  -13.211  80.393 0.0000000000
63362  -14.157  -13.491  76.368 0.0000000000
64613  -13.298  -13.610  77.392 0.0000000000
63371  -12.314  -14.357  76.089 0.0000000000
60938  -11.419  -15.729  75.851 0.0000000000
62138  -11.494  -15.790  75.073 0.0000000000
58632  -19.341  -15.993  69.618 0.0000000000
59794  -20.302  -15.485  71.252 0.0000000000
57558  -18.444  -15.879  70.266 0.0000000000
61001  -16.029  -16.466  71.234 0.0000000000
62188  -17.763  -15.383  71.731 0.0000000000
62159  -17.399  -14.793  72.893 0.0000000000
63389  -17.936  -14.521  74.598 0.0000000000
62158  -16.242  -14.902  73.193 0.0000000000
62142  -15.325  -14.762  73.968 0.0000000000
62171  -14.301  -15.628  72.793 0.0000000000
57542  -12.713  -18.239  72.847 0.0000000000
72292  -13.767  -6.328  66.747 0.0000000000
69194  -10.559  -9.734  66.215 0.0000000000
70265  -11.119  -8.732  64.883 0.0000000000
69200  -9.748  -9.866  65.343 0.0000000000
69210  -8.934  -9.570  64.331 0.0000000000
67008  -8.379  -10.900  64.755 0.0000000000
66970  -8.443  -11.492  68.826 0.0000000000
68038  -8.464  -11.062  68.293 0.0000000000
66984  -8.700  -11.943  68.046 0.0000000000
62250  -9.595  -13.399  65.576 0.0000000000
64727  -7.847  -13.175  65.856 0.0000000000
63494  -8.573  -13.206  64.788 0.0000000000
64741  -7.158  -12.441  64.291 0.0000000000
62295  -8.087  -14.440  64.169 0.0000000000
62342  -7.944  -14.797  63.325 0.0000000000
67905  -10.995  -10.191  81.249 0.0000000000
122127  -9.989  -13.619  81.591 0.0000000000
64536  -10.281  -13.024  83.259 0.0000000000
64537  -9.102  -13.392  81.975 0.0000000000
65724  -6.746  -12.949  79.577 0.0000000000
65726  -8.072  -12.269  80.862 0.0000000000
66832  -6.844  -12.174  79.611 0.0000000000
67918  -8.468  -10.505  79.775 0.0000000000
66849  -7.263  -11.530  78.705 0.0000000000
66860  -7.117  -11.327  77.265 0.0000000000
65743  -6.950  -12.884  77.929 0.0000000000
59766  -6.372  -16.879  76.351 0.0000000000
62109  -6.203  -15.294  76.178 0.0000000000
60955  -6.331  -16.114  74.683 0.0000000000
60956  -6.390  -15.957  73.997 0.0000000000
59777  -6.222  -17.162  73.595 0.0000000000
54156  -5.648  -22.954  75.690 0.0000000000
55368  -6.312  -21.494  75.590 0.0000000000
69170  -43.008  -10.163  69.064 0.0000000000
64719  -39.216  -13.235  67.440 0.0000000000
65891  -40.539  -12.411  67.453 0.0000000000
66979  -40.671  -11.722  68.539 0.0000000000
66981  -42.105  -11.224  68.594 0.0000000000
65837  -35.683  -11.837  70.104 0.0000000000
65856  -37.263  -12.542  69.331 0.0000000000
64693  -38.220  -12.455  68.250 0.0000000000
65811  -37.121  -12.170  71.922 0.0000000000
81651  -51.837  2.392  48.562 0.0000000000
79735  -47.898  0.434  48.580 0.0000000000
78801  -47.872  0.570  47.706 0.0000000000
79748  -48.974  1.148  47.225 0.0000000000
79737  -49.287  0.727  48.313 0.0000000000
79750  -50.802  0.997  48.222 0.0000000000
78688  -44.509  -0.613  58.667 0.0000000000
78671  -45.689  -0.254  59.618 0.0000000000
78656  -44.888  0.284  60.345 0.0000000000
79588  -44.869  0.766  61.789 0.0000000000
74485  -38.733  -4.294  59.877 0.0000000000
75564  -38.618  -4.005  59.209 0.0000000000
75565  -39.128  -3.525  58.584 0.0000000000
76681  -39.975  -2.861  57.732 0.0000000000
77724  -40.826  -1.729  56.770 0.0000000000
76683  -40.844  -1.957  58.086 0.0000000000
78686  -42.457  -0.630  58.125 0.0000000000
65816  -7.094  -13.055  71.821 0.0000000000
65817  -8.051  -12.784  71.416 0.0000000000
63419  -6.670  -14.334  71.593 0.0000000000
62205  -6.626  -16.031  70.074 0.0000000000
61031  -7.177  -17.612  69.088 0.0000000000
59874  -7.296  -18.400  67.944 0.0000000000
59853  -6.135  -18.220  68.443 0.0000000000
57653  -6.213  -19.246  68.702 0.0000000000
62101  -10.641  -15.277  77.495 0.0000000000
62092  -9.970  -15.198  78.350 0.0000000000
60924  -9.715  -16.731  77.768 0.0000000000
75505  -40.413  -3.650  64.168 0.0000000000
69205  -40.261  -9.903  65.509 0.0000000000
69214  -39.267  -9.960  64.598 0.0000000000
70268  -38.656  -8.697  65.582 0.0000000000
71279  -38.131  -7.406  65.098 0.0000000000
71278  -37.722  -7.052  64.698 0.0000000000
73393  -38.464  -5.326  64.643 0.0000000000
74454  -39.058  -4.474  63.833 0.0000000000
65763  -29.855  -11.735  76.008 0.0000000000
66936  -31.005  -10.805  71.162 0.0000000000
65808  -30.343  -10.917  71.945 0.0000000000
65850  -29.673  -11.060  70.102 0.0000000000
63448  -27.999  -11.795  69.854 0.0000000000
81691  -50.866  3.112  43.469 0.0000000000
82669  -50.830  3.695  42.996 0.0000000000
83654  -50.714  4.319  42.529 0.0000000000
83660  -50.469  4.602  41.723 0.0000000000
69084  -10.346  -9.758  74.712 0.0000000000
69099  -8.956  -9.653  73.987 0.0000000000
69083  -9.427  -9.727  74.829 0.0000000000
67982  -7.870  -10.378  75.147 0.0000000000
67963  -7.527  -11.051  75.456 0.0000000000
76731  -48.816  -2.640  54.031 0.0000000000
76705  -50.268  -1.763  55.788 0.0000000000
72434  -45.314  -5.321  53.839 0.0000000000
72447  -45.567  -5.538  53.370 0.0000000000
72458  -45.502  -5.285  52.515 0.0000000000
74548  -46.899  -4.415  53.988 0.0000000000
74549  -47.652  -3.989  53.819 0.0000000000
64583  -15.311  -13.503  79.607 0.0000000000
63332  -16.072  -13.970  78.572 0.0000000000
63363  -15.444  -13.666  76.825 0.0000000000
63373  -14.346  -13.944  75.451 0.0000000000
58628  -15.813  -17.550  70.402 0.0000000000
59788  -14.448  -17.117  71.606 0.0000000000
71243  -13.831  -7.782  68.036 0.0000000000
71254  -13.483  -7.760  66.659 0.0000000000
70251  -12.456  -8.800  67.407 0.0000000000
69188  -11.029  -9.536  67.061 0.0000000000
68046  -9.469  -10.348  66.785 0.0000000000
64712  -10.540  -13.687  68.688 0.0000000000
65901  -9.569  -12.927  67.511 0.0000000000
63457  -10.142  -13.704  67.116 0.0000000000
63478  -10.662  -13.907  66.284 0.0000000000
63496  -10.585  -14.029  65.103 0.0000000000
70074  -15.252  -8.831  84.592 0.0000000000
68985  -13.856  -9.593  84.415 0.0000000000
67892  -11.905  -10.417  83.456 0.0000000000
62081  -7.871  -15.151  80.153 0.0000000000
64549  -8.158  -13.952  80.908 0.0000000000
62083  -6.855  -15.528  79.723 0.0000000000
63313  -6.485  -14.551  79.415 0.0000000000
63328  -6.361  -14.541  78.405 0.0000000000
63327  -6.348  -14.476  77.637 0.0000000000
60925  -5.934  -16.187  77.385 0.0000000000
59761  -5.690  -16.845  76.980 0.0000000000
58597  -5.932  -18.299  75.521 0.0000000000
67024  -41.056  -11.207  64.916 0.0000000000
65892  -41.126  -11.964  67.089 0.0000000000
68056  -40.918  -10.700  66.344 0.0000000000
68055  -40.607  -10.186  65.893 0.0000000000
70263  -40.394  -8.832  66.915 0.0000000000
71260  -40.441  -7.754  66.892 0.0000000000
122186  -33.766  -11.451  73.608 0.0000000000
64632  -35.473  -12.012  73.767 0.0000000000
122184  -33.982  -11.270  72.989 0.0000000000
64655  -33.244  -11.168  72.588 0.0000000000
66950  -32.183  -10.820  70.338 0.0000000000
80732  -49.405  1.243  45.113 0.0000000000
80735  -52.315  2.529  44.535 0.0000000000
82655  -52.181  3.592  45.090 0.0000000000
76686  -47.164  -2.065  57.232 0.0000000000
76687  -48.041  -1.721  57.159 0.0000000000
77706  -47.571  -0.656  58.004 0.0000000000
76697  -40.958  -2.260  56.103 0.0000000000
76715  -44.591  -2.471  55.021 0.0000000000
76701  -45.593  -2.422  55.780 0.0000000000
61007  -23.374  -15.424  71.214 0.0000000000
62190  -22.229  -15.631  71.914 0.0000000000
59806  -21.988  -15.591  70.755 0.0000000000
58652  -20.931  -15.938  69.329 0.0000000000
71282  -6.511  -7.646  63.589 0.0000000000
69221  -7.046  -9.462  63.183 0.0000000000
71221  -8.241  -9.359  70.264 0.0000000000
70220  -8.461  -9.492  69.562 0.0000000000
69158  -7.873  -10.174  69.809 0.0000000000
68040  -8.323  -11.505  69.555 0.0000000000
65864  -9.244  -12.506  69.363 0.0000000000
63421  -8.601  -14.119  71.085 0.0000000000
64675  -9.495  -13.876  70.396 0.0000000000
64697  -10.456  -13.815  69.414 0.0000000000
62220  -10.444  -15.354  68.772 0.0000000000
65710  -13.406  -12.510  82.886 0.0000000000
64552  -11.892  -13.570  81.665 0.0000000000
63297  -10.814  -13.921  81.229 0.0000000000
62082  -9.827  -14.158  80.552 0.0000000000
62091  -9.465  -15.673  78.553 0.0000000000
122135  -8.959  -15.205  79.276 0.0000000000
122136  -8.458  -15.164  79.631 0.0000000000
122117  -7.381  -16.758  80.051 0.0000000000
59734  -5.962  -17.310  81.787 0.0000000000
57505  -5.567  -19.278  79.890 0.0000000000
76621  -41.116  -2.129  61.702 0.0000000000
77659  -42.270  -1.020  62.175 0.0000000000
77644  -41.995  -0.994  62.941 0.0000000000
69224  -39.055  -10.105  63.502 0.0000000000
73427  -37.923  -4.908  60.589 0.0000000000
76620  -40.523  -2.897  61.491 0.0000000000
62133  -25.923  -13.706  74.725 0.0000000000
60966  -25.077  -14.137  73.317 0.0000000000
67959  -32.198  -10.455  76.062 0.0000000000
65771  -31.194  -11.893  75.092 0.0000000000
65780  -29.369  -11.834  74.620 0.0000000000
64652  -29.048  -12.052  72.401 0.0000000000
65807  -29.018  -11.876  72.996 0.0000000000
64639  -27.940  -12.449  73.528 0.0000000000
63407  -27.321  -13.760  73.107 0.0000000000
60979  -25.666  -14.162  72.751 0.0000000000
60995  -24.982  -14.922  71.595 0.0000000000
59808  -23.880  -15.420  70.451 0.0000000000
84653  -50.763  5.366  41.143 0.0000000000
84657  -50.484  5.747  40.399 0.0000000000
85693  -50.752  6.399  39.689 0.0000000000
70225  -12.774  -8.878  69.462 0.0000000000
70206  -11.489  -9.415  70.314 0.0000000000
70175  -13.253  -9.018  71.795 0.0000000000
69148  -11.721  -9.579  70.904 0.0000000000
70204  -9.462  -9.376  70.250 0.0000000000
71197  -8.187  -9.006  71.225 0.0000000000
70169  -7.947  -9.835  71.864 0.0000000000
68004  -7.645  -11.384  72.339 0.0000000000
70143  -7.910  -9.893  73.502 0.0000000000
69114  -7.622  -10.705  72.762 0.0000000000
66922  -7.170  -12.274  72.477 0.0000000000
65815  -6.583  -13.263  72.315 0.0000000000
64662  -4.884  -13.960  72.014 0.0000000000
62167  -4.888  -15.246  72.061 0.0000000000
78780  -50.185  -0.427  51.309 0.0000000000
74581  -45.639  -3.983  52.112 0.0000000000
75640  -45.941  -3.160  51.567 0.0000000000
76764  -45.982  -2.554  50.856 0.0000000000
77817  -47.800  -1.806  51.357 0.0000000000
77826  -48.553  -0.889  50.907 0.0000000000
64581  -13.326  -13.260  79.691 0.0000000000
63318  -12.837  -14.234  79.349 0.0000000000
64595  -14.435  -13.540  78.826 0.0000000000
63347  -12.884  -14.067  78.182 0.0000000000
63359  -11.427  -14.514  77.432 0.0000000000
59763  -10.494  -16.770  75.908 0.0000000000
62177  -21.580  -15.619  72.466 0.0000000000
60973  -20.980  -15.612  73.209 0.0000000000
60961  -20.911  -15.753  74.124 0.0000000000
59792  -18.396  -15.551  71.177 0.0000000000
62176  -18.998  -15.152  72.671 0.0000000000
62144  -20.096  -14.827  74.678 0.0000000000
63377  -19.008  -14.534  75.275 0.0000000000
63366  -18.763  -14.541  76.200 0.0000000000
63365  -17.812  -14.255  76.491 0.0000000000
63375  -16.688  -14.121  75.590 0.0000000000
63386  -14.564  -14.038  74.724 0.0000000000
62125  -13.958  -14.811  74.800 0.0000000000
60983  -13.566  -16.353  72.646 0.0000000000
60971  -13.149  -16.554  73.318 0.0000000000
60958  -12.149  -16.473  74.134 0.0000000000
59771  -11.402  -17.291  74.448 0.0000000000
73358  -11.065  -5.686  64.723 0.0000000000
71266  -12.650  -7.627  65.452 0.0000000000
71277  -11.175  -7.495  64.575 0.0000000000
71276  -10.219  -7.450  64.416 0.0000000000
70271  -9.080  -8.374  64.138 0.0000000000
69209  -7.973  -9.444  63.875 0.0000000000
68070  -7.265  -10.847  63.400 0.0000000000
69173  -8.635  -10.021  68.465 0.0000000000
69184  -8.932  -10.510  67.591 0.0000000000
68051  -8.534  -11.387  66.204 0.0000000000
65899  -8.674  -12.750  66.711 0.0000000000
66994  -7.830  -11.961  66.036 0.0000000000
68060  -7.896  -11.506  65.513 0.0000000000
65914  -7.245  -11.773  64.323 0.0000000000
67018  -6.855  -11.686  63.601 0.0000000000
65937  -6.413  -11.899  63.086 0.0000000000
63549  -6.992  -13.099  62.922 0.0000000000
65702  -11.995  -11.958  83.380 0.0000000000
66813  -11.359  -11.282  83.435 0.0000000000
67890  -10.366  -10.919  82.947 0.0000000000
64564  -8.335  -12.902  81.096 0.0000000000
66828  -9.119  -11.386  81.788 0.0000000000
67904  -10.053  -10.378  81.525 0.0000000000
67911  -9.232  -10.396  80.706 0.0000000000
67919  -9.529  -10.155  79.554 0.0000000000
69016  -8.910  -9.773  78.009 0.0000000000
69026  -6.801  -9.788  77.315 0.0000000000
66872  -7.226  -11.177  76.573 0.0000000000
122164  -6.683  -12.834  75.719 0.0000000000
63344  -6.290  -14.428  77.009 0.0000000000
64602  -6.111  -13.960  75.849 0.0000000000
64611  -6.450  -13.631  75.259 0.0000000000
62152  -5.476  -14.459  73.875 0.0000000000
63411  -6.340  -15.009  72.602 0.0000000000
60999  -6.143  -16.530  71.389 0.0000000000
55345  -5.443  -20.551  78.550 0.0000000000
55358  -5.701  -21.299  77.404 0.0000000000
56448  -5.013  -20.271  77.745 0.0000000000
57516  -5.803  -19.879  76.644 0.0000000000
57521  -5.700  -19.310  76.122 0.0000000000
57526  -5.944  -19.302  74.864 0.0000000000
55380  -6.016  -21.011  74.451 0.0000000000
57530  -6.129  -19.311  73.883 0.0000000000
57539  -6.138  -19.358  73.079 0.0000000000
58609  -6.145  -18.591  72.257 0.0000000000
58622  -6.108  -17.407  70.499 0.0000000000
58645  -6.689  -18.768  70.456 0.0000000000
56542  -6.769  -20.454  69.546 0.0000000000
65830  -40.507  -11.357  70.625 0.0000000000
65842  -40.392  -12.050  70.328 0.0000000000
65828  -39.601  -12.200  71.090 0.0000000000
64673  -39.524  -11.963  71.641 0.0000000000
64671  -39.015  -12.176  71.517 0.0000000000
65814  -39.365  -11.735  71.858 0.0000000000
80694  -51.916  1.605  50.554 0.0000000000
79724  -51.794  0.911  51.069 0.0000000000
78787  -49.689  -0.103  50.624 0.0000000000
78793  -49.180  -0.095  49.971 0.0000000000
79722  -50.163  0.173  50.024 0.0000000000
79730  -50.573  0.494  49.547 0.0000000000
78653  -42.091  -0.691  60.529 0.0000000000
78638  -42.096  -0.650  60.856 0.0000000000
76640  -41.221  -1.706  60.908 0.0000000000
77685  -42.084  -0.874  59.920 0.0000000000
62194  -4.891  -15.883  70.583 0.0000000000
63433  -4.867  -15.565  70.232 0.0000000000
59810  -4.968  -17.341  70.218 0.0000000000
57517  -9.882  -18.820  76.393 0.0000000000
69046  -9.633  -9.574  76.516 0.0000000000
69029  -9.264  -9.601  77.280 0.0000000000
74500  -48.511  -3.013  56.320 0.0000000000
76688  -48.786  -1.821  56.546 0.0000000000
75571  -48.409  -2.482  56.478 0.0000000000
75578  -47.117  -2.869  56.249 0.0000000000
75588  -46.770  -3.247  55.668 0.0000000000
74510  -47.413  -3.139  55.952 0.0000000000
74521  -48.053  -3.463  55.423 0.0000000000
63335  -18.655  -14.482  78.583 0.0000000000
68081  -6.756  -10.168  62.839 0.0000000000
68090  -6.313  -10.382  62.163 0.0000000000
70223  -10.347  -9.317  69.179 0.0000000000
70222  -9.356  -9.403  69.265 0.0000000000
59879  -11.491  -16.955  66.058 0.0000000000
65704  -14.187  -12.247  83.727 0.0000000000
59741  -4.833  -17.497  79.962 0.0000000000
59747  -5.182  -17.525  79.214 0.0000000000
57511  -5.183  -19.323  78.200 0.0000000000
69190  -41.718  -9.833  68.016 0.0000000000
70257  -41.567  -8.812  67.901 0.0000000000
65823  -35.220  -11.612  70.958 0.0000000000
81665  -52.405  2.975  47.242 0.0000000000
81657  -51.803  2.456  47.612 0.0000000000
80713  -51.294  2.045  46.909 0.0000000000
77704  -45.387  -0.962  58.107 0.0000000000
78689  -45.454  -0.503  58.783 0.0000000000
77702  -43.844  -1.149  57.643 0.0000000000
77729  -45.494  -1.332  57.183 0.0000000000
73356  -9.318  -5.381  64.903 0.0000000000
73381  -9.030  -6.082  64.524 0.0000000000
73380  -8.456  -6.178  64.297 0.0000000000
68015  -8.080  -11.231  71.405 0.0000000000
68016  -8.320  -11.627  71.547 0.0000000000
66932  -8.464  -12.024  71.792 0.0000000000
61032  -8.257  -17.221  68.963 0.0000000000
61050  -8.823  -17.329  68.121 0.0000000000
61065  -7.784  -17.782  67.856 0.0000000000
62086  -10.479  -14.542  78.810 0.0000000000
75525  -41.676  -2.573  63.197 0.0000000000
75507  -41.487  -2.823  63.542 0.0000000000
68075  -41.142  -10.969  64.423 0.0000000000
75522  -39.911  -4.185  62.940 0.0000000000
65762  -28.931  -12.060  76.219 0.0000000000
65779  -28.182  -11.791  74.644 0.0000000000
65793  -32.067  -11.539  73.826 0.0000000000
63439  -26.867  -12.716  70.091 0.0000000000
62213  -26.544  -13.138  70.397 0.0000000000
62201  -26.448  -13.668  70.839 0.0000000000
62212  -26.065  -13.179  69.954 0.0000000000
62211  -25.298  -13.899  69.651 0.0000000000
62224  -25.753  -13.317  68.798 0.0000000000
69102  -11.630  -9.809  73.641 0.0000000000
70159  -10.534  -9.645  73.048 0.0000000000
70158  -10.070  -9.543  73.069 0.0000000000
67979  -6.934  -11.946  74.425 0.0000000000
67995  -6.981  -11.454  74.063 0.0000000000
66909  -6.762  -12.364  74.342 0.0000000000
65802  -6.480  -13.018  74.042 0.0000000000
77804  -49.305  -1.880  53.321 0.0000000000
77805  -49.856  -1.807  53.566 0.0000000000
75616  -48.592  -2.629  53.441 0.0000000000
75628  -48.479  -2.749  53.103 0.0000000000
76757  -48.657  -2.211  53.120 0.0000000000
63372  -13.099  -14.138  75.690 0.0000000000
63361  -13.124  -13.660  76.541 0.0000000000
62123  -12.037  -15.305  75.510 0.0000000000
62139  -12.116  -15.672  74.681 0.0000000000
58615  -19.306  -15.590  70.429 0.0000000000
57576  -18.602  -16.072  69.826 0.0000000000
60986  -16.657  -15.979  71.771 0.0000000000
62173  -16.369  -15.370  72.326 0.0000000000
62172  -15.301  -15.572  72.597 0.0000000000
62157  -15.231  -15.133  73.295 0.0000000000
72293  -13.861  -5.643  67.125 0.0000000000
68054  -9.614  -10.256  66.135 0.0000000000
68064  -9.399  -10.271  65.586 0.0000000000
68063  -9.041  -10.198  64.979 0.0000000000
67009  -8.725  -10.594  65.085 0.0000000000
65863  -8.972  -12.402  68.684 0.0000000000
66985  -8.826  -12.164  68.139 0.0000000000
64694  -9.217  -12.542  68.195 0.0000000000
62273  -9.496  -13.464  64.789 0.0000000000
63495  -8.839  -13.221  65.112 0.0000000000
62272  -8.956  -13.564  64.463 0.0000000000
62271  -8.442  -13.738  64.290 0.0000000000
62297  -9.014  -14.164  64.232 0.0000000000
62296  -8.502  -14.692  64.347 0.0000000000
68989  -11.569  -9.845  82.960 0.0000000000
122125  -9.364  -13.865  81.506 0.0000000000
63292  -9.463  -13.406  82.066 0.0000000000
64578  -6.450  -13.664  79.109 0.0000000000
66838  -7.342  -11.556  79.339 0.0000000000
66837  -6.971  -12.088  78.786 0.0000000000
59765  -6.313  -17.262  76.198 0.0000000000
60945  -6.350  -16.383  75.674 0.0000000000
59770  -6.435  -16.620  74.202 0.0000000000
58600  -5.996  -18.310  74.321 0.0000000000
52982  -5.124  -24.107  75.235 0.0000000000
54155  -5.303  -23.456  75.893 0.0000000000
54174  -5.380  -23.581  75.302 0.0000000000
68037  -43.111  -10.712  69.264 0.0000000000
65873  -39.410  -12.528  68.149 0.0000000000
65874  -40.351  -12.001  68.639 0.0000000000
65861  -41.920  -11.154  69.190 0.0000000000
66967  -41.262  -11.132  68.941 0.0000000000
65877  -42.760  -11.427  69.157 0.0000000000
68042  -43.258  -10.855  68.911 0.0000000000
65838  -36.547  -12.248  70.000 0.0000000000
65839  -37.545  -12.307  70.158 0.0000000000
65857  -38.340  -12.423  68.986 0.0000000000
65872  -38.632  -12.512  68.125 0.0000000000
64708  -38.897  -12.758  67.817 0.0000000000
65812  -37.982  -12.225  71.713 0.0000000000
65825  -36.727  -11.655  71.123 0.0000000000
81652  -52.582  2.749  49.120 0.0000000000
81647  -51.971  2.358  49.361 0.0000000000
77824  -46.792  -0.884  50.094 0.0000000000
78784  -47.418  -0.497  49.924 0.0000000000
78791  -47.841  0.220  49.248 0.0000000000
79727  -48.106  0.479  48.721 0.0000000000
79736  -48.283  0.547  48.077 0.0000000000
79739  -51.098  0.920  48.844 0.0000000000
80706  -51.370  1.434  47.935 0.0000000000
78670  -44.641  -0.179  59.499 0.0000000000
78640  -44.154  0.375  61.388 0.0000000000
76667  -39.839  -2.817  58.237 0.0000000000
76682  -40.397  -2.340  57.439 0.0000000000
76669  -40.832  -1.906  58.415 0.0000000000
78668  -42.417  -0.558  59.140 0.0000000000
78687  -43.491  -0.673  58.356 0.0000000000
64663  -6.110  -13.746  72.074 0.0000000000
62204  -5.511  -15.814  69.632 0.0000000000
62216  -6.191  -16.868  69.696 0.0000000000
61030  -5.752  -17.462  68.898 0.0000000000
59834  -6.674  -17.900  68.745 0.0000000000
61047  -5.149  -17.681  68.396 0.0000000000
58695  -5.749  -19.059  68.728 0.0000000000
57632  -6.676  -19.667  69.000 0.0000000000
56559  -7.244  -20.615  68.408 0.0000000000
60928  -10.046  -16.278  77.434 0.0000000000
69196  -39.739  -9.301  66.288 0.0000000000
69204  -39.519  -9.471  65.713 0.0000000000
70269  -39.174  -8.863  66.140 0.0000000000
72322  -38.851  -6.701  65.709 0.0000000000
72334  -37.813  -6.407  64.629 0.0000000000
74420  -39.860  -4.487  65.178 0.0000000000
74439  -39.348  -4.632  64.685 0.0000000000
66880  -30.339  -10.910  76.538 0.0000000000
66881  -30.966  -10.894  76.231 0.0000000000
66949  -31.115  -10.966  70.538 0.0000000000
66948  -30.168  -10.672  70.728 0.0000000000
65851  -29.801  -11.243  69.697 0.0000000000
81692  -51.265  2.953  43.983 0.0000000000
80742  -50.536  1.893  43.562 0.0000000000
83651  -51.648  4.390  43.514 0.0000000000
82662  -51.098  3.629  43.378 0.0000000000
82678  -50.130  3.478  42.303 0.0000000000
83655  -51.503  4.647  42.947 0.0000000000
69063  -8.133  -9.696  76.194 0.0000000000
67965  -8.088  -10.001  75.627 0.0000000000
75602  -48.984  -2.729  54.729 0.0000000000
76717  -49.640  -2.533  55.041 0.0000000000
75590  -49.173  -2.868  55.508 0.0000000000
74530  -44.695  -3.760  54.233 0.0000000000
73473  -46.192  -4.555  54.707 0.0000000000
73485  -45.036  -4.587  54.136 0.0000000000
73486  -45.744  -5.146  54.459 0.0000000000
73498  -45.916  -5.270  53.949 0.0000000000
73499  -46.187  -5.016  53.480 0.0000000000
74533  -48.236  -3.565  54.649 0.0000000000
75601  -48.503  -3.031  54.309 0.0000000000
63333  -16.638  -14.178  78.796 0.0000000000
63348  -15.932  -13.847  78.035 0.0000000000
58627  -14.507  -18.165  70.978 0.0000000000
70243  -13.418  -8.407  68.759 0.0000000000
70252  -13.222  -8.443  67.699 0.0000000000
69176  -10.082  -9.654  68.280 0.0000000000
69177  -10.697  -9.662  67.862 0.0000000000
69187  -10.274  -9.677  67.238 0.0000000000
63458  -10.956  -14.284  67.817 0.0000000000
63459  -11.204  -15.066  67.396 0.0000000000
62252  -11.982  -15.501  66.219 0.0000000000
63479  -11.303  -14.816  66.766 0.0000000000
63497  -11.453  -14.498  65.720 0.0000000000
62275  -12.006  -15.070  65.170 0.0000000000
67886  -13.629  -10.357  84.530 0.0000000000
67893  -12.998  -10.336  84.035 0.0000000000
122119  -6.998  -16.043  79.554 0.0000000000
122134  -7.301  -15.898  79.591 0.0000000000
60921  -6.507  -16.453  78.872 0.0000000000
62089  -6.545  -15.505  78.553 0.0000000000
62088  -6.339  -15.414  77.607 0.0000000000
59755  -5.477  -16.717  77.720 0.0000000000
58594  -5.474  -18.087  76.627 0.0000000000
67014  -40.887  -11.534  64.927 0.0000000000
69197  -40.133  -9.480  66.304 0.0000000000
71248  -40.762  -7.877  67.114 0.0000000000
64704  -36.257  -12.667  67.830 0.0000000000
65774  -34.264  -11.600  74.688 0.0000000000
66904  -33.554  -11.490  74.532 0.0000000000
65785  -33.876  -11.526  74.066 0.0000000000
64633  -36.430  -12.386  73.811 0.0000000000
64643  -34.652  -11.495  72.970 0.0000000000
64670  -33.869  -11.221  72.281 0.0000000000
122183  -33.717  -11.245  72.789 0.0000000000
64669  -33.174  -10.948  72.024 0.0000000000
64668  -32.499  -10.706  71.869 0.0000000000
65821  -32.862  -10.631  71.134 0.0000000000
66977  -32.613  -11.232  69.017 0.0000000000
79759  -49.755  1.257  46.410 0.0000000000
80721  -51.094  2.190  45.996 0.0000000000
80720  -50.407  1.608  45.651 0.0000000000
80733  -50.292  1.721  44.648 0.0000000000
80734  -51.443  2.247  45.009 0.0000000000
82644  -52.598  3.671  46.872 0.0000000000
82647  -52.310  3.659  46.030 0.0000000000
83638  -52.395  4.563  45.876 0.0000000000
76670  -47.570  -1.274  57.539 0.0000000000
77731  -47.156  -0.807  57.591 0.0000000000
78657  -45.877  0.288  60.468 0.0000000000
77750  -41.034  -1.799  56.491 0.0000000000
77751  -41.508  -1.542  56.600 0.0000000000
77753  -43.363  -1.857  56.087 0.0000000000
76714  -43.197  -2.558  55.256 0.0000000000
77775  -44.145  -1.774  55.333 0.0000000000
76684  -45.819  -2.012  56.598 0.0000000000
76703  -46.710  -2.416  56.776 0.0000000000
59807  -22.880  -15.501  70.420 0.0000000000
58635  -22.295  -15.887  70.115 0.0000000000
72308  -6.242  -6.113  64.823 0.0000000000
71283  -7.132  -8.212  63.685 0.0000000000
70280  -6.773  -8.576  63.363 0.0000000000
70281  -7.345  -9.025  63.647 0.0000000000
71220  -7.743  -9.009  70.459 0.0000000000
70219  -8.064  -9.508  69.826 0.0000000000
70201  -7.831  -9.691  70.294 0.0000000000
66957  -8.522  -11.895  70.219 0.0000000000
69160  -7.999  -11.295  70.056 0.0000000000
65846  -8.904  -12.179  69.635 0.0000000000
65847  -9.244  -12.470  70.137 0.0000000000
63420  -7.753  -14.221  71.421 0.0000000000
64665  -8.296  -13.456  71.157 0.0000000000
62185  -8.350  -14.886  71.428 0.0000000000
62207  -9.003  -15.995  70.352 0.0000000000
63429  -9.622  -14.349  70.412 0.0000000000
63436  -10.143  -14.423  70.144 0.0000000000
64682  -10.124  -13.604  70.065 0.0000000000
63437  -10.350  -14.454  69.648 0.0000000000
63444  -10.497  -14.386  68.938 0.0000000000
61067  -9.240  -17.483  67.335 0.0000000000
58742  -6.891  -18.973  67.640 0.0000000000
58743  -7.645  -18.818  67.079 0.0000000000
56592  -7.185  -19.930  67.061 0.0000000000
64553  -12.875  -13.257  81.530 0.0000000000
64567  -12.295  -13.725  81.047 0.0000000000
64565  -10.585  -13.850  80.415 0.0000000000
63298  -11.618  -14.035  81.006 0.0000000000
63304  -10.282  -13.949  80.493 0.0000000000
63296  -10.016  -14.022  81.080 0.0000000000
63314  -9.559  -14.456  79.879 0.0000000000
122131  -7.958  -17.475  79.238 0.0000000000
62090  -8.900  -15.728  78.891 0.0000000000
122139  -8.792  -15.126  79.428 0.0000000000
122122  -7.815  -16.187  79.552 0.0000000000
122118  -7.790  -16.739  79.789 0.0000000000
57501  -6.808  -19.107  81.017 0.0000000000
59735  -6.913  -17.640  81.360 0.0000000000
57500  -6.040  -18.686  80.780 0.0000000000
58578  -5.066  -18.520  80.896 0.0000000000
77643  -41.755  -1.639  62.353 0.0000000000
69225  -39.830  -10.421  63.764 0.0000000000
73416  -38.033  -4.951  61.733 0.0000000000
72364  -37.688  -4.904  61.193 0.0000000000
73417  -38.159  -4.803  61.083 0.0000000000
75545  -40.732  -2.714  62.212 0.0000000000
63383  -26.736  -13.112  74.452 0.0000000000
63382  -26.251  -13.432  75.203 0.0000000000
62150  -25.986  -13.822  73.742 0.0000000000
65782  -31.423  -11.554  74.375 0.0000000000
65781  -30.480  -12.026  74.483 0.0000000000
65770  -30.242  -12.164  75.283 0.0000000000
65819  -29.659  -11.089  71.757 0.0000000000
64667  -29.533  -11.673  72.015 0.0000000000
63416  -28.680  -12.589  71.916 0.0000000000
64651  -28.421  -12.558  72.942 0.0000000000
65806  -28.556  -11.996  73.301 0.0000000000
63408  -27.788  -13.207  73.313 0.0000000000
61010  -26.208  -14.102  71.241 0.0000000000
60996  -25.824  -14.176  71.848 0.0000000000
60978  -25.185  -14.461  72.454 0.0000000000
59796  -24.291  -15.323  71.128 0.0000000000
59809  -24.685  -15.284  70.540 0.0000000000
61038  -24.885  -14.920  68.648 0.0000000000
59823  -24.470  -15.354  68.937 0.0000000000
84654  -51.373  5.593  41.687 0.0000000000
83666  -50.193  4.985  40.991 0.0000000000
85694  -51.592  6.723  40.259 0.0000000000
70208  -13.559  -8.427  70.568 0.0000000000
70207  -12.888  -8.771  70.244 0.0000000000
69164  -12.361  -9.167  70.014 0.0000000000
69163  -11.945  -9.422  70.262 0.0000000000
69118  -12.718  -9.469  72.396 0.0000000000
69131  -11.820  -9.665  71.835 0.0000000000
69147  -11.123  -9.628  71.437 0.0000000000
70205  -10.703  -9.416  70.574 0.0000000000
70188  -9.674  -9.375  71.297 0.0000000000
70187  -9.017  -9.137  71.019 0.0000000000
70171  -8.343  -9.425  72.162 0.0000000000
71187  -8.168  -9.238  71.600 0.0000000000
70170  -8.124  -9.401  71.829 0.0000000000
69098  -8.382  -9.782  74.022 0.0000000000
70144  -8.154  -9.783  73.726 0.0000000000
68003  -7.047  -11.632  73.230 0.0000000000
69113  -7.198  -11.299  73.421 0.0000000000
65803  -6.523  -13.085  72.743 0.0000000000
64637  -5.466  -13.490  73.109 0.0000000000
64649  -4.968  -13.442  72.593 0.0000000000
64648  -4.791  -14.040  72.568 0.0000000000
64661  -4.814  -14.265  72.145 0.0000000000
63409  -4.846  -14.535  72.331 0.0000000000
78781  -50.908  -0.177  51.522 0.0000000000
77821  -51.019  -0.678  51.898 0.0000000000
78626  -42.580  -0.391  62.625 0.0000000000
73511  -45.774  -4.675  52.667 0.0000000000
74563  -46.076  -4.153  52.544 0.0000000000
75641  -46.816  -2.926  52.011 0.0000000000
75625  -46.440  -3.691  52.303 0.0000000000
76765  -46.596  -2.463  51.239 0.0000000000
76774  -47.040  -2.041  50.954 0.0000000000
77819  -49.456  -0.954  51.571 0.0000000000
64569  -14.190  -12.924  80.527 0.0000000000
64594  -13.610  -13.928  79.083 0.0000000000
64596  -15.494  -13.654  78.610 0.0000000000
64607  -14.319  -13.527  77.948 0.0000000000
64612  -12.771  -13.841  77.681 0.0000000000
63346  -12.220  -13.940  77.939 0.0000000000
62111  -11.045  -15.116  76.789 0.0000000000
60947  -10.975  -16.096  75.421 0.0000000000
60937  -10.809  -15.997  76.213 0.0000000000
59764  -10.390  -17.427  75.858 0.0000000000
59768  -10.506  -17.821  75.431 0.0000000000
61005  -21.739  -15.600  71.539 0.0000000000
62189  -21.920  -15.689  71.904 0.0000000000
61004  -21.241  -15.542  71.490 0.0000000000
60990  -20.191  -15.606  72.199 0.0000000000
60972  -20.052  -15.499  73.177 0.0000000000
58631  -17.846  -16.218  70.560 0.0000000000
58613  -17.797  -16.129  70.804 0.0000000000
62175  -18.040  -15.215  72.377 0.0000000000
62161  -19.538  -14.885  73.767 0.0000000000
63378  -19.659  -14.629  75.062 0.0000000000
63391  -19.370  -14.583  74.577 0.0000000000
63376  -17.867  -14.243  75.460 0.0000000000
63387  -15.450  -14.155  74.717 0.0000000000
62141  -14.375  -14.998  74.273 0.0000000000
58611  -13.620  -17.966  71.896 0.0000000000
59787  -13.721  -17.181  72.344 0.0000000000
58604  -12.677  -17.945  73.077 0.0000000000
59780  -13.175  -17.249  72.928 0.0000000000
59779  -12.652  -17.379  73.432 0.0000000000
60959  -12.883  -16.254  73.780 0.0000000000
59772  -11.995  -17.357  73.815 0.0000000000
73336  -12.906  -4.891  65.938 0.0000000000
73335  -12.366  -4.967  65.430 0.0000000000
74406  -11.636  -4.851  65.238 0.0000000000
73359  -12.133  -5.568  64.884 0.0000000000
70259  -12.652  -8.436  66.300 0.0000000000
71253  -13.068  -8.055  66.017 0.0000000000
70267  -12.299  -8.319  65.612 0.0000000000
69212  -10.676  -8.925  64.709 0.0000000000
70274  -11.183  -8.216  64.741 0.0000000000
70273  -10.612  -8.305  64.572 0.0000000000
72331  -11.191  -6.891  64.475 0.0000000000
71275  -9.325  -7.481  64.220 0.0000000000
68072  -8.243  -10.222  63.828 0.0000000000
68083  -7.690  -10.244  63.522 0.0000000000
68082  -7.308  -10.218  63.293 0.0000000000
70236  -8.093  -9.698  68.936 0.0000000000
70237  -8.404  -9.503  68.989 0.0000000000
69172  -8.454  -10.241  68.501 0.0000000000
66983  -8.567  -11.686  67.758 0.0000000000
69183  -8.723  -10.724  67.728 0.0000000000
69191  -8.878  -10.992  67.025 0.0000000000
64730  -9.639  -13.193  67.072 0.0000000000
65900  -9.254  -12.749  67.111 0.0000000000
64729  -9.153  -13.030  66.448 0.0000000000
65897  -7.793  -12.514  65.934 0.0000000000
66993  -7.419  -12.085  65.498 0.0000000000
68050  -8.016  -11.775  65.986 0.0000000000
67005  -7.262  -11.911  65.306 0.0000000000
67007  -7.976  -11.261  65.185 0.0000000000
65913  -7.044  -11.962  64.614 0.0000000000
63491  -7.094  -12.653  64.184 0.0000000000
64753  -7.004  -12.089  63.814 0.0000000000
67029  -6.659  -11.537  63.235 0.0000000000
64767  -6.653  -12.408  63.504 0.0000000000
64782  -6.389  -12.174  62.936 0.0000000000
63548  -6.753  -12.899  63.351 0.0000000000
67920  -10.561  -10.170  79.566 0.0000000000
64541  -11.781  -13.251  82.552 0.0000000000
65709  -12.461  -12.555  83.000 0.0000000000
65708  -11.602  -12.793  83.158 0.0000000000
65700  -10.021  -12.468  83.137 0.0000000000
65701  -10.898  -12.369  83.284 0.0000000000
66812  -10.350  -11.457  83.059 0.0000000000
66821  -9.890  -11.409  82.651 0.0000000000
63303  -7.766  -14.406  80.540 0.0000000000
66834  -8.113  -11.539  80.888 0.0000000000
66827  -8.604  -11.478  81.412 0.0000000000
67902  -8.648  -11.040  81.350 0.0000000000
67903  -9.192  -10.916  81.654 0.0000000000
67927  -8.675  -10.213  78.761 0.0000000000
67928  -9.418  -9.960  78.635 0.0000000000
69015  -8.064  -10.111  77.934 0.0000000000
69027  -7.437  -9.661  77.482 0.0000000000
67937  -7.311  -10.217  77.799 0.0000000000
65751  -7.206  -12.244  77.311 0.0000000000
65758  -7.147  -11.875  76.734 0.0000000000
66885  -6.865  -12.028  75.829 0.0000000000
64603  -6.547  -13.404  76.321 0.0000000000
62097  -5.993  -15.316  77.035 0.0000000000
62110  -6.236  -15.631  75.682 0.0000000000
63343  -6.172  -14.485  76.326 0.0000000000
63358  -6.202  -14.428  75.425 0.0000000000
62135  -5.929  -14.714  74.194 0.0000000000
60969  -6.320  -16.089  73.308 0.0000000000
62154  -6.475  -15.115  73.087 0.0000000000
60982  -6.199  -16.178  72.773 0.0000000000
60981  -6.152  -16.239  72.225 0.0000000000
59786  -6.289  -17.324  72.143 0.0000000000
55346  -5.698  -21.287  78.034 0.0000000000
54136  -5.600  -22.513  76.537 0.0000000000
56449  -5.814  -20.433  77.014 0.0000000000
56450  -6.250  -20.479  76.106 0.0000000000
56451  -6.268  -20.840  75.443 0.0000000000
56456  -6.154  -20.301  75.156 0.0000000000
56467  -6.138  -20.198  74.250 0.0000000000
56480  -6.094  -20.137  73.499 0.0000000000
57553  -6.277  -19.523  72.493 0.0000000000
57569  -6.387  -19.139  71.930 0.0000000000
58608  -5.905  -17.818  71.477 0.0000000000
58623  -6.330  -18.504  71.191 0.0000000000
66953  -41.299  -10.665  69.870 0.0000000000
68025  -41.501  -10.291  70.309 0.0000000000
66952  -40.592  -10.920  70.232 0.0000000000
66943  -40.295  -11.031  70.713 0.0000000000
65859  -40.247  -12.020  69.529 0.0000000000
64646  -38.384  -12.240  73.067 0.0000000000
64658  -38.450  -12.198  72.067 0.0000000000
65800  -39.112  -11.749  72.417 0.0000000000
80697  -51.790  2.028  49.966 0.0000000000
78785  -48.116  -0.454  50.136 0.0000000000
78627  -43.407  0.191  62.376 0.0000000000
75562  -40.154  -3.059  59.910 0.0000000000
76656  -40.528  -2.123  59.574 0.0000000000
77683  -40.890  -1.825  58.939 0.0000000000
77684  -41.529  -1.403  59.410 0.0000000000
63426  -5.173  -14.797  70.795 0.0000000000
63434  -4.975  -15.254  70.080 0.0000000000
62203  -4.807  -16.051  69.764 0.0000000000
62214  -4.861  -16.643  69.313 0.0000000000
61046  -4.892  -17.731  68.622 0.0000000000
61029  -4.808  -17.230  68.873 0.0000000000
58668  -4.985  -18.311  69.387 0.0000000000
57608  -5.908  -18.705  69.505 0.0000000000
58587  -10.143  -17.608  76.902 0.0000000000
122093  -9.926  -17.705  77.125 0.0000000000
122089  -9.848  -18.402  76.745 0.0000000000
58595  -9.690  -19.033  76.923 0.0000000000
71259  -39.429  -7.746  66.569 0.0000000000
71258  -39.035  -7.903  66.451 0.0000000000
71269  -39.339  -7.022  66.185 0.0000000000
73374  -38.931  -5.729  65.507 0.0000000000
73375  -39.726  -5.134  65.658 0.0000000000
69057  -31.840  -9.576  76.419 0.0000000000
82664  -52.051  3.464  44.223 0.0000000000
83652  -51.996  4.630  44.109 0.0000000000
85629  -53.086  6.744  45.098 0.0000000000
69044  -8.333  -9.502  76.668 0.0000000000
74522  -48.669  -3.277  55.548 0.0000000000
75580  -49.047  -2.949  56.313 0.0000000000
75576  -45.611  -3.076  55.062 0.0000000000
74507  -45.417  -3.810  54.580 0.0000000000
74509  -46.022  -3.343  54.977 0.0000000000
74519  -46.378  -3.659  54.976 0.0000000000
74531  -46.712  -4.113  54.619 0.0000000000
63334  -17.582  -14.367  78.658 0.0000000000
63381  -24.609  -13.595  75.201 0.0000000000
69229  -6.305  -9.223  62.381 0.0000000000
70240  -10.633  -9.524  68.397 0.0000000000
69175  -9.341  -9.632  68.596 0.0000000000
61052  -11.071  -16.761  67.610 0.0000000000
62234  -11.419  -15.657  67.113 0.0000000000
61069  -11.938  -16.368  66.039 0.0000000000
61070  -12.253  -16.181  65.743 0.0000000000
66808  -13.603  -11.079  84.352 0.0000000000
66815  -13.080  -11.060  83.947 0.0000000000
59740  -5.239  -16.582  80.138 0.0000000000
59743  -5.920  -16.978  79.703 0.0000000000
59748  -5.949  -17.252  78.737 0.0000000000
58593  -5.376  -18.536  77.246 0.0000000000
66992  -42.137  -11.031  67.914 0.0000000000
70264  -40.794  -8.897  67.099 0.0000000000
66916  -35.710  -11.610  72.051 0.0000000000
65796  -35.694  -11.587  72.451 0.0000000000
66927  -35.253  -11.510  71.884 0.0000000000
65822  -34.297  -11.352  71.524 0.0000000000
65834  -32.986  -10.673  70.372 0.0000000000
65835  -33.786  -11.060  70.103 0.0000000000
81671  -51.809  2.368  46.166 0.0000000000
77730  -46.373  -0.923  57.600 0.0000000000
78705  -46.818  -0.507  57.894 0.0000000000
78690  -46.427  -0.438  58.576 0.0000000000
78718  -42.046  -1.035  56.662 0.0000000000
77727  -43.499  -1.183  56.920 0.0000000000
77754  -44.317  -1.503  56.170 0.0000000000
58677  -22.591  -15.857  68.776 0.0000000000
72326  -6.916  -6.495  64.345 0.0000000000
72327  -7.857  -6.492  64.190 0.0000000000
71274  -8.374  -7.460  64.024 0.0000000000
70185  -7.717  -9.711  71.095 0.0000000000
69144  -7.591  -10.094  70.966 0.0000000000
68028  -8.188  -11.422  70.603 0.0000000000
66946  -8.582  -12.293  70.903 0.0000000000
62206  -7.993  -16.264  70.581 0.0000000000
61012  -8.541  -15.888  70.809 0.0000000000
61020  -8.491  -16.102  70.627 0.0000000000
62219  -9.639  -16.075  69.348 0.0000000000
61033  -9.210  -16.745  68.708 0.0000000000
59876  -8.829  -17.992  66.898 0.0000000000
58744  -8.569  -18.854  66.658 0.0000000000
63306  -11.926  -13.961  80.341 0.0000000000
64580  -10.537  -13.899  79.913 0.0000000000
59737  -7.431  -17.756  80.126 0.0000000000
58576  -7.622  -18.645  80.501 0.0000000000
57502  -7.386  -19.520  80.598 0.0000000000
74462  -39.407  -4.414  62.954 0.0000000000
74475  -39.570  -4.112  61.130 0.0000000000
64622  -27.256  -12.383  74.642 0.0000000000
66891  -32.614  -11.045  74.899 0.0000000000
63432  -27.861  -12.646  71.006 0.0000000000
63423  -27.694  -13.330  71.591 0.0000000000
63414  -27.084  -13.898  72.329 0.0000000000
63430  -26.809  -13.545  71.179 0.0000000000
61018  -26.292  -14.341  71.094 0.0000000000
62191  -25.596  -14.645  70.579 0.0000000000
61016  -24.997  -14.925  70.097 0.0000000000
62210  -25.115  -14.501  69.856 0.0000000000
61026  -25.068  -14.091  69.123 0.0000000000
81708  -50.068  2.266  42.116 0.0000000000
69117  -11.810  -9.792  72.727 0.0000000000
70173  -9.771  -9.476  72.276 0.0000000000
70155  -8.099  -9.671  72.715 0.0000000000
67981  -7.526  -10.779  74.692 0.0000000000
69080  -7.388  -10.509  73.955 0.0000000000
69079  -7.189  -10.912  73.976 0.0000000000
67994  -6.889  -11.660  73.822 0.0000000000
66911  -6.668  -12.743  72.899 0.0000000000
66910  -6.407  -13.115  73.200 0.0000000000
77813  -50.202  -1.322  52.562 0.0000000000
74565  -47.912  -3.887  53.029 0.0000000000
75627  -48.031  -3.117  52.667 0.0000000000
76755  -47.867  -2.529  52.263 0.0000000000
76767  -48.035  -2.220  52.032 0.0000000000
64614  -14.107  -13.185  77.142 0.0000000000
62112  -11.576  -15.100  76.166 0.0000000000
60948  -11.477  -15.739  75.616 0.0000000000
60957  -11.374  -16.376  74.747 0.0000000000
59804  -20.441  -15.257  70.706 0.0000000000
59795  -20.937  -15.475  71.436 0.0000000000
58616  -20.075  -15.340  70.601 0.0000000000
59793  -19.291  -15.560  71.303 0.0000000000
59790  -16.975  -16.440  71.388 0.0000000000
59791  -17.660  -15.886  71.104 0.0000000000
62174  -17.315  -15.167  71.874 0.0000000000
63403  -18.126  -14.719  73.873 0.0000000000
63402  -17.133  -14.650  73.814 0.0000000000
62143  -15.961  -14.755  73.747 0.0000000000
58605  -13.106  -17.834  72.598 0.0000000000
57541  -12.368  -18.868  73.264 0.0000000000
72313  -13.176  -5.932  66.029 0.0000000000
69195  -11.357  -9.416  66.048 0.0000000000
69202  -11.398  -8.933  65.404 0.0000000000
69201  -10.766  -9.353  65.226 0.0000000000
69199  -9.249  -9.919  64.863 0.0000000000
68073  -8.680  -10.166  64.339 0.0000000000
67021  -8.308  -10.823  63.921 0.0000000000
66969  -8.377  -11.179  68.714 0.0000000000
62251  -10.134  -13.433  65.875 0.0000000000
64728  -8.371  -13.402  66.221 0.0000000000
63476  -8.968  -13.493  65.812 0.0000000000
63475  -8.420  -13.314  65.519 0.0000000000
63474  -8.160  -13.034  65.140 0.0000000000
64725  -7.284  -12.390  64.975 0.0000000000
63473  -7.938  -12.925  64.878 0.0000000000
63492  -7.558  -12.981  64.386 0.0000000000
62294  -7.872  -13.743  64.074 0.0000000000
62317  -7.720  -13.681  63.847 0.0000000000
62319  -8.090  -15.101  63.918 0.0000000000
63294  -10.481  -13.698  81.885 0.0000000000
64540  -10.793  -13.429  82.885 0.0000000000
63293  -9.939  -13.427  82.269 0.0000000000
64534  -9.452  -13.305  82.629 0.0000000000
65698  -9.172  -13.159  82.403 0.0000000000
64562  -6.812  -13.588  79.944 0.0000000000
65725  -7.199  -12.613  80.207 0.0000000000
66833  -7.632  -11.623  80.301 0.0000000000
67909  -7.930  -11.223  80.367 0.0000000000
67917  -7.868  -11.109  79.904 0.0000000000
67936  -7.043  -10.725  77.754 0.0000000000
66848  -7.123  -11.585  78.072 0.0000000000
65742  -6.898  -13.365  77.221 0.0000000000
60935  -6.212  -16.186  76.405 0.0000000000
62121  -6.204  -15.445  74.944 0.0000000000
62136  -6.195  -15.078  74.220 0.0000000000
59778  -6.393  -16.485  73.786 0.0000000000
54137  -6.141  -22.263  75.975 0.0000000000
54157  -6.187  -22.449  75.228 0.0000000000
55381  -6.337  -21.766  74.782 0.0000000000
56497  -6.116  -20.113  72.894 0.0000000000
64720  -40.068  -13.265  67.050 0.0000000000
65890  -39.857  -12.928  67.556 0.0000000000
66990  -40.716  -11.736  68.221 0.0000000000
65875  -40.527  -11.703  69.053 0.0000000000
66980  -40.898  -11.400  68.669 0.0000000000
68041  -42.636  -10.763  68.541 0.0000000000
64679  -36.146  -12.234  69.316 0.0000000000
64680  -36.563  -12.373  69.370 0.0000000000
64691  -36.786  -12.624  68.785 0.0000000000
64692  -37.686  -12.591  68.475 0.0000000000
64718  -38.758  -13.447  67.335 0.0000000000
65797  -36.482  -11.737  72.461 0.0000000000
64645  -37.168  -11.849  72.695 0.0000000000
66928  -35.912  -11.631  71.654 0.0000000000
65824  -35.980  -11.621  70.828 0.0000000000
78790  -46.987  -0.272  49.261 0.0000000000
78799  -46.422  0.062  48.487 0.0000000000
78800  -47.496  0.364  48.254 0.0000000000
79747  -48.094  0.810  47.032 0.0000000000
78641  -45.191  0.680  61.078 0.0000000000
75567  -39.515  -3.240  57.743 0.0000000000
75573  -39.578  -3.310  57.108 0.0000000000
77701  -41.206  -1.532  58.430 0.0000000000
78685  -41.659  -0.791  57.801 0.0000000000
73357  -10.189  -5.356  64.858 0.0000000000
65805  -7.713  -12.594  71.885 0.0000000000
64664  -7.325  -13.595  71.584 0.0000000000
62184  -7.350  -15.019  71.475 0.0000000000
63427  -6.197  -14.941  71.167 0.0000000000
62195  -6.994  -15.715  71.039 0.0000000000
61064  -7.485  -18.002  68.139 0.0000000000
59854  -7.124  -18.149  68.467 0.0000000000
59873  -6.653  -18.686  68.114 0.0000000000
58741  -6.598  -18.890  68.003 0.0000000000
59852  -5.146  -18.137  68.477 0.0000000000
58718  -6.235  -18.894  68.311 0.0000000000
57654  -6.823  -19.568  68.173 0.0000000000
62093  -10.585  -14.884  78.228 0.0000000000
62100  -9.935  -15.555  77.732 0.0000000000
60927  -9.693  -16.185  77.729 0.0000000000
59746  -9.929  -17.445  77.406 0.0000000000
59751  -9.135  -17.516  77.894 0.0000000000
59744  -8.136  -18.394  78.364 0.0000000000
75506  -41.001  -3.232  63.743 0.0000000000
69215  -40.044  -10.161  64.781 0.0000000000
69203  -38.865  -9.545  65.186 0.0000000000
70261  -39.034  -8.298  66.383 0.0000000000
70275  -38.175  -8.485  64.749 0.0000000000
71286  -37.699  -8.073  64.659 0.0000000000
71285  -37.205  -7.350  64.361 0.0000000000
73392  -37.768  -5.623  64.212 0.0000000000
73400  -38.015  -5.236  63.700 0.0000000000
74438  -38.826  -4.722  64.306 0.0000000000
74453  -38.511  -4.758  63.974 0.0000000000
65809  -31.014  -10.908  72.043 0.0000000000
66925  -30.617  -10.842  71.778 0.0000000000
66934  -29.627  -10.768  71.232 0.0000000000
65832  -28.976  -11.120  70.446 0.0000000000
64677  -28.685  -10.988  70.064 0.0000000000
64686  -28.249  -11.941  70.178 0.0000000000
63441  -28.059  -12.018  69.988 0.0000000000
63447  -27.565  -12.040  69.638 0.0000000000
62225  -26.295  -12.939  68.827 0.0000000000
80751  -50.237  1.811  42.634 0.0000000000
81700  -50.520  2.658  42.796 0.0000000000
82677  -49.740  3.794  41.621 0.0000000000
83661  -51.185  4.929  42.265 0.0000000000
84647  -52.125  5.612  43.221 0.0000000000
69100  -9.755  -9.877  73.833 0.0000000000
69082  -8.487  -10.007  75.021 0.0000000000
66898  -7.332  -11.463  75.026 0.0000000000
66897  -7.101  -11.965  74.933 0.0000000000
76747  -49.597  -2.240  53.933 0.0000000000
76733  -49.944  -2.218  54.410 0.0000000000
73484  -44.715  -4.846  53.760 0.0000000000
72448  -45.691  -5.461  52.910 0.0000000000
74550  -48.181  -3.483  53.738 0.0000000000
75615  -48.470  -2.911  53.628 0.0000000000
64584  -16.414  -13.790  79.539 0.0000000000
64597  -16.150  -13.999  78.878 0.0000000000
64615  -14.718  -13.409  76.990 0.0000000000
56546  -17.948  -17.147  68.920 0.0000000000
56525  -17.407  -17.319  69.555 0.0000000000
57589  -17.228  -17.479  69.817 0.0000000000
58649  -17.161  -17.195  70.284 0.0000000000
58629  -16.834  -17.184  70.475 0.0000000000
59802  -16.111  -16.749  70.620 0.0000000000
61014  -15.343  -16.890  70.917 0.0000000000
59789  -15.038  -16.792  71.339 0.0000000000
60984  -14.372  -16.304  72.216 0.0000000000
58612  -14.227  -17.713  71.395 0.0000000000
72278  -14.065  -6.949  67.667 0.0000000000
70260  -13.084  -8.510  66.960 0.0000000000
70250  -11.813  -9.080  66.817 0.0000000000
69193  -9.915  -9.916  66.523 0.0000000000
64710  -9.469  -12.748  68.039 0.0000000000
64711  -10.074  -13.207  68.007 0.0000000000
62274  -10.080  -13.646  65.357 0.0000000000
63513  -10.475  -13.607  64.266 0.0000000000
70076  -13.804  -8.978  84.022 0.0000000000
68991  -13.189  -9.503  83.765 0.0000000000
68990  -12.445  -9.729  83.433 0.0000000000
63295  -8.454  -14.363  80.962 0.0000000000
62080  -7.287  -14.996  80.394 0.0000000000
63302  -6.984  -14.449  80.278 0.0000000000
64593  -6.273  -13.638  78.240 0.0000000000
62087  -6.128  -15.778  77.305 0.0000000000
59760  -5.705  -16.434  77.459 0.0000000000
59762  -6.231  -16.751  76.529 0.0000000000
67025  -40.989  -11.439  64.345 0.0000000000
64736  -40.442  -12.876  66.901 0.0000000000
65908  -40.909  -12.281  66.324 0.0000000000
67001  -41.164  -11.417  66.765 0.0000000000
67013  -40.948  -11.395  65.696 0.0000000000
68066  -40.915  -10.817  65.347 0.0000000000
65794  -32.934  -11.450  73.989 0.0000000000
64642  -33.338  -11.378  73.278 0.0000000000
64631  -34.644  -11.599  73.714 0.0000000000
122190  -34.066  -11.445  73.486 0.0000000000
65820  -31.752  -10.744  71.652 0.0000000000
66937  -31.793  -10.943  70.997 0.0000000000
66963  -31.230  -11.164  69.824 0.0000000000
66951  -32.937  -10.800  69.920 0.0000000000
66964  -32.336  -11.016  69.593 0.0000000000
79765  -49.627  1.259  45.637 0.0000000000
122302  -49.054  0.974  45.254 0.0000000000
80743  -51.260  2.465  44.261 0.0000000000
80752  -53.155  2.409  43.296 0.0000000000
81684  -52.191  2.728  45.342 0.0000000000
81685  -52.448  2.717  44.530 0.0000000000
82665  -52.408  3.031  44.379 0.0000000000
75569  -47.364  -2.478  56.660 0.0000000000
76671  -47.866  -1.119  57.677 0.0000000000
78706  -46.996  -0.372  58.028 0.0000000000
75587  -45.202  -2.718  55.187 0.0000000000
77776  -44.883  -1.947  55.615 0.0000000000
76716  -45.112  -2.392  55.384 0.0000000000
60994  -23.815  -15.216  71.958 0.0000000000
60993  -22.914  -15.553  72.004 0.0000000000
61006  -22.512  -15.528  71.307 0.0000000000
58653  -21.949  -16.115  69.482 0.0000000000
58634  -21.429  -15.590  70.104 0.0000000000
58633  -20.300  -15.417  70.045 0.0000000000
58650  -19.304  -16.348  69.239 0.0000000000
57592  -18.761  -16.553  69.207 0.0000000000
57614  -18.447  -17.177  68.471 0.0000000000
70221  -8.842  -9.491  69.408 0.0000000000
70218  -7.907  -9.802  69.386 0.0000000000
68026  -7.877  -10.637  70.205 0.0000000000
68034  -8.124  -11.197  69.660 0.0000000000
68033  -8.146  -10.802  69.217 0.0000000000
68039  -8.366  -11.497  69.307 0.0000000000
66971  -8.586  -11.841  69.141 0.0000000000
65831  -8.762  -12.733  70.798 0.0000000000
62186  -8.797  -14.620  71.055 0.0000000000
64674  -9.227  -13.357  70.554 0.0000000000
64681  -9.815  -12.746  69.743 0.0000000000
64696  -10.478  -13.030  69.155 0.0000000000
61035  -10.736  -16.030  68.215 0.0000000000
61034  -10.183  -16.370  68.456 0.0000000000
64542  -12.655  -13.000  82.267 0.0000000000
62078  -10.247  -13.773  81.293 0.0000000000
122132  -9.867  -13.949  80.957 0.0000000000
62085  -10.066  -14.755  79.062 0.0000000000
62084  -9.534  -14.961  79.187 0.0000000000
122137  -8.980  -14.755  79.620 0.0000000000
122123  -8.837  -14.703  79.816 0.0000000000
122138  -7.828  -15.843  79.573 0.0000000000
122130  -7.505  -16.277  79.600 0.0000000000
122120  -7.373  -16.558  79.793 0.0000000000
122116  -7.244  -17.275  80.587 0.0000000000
59732  -6.469  -16.755  81.156 0.0000000000
60913  -5.638  -16.517  81.229 0.0000000000
60911  -4.849  -17.341  81.241 0.0000000000
58580  -5.019  -18.382  79.915 0.0000000000
57509  -5.387  -19.071  78.933 0.0000000000
77658  -41.750  -1.152  61.460 0.0000000000
76598  -41.882  -1.899  63.114 0.0000000000
74478  -38.303  -4.673  60.179 0.0000000000
74479  -38.811  -4.523  60.470 0.0000000000
75554  -39.472  -4.073  60.363 0.0000000000
75555  -40.041  -3.627  60.716 0.0000000000
76639  -40.690  -2.505  60.639 0.0000000000
64629  -26.602  -12.883  75.259 0.0000000000
62119  -25.646  -13.721  75.447 0.0000000000
62149  -24.766  -13.642  74.510 0.0000000000
67949  -31.682  -10.717  76.171 0.0000000000
66882  -32.087  -10.819  75.436 0.0000000000
66871  -31.723  -10.858  75.917 0.0000000000
66870  -31.348  -10.916  76.116 0.0000000000
65764  -30.860  -11.234  75.790 0.0000000000
64653  -30.355  -11.292  72.452 0.0000000000
64640  -30.063  -11.840  73.077 0.0000000000
65791  -29.406  -11.682  73.749 0.0000000000
66912  -28.655  -11.512  74.005 0.0000000000
64630  -27.386  -12.052  73.985 0.0000000000
63397  -27.256  -12.833  73.850 0.0000000000
63395  -26.746  -13.837  73.570 0.0000000000
63405  -26.382  -14.189  73.123 0.0000000000
62166  -26.049  -14.144  73.098 0.0000000000
60967  -25.686  -14.046  73.248 0.0000000000
59813  -22.944  -15.558  69.899 0.0000000000
59815  -24.484  -15.324  69.812 0.0000000000
59814  -23.532  -15.492  69.555 0.0000000000
83659  -49.818  4.352  41.157 0.0000000000
84656  -49.760  5.563  39.933 0.0000000000
85701  -51.258  6.883  39.151 0.0000000000
70226  -13.407  -8.267  69.747 0.0000000000
69132  -12.526  -9.393  71.415 0.0000000000
70203  -9.279  -9.328  70.645 0.0000000000
71209  -8.519  -9.156  70.696 0.0000000000
71207  -7.929  -9.024  70.929 0.0000000000
71198  -8.473  -9.178  71.373 0.0000000000
71196  -7.975  -9.023  71.317 0.0000000000
70186  -7.897  -9.265  71.300 0.0000000000
69129  -7.873  -10.362  71.719 0.0000000000
68005  -8.045  -11.722  72.135 0.0000000000
70156  -8.472  -9.447  73.170 0.0000000000
69097  -7.691  -10.253  73.183 0.0000000000
66923  -7.957  -12.213  72.121 0.0000000000
65804  -7.111  -12.678  72.163 0.0000000000
64650  -5.904  -13.423  72.654 0.0000000000
63417  -4.851  -14.702  71.618 0.0000000000
62183  -4.898  -15.518  71.323 0.0000000000
78788  -50.331  0.009  51.097 0.0000000000
79714  -51.293  0.368  51.333 0.0000000000
77732  -48.593  -1.388  57.143 0.0000000000
73551  -44.970  -4.869  51.641 0.0000000000
74582  -45.165  -4.291  51.739 0.0000000000
74594  -45.168  -3.725  51.454 0.0000000000
75647  -45.266  -2.906  50.822 0.0000000000
76772  -45.731  -2.259  50.401 0.0000000000
76773  -46.461  -1.872  50.413 0.0000000000
77827  -49.104  -0.524  50.887 0.0000000000
63307  -12.603  -13.732  79.887 0.0000000000
63330  -12.060  -14.149  78.705 0.0000000000
64606  -13.402  -13.815  78.219 0.0000000000
63331  -12.915  -14.269  78.577 0.0000000000
63345  -11.215  -14.224  78.035 0.0000000000
60929  -10.510  -16.135  76.968 0.0000000000
59758  -10.398  -16.907  76.678 0.0000000000
58592  -10.291  -17.580  76.279 0.0000000000
57525  -10.259  -18.345  75.928 0.0000000000
62179  -22.422  -15.530  72.494 0.0000000000
60975  -22.275  -15.422  73.158 0.0000000000
59783  -22.085  -15.381  73.570 0.0000000000
60991  -21.220  -15.780  72.078 0.0000000000
60974  -21.659  -15.454  72.960 0.0000000000
59782  -21.631  -15.582  73.704 0.0000000000
62145  -20.754  -15.175  74.548 0.0000000000
57557  -18.187  -15.927  70.352 0.0000000000
58614  -18.340  -15.778  70.617 0.0000000000
60988  -18.196  -15.438  71.701 0.0000000000
60960  -20.321  -15.307  74.071 0.0000000000
62128  -20.753  -14.723  75.090 0.0000000000
62127  -19.976  -14.881  75.474 0.0000000000
63390  -18.712  -14.500  74.492 0.0000000000
63374  -15.497  -13.813  75.612 0.0000000000
64626  -14.710  -13.792  75.079 0.0000000000
62170  -13.628  -15.786  73.075 0.0000000000
62155  -13.572  -15.767  73.685 0.0000000000
62140  -13.124  -15.542  74.268 0.0000000000
58601  -11.379  -18.062  73.941 0.0000000000
58598  -10.713  -18.091  74.742 0.0000000000
74405  -10.737  -4.741  65.177 0.0000000000
73383  -10.428  -5.884  64.706 0.0000000000
71267  -13.204  -6.810  66.002 0.0000000000
72312  -12.670  -6.344  65.326 0.0000000000
70266  -11.790  -8.273  65.031 0.0000000000
71265  -11.939  -7.555  64.688 0.0000000000
72311  -11.707  -6.648  64.588 0.0000000000
72310  -11.134  -6.285  64.602 0.0000000000
72330  -10.695  -6.549  64.550 0.0000000000
72329  -9.634  -6.720  64.486 0.0000000000
69222  -7.593  -9.797  63.490 0.0000000000
67030  -6.865  -11.063  63.155 0.0000000000
70239  -9.038  -9.427  69.086 0.0000000000
69174  -8.943  -9.860  68.416 0.0000000000
69182  -8.597  -10.696  68.054 0.0000000000
69185  -9.248  -10.165  67.642 0.0000000000
68045  -9.163  -10.722  66.815 0.0000000000
68052  -8.909  -11.094  66.104 0.0000000000
65880  -9.008  -12.464  67.677 0.0000000000
65879  -8.546  -12.388  67.291 0.0000000000
65878  -8.169  -12.243  66.911 0.0000000000
65916  -8.151  -13.084  66.417 0.0000000000
65898  -8.042  -12.788  66.453 0.0000000000
66996  -8.477  -11.178  65.587 0.0000000000
67020  -7.954  -11.173  63.939 0.0000000000
65928  -7.183  -11.883  64.038 0.0000000000
67019  -7.263  -11.559  63.882 0.0000000000
64783  -6.717  -12.664  62.583 0.0000000000
63550  -6.891  -13.861  63.050 0.0000000000
62363  -7.974  -14.214  63.040 0.0000000000
63575  -8.091  -14.080  62.679 0.0000000000
69018  -10.629  -9.952  78.030 0.0000000000
65703  -13.214  -11.720  83.673 0.0000000000
67891  -10.788  -10.586  83.131 0.0000000000
64550  -8.577  -13.470  81.435 0.0000000000
65707  -9.222  -12.220  82.255 0.0000000000
65717  -8.682  -12.438  81.624 0.0000000000
66820  -9.493  -11.433  82.208 0.0000000000
67898  -10.061  -10.901  82.432 0.0000000000
67912  -10.214  -10.142  80.522 0.0000000000
69008  -10.161  -10.016  78.772 0.0000000000
69017  -9.777  -9.868  77.991 0.0000000000
70103  -7.665  -9.397  77.130 0.0000000000
69061  -6.972  -9.643  76.652 0.0000000000
67950  -6.803  -10.535  77.029 0.0000000000
66873  -7.454  -10.795  76.289 0.0000000000
66886  -7.463  -11.118  76.047 0.0000000000
122171  -6.854  -12.902  75.145 0.0000000000
64592  -6.520  -13.744  77.426 0.0000000000
122165  -6.532  -13.328  75.586 0.0000000000
122169  -6.740  -13.169  74.832 0.0000000000
63385  -5.178  -14.415  73.717 0.0000000000
62153  -6.038  -14.575  73.573 0.0000000000
63398  -5.031  -14.477  73.178 0.0000000000
63410  -5.502  -14.774  72.444 0.0000000000
60980  -5.413  -15.885  71.747 0.0000000000
60998  -5.203  -16.276  71.107 0.0000000000
56440  -5.609  -19.744  78.879 0.0000000000
56447  -5.066  -19.999  78.399 0.0000000000
54119  -5.833  -22.569  77.337 0.0000000000
55357  -5.139  -20.752  78.090 0.0000000000
57515  -5.321  -19.406  77.226 0.0000000000
58603  -6.010  -18.368  73.215 0.0000000000
59785  -6.152  -17.401  71.394 0.0000000000
59798  -5.452  -17.139  71.055 0.0000000000
58669  -6.450  -18.667  69.770 0.0000000000
55483  -7.088  -21.481  69.171 0.0000000000
55432  -6.269  -20.566  72.695 0.0000000000
56526  -17.759  -17.031  69.347 0.0000000000
56528  -18.540  -16.925  68.831 0.0000000000
56545  -17.498  -17.395  69.118 0.0000000000
56547  -18.342  -17.103  68.682 0.0000000000
56548  -18.550  -17.077  68.635 0.0000000000
56565  -18.040  -17.212  68.631 0.0000000000
57513  -9.905  -18.070  76.796 0.0000000000
57514  -10.178  -17.864  76.557 0.0000000000
57519  -10.227  -18.030  76.341 0.0000000000
57529  -10.262  -18.576  75.607 0.0000000000
57533  -11.759  -18.537  73.729 0.0000000000
57575  -17.915  -16.245  70.189 0.0000000000
57583  -5.561  -18.121  69.585 0.0000000000
57584  -5.907  -18.137  69.563 0.0000000000
57607  -5.427  -18.384  69.560 0.0000000000
57615  -18.742  -16.947  68.604 0.0000000000
57630  -5.333  -18.709  69.341 0.0000000000
58573  -5.692  -18.036  81.307 0.0000000000
58574  -6.485  -18.175  81.310 0.0000000000
58575  -7.253  -18.543  81.183 0.0000000000
58581  -8.226  -18.539  78.144 0.0000000000
58582  -8.025  -18.691  78.325 0.0000000000
58588  -10.169  -17.688  76.733 0.0000000000
58591  -10.280  -17.427  76.617 0.0000000000
58596  -10.380  -17.944  75.902 0.0000000000
58636  -22.703  -15.695  70.019 0.0000000000
58644  -6.545  -18.093  69.917 0.0000000000
58648  -16.821  -17.732  70.111 0.0000000000
58670  -6.655  -18.653  69.981 0.0000000000
58694  -5.308  -18.658  68.848 0.0000000000
58717  -5.615  -18.476  68.544 0.0000000000
58719  -6.722  -19.213  67.849 0.0000000000
59731  -6.017  -16.764  81.829 0.0000000000
59733  -5.101  -17.693  81.472 0.0000000000
59738  -4.802  -17.765  80.773 0.0000000000
59739  -4.982  -16.585  80.201 0.0000000000
59742  -5.028  -16.883  79.755 0.0000000000
59750  -8.389  -18.170  78.182 0.0000000000
59752  -9.955  -16.975  77.588 0.0000000000
59753  -10.184  -17.280  77.204 0.0000000000
59754  -5.456  -16.578  77.456 0.0000000000
59759  -10.317  -16.987  76.188 0.0000000000
59784  -22.479  -15.441  73.450 0.0000000000
59797  -24.891  -15.291  70.998 0.0000000000
59799  -6.267  -17.094  71.341 0.0000000000
59811  -15.333  -17.084  70.794 0.0000000000
59812  -15.519  -16.945  70.685 0.0000000000
59818  -4.849  -17.601  69.428 0.0000000000
59835  -7.182  -17.937  68.730 0.0000000000
59838  -24.565  -14.912  68.261 0.0000000000
59856  -11.566  -16.630  66.351 0.0000000000
60909  -5.706  -16.823  81.883 0.0000000000
60910  -5.782  -16.670  81.649 0.0000000000
60912  -5.151  -16.845  81.637 0.0000000000
60914  -4.726  -17.102  80.813 0.0000000000
60915  -5.023  -16.540  80.679 0.0000000000
60916  -5.844  -16.487  80.487 0.0000000000
60918  -4.892  -16.675  80.259 0.0000000000
60919  -6.115  -15.968  77.476 0.0000000000
60926  -5.617  -16.442  77.591 0.0000000000
60936  -6.342  -16.585  76.262 0.0000000000
60946  -6.434  -16.789  76.138 0.0000000000
60970  -12.565  -16.843  73.701 0.0000000000
60987  -17.486  -15.566  71.445 0.0000000000
60992  -21.691  -15.737  71.948 0.0000000000
60997  -26.230  -13.890  71.551 0.0000000000
61000  -15.393  -16.695  71.152 0.0000000000
61002  -17.636  -15.426  71.459 0.0000000000
61003  -17.731  -15.454  71.528 0.0000000000
61009  -26.056  -14.744  71.041 0.0000000000
61015  -15.593  -16.747  70.833 0.0000000000
61017  -26.165  -14.253  70.899 0.0000000000
61021  -8.706  -16.000  70.608 0.0000000000
61048  -7.540  -17.854  68.426 0.0000000000
62079  -10.320  -13.878  81.038 0.0000000000
62098  -6.219  -14.933  77.299 0.0000000000
62122  -11.476  -15.762  75.388 0.0000000000
62129  -21.192  -14.964  74.770 0.0000000000
62132  -25.038  -13.734  75.365 0.0000000000
62137  -6.361  -15.331  73.667 0.0000000000
62151  -26.586  -13.691  73.842 0.0000000000
62162  -21.761  -15.523  72.609 0.0000000000
62163  -22.043  -15.432  72.739 0.0000000000
62164  -22.457  -15.476  72.925 0.0000000000
62165  -26.176  -14.201  72.920 0.0000000000
62168  -5.897  -15.428  72.181 0.0000000000
62169  -6.277  -15.679  72.693 0.0000000000
62178  -21.848  -15.619  72.264 0.0000000000
62180  -26.314  -14.161  72.698 0.0000000000
62181  -26.251  -14.046  72.491 0.0000000000
62187  -17.601  -15.390  71.587 0.0000000000
62192  -25.768  -14.744  70.724 0.0000000000
62193  -26.555  -13.781  71.362 0.0000000000
62197  -9.026  -15.172  70.728 0.0000000000
62198  -9.807  -14.840  70.406 0.0000000000
62199  -25.345  -14.497  70.256 0.0000000000
62202  -26.766  -13.126  70.604 0.0000000000
62209  -10.322  -14.854  69.340 0.0000000000
62249  -9.180  -13.314  65.119 0.0000000000
62253  -12.277  -15.957  65.961 0.0000000000
62269  -7.549  -13.302  64.150 0.0000000000
62270  -7.967  -13.565  64.260 0.0000000000
62293  -7.317  -13.283  64.039 0.0000000000
62315  -6.937  -13.152  64.010 0.0000000000
62316  -7.099  -13.155  63.890 0.0000000000
62318  -7.879  -14.596  64.003 0.0000000000
62339  -6.929  -13.168  63.620 0.0000000000
62340  -7.357  -13.440  63.511 0.0000000000
62341  -7.930  -14.120  63.366 0.0000000000
62343  -8.273  -14.950  63.192 0.0000000000
62362  -7.597  -13.990  62.878 0.0000000000
63394  -24.251  -13.739  75.128 0.0000000000
63396  -27.022  -13.479  73.784 0.0000000000
63399  -6.142  -14.622  72.913 0.0000000000
63400  -6.422  -14.880  72.868 0.0000000000
63401  -16.475  -14.675  73.814 0.0000000000
63404  -18.918  -14.540  73.984 0.0000000000
63406  -26.619  -14.114  73.124 0.0000000000
63412  -26.415  -14.221  72.914 0.0000000000
63413  -26.562  -14.139  72.735 0.0000000000
63422  -27.004  -13.623  71.532 0.0000000000
63428  -9.114  -14.242  70.690 0.0000000000
63438  -26.483  -12.805  69.569 0.0000000000
63493  -8.194  -13.191  64.607 0.0000000000
63509  -6.892  -12.549  63.967 0.0000000000
63510  -7.082  -13.046  64.138 0.0000000000
63511  -6.995  -13.329  62.812 0.0000000000
63526  -6.789  -12.795  63.641 0.0000000000
63528  -6.921  -13.039  62.819 0.0000000000
63529  -7.154  -12.960  62.626 0.0000000000
63551  -7.996  -13.560  62.593 0.0000000000
63574  -7.477  -14.059  63.063 0.0000000000
64533  -9.306  -13.340  82.239 0.0000000000
64535  -9.734  -13.128  83.136 0.0000000000
64538  -9.786  -13.343  82.835 0.0000000000
64539  -10.082  -13.354  82.982 0.0000000000
64566  -10.861  -13.713  79.885 0.0000000000
64579  -10.434  -13.902  80.209 0.0000000000
64605  -12.845  -13.942  77.980 0.0000000000
64618  -14.943  -13.716  75.282 0.0000000000
64619  -15.182  -13.747  75.308 0.0000000000
64627  -15.042  -13.731  75.050 0.0000000000
64628  -26.565  -12.940  75.490 0.0000000000
64638  -5.972  -13.367  72.942 0.0000000000
64656  -34.327  -11.314  72.284 0.0000000000
64660  -39.525  -11.736  71.641 0.0000000000
64672  -39.293  -12.069  71.629 0.0000000000
64676  -28.532  -11.879  70.508 0.0000000000
64683  -10.322  -14.043  69.853 0.0000000000
64687  -28.456  -11.366  69.821 0.0000000000
64705  -36.648  -12.936  68.000 0.0000000000
64709  -9.237  -12.557  67.890 0.0000000000
64726  -7.664  -12.708  65.230 0.0000000000
64742  -7.578  -12.710  64.824 0.0000000000
64743  -7.811  -13.095  66.145 0.0000000000
64744  -7.911  -13.370  66.274 0.0000000000
64754  -7.208  -13.016  62.476 0.0000000000
64768  -7.052  -13.027  62.623 0.0000000000
65697  -13.833  -11.670  84.173 0.0000000000
65699  -9.359  -12.744  82.772 0.0000000000
65706  -9.030  -12.913  82.093 0.0000000000
65718  -9.075  -11.791  81.847 0.0000000000
65750  -7.165  -13.010  77.093 0.0000000000
65755  -31.196  -11.071  75.950 0.0000000000
65756  -31.388  -11.004  75.825 0.0000000000
65757  -6.566  -13.488  75.097 0.0000000000
65765  -31.432  -11.012  75.428 0.0000000000
65773  -34.013  -11.737  74.997 0.0000000000
65778  -26.725  -12.748  75.480 0.0000000000
65784  -33.891  -11.627  74.757 0.0000000000
65790  -28.364  -11.691  73.853 0.0000000000
65810  -36.259  -11.771  71.970 0.0000000000
65813  -39.127  -11.997  72.424 0.0000000000
65818  -29.289  -11.088  71.127 0.0000000000
65833  -28.907  -10.963  70.239 0.0000000000
65844  -41.878  -10.939  69.530 0.0000000000
65845  -42.452  -11.077  69.584 0.0000000000
65855  -36.796  -12.470  69.382 0.0000000000
65862  -42.594  -11.272  69.340 0.0000000000
65876  -42.554  -11.362  68.989 0.0000000000
65881  -9.332  -12.687  67.651 0.0000000000
65882  -9.590  -12.878  67.794 0.0000000000
65907  -40.637  -12.695  66.749 0.0000000000
65915  -7.887  -12.986  66.343 0.0000000000
65927  -6.837  -11.968  63.766 0.0000000000
66901  -28.681  -11.577  74.248 0.0000000000
66902  -29.008  -11.525  74.086 0.0000000000
66913  -28.848  -11.576  73.886 0.0000000000
66914  -33.265  -11.460  74.178 0.0000000000
66915  -35.464  -11.551  72.192 0.0000000000
66919  -38.923  -11.609  72.586 0.0000000000
66924  -8.206  -12.363  71.802 0.0000000000
66926  -30.922  -10.835  71.628 0.0000000000
66931  -39.150  -11.440  72.115 0.0000000000
66933  -8.456  -12.275  71.455 0.0000000000
66935  -30.219  -10.645  71.400 0.0000000000
66938  -35.075  -11.539  71.480 0.0000000000
66940  -36.044  -11.594  71.289 0.0000000000
66944  -40.840  -10.645  70.313 0.0000000000
66947  -29.533  -10.808  70.785 0.0000000000
66955  -8.219  -10.957  69.020 0.0000000000
66956  -8.264  -11.167  69.112 0.0000000000
66961  -29.695  -10.889  70.382 0.0000000000
66962  -30.270  -11.078  70.200 0.0000000000
66966  -40.865  -11.234  68.953 0.0000000000
66968  -42.801  -11.114  69.501 0.0000000000
66976  -31.780  -11.305  69.277 0.0000000000
66982  -43.051  -11.367  68.998 0.0000000000
66995  -8.327  -11.349  65.693 0.0000000000
66997  -8.829  -10.808  65.445 0.0000000000
67006  -7.459  -11.606  65.111 0.0000000000
67897  -9.617  -11.059  82.094 0.0000000000
67925  -7.270  -11.060  78.106 0.0000000000
67948  -31.451  -10.721  76.249 0.0000000000
67951  -7.241  -10.477  76.554 0.0000000000
67983  -8.050  -10.160  75.428 0.0000000000
68019  -29.803  -10.605  70.998 0.0000000000
68020  -30.034  -10.514  70.982 0.0000000000
68029  -29.761  -10.711  70.780 0.0000000000
68030  -29.968  -10.613  70.808 0.0000000000
68032  -42.657  -10.855  69.564 0.0000000000
68035  -8.242  -11.526  69.865 0.0000000000
68036  -42.767  -10.286  69.262 0.0000000000
68044  -8.662  -11.142  66.993 0.0000000000
68047  -9.671  -10.102  66.735 0.0000000000
68061  -8.063  -11.566  65.764 0.0000000000
68062  -8.626  -10.553  64.355 0.0000000000
69028  -8.313  -9.569  77.247 0.0000000000
69042  -6.875  -9.917  76.723 0.0000000000
69043  -7.329  -10.143  76.454 0.0000000000
69062  -7.386  -9.819  76.465 0.0000000000
69095  -7.096  -11.352  73.639 0.0000000000
69145  -7.812  -10.952  70.161 0.0000000000
69146  -7.917  -11.146  70.239 0.0000000000
69149  -12.452  -9.310  70.619 0.0000000000
69159  -7.898  -11.087  69.996 0.0000000000
69161  -9.418  -9.417  68.929 0.0000000000
69181  -43.144  -10.465  68.909 0.0000000000
69192  -8.891  -11.008  66.753 0.0000000000
70101  -6.835  -9.420  77.127 0.0000000000
70102  -7.090  -9.345  77.181 0.0000000000
70112  -6.918  -9.388  76.828 0.0000000000
70113  -7.492  -9.333  76.849 0.0000000000
70114  -8.134  -9.472  76.805 0.0000000000
70128  -7.188  -9.548  76.592 0.0000000000
70129  -7.471  -9.514  76.599 0.0000000000
70130  -7.808  -9.486  76.607 0.0000000000
70235  -7.972  -9.943  68.893 0.0000000000
70238  -8.770  -9.423  69.071 0.0000000000
70255  -40.734  -8.291  67.185 0.0000000000
70272  -9.878  -8.145  64.241 0.0000000000
71186  -7.953  -9.075  71.538 0.0000000000
71188  -8.412  -9.328  71.764 0.0000000000
71208  -8.137  -9.008  70.808 0.0000000000
71210  -9.119  -9.531  70.207 0.0000000000
71222  -8.602  -9.536  69.998 0.0000000000
72435  -45.638  -5.306  53.906 0.0000000000
73361  -13.107  -5.360  65.999 0.0000000000
73426  -38.024  -4.963  60.310 0.0000000000
73461  -45.679  -3.963  54.633 0.0000000000
73462  -46.139  -3.908  54.727 0.0000000000
73471  -45.371  -4.120  54.495 0.0000000000
73510  -45.830  -4.255  52.433 0.0000000000
73512  -45.365  -4.962  52.303 0.0000000000
73530  -45.633  -4.364  52.326 0.0000000000
73531  -45.366  -4.589  52.113 0.0000000000
74497  -39.196  -3.497  57.318 0.0000000000
74505  -39.265  -3.459  57.001 0.0000000000
74508  -45.744  -3.586  54.744 0.0000000000
74511  -47.863  -3.043  56.063 0.0000000000
74517  -44.957  -3.839  54.265 0.0000000000
74518  -46.100  -3.680  54.822 0.0000000000
75568  -40.029  -2.848  57.382 0.0000000000
75570  -47.751  -2.539  56.560 0.0000000000
75575  -45.339  -3.504  54.685 0.0000000000
75579  -47.604  -2.834  56.301 0.0000000000
75589  -47.029  -3.202  55.828 0.0000000000
75629  -48.655  -2.429  53.326 0.0000000000
75642  -47.465  -2.836  52.294 0.0000000000
76702  -46.254  -2.590  56.465 0.0000000000
76732  -49.356  -2.468  54.278 0.0000000000
76745  -48.705  -2.586  53.659 0.0000000000
77672  -42.090  -0.748  60.304 0.0000000000
77700  -40.839  -1.862  58.649 0.0000000000
77752  -42.412  -1.698  56.301 0.0000000000
77790  -43.632  -2.281  54.977 0.0000000000
77791  -43.971  -2.138  54.814 0.0000000000
77811  -48.556  -1.861  52.385 0.0000000000
78717  -41.730  -1.136  56.771 0.0000000000
80719  -49.893  1.495  45.272 0.0000000000
80736  -52.702  2.488  44.358 0.0000000000
80744  -52.459  2.777  44.169 0.0000000000
80745  -52.860  2.385  44.129 0.0000000000
80753  -53.173  2.205  43.704 0.0000000000
80761  -53.346  2.341  42.931 0.0000000000
80762  -53.408  2.107  43.227 0.0000000000
81694  -52.903  2.674  44.183 0.0000000000
81701  -52.823  2.763  43.327 0.0000000000
81702  -53.271  2.576  43.714 0.0000000000
81709  -53.208  2.637  42.969 0.0000000000
81710  -53.446  2.446  43.181 0.0000000000
82656  -52.300  3.015  44.806 0.0000000000
82670  -51.281  4.023  43.329 0.0000000000
82671  -52.764  3.002  43.460 0.0000000000
82672  -52.832  2.924  43.771 0.0000000000
82679  -52.978  2.973  43.046 0.0000000000
82680  -53.213  2.849  43.231 0.0000000000
122091  -9.977  -17.916  76.975 0.0000000000
122092  -9.668  -17.753  77.420 0.0000000000
122095  -9.936  -18.225  76.609 0.0000000000
122097  -9.713  -17.418  77.595 0.0000000000
122121  -7.659  -16.597  79.754 0.0000000000
122124  -8.573  -15.440  79.366 0.0000000000
122126  -9.875  -13.766  81.302 0.0000000000
122166  -6.668  -13.329  75.018 0.0000000000
122167  -6.595  -13.143  75.700 0.0000000000
122168  -6.767  -12.603  75.562 0.0000000000
122170  -6.573  -13.375  74.602 0.0000000000
122185  -34.040  -11.377  73.247 0.0000000000
122187  -34.121  -11.290  72.682 0.0000000000
122188  -34.763  -11.399  72.213 0.0000000000
