#!ascii label  , from subject 3805 vox2ras=TkReg
835
97721  39.863  18.771  43.244 0.0000000000
99274  47.856  19.877  32.488 0.0000000000
100943  46.844  22.209  31.697 0.0000000000
96310  48.728  16.528  22.455 0.0000000000
97760  40.473  18.276  36.182 0.0000000000
102214  49.088  24.254  38.612 0.0000000000
97829  49.523  18.669  25.776 0.0000000000
100208  38.621  21.671  25.204 0.0000000000
100872  48.954  22.257  38.390 0.0000000000
100061  43.398  21.423  38.317 0.0000000000
95334  45.444  15.424  32.886 0.0000000000
100945  41.634  22.171  32.009 0.0000000000
99357  42.248  20.778  24.866 0.0000000000
100100  51.448  22.276  31.976 0.0000000000
101025  47.378  22.530  24.520 0.0000000000
100987  38.973  22.823  27.604 0.0000000000
99204  43.604  20.585  41.932 0.0000000000
99223  41.606  21.005  40.590 0.0000000000
96201  43.351  16.367  34.813 0.0000000000
101618  45.429  22.770  34.778 0.0000000000
101620  42.490  23.777  34.823 0.0000000000
100105  43.936  21.677  32.182 0.0000000000
99310  42.592  20.638  29.008 0.0000000000
100168  44.885  20.907  28.440 0.0000000000
100086  48.674  21.097  35.386 0.0000000000
100084  51.054  22.182  35.767 0.0000000000
99282  49.609  20.752  31.875 0.0000000000
97862  49.600  18.992  22.413 0.0000000000
100201  49.610  21.652  25.208 0.0000000000
99392  48.211  20.543  22.080 0.0000000000
99394  45.865  20.677  22.186 0.0000000000
97090  47.342  17.910  24.232 0.0000000000
94537  46.058  14.414  26.309 0.0000000000
97734  37.287  18.304  41.428 0.0000000000
98493  39.349  19.832  39.334 0.0000000000
101605  47.843  23.269  35.522 0.0000000000
97043  47.034  17.381  29.437 0.0000000000
98555  48.544  19.513  29.362 0.0000000000
96270  48.712  16.653  26.579 0.0000000000
96308  50.815  16.836  23.444 0.0000000000
100807  49.009  22.658  42.986 0.0000000000
100016  46.814  21.522  42.385 0.0000000000
100874  46.405  22.124  38.385 0.0000000000
99255  46.144  19.974  35.084 0.0000000000
99249  41.767  19.894  36.714 0.0000000000
98512  44.404  18.783  35.101 0.0000000000
97021  46.000  17.146  32.632 0.0000000000
94485  45.985  14.657  30.326 0.0000000000
96964  35.847  17.934  43.129 0.0000000000
102815  41.273  25.163  33.067 0.0000000000
100961  40.195  23.003  30.567 0.0000000000
99325  40.290  21.380  27.888 0.0000000000
100221  40.484  21.420  24.037 0.0000000000
97869  41.251  18.643  23.451 0.0000000000
100870  50.945  22.873  39.179 0.0000000000
101613  51.179  23.225  34.812 0.0000000000
100919  49.350  22.838  31.763 0.0000000000
100151  49.937  21.474  28.673 0.0000000000
100984  49.152  22.580  28.415 0.0000000000
100165  47.382  22.070  27.919 0.0000000000
100217  44.622  21.436  24.052 0.0000000000
98609  43.382  19.769  22.641 0.0000000000
101679  38.520  23.458  28.202 0.0000000000
101670  38.655  23.419  29.755 0.0000000000
98479  41.363  19.814  42.363 0.0000000000
98480  40.662  19.775  41.930 0.0000000000
100911  46.236  22.379  33.366 0.0000000000
100912  45.236  22.401  33.458 0.0000000000
100103  45.930  21.845  31.939 0.0000000000
99294  44.590  20.977  30.018 0.0000000000
100138  45.498  21.352  30.483 0.0000000000
99266  48.253  20.486  33.485 0.0000000000
99265  49.051  20.803  33.917 0.0000000000
99273  48.435  20.217  32.353 0.0000000000
97111  49.467  17.884  21.742 0.0000000000
98616  49.610  19.601  21.999 0.0000000000
97877  48.722  18.496  22.316 0.0000000000
97864  47.410  18.828  23.342 0.0000000000
97103  47.872  17.595  23.497 0.0000000000
95433  46.972  14.975  24.743 0.0000000000
94553  47.343  14.529  23.718 0.0000000000
97746  37.838  18.778  39.566 0.0000000000
101588  46.619  23.847  37.117 0.0000000000
101586  48.928  23.711  37.163 0.0000000000
95383  47.466  15.445  27.950 0.0000000000
97049  47.944  16.739  28.086 0.0000000000
95396  48.291  15.839  26.896 0.0000000000
95440  50.569  15.845  23.352 0.0000000000
95438  51.239  15.751  22.010 0.0000000000
96321  50.626  16.712  21.844 0.0000000000
100037  43.525  21.497  40.425 0.0000000000
100036  44.635  21.737  40.533 0.0000000000
100059  45.114  21.908  38.728 0.0000000000
100079  46.534  21.486  36.836 0.0000000000
100081  44.778  20.926  36.637 0.0000000000
98500  40.015  19.639  37.712 0.0000000000
99235  40.367  20.152  38.134 0.0000000000
98506  41.237  19.069  36.215 0.0000000000
96208  44.481  16.366  33.997 0.0000000000
97773  43.970  17.804  34.727 0.0000000000
97014  44.759  17.068  34.066 0.0000000000
97770  45.752  18.456  34.030 0.0000000000
97022  45.736  16.862  32.904 0.0000000000
96228  45.911  16.425  31.819 0.0000000000
95352  45.684  15.456  31.506 0.0000000000
92615  46.991  12.425  29.660 0.0000000000
100926  42.448  22.272  32.681 0.0000000000
102238  41.861  24.553  34.015 0.0000000000
100927  41.478  22.909  32.616 0.0000000000
101650  41.149  23.865  31.842 0.0000000000
100946  40.784  22.683  31.657 0.0000000000
100143  40.557  22.075  30.246 0.0000000000
100142  41.274  21.117  30.218 0.0000000000
99334  42.645  20.501  27.017 0.0000000000
99346  41.221  20.616  25.989 0.0000000000
99370  41.310  21.115  23.919 0.0000000000
99384  40.698  20.535  23.351 0.0000000000
99383  41.529  20.937  23.068 0.0000000000
100842  49.067  22.581  40.933 0.0000000000
100841  49.905  22.791  41.111 0.0000000000
100871  50.115  22.537  38.851 0.0000000000
100094  51.434  22.042  33.361 0.0000000000
100889  51.971  22.875  35.412 0.0000000000
101623  51.162  23.054  33.553 0.0000000000
101625  49.798  23.177  33.298 0.0000000000
101648  50.662  23.270  31.870 0.0000000000
98571  49.212  19.546  27.251 0.0000000000
99306  49.260  20.409  28.901 0.0000000000
98570  49.585  20.299  27.498 0.0000000000
101024  48.287  22.359  24.476 0.0000000000
101003  49.475  22.116  26.308 0.0000000000
101004  48.870  22.428  26.354 0.0000000000
100996  48.214  22.391  27.606 0.0000000000
100189  47.291  22.207  26.384 0.0000000000
100191  45.704  21.600  26.356 0.0000000000
101017  46.417  22.298  25.124 0.0000000000
98595  45.130  19.541  23.571 0.0000000000
98608  44.308  19.810  22.732 0.0000000000
97839  44.562  18.299  24.799 0.0000000000
97093  43.086  17.824  24.374 0.0000000000
102168  49.173  24.333  40.982 0.0000000000
100998  38.487  22.966  26.707 0.0000000000
101695  39.134  23.111  25.693 0.0000000000
98463  43.806  19.646  43.465 0.0000000000
98464  42.869  19.477  43.166 0.0000000000
99222  42.546  20.902  40.921 0.0000000000
100053  42.465  21.556  39.036 0.0000000000
97010  41.720  17.300  35.519 0.0000000000
100892  43.801  23.086  35.095 0.0000000000
100914  43.245  22.581  33.636 0.0000000000
100106  42.947  21.700  32.223 0.0000000000
99297  42.185  20.738  29.817 0.0000000000
99296  43.133  20.779  29.917 0.0000000000
99309  43.659  20.695  29.173 0.0000000000
99333  43.848  20.612  27.137 0.0000000000
100058  48.191  21.710  37.634 0.0000000000
100066  49.930  22.100  37.348 0.0000000000
100085  49.866  21.592  35.522 0.0000000000
100095  50.608  21.445  33.475 0.0000000000
100101  51.039  21.648  32.362 0.0000000000
98593  50.173  19.310  23.696 0.0000000000
99354  49.928  20.641  25.116 0.0000000000
99378  49.811  20.432  22.937 0.0000000000
100229  49.244  21.291  23.136 0.0000000000
100245  47.596  21.260  22.482 0.0000000000
100246  46.491  21.287  22.506 0.0000000000
99393  47.094  20.645  22.328 0.0000000000
97865  46.673  18.994  23.731 0.0000000000
97078  46.209  17.829  25.205 0.0000000000
94536  46.442  14.399  25.602 0.0000000000
97722  38.754  18.835  42.721 0.0000000000
98481  39.688  19.918  41.387 0.0000000000
98491  38.674  19.312  39.961 0.0000000000
98494  38.623  19.270  38.904 0.0000000000
97762  39.001  18.295  37.082 0.0000000000
101589  45.598  23.872  37.092 0.0000000000
101606  46.684  23.368  35.515 0.0000000000
100910  47.280  22.494  33.209 0.0000000000
97792  46.891  18.189  31.049 0.0000000000
98547  48.400  19.474  30.574 0.0000000000
97808  47.721  18.432  29.327 0.0000000000
97823  47.973  18.042  27.813 0.0000000000
97830  48.973  18.293  26.589 0.0000000000
95421  49.055  15.678  25.429 0.0000000000
96297  50.088  16.800  24.445 0.0000000000
97089  50.293  17.747  24.339 0.0000000000
97101  50.711  17.745  22.834 0.0000000000
97116  50.310  17.404  21.637 0.0000000000
95449  48.933  15.559  22.218 0.0000000000
95450  48.155  14.998  22.639 0.0000000000
100015  47.464  21.661  42.847 0.0000000000
100843  47.937  22.552  40.632 0.0000000000
100002  44.972  21.048  42.506 0.0000000000
100825  46.036  22.167  40.982 0.0000000000
100873  47.614  22.039  38.244 0.0000000000
100887  47.311  21.666  36.968 0.0000000000
99254  47.339  20.679  35.438 0.0000000000
99262  47.171  19.975  34.213 0.0000000000
99208  40.030  20.456  40.547 0.0000000000
100054  41.525  21.209  38.804 0.0000000000
100073  42.815  20.799  37.615 0.0000000000
97766  42.372  18.166  35.477 0.0000000000
99258  43.256  19.571  35.985 0.0000000000
99247  44.101  20.509  36.476 0.0000000000
98511  45.507  19.353  34.862 0.0000000000
98518  46.238  19.304  34.120 0.0000000000
98530  47.069  18.791  32.502 0.0000000000
97030  46.330  17.375  31.492 0.0000000000
95372  46.565  15.649  29.332 0.0000000000
94514  46.689  14.783  28.872 0.0000000000
93582  45.972  13.866  30.543 0.0000000000
93597  47.090  13.582  28.610 0.0000000000
97723  37.669  18.437  42.455 0.0000000000
96986  37.035  17.935  42.274 0.0000000000
96976  35.341  17.241  42.224 0.0000000000
102811  42.156  25.306  34.312 0.0000000000
102833  41.898  25.189  31.456 0.0000000000
100975  39.144  22.930  30.000 0.0000000000
100169  39.668  22.197  27.673 0.0000000000
100194  39.358  22.399  25.885 0.0000000000
99324  40.979  20.764  27.937 0.0000000000
99347  40.436  20.948  25.946 0.0000000000
100222  39.711  21.435  24.284 0.0000000000
102200  50.488  23.911  39.161 0.0000000000
100877  50.864  22.725  37.708 0.0000000000
101583  51.096  23.253  38.061 0.0000000000
101585  50.008  23.718  37.206 0.0000000000
101604  49.068  23.436  35.464 0.0000000000
100897  48.980  22.814  33.768 0.0000000000
100942  47.791  22.455  31.434 0.0000000000
99283  48.890  20.338  31.158 0.0000000000
99292  50.086  21.053  30.582 0.0000000000
100134  51.080  22.001  30.154 0.0000000000
99332  50.011  21.059  27.007 0.0000000000
100163  50.138  22.068  28.588 0.0000000000
100957  50.737  22.608  30.349 0.0000000000
100958  49.905  22.817  30.179 0.0000000000
100973  48.206  22.364  29.604 0.0000000000
100136  47.304  21.859  29.919 0.0000000000
100166  46.556  21.464  28.223 0.0000000000
100192  44.782  21.149  26.705 0.0000000000
99355  44.005  21.114  24.720 0.0000000000
100233  44.930  21.849  22.937 0.0000000000
100234  43.984  21.618  22.965 0.0000000000
99382  42.652  21.049  22.712 0.0000000000
97868  42.076  18.648  23.103 0.0000000000
95398  45.297  14.972  27.366 0.0000000000
102272  38.747  24.133  30.059 0.0000000000
98466  40.721  19.310  42.911 0.0000000000
98467  39.769  19.306  42.389 0.0000000000
100922  46.582  22.254  32.548 0.0000000000
100923  45.595  22.120  32.705 0.0000000000
100119  46.217  21.610  31.130 0.0000000000
99267  47.602  20.042  33.007 0.0000000000
98528  48.003  19.724  32.250 0.0000000000
97112  49.023  17.362  22.030 0.0000000000
97102  48.478  17.462  22.755 0.0000000000
96311  48.192  16.533  23.277 0.0000000000
95442  47.755  15.431  23.435 0.0000000000
102202  48.741  24.381  39.475 0.0000000000
102215  47.942  24.320  38.712 0.0000000000
102224  48.399  24.157  37.858 0.0000000000
96259  47.677  15.897  27.726 0.0000000000
95409  48.121  15.251  26.698 0.0000000000
94560  51.388  15.407  22.141 0.0000000000
94576  51.504  14.726  21.258 0.0000000000
95454  51.493  15.216  21.473 0.0000000000
99360  39.152  21.030  24.874 0.0000000000
100052  43.459  21.685  39.311 0.0000000000
100051  44.493  21.946  39.485 0.0000000000
100060  44.379  21.667  38.483 0.0000000000
100080  45.431  21.212  36.728 0.0000000000
100071  44.315  21.232  37.356 0.0000000000
98507  40.176  19.276  36.916 0.0000000000
99251  40.491  19.670  37.020 0.0000000000
97759  41.003  18.573  36.048 0.0000000000
95335  45.076  15.462  33.444 0.0000000000
96214  44.927  16.386  33.667 0.0000000000
97018  45.457  17.097  33.415 0.0000000000
96213  45.302  16.156  33.198 0.0000000000
96229  45.698  15.913  32.040 0.0000000000
95341  45.565  15.399  32.208 0.0000000000
100944  42.160  21.958  32.107 0.0000000000
100916  41.737  23.367  33.204 0.0000000000
100928  40.902  22.968  32.223 0.0000000000
100124  41.097  21.912  31.166 0.0000000000
99344  43.025  20.543  25.932 0.0000000000
99345  42.057  20.540  25.962 0.0000000000
100236  41.052  21.228  23.429 0.0000000000
99369  42.565  21.054  23.653 0.0000000000
100864  49.062  22.494  39.716 0.0000000000
100906  51.281  22.760  33.751 0.0000000000
100918  51.534  22.804  32.639 0.0000000000
101647  51.181  23.210  32.334 0.0000000000
100938  51.252  22.920  31.428 0.0000000000
98578  49.198  19.016  26.698 0.0000000000
98577  49.677  20.016  26.272 0.0000000000
101015  48.072  22.483  25.429 0.0000000000
101005  47.907  22.395  26.440 0.0000000000
101016  47.027  22.536  25.460 0.0000000000
100203  46.469  22.274  25.460 0.0000000000
101026  46.441  22.238  24.408 0.0000000000
97838  45.361  18.365  24.854 0.0000000000
97851  44.869  18.958  24.264 0.0000000000
97840  44.043  18.203  24.705 0.0000000000
101686  38.908  23.259  26.305 0.0000000000
101691  38.788  23.245  26.031 0.0000000000
100997  39.119  23.116  26.523 0.0000000000
98446  42.996  19.454  43.855 0.0000000000
98447  41.843  19.431  43.685 0.0000000000
99206  41.632  20.401  41.605 0.0000000000
99187  42.018  20.173  42.343 0.0000000000
100038  42.511  21.505  40.044 0.0000000000
101608  44.353  23.269  35.724 0.0000000000
100891  44.640  22.798  35.025 0.0000000000
100924  44.592  22.135  32.789 0.0000000000
100913  44.245  22.431  33.560 0.0000000000
100925  43.572  22.168  32.835 0.0000000000
100122  43.266  21.400  31.460 0.0000000000
100140  43.671  21.061  30.692 0.0000000000
99308  44.657  20.880  29.423 0.0000000000
99295  44.080  20.786  30.010 0.0000000000
99321  44.283  20.750  28.439 0.0000000000
100181  44.823  20.981  27.820 0.0000000000
100068  48.217  21.523  37.038 0.0000000000
100077  48.934  21.422  36.412 0.0000000000
100096  49.749  21.088  33.481 0.0000000000
100091  49.598  21.227  34.433 0.0000000000
100102  50.140  21.205  32.614 0.0000000000
100117  50.564  21.330  31.550 0.0000000000
98592  49.999  18.967  23.118 0.0000000000
98604  49.836  19.350  22.700 0.0000000000
98617  48.888  19.626  21.909 0.0000000000
99391  49.275  20.526  22.106 0.0000000000
100244  48.633  21.173  22.429 0.0000000000
100230  48.158  21.744  23.367 0.0000000000
98618  47.788  19.646  22.364 0.0000000000
97849  46.845  18.588  24.068 0.0000000000
97091  46.679  18.136  24.547 0.0000000000
96299  46.929  17.369  24.772 0.0000000000
96286  46.804  16.411  25.355 0.0000000000
94554  47.102  14.443  24.315 0.0000000000
94546  46.902  14.311  24.945 0.0000000000
97733  38.219  18.903  41.722 0.0000000000
98482  38.899  19.251  40.983 0.0000000000
97741  38.009  18.827  40.660 0.0000000000
97751  37.915  18.354  38.437 0.0000000000
98502  39.033  18.859  37.660 0.0000000000
97006  38.832  17.794  36.939 0.0000000000
101596  47.202  23.569  36.323 0.0000000000
101616  47.327  23.046  34.741 0.0000000000
100899  46.814  22.689  34.040 0.0000000000
97801  47.013  18.160  29.990 0.0000000000
97800  47.730  18.665  30.571 0.0000000000
97809  47.238  17.980  29.481 0.0000000000
97057  48.209  17.380  27.689 0.0000000000
97058  47.810  17.797  28.054 0.0000000000
97067  48.641  17.683  26.866 0.0000000000
97066  49.192  17.484  26.146 0.0000000000
94552  48.919  15.154  24.898 0.0000000000
95431  49.279  15.498  24.704 0.0000000000
96309  50.362  16.332  23.842 0.0000000000
97077  49.653  17.661  25.117 0.0000000000
96296  50.596  17.288  24.035 0.0000000000
97088  50.562  17.751  23.643 0.0000000000
95456  50.130  15.529  21.332 0.0000000000
96322  50.131  16.564  21.480 0.0000000000
96323  49.727  16.939  21.602 0.0000000000
95448  49.505  15.758  21.640 0.0000000000
94570  48.728  14.365  22.186 0.0000000000
100000  46.737  21.077  43.349 0.0000000000
100823  47.925  22.232  41.931 0.0000000000
100824  46.853  22.237  41.417 0.0000000000
99203  44.305  20.590  42.428 0.0000000000
99184  44.726  20.274  43.177 0.0000000000
100018  44.583  21.310  41.703 0.0000000000
100867  45.568  22.132  39.152 0.0000000000
100845  45.646  22.307  40.163 0.0000000000
100866  46.618  22.353  39.250 0.0000000000
100881  46.834  21.968  37.540 0.0000000000
99245  46.295  20.810  36.077 0.0000000000
99244  46.991  21.008  36.195 0.0000000000
99263  46.528  19.754  34.483 0.0000000000
98490  39.342  19.969  40.340 0.0000000000
99225  40.000  20.431  39.673 0.0000000000
99241  41.108  20.344  37.353 0.0000000000
99229  41.216  20.979  38.666 0.0000000000
99233  41.968  20.899  38.020 0.0000000000
100062  42.447  21.090  38.147 0.0000000000
99240  42.206  20.589  37.433 0.0000000000
97009  42.737  17.157  35.398 0.0000000000
97764  44.099  18.281  34.866 0.0000000000
98513  43.013  19.161  35.686 0.0000000000
99257  43.749  19.699  35.797 0.0000000000
99256  44.906  19.758  35.650 0.0000000000
97775  46.017  17.990  33.407 0.0000000000
98523  46.687  18.938  32.978 0.0000000000
97781  46.683  18.284  32.231 0.0000000000
95351  45.922  15.876  31.033 0.0000000000
96236  46.145  16.579  30.793 0.0000000000
95362  46.181  15.615  30.255 0.0000000000
94501  46.353  14.732  29.638 0.0000000000
92617  45.915  13.365  30.742 0.0000000000
92630  47.091  12.980  29.173 0.0000000000
91616  47.672  12.477  28.567 0.0000000000
97710  37.707  18.519  43.343 0.0000000000
96975  36.442  17.840  42.632 0.0000000000
96987  36.403  17.572  41.628 0.0000000000
102240  41.488  24.528  33.303 0.0000000000
102812  41.645  25.084  33.608 0.0000000000
103373  42.587  26.086  33.980 0.0000000000
102814  42.091  25.645  33.160 0.0000000000
102821  42.359  25.665  32.030 0.0000000000
102822  41.621  25.201  32.379 0.0000000000
101660  40.561  23.373  31.125 0.0000000000
101661  39.255  23.206  31.535 0.0000000000
100976  38.471  22.924  30.429 0.0000000000
100962  38.738  22.749  30.947 0.0000000000
100157  40.339  21.688  29.031 0.0000000000
100182  39.631  21.732  26.860 0.0000000000
99311  41.481  20.689  29.031 0.0000000000
99323  41.931  20.317  27.893 0.0000000000
99359  40.676  20.950  25.029 0.0000000000
99336  41.057  20.493  26.964 0.0000000000
100206  39.985  21.566  24.866 0.0000000000
99372  39.609  20.653  24.062 0.0000000000
100238  40.138  21.050  23.687 0.0000000000
100862  50.562  23.006  40.390 0.0000000000
100840  50.269  23.109  41.217 0.0000000000
101575  50.753  23.495  39.762 0.0000000000
102184  50.426  24.244  40.023 0.0000000000
101581  50.890  23.384  38.928 0.0000000000
100075  50.573  22.404  36.867 0.0000000000
100065  50.360  22.421  37.453 0.0000000000
101612  51.889  23.166  35.276 0.0000000000
101591  51.731  23.074  36.151 0.0000000000
101602  51.420  23.266  35.769 0.0000000000
101584  50.775  23.450  37.400 0.0000000000
101593  50.667  23.388  36.505 0.0000000000
101594  49.574  23.489  36.384 0.0000000000
101603  50.343  23.375  35.558 0.0000000000
101634  49.853  23.217  32.343 0.0000000000
100908  49.128  22.993  33.216 0.0000000000
101626  49.276  23.073  32.841 0.0000000000
100909  48.464  22.797  32.958 0.0000000000
100920  48.501  22.711  32.011 0.0000000000
98548  48.103  19.020  29.871 0.0000000000
99305  49.803  21.164  29.349 0.0000000000
99291  50.772  21.505  30.295 0.0000000000
99304  50.523  21.512  29.860 0.0000000000
99342  50.079  21.028  25.955 0.0000000000
100188  49.886  21.655  26.198 0.0000000000
100994  49.474  22.105  27.244 0.0000000000
100983  49.874  22.334  28.379 0.0000000000
100970  50.339  22.312  29.366 0.0000000000
100971  49.950  22.689  29.292 0.0000000000
100985  48.293  22.368  28.628 0.0000000000
100960  48.022  22.374  30.548 0.0000000000
100152  47.440  21.814  28.928 0.0000000000
100153  46.476  21.436  29.267 0.0000000000
100205  44.757  21.454  25.491 0.0000000000
100232  46.098  21.775  23.208 0.0000000000
100247  45.365  21.405  22.347 0.0000000000
98621  44.123  20.392  22.314 0.0000000000
99396  43.899  20.771  22.312 0.0000000000
98622  43.652  20.260  22.349 0.0000000000
100249  43.506  21.184  22.593 0.0000000000
98623  43.206  20.218  22.501 0.0000000000
98610  42.579  20.034  22.839 0.0000000000
97867  43.047  18.984  22.922 0.0000000000
97081  43.311  17.638  25.281 0.0000000000
95411  45.658  15.306  26.756 0.0000000000
94526  45.729  14.331  27.076 0.0000000000
100988  38.026  22.989  27.656 0.0000000000
101678  39.329  23.008  28.474 0.0000000000
98465  41.811  19.626  42.969 0.0000000000
98448  41.137  19.206  43.500 0.0000000000
99207  40.678  20.525  41.087 0.0000000000
100900  45.824  22.593  34.132 0.0000000000
100901  44.890  22.588  34.236 0.0000000000
100104  44.942  21.755  32.067 0.0000000000
100121  44.284  21.450  31.374 0.0000000000
100120  45.252  21.542  31.265 0.0000000000
100154  45.519  21.210  29.605 0.0000000000
99261  48.301  20.726  34.617 0.0000000000
100092  48.884  20.994  34.720 0.0000000000
99272  49.259  20.676  32.971 0.0000000000
97876  49.589  18.672  22.012 0.0000000000
97878  48.047  18.846  22.733 0.0000000000
96298  47.414  16.551  24.215 0.0000000000
96285  47.221  15.942  24.753 0.0000000000
95432  47.226  15.336  24.285 0.0000000000
97742  37.224  18.309  40.294 0.0000000000
102225  47.213  24.094  37.927 0.0000000000
101587  47.762  23.700  37.161 0.0000000000
101595  48.374  23.469  36.349 0.0000000000
96249  46.902  16.611  28.910 0.0000000000
97051  47.109  17.139  28.963 0.0000000000
96248  47.560  16.305  28.184 0.0000000000
96258  48.010  16.343  27.556 0.0000000000
94562  50.278  15.108  23.601 0.0000000000
94561  51.191  14.917  22.786 0.0000000000
95439  50.926  15.955  22.496 0.0000000000
96315  50.926  16.877  22.384 0.0000000000
95447  51.062  16.098  21.913 0.0000000000
95455  51.052  15.723  21.308 0.0000000000
100001  45.801  21.008  42.866 0.0000000000
100019  43.899  21.218  41.182 0.0000000000
100050  45.033  22.079  39.176 0.0000000000
100875  45.726  21.978  38.367 0.0000000000
100882  46.115  21.999  37.863 0.0000000000
100070  45.477  21.670  37.725 0.0000000000
99246  45.288  20.536  36.119 0.0000000000
98497  39.639  19.644  38.340 0.0000000000
99231  40.004  20.179  38.813 0.0000000000
98496  40.042  19.774  38.091 0.0000000000
99250  40.830  19.798  36.842 0.0000000000
96209  43.888  16.368  34.406 0.0000000000
97008  43.434  16.930  34.979 0.0000000000
97015  43.994  17.376  34.623 0.0000000000
97772  44.358  17.961  34.597 0.0000000000
98520  44.864  18.322  34.568 0.0000000000
97771  45.312  17.824  34.059 0.0000000000
97776  45.609  17.643  33.638 0.0000000000
96218  45.863  16.649  32.364 0.0000000000
95363  45.822  15.257  30.795 0.0000000000
91594  46.454  12.310  30.582 0.0000000000
91605  47.573  12.184  29.213 0.0000000000
100915  42.296  23.120  33.623 0.0000000000
101627  42.221  23.624  34.162 0.0000000000
101636  41.470  23.762  32.781 0.0000000000
102245  41.369  24.553  32.561 0.0000000000
101637  41.087  23.317  32.334 0.0000000000
101651  40.744  23.193  31.937 0.0000000000
100125  40.667  22.398  30.918 0.0000000000
100156  40.861  20.965  29.321 0.0000000000
99335  41.783  20.492  26.810 0.0000000000
99358  41.376  20.742  25.025 0.0000000000
99371  40.926  21.095  24.462 0.0000000000
100237  40.767  21.134  23.501 0.0000000000
98611  41.419  19.761  23.142 0.0000000000
100822  49.017  22.596  41.995 0.0000000000
100863  50.102  22.637  40.067 0.0000000000
100089  51.430  22.491  34.731 0.0000000000
100083  51.631  22.607  35.437 0.0000000000
100895  51.568  22.922  34.682 0.0000000000
100896  51.239  23.007  34.377 0.0000000000
101624  50.842  23.046  33.795 0.0000000000
101633  50.648  23.298  32.774 0.0000000000
101649  50.041  23.078  31.582 0.0000000000
98563  48.944  19.840  28.174 0.0000000000
98562  49.524  20.354  28.062 0.0000000000
99318  49.895  20.866  28.219 0.0000000000
100202  49.093  22.031  24.903 0.0000000000
101013  49.593  22.024  25.767 0.0000000000
101014  49.014  22.263  25.393 0.0000000000
100995  48.975  22.440  27.394 0.0000000000
100179  46.615  21.623  27.144 0.0000000000
100190  46.663  22.129  26.125 0.0000000000
100204  45.804  21.952  25.116 0.0000000000
98607  45.426  20.148  22.798 0.0000000000
99380  45.195  20.501  22.249 0.0000000000
98596  44.501  19.311  23.643 0.0000000000
97866  43.581  19.371  23.044 0.0000000000
97852  43.809  18.731  23.893 0.0000000000
97092  43.687  17.998  24.709 0.0000000000
102185  49.519  24.401  40.160 0.0000000000
101019  38.725  22.516  25.372 0.0000000000
99185  43.716  19.954  42.750 0.0000000000
99186  42.788  20.022  42.517 0.0000000000
99221  43.257  20.878  41.225 0.0000000000
97768  40.858  18.033  35.897 0.0000000000
96203  42.076  16.303  35.422 0.0000000000
96202  42.884  16.329  35.096 0.0000000000
95328  43.639  15.326  34.307 0.0000000000
95327  44.370  15.594  33.874 0.0000000000
94452  45.299  14.595  33.159 0.0000000000
94458  45.449  14.597  32.439 0.0000000000
101609  43.461  23.672  35.622 0.0000000000
100893  43.385  23.426  35.050 0.0000000000
100902  43.962  22.659  34.397 0.0000000000
100123  42.150  21.583  31.538 0.0000000000
100141  42.593  21.062  30.643 0.0000000000
99322  43.177  20.371  28.149 0.0000000000
100057  48.449  21.871  37.942 0.0000000000
100067  49.024  21.796  37.407 0.0000000000
100076  49.952  21.823  36.584 0.0000000000
100090  50.902  21.666  34.568 0.0000000000
98585  49.988  19.591  24.970 0.0000000000
99366  49.716  20.281  24.097 0.0000000000
100213  49.443  21.101  24.228 0.0000000000
99390  49.832  20.073  22.259 0.0000000000
99379  49.382  20.857  22.625 0.0000000000
100214  48.878  21.863  24.247 0.0000000000
101032  48.110  22.205  23.886 0.0000000000
101033  47.639  22.251  23.800 0.0000000000
101034  46.916  22.241  23.726 0.0000000000
100231  47.118  21.845  23.064 0.0000000000
98619  46.719  20.110  22.480 0.0000000000
98605  47.091  19.575  22.808 0.0000000000
98620  46.105  20.223  22.642 0.0000000000
97850  46.015  18.951  24.224 0.0000000000
96287  45.920  17.033  25.761 0.0000000000
95410  46.302  15.219  26.066 0.0000000000
95422  47.096  15.545  24.958 0.0000000000
95423  46.747  15.225  25.367 0.0000000000
93631  46.152  13.763  25.828 0.0000000000
98468  39.001  19.335  41.895 0.0000000000
98501  39.392  19.062  37.462 0.0000000000
97761  39.407  18.546  36.923 0.0000000000
97005  39.543  17.604  36.437 0.0000000000
101598  44.860  23.617  36.505 0.0000000000
101607  45.474  23.201  35.536 0.0000000000
101597  46.061  23.564  36.358 0.0000000000
101617  46.270  22.913  34.816 0.0000000000
97791  47.574  18.707  31.718 0.0000000000
98538  48.164  19.505  31.720 0.0000000000
97799  48.039  19.008  31.285 0.0000000000
98556  48.177  18.952  29.465 0.0000000000
97050  47.479  17.406  28.576 0.0000000000
97816  47.861  18.241  28.276 0.0000000000
97815  48.327  18.905  28.663 0.0000000000
97822  48.518  18.587  27.526 0.0000000000
94534  48.308  14.665  26.366 0.0000000000
95408  48.644  15.540  26.240 0.0000000000
96284  49.045  16.096  26.049 0.0000000000
95430  49.842  15.787  24.103 0.0000000000
95420  49.518  16.093  24.880 0.0000000000
96283  49.334  16.655  25.637 0.0000000000
97837  50.147  18.574  24.691 0.0000000000
97847  50.319  18.509  23.204 0.0000000000
97861  50.184  18.535  22.421 0.0000000000
97110  50.635  17.698  21.994 0.0000000000
97875  50.257  18.219  21.814 0.0000000000
97117  49.876  17.374  21.550 0.0000000000
97118  49.491  17.228  21.685 0.0000000000
95441  48.412  15.782  22.867 0.0000000000
94571  48.046  14.357  22.559 0.0000000000
100808  48.214  22.127  42.912 0.0000000000
100017  45.753  21.609  41.874 0.0000000000
100035  45.321  21.798  41.038 0.0000000000
100844  46.781  22.549  40.315 0.0000000000
100865  47.820  22.514  39.393 0.0000000000
100880  47.649  21.700  37.409 0.0000000000
100078  47.754  21.199  36.342 0.0000000000
100087  47.976  20.884  35.647 0.0000000000
99224  40.767  20.967  40.011 0.0000000000
99230  40.771  20.887  38.944 0.0000000000
100040  41.133  21.191  39.300 0.0000000000
100039  41.620  21.404  39.657 0.0000000000
100072  43.326  21.004  37.626 0.0000000000
97767  41.312  18.307  35.820 0.0000000000
98514  41.949  18.847  35.844 0.0000000000
98505  42.294  19.383  36.183 0.0000000000
97765  43.569  18.000  34.984 0.0000000000
99248  42.952  19.857  36.427 0.0000000000
99239  43.196  20.621  37.120 0.0000000000
99238  43.751  20.827  37.166 0.0000000000
98519  45.360  18.682  34.477 0.0000000000
98510  45.966  19.557  34.695 0.0000000000
98517  46.816  19.610  33.942 0.0000000000
98522  47.012  19.531  33.457 0.0000000000
98529  47.532  19.284  32.443 0.0000000000
97780  47.262  18.726  32.250 0.0000000000
97036  46.552  17.436  30.412 0.0000000000
96242  46.556  16.546  29.863 0.0000000000
95384  47.000  15.598  28.550 0.0000000000
94513  47.168  14.754  28.261 0.0000000000
94525  47.517  14.683  27.600 0.0000000000
94468  45.538  14.619  31.692 0.0000000000
94486  45.696  14.617  30.980 0.0000000000
93581  46.300  13.882  29.917 0.0000000000
92616  46.372  12.902  30.195 0.0000000000
92631  46.539  13.368  29.587 0.0000000000
93598  46.517  13.859  29.096 0.0000000000
93612  46.865  14.145  28.510 0.0000000000
93611  47.372  13.920  28.023 0.0000000000
97709  39.087  18.771  43.636 0.0000000000
96962  37.243  18.283  43.241 0.0000000000
96974  37.185  18.102  42.950 0.0000000000
97735  36.791  17.789  40.802 0.0000000000
96988  35.712  16.891  41.274 0.0000000000
102832  42.748  25.773  30.919 0.0000000000
102254  41.491  24.632  31.865 0.0000000000
102260  41.389  24.480  31.029 0.0000000000
102841  41.933  25.310  30.428 0.0000000000
101662  38.180  23.506  30.850 0.0000000000
101669  39.292  23.272  29.056 0.0000000000
101668  39.751  23.130  28.846 0.0000000000
100974  40.124  22.960  29.293 0.0000000000
100986  39.767  22.664  28.463 0.0000000000
100170  39.254  22.673  27.127 0.0000000000
100183  39.330  22.540  26.655 0.0000000000
100207  39.106  21.689  25.462 0.0000000000
99312  40.731  20.996  28.690 0.0000000000
99337  40.279  20.998  26.953 0.0000000000
100193  39.605  21.444  25.901 0.0000000000
99385  40.133  20.292  23.716 0.0000000000
100821  49.660  23.128  41.911 0.0000000000
101558  50.029  24.247  40.750 0.0000000000
102201  49.803  24.333  39.320 0.0000000000
100878  49.976  22.397  37.907 0.0000000000
100885  51.302  22.759  36.442 0.0000000000
101592  51.406  23.072  36.651 0.0000000000
102212  50.651  23.688  38.408 0.0000000000
102222  50.378  23.937  37.861 0.0000000000
102223  49.509  24.147  37.829 0.0000000000
101614  49.838  23.218  34.465 0.0000000000
101615  48.486  23.147  34.629 0.0000000000
100898  47.889  22.847  33.888 0.0000000000
100921  47.539  22.628  32.293 0.0000000000
99293  49.244  20.270  29.995 0.0000000000
100116  51.232  21.826  31.242 0.0000000000
100115  51.298  22.397  30.988 0.0000000000
100177  49.721  21.710  26.958 0.0000000000
100164  50.106  21.743  27.995 0.0000000000
100150  50.230  21.869  29.123 0.0000000000
100133  51.142  22.454  30.564 0.0000000000
100956  51.199  22.655  30.791 0.0000000000
100939  50.467  22.941  31.045 0.0000000000
100940  49.646  22.739  31.010 0.0000000000
100972  49.139  22.746  29.360 0.0000000000
100959  48.975  22.679  30.301 0.0000000000
100941  48.731  22.642  31.178 0.0000000000
100118  47.134  21.922  30.861 0.0000000000
100137  46.389  21.485  30.239 0.0000000000
100167  45.505  21.120  28.611 0.0000000000
100180  45.677  21.272  27.481 0.0000000000
99343  43.965  20.876  25.806 0.0000000000
99356  43.188  20.998  24.849 0.0000000000
100216  45.566  21.862  23.884 0.0000000000
99395  44.733  20.685  22.191 0.0000000000
100248  44.367  21.331  22.478 0.0000000000
100218  43.722  21.337  23.569 0.0000000000
100219  43.207  21.262  23.544 0.0000000000
97853  42.749  18.222  23.570 0.0000000000
97854  42.243  18.009  23.488 0.0000000000
94563  47.675  14.419  23.006 0.0000000000
93646  47.191  13.997  23.937 0.0000000000
95319  43.196  15.815  34.693 0.0000000000
95397  47.764  15.469  27.281 0.0000000000
95446  51.415  15.521  21.717 0.0000000000
96219  45.645  16.355  32.606 0.0000000000
96247  47.870  16.455  27.971 0.0000000000
96269  49.116  16.912  26.152 0.0000000000
96316  49.767  16.104  21.466 0.0000000000
96317  49.374  16.514  21.737 0.0000000000
96963  36.872  18.260  43.351 0.0000000000
97013  45.191  17.335  33.863 0.0000000000
97017  45.849  17.412  33.166 0.0000000000
97019  45.066  16.857  33.738 0.0000000000
97042  47.324  17.820  29.179 0.0000000000
97080  44.133  17.840  25.403 0.0000000000
97105  41.660  18.214  23.453 0.0000000000
97711  37.214  18.465  43.512 0.0000000000
97755  39.217  18.699  37.293 0.0000000000
97756  38.840  18.479  37.488 0.0000000000
97790  47.920  19.062  31.668 0.0000000000
97807  48.224  18.929  29.221 0.0000000000
97848  50.414  18.399  23.937 0.0000000000
97863  48.105  18.252  22.919 0.0000000000
97884  50.358  17.877  21.684 0.0000000000
97885  50.048  18.006  21.507 0.0000000000
98462  44.424  19.812  43.755 0.0000000000
98498  38.873  18.994  38.033 0.0000000000
98504  42.765  19.479  36.108 0.0000000000
98508  39.654  18.978  37.092 0.0000000000
98515  41.504  18.756  35.955 0.0000000000
98539  47.837  19.102  31.905 0.0000000000
98594  45.749  19.656  23.520 0.0000000000
98603  50.005  18.807  22.853 0.0000000000
98606  46.413  19.609  23.206 0.0000000000
98613  40.237  19.758  23.891 0.0000000000
99183  45.728  20.627  43.591 0.0000000000
99205  42.643  20.474  41.765 0.0000000000
99234  41.368  20.791  38.209 0.0000000000
99236  40.045  19.942  38.462 0.0000000000
99242  40.480  19.856  37.316 0.0000000000
99253  48.076  20.832  35.292 0.0000000000
99260  48.969  20.916  34.431 0.0000000000
99307  45.158  20.989  29.130 0.0000000000
99319  49.439  20.383  28.341 0.0000000000
99320  44.914  20.867  28.826 0.0000000000
99367  43.963  21.174  24.080 0.0000000000
99368  43.438  21.133  24.052 0.0000000000
99381  44.894  20.316  22.387 0.0000000000
99397  43.195  20.661  22.423 0.0000000000
100055  41.122  21.146  39.023 0.0000000000
100063  41.827  21.029  38.296 0.0000000000
100069  46.233  21.792  37.477 0.0000000000
100107  42.423  21.855  32.154 0.0000000000
100135  50.943  21.474  30.705 0.0000000000
100139  44.618  21.202  30.556 0.0000000000
100155  44.963  21.173  30.015 0.0000000000
100178  47.389  22.031  26.912 0.0000000000
100215  48.360  22.141  23.968 0.0000000000
100220  40.861  21.281  23.675 0.0000000000
100228  49.550  20.814  23.569 0.0000000000
100235  43.211  21.362  23.056 0.0000000000
100243  49.137  20.996  22.513 0.0000000000
100820  50.065  23.096  41.496 0.0000000000
100846  45.032  22.150  39.756 0.0000000000
100868  45.016  22.122  39.418 0.0000000000
100879  49.488  22.115  37.763 0.0000000000
100884  51.871  22.922  36.043 0.0000000000
100886  47.736  21.511  36.942 0.0000000000
100890  51.668  22.712  35.826 0.0000000000
100903  43.120  23.237  34.482 0.0000000000
100904  42.522  23.429  34.286 0.0000000000
100907  51.206  22.874  34.169 0.0000000000
100929  37.729  23.471  32.033 0.0000000000
100947  38.079  22.839  31.908 0.0000000000
100948  37.323  23.011  31.969 0.0000000000
100949  37.430  23.431  31.759 0.0000000000
100963  37.815  22.960  31.047 0.0000000000
100964  37.423  23.185  31.554 0.0000000000
100982  50.167  22.199  28.850 0.0000000000
101006  47.222  22.313  26.079 0.0000000000
101007  39.349  23.061  25.952 0.0000000000
101018  39.106  22.811  25.544 0.0000000000
101023  48.802  22.160  24.766 0.0000000000
101601  51.936  23.069  35.873 0.0000000000
101621  42.043  24.032  34.332 0.0000000000
101628  41.817  23.821  33.670 0.0000000000
101632  51.211  23.150  33.127 0.0000000000
101635  49.120  22.863  32.404 0.0000000000
101663  37.634  23.384  31.351 0.0000000000
101677  39.911  23.028  28.681 0.0000000000
101685  39.083  23.274  26.144 0.0000000000
101690  39.097  23.240  25.903 0.0000000000
101696  38.878  23.068  25.632 0.0000000000
102213  50.064  24.202  38.507 0.0000000000
102221  50.776  23.584  37.937 0.0000000000
102255  38.892  23.669  31.638 0.0000000000
103387  42.738  26.237  32.479 0.0000000000
