#!ascii label  , from subject 3419 vox2ras=TkReg
908
37997  -17.655  -20.578  64.791 0.0000000000
34882  -34.400  -25.305  48.134 0.0000000000
39477  -35.354  -19.017  44.311 0.0000000000
36885  -28.829  -22.711  53.501 0.0000000000
43031  -39.751  -13.532  34.231 0.0000000000
43821  -33.094  -14.045  37.830 0.0000000000
36204  -36.687  -23.012  53.039 0.0000000000
36215  -32.267  -23.321  51.932 0.0000000000
45205  -47.304  -11.527  37.558 0.0000000000
49025  -49.396  -6.385  36.446 0.0000000000
50781  -50.863  -4.041  34.632 0.0000000000
42837  -35.705  -14.586  46.973 0.0000000000
41235  -32.348  -16.701  42.578 0.0000000000
43771  -37.939  -13.239  42.657 0.0000000000
42949  -40.024  -14.663  40.687 0.0000000000
36851  -22.368  -22.379  54.452 0.0000000000
38581  -16.554  -19.549  68.595 0.0000000000
37005  -36.874  -22.631  45.399 0.0000000000
39420  -38.611  -18.289  48.549 0.0000000000
36944  -23.751  -22.501  49.953 0.0000000000
36976  -28.115  -22.452  47.869 0.0000000000
51615  -48.729  -3.112  30.022 0.0000000000
52921  -53.013  -0.810  33.090 0.0000000000
42163  -36.497  -15.210  35.722 0.0000000000
43006  -43.915  -15.426  37.679 0.0000000000
37423  -18.156  -21.620  60.594 0.0000000000
36700  -13.433  -22.008  70.266 0.0000000000
47437  -48.121  -8.790  37.120 0.0000000000
43732  -36.282  -13.476  44.662 0.0000000000
36877  -20.657  -22.759  53.621 0.0000000000
37991  -17.172  -20.514  66.913 0.0000000000
35675  -34.733  -24.422  44.513 0.0000000000
35644  -36.009  -24.494  46.616 0.0000000000
36929  -26.595  -22.494  51.420 0.0000000000
36961  -25.667  -21.873  49.250 0.0000000000
37521  -28.364  -22.201  50.733 0.0000000000
35572  -33.099  -24.809  50.324 0.0000000000
35594  -31.296  -24.689  49.202 0.0000000000
34880  -32.455  -25.539  47.722 0.0000000000
36831  -28.244  -22.925  55.412 0.0000000000
36882  -25.815  -22.577  53.421 0.0000000000
49879  -44.174  -6.364  32.244 0.0000000000
51613  -46.993  -3.995  30.384 0.0000000000
52245  -52.700  -2.560  34.028 0.0000000000
42942  -32.208  -14.643  40.601 0.0000000000
43003  -34.331  -14.702  36.537 0.0000000000
42109  -41.603  -15.917  39.020 0.0000000000
37469  -19.678  -20.822  56.168 0.0000000000
39354  -19.429  -18.778  57.482 0.0000000000
39328  -19.265  -18.288  59.815 0.0000000000
36755  -18.207  -22.230  58.924 0.0000000000
36710  -15.358  -23.275  68.661 0.0000000000
35575  -35.958  -24.474  50.388 0.0000000000
35600  -37.064  -23.963  49.149 0.0000000000
36937  -38.293  -22.534  51.793 0.0000000000
36834  -31.244  -22.688  55.520 0.0000000000
36912  -30.940  -22.618  52.531 0.0000000000
36889  -32.827  -23.113  53.558 0.0000000000
36217  -33.865  -23.854  52.420 0.0000000000
99970  -43.481  -12.856  34.984 0.0000000000
100007  -45.038  -9.826  35.347 0.0000000000
49033  -46.453  -7.703  35.000 0.0000000000
49872  -47.028  -5.417  33.773 0.0000000000
50793  -48.247  -4.781  33.290 0.0000000000
50760  -50.492  -5.230  36.176 0.0000000000
41210  -35.266  -16.404  45.749 0.0000000000
40362  -33.838  -17.871  43.838 0.0000000000
42889  -34.088  -14.749  44.780 0.0000000000
43768  -34.395  -13.304  42.798 0.0000000000
43802  -35.341  -13.717  41.069 0.0000000000
42963  -36.754  -15.231  39.516 0.0000000000
43805  -38.595  -13.786  40.883 0.0000000000
37484  -22.737  -21.487  56.051 0.0000000000
36823  -20.280  -22.003  55.165 0.0000000000
53581  -52.382  -0.064  29.910 0.0000000000
40083  -15.443  -17.544  70.230 0.0000000000
36357  -34.808  -23.253  42.695 0.0000000000
99900  -36.789  -20.760  45.225 0.0000000000
36992  -38.280  -22.377  47.731 0.0000000000
99886  -37.848  -20.170  46.431 0.0000000000
39446  -37.098  -18.695  46.508 0.0000000000
41186  -36.483  -16.439  47.636 0.0000000000
36949  -29.670  -22.767  50.096 0.0000000000
36828  -25.308  -22.376  55.599 0.0000000000
36904  -22.777  -22.618  52.278 0.0000000000
51594  -49.524  -3.946  32.289 0.0000000000
52272  -50.779  -1.964  30.762 0.0000000000
52932  -51.220  -0.768  30.612 0.0000000000
55004  -52.565  1.521  32.505 0.0000000000
36096  -16.963  -23.523  63.555 0.0000000000
36717  -16.913  -22.540  66.066 0.0000000000
43021  -38.914  -14.698  34.990 0.0000000000
42105  -37.901  -16.201  38.068 0.0000000000
42146  -39.781  -16.053  36.432 0.0000000000
43022  -41.367  -14.473  35.106 0.0000000000
99972  -45.817  -13.832  37.134 0.0000000000
37401  -17.569  -21.487  62.466 0.0000000000
37385  -16.415  -21.670  67.623 0.0000000000
37977  -15.085  -20.631  69.705 0.0000000000
39247  -13.514  -18.516  70.503 0.0000000000
37994  -17.603  -20.521  65.793 0.0000000000
34914  -33.829  -25.069  46.231 0.0000000000
35643  -35.013  -24.759  46.232 0.0000000000
35631  -35.428  -24.816  47.410 0.0000000000
36908  -27.189  -22.715  52.448 0.0000000000
36930  -27.565  -22.468  51.542 0.0000000000
36910  -29.108  -22.502  52.554 0.0000000000
34867  -33.974  -25.354  48.832 0.0000000000
34866  -32.972  -25.473  48.716 0.0000000000
34881  -33.507  -25.529  47.948 0.0000000000
34913  -32.593  -25.370  45.870 0.0000000000
36833  -30.236  -22.810  55.470 0.0000000000
36811  -29.927  -22.859  56.391 0.0000000000
36857  -28.535  -22.840  54.460 0.0000000000
36883  -26.842  -22.740  53.436 0.0000000000
50815  -46.335  -4.421  31.358 0.0000000000
99907  -35.334  -19.926  43.950 0.0000000000
38759  -34.575  -19.590  43.466 0.0000000000
42959  -32.367  -14.371  39.460 0.0000000000
42122  -32.166  -15.020  37.697 0.0000000000
42988  -33.546  -14.284  37.626 0.0000000000
37468  -18.862  -21.116  56.614 0.0000000000
38066  -19.424  -20.124  56.608 0.0000000000
37458  -18.659  -21.122  57.547 0.0000000000
37447  -18.601  -21.097  58.315 0.0000000000
36770  -18.229  -22.437  58.011 0.0000000000
36240  -36.370  -24.054  51.431 0.0000000000
36241  -37.379  -23.441  51.697 0.0000000000
36221  -37.394  -23.107  52.211 0.0000000000
36835  -32.286  -22.675  55.557 0.0000000000
36861  -32.549  -22.822  54.580 0.0000000000
36836  -33.348  -22.748  55.563 0.0000000000
36892  -35.858  -23.018  53.755 0.0000000000
36891  -34.966  -23.189  53.839 0.0000000000
36202  -35.346  -23.435  53.125 0.0000000000
36239  -35.247  -24.274  51.778 0.0000000000
45935  -45.471  -11.286  36.070 0.0000000000
99994  -44.279  -11.260  35.118 0.0000000000
45925  -46.301  -10.666  36.802 0.0000000000
48256  -48.916  -7.766  36.875 0.0000000000
48277  -47.177  -8.078  35.857 0.0000000000
49023  -47.885  -6.989  36.069 0.0000000000
49860  -47.083  -6.084  34.532 0.0000000000
49850  -47.992  -6.204  35.517 0.0000000000
49862  -48.850  -5.344  34.719 0.0000000000
49840  -49.922  -5.770  36.327 0.0000000000
42036  -35.290  -15.370  46.322 0.0000000000
42039  -34.900  -15.593  45.583 0.0000000000
42870  -34.979  -14.363  45.822 0.0000000000
43752  -37.059  -13.657  43.700 0.0000000000
44475  -35.603  -12.890  43.683 0.0000000000
44485  -35.960  -12.562  43.008 0.0000000000
43785  -35.284  -13.107  41.837 0.0000000000
44494  -36.886  -12.647  41.904 0.0000000000
43804  -37.408  -13.709  40.822 0.0000000000
43788  -38.113  -12.978  41.600 0.0000000000
37486  -24.066  -21.756  56.281 0.0000000000
37473  -23.361  -21.044  57.061 0.0000000000
36825  -22.089  -21.959  55.235 0.0000000000
36849  -20.527  -22.417  54.480 0.0000000000
55023  -52.695  1.003  31.120 0.0000000000
54277  -53.678  0.406  30.932 0.0000000000
39256  -15.783  -18.470  69.812 0.0000000000
36324  -35.576  -24.115  45.047 0.0000000000
36337  -34.794  -24.170  43.891 0.0000000000
36339  -36.275  -23.193  44.545 0.0000000000
36351  -36.256  -22.558  44.154 0.0000000000
99889  -36.697  -21.925  44.812 0.0000000000
36274  -38.189  -23.148  49.755 0.0000000000
36293  -38.270  -22.933  48.887 0.0000000000
36965  -38.899  -22.359  49.400 0.0000000000
39435  -39.073  -19.224  48.688 0.0000000000
38720  -38.915  -19.803  48.448 0.0000000000
39434  -38.579  -18.932  48.224 0.0000000000
39447  -37.848  -18.836  47.094 0.0000000000
40270  -37.679  -18.201  47.451 0.0000000000
40268  -36.525  -17.400  46.846 0.0000000000
41179  -37.399  -16.943  48.476 0.0000000000
37554  -26.570  -21.505  47.929 0.0000000000
36934  -31.112  -22.938  51.571 0.0000000000
36933  -30.088  -22.379  51.359 0.0000000000
36234  -30.945  -23.274  50.849 0.0000000000
36290  -29.585  -24.006  48.618 0.0000000000
36807  -26.116  -22.409  56.496 0.0000000000
36906  -25.094  -22.514  52.332 0.0000000000
36881  -24.750  -22.492  53.412 0.0000000000
36905  -23.955  -22.570  52.273 0.0000000000
36925  -21.674  -22.819  51.059 0.0000000000
50780  -50.259  -4.355  34.279 0.0000000000
50806  -48.957  -4.281  32.448 0.0000000000
51584  -50.460  -3.852  33.441 0.0000000000
52252  -52.667  -1.703  32.971 0.0000000000
51596  -51.403  -2.765  32.385 0.0000000000
52262  -51.767  -1.848  31.874 0.0000000000
52928  -51.155  -1.227  30.721 0.0000000000
52925  -52.024  -0.714  31.979 0.0000000000
54260  -51.706  0.683  31.737 0.0000000000
54257  -52.681  0.844  33.228 0.0000000000
40360  -32.618  -17.769  42.799 0.0000000000
39490  -32.916  -18.967  42.719 0.0000000000
42183  -37.480  -15.129  34.317 0.0000000000
43020  -37.415  -15.115  35.119 0.0000000000
42070  -38.522  -15.503  40.005 0.0000000000
42085  -37.224  -15.768  38.790 0.0000000000
42087  -39.202  -15.942  39.379 0.0000000000
99966  -42.901  -15.844  38.126 0.0000000000
41270  -41.365  -16.191  38.359 0.0000000000
41297  -41.940  -16.086  37.208 0.0000000000
42147  -40.968  -15.768  36.065 0.0000000000
42148  -42.396  -15.607  36.445 0.0000000000
99967  -44.116  -14.191  35.929 0.0000000000
99971  -45.117  -14.671  37.473 0.0000000000
38636  -18.716  -19.625  59.952 0.0000000000
38629  -18.434  -19.599  60.883 0.0000000000
38619  -18.280  -19.714  61.898 0.0000000000
37411  -17.802  -21.665  61.517 0.0000000000
36729  -17.491  -22.579  62.153 0.0000000000
36732  -17.824  -22.520  61.041 0.0000000000
36089  -16.316  -23.940  65.943 0.0000000000
36714  -16.573  -22.515  66.946 0.0000000000
36083  -16.242  -23.187  67.078 0.0000000000
36705  -13.876  -22.619  69.920 0.0000000000
37378  -15.335  -21.576  69.191 0.0000000000
37377  -14.556  -21.607  69.737 0.0000000000
38568  -13.940  -19.426  70.385 0.0000000000
37971  -13.546  -19.929  70.379 0.0000000000
36837  -34.394  -22.775  55.517 0.0000000000
45915  -48.412  -10.656  38.166 0.0000000000
46670  -47.464  -9.662  37.329 0.0000000000
46660  -48.546  -9.896  37.946 0.0000000000
42855  -36.275  -14.241  46.077 0.0000000000
36903  -21.750  -22.729  52.491 0.0000000000
36878  -21.616  -22.614  53.539 0.0000000000
38586  -17.242  -19.467  67.620 0.0000000000
38585  -16.861  -19.922  67.912 0.0000000000
34948  -33.685  -25.088  44.190 0.0000000000
35656  -35.145  -24.426  45.199 0.0000000000
36325  -36.273  -23.854  45.631 0.0000000000
41171  -38.275  -16.881  49.377 0.0000000000
36928  -25.536  -22.474  51.306 0.0000000000
36945  -24.972  -22.333  50.162 0.0000000000
36946  -26.058  -22.209  50.387 0.0000000000
37531  -27.161  -21.721  49.676 0.0000000000
37544  -28.420  -21.982  49.312 0.0000000000
35550  -32.760  -24.339  50.976 0.0000000000
35548  -31.596  -23.863  50.757 0.0000000000
35571  -32.097  -24.559  50.239 0.0000000000
34865  -31.902  -25.290  48.492 0.0000000000
34912  -31.382  -25.580  45.686 0.0000000000
36809  -27.967  -22.875  56.346 0.0000000000
36829  -26.293  -22.603  55.469 0.0000000000
36855  -26.538  -22.715  54.446 0.0000000000
36907  -26.171  -22.586  52.396 0.0000000000
49053  -43.988  -7.510  32.713 0.0000000000
51614  -47.744  -3.625  30.291 0.0000000000
51569  -52.325  -3.692  35.578 0.0000000000
51576  -52.235  -3.210  34.616 0.0000000000
42927  -31.982  -15.181  41.432 0.0000000000
42161  -34.710  -15.258  35.500 0.0000000000
42142  -35.737  -15.030  36.174 0.0000000000
42951  -41.990  -15.011  41.005 0.0000000000
42089  -41.049  -15.796  39.740 0.0000000000
42075  -43.045  -15.496  40.435 0.0000000000
38068  -21.193  -20.096  56.382 0.0000000000
39356  -20.721  -18.638  56.644 0.0000000000
40185  -20.310  -17.306  58.676 0.0000000000
38643  -19.204  -18.780  58.374 0.0000000000
38040  -18.613  -20.388  59.515 0.0000000000
37436  -18.316  -21.760  59.738 0.0000000000
35413  -17.448  -23.680  59.739 0.0000000000
35422  -17.381  -23.867  59.105 0.0000000000
35598  -35.461  -24.768  49.452 0.0000000000
35619  -35.925  -24.688  48.548 0.0000000000
36257  -36.740  -24.170  50.381 0.0000000000
36259  -37.997  -23.334  50.950 0.0000000000
36859  -30.510  -22.678  54.526 0.0000000000
36886  -29.789  -22.521  53.542 0.0000000000
36887  -30.749  -22.588  53.553 0.0000000000
36888  -31.738  -22.790  53.563 0.0000000000
36914  -32.692  -23.265  52.645 0.0000000000
36890  -33.976  -23.236  53.813 0.0000000000
36200  -33.453  -23.430  52.972 0.0000000000
36216  -33.009  -23.631  52.203 0.0000000000
35551  -33.689  -24.563  51.092 0.0000000000
35573  -34.085  -24.906  50.385 0.0000000000
36812  -30.929  -22.713  56.454 0.0000000000
99985  -42.465  -13.307  34.757 0.0000000000
99998  -40.638  -12.350  33.494 0.0000000000
99964  -43.378  -10.870  34.488 0.0000000000
100002  -43.998  -10.276  34.723 0.0000000000
47468  -44.203  -8.840  34.034 0.0000000000
47449  -46.857  -9.025  36.264 0.0000000000
47470  -45.818  -8.786  35.198 0.0000000000
48294  -44.874  -7.912  33.651 0.0000000000
49055  -45.671  -6.603  33.705 0.0000000000
49871  -46.073  -5.878  33.611 0.0000000000
50791  -46.114  -5.150  33.028 0.0000000000
50804  -47.315  -4.393  32.141 0.0000000000
49873  -47.784  -5.167  33.759 0.0000000000
50779  -49.286  -4.973  34.295 0.0000000000
50770  -51.124  -4.285  35.347 0.0000000000
49841  -50.950  -5.427  36.576 0.0000000000
50771  -51.775  -4.101  35.693 0.0000000000
40313  -35.366  -17.696  45.115 0.0000000000
39475  -34.451  -18.928  43.646 0.0000000000
40312  -34.903  -17.082  44.953 0.0000000000
41217  -33.778  -16.504  44.250 0.0000000000
42046  -33.371  -15.453  43.598 0.0000000000
43731  -35.495  -13.387  44.865 0.0000000000
43749  -33.926  -14.000  43.840 0.0000000000
42915  -33.114  -14.602  42.500 0.0000000000
42928  -32.964  -14.449  41.534 0.0000000000
42943  -33.366  -14.210  40.551 0.0000000000
42961  -34.386  -14.390  39.316 0.0000000000
42974  -34.343  -14.579  38.311 0.0000000000
42945  -35.377  -14.280  40.235 0.0000000000
42947  -37.765  -14.726  40.292 0.0000000000
43806  -39.717  -13.894  40.910 0.0000000000
43790  -40.736  -13.505  41.349 0.0000000000
42929  -41.398  -13.873  41.281 0.0000000000
38069  -22.154  -20.169  57.036 0.0000000000
36824  -21.156  -21.909  55.127 0.0000000000
37482  -20.872  -21.331  55.638 0.0000000000
37471  -21.499  -20.764  56.236 0.0000000000
37481  -19.974  -21.394  55.651 0.0000000000
37032  -35.248  -21.392  43.308 0.0000000000
99901  -36.526  -19.765  44.998 0.0000000000
36307  -36.981  -23.873  48.045 0.0000000000
36308  -37.408  -23.461  47.617 0.0000000000
37568  -37.736  -22.465  46.635 0.0000000000
38122  -38.309  -20.936  47.195 0.0000000000
99884  -37.687  -21.384  46.192 0.0000000000
99891  -36.991  -19.484  45.998 0.0000000000
39456  -36.215  -18.538  45.425 0.0000000000
40287  -36.144  -17.853  46.053 0.0000000000
41198  -35.823  -16.237  46.786 0.0000000000
42024  -35.856  -15.420  47.570 0.0000000000
41170  -37.240  -16.030  49.430 0.0000000000
42020  -36.401  -15.314  48.395 0.0000000000
36932  -29.347  -22.337  51.694 0.0000000000
37534  -29.294  -22.333  50.622 0.0000000000
36964  -29.009  -22.526  49.027 0.0000000000
35569  -30.679  -23.852  49.940 0.0000000000
36271  -29.719  -23.539  49.213 0.0000000000
37475  -24.820  -21.825  56.917 0.0000000000
36827  -24.245  -22.024  55.850 0.0000000000
36854  -25.525  -22.540  54.484 0.0000000000
36853  -24.482  -22.402  54.549 0.0000000000
36879  -22.593  -22.541  53.451 0.0000000000
51592  -47.933  -4.238  31.935 0.0000000000
51604  -48.587  -3.650  31.147 0.0000000000
51605  -49.619  -3.180  31.136 0.0000000000
51585  -51.316  -3.235  33.257 0.0000000000
51606  -50.426  -2.753  31.283 0.0000000000
51616  -49.477  -2.770  30.350 0.0000000000
52283  -49.788  -2.249  29.995 0.0000000000
52296  -49.992  -1.422  29.425 0.0000000000
53590  -50.629  -0.698  28.643 0.0000000000
53580  -51.503  -0.180  29.511 0.0000000000
55022  -52.077  1.014  31.006 0.0000000000
36721  -17.265  -21.922  64.072 0.0000000000
36719  -17.309  -21.733  64.650 0.0000000000
36093  -16.881  -23.326  64.451 0.0000000000
38769  -33.773  -19.794  42.824 0.0000000000
42975  -35.124  -15.045  37.965 0.0000000000
42103  -35.853  -15.431  37.443 0.0000000000
42127  -37.587  -16.060  37.054 0.0000000000
42107  -39.880  -16.191  38.754 0.0000000000
42128  -38.787  -16.308  37.256 0.0000000000
42145  -38.470  -15.834  36.333 0.0000000000
42166  -39.467  -15.361  35.615 0.0000000000
99976  -42.855  -13.723  35.145 0.0000000000
99978  -45.813  -12.760  36.429 0.0000000000
44520  -46.873  -12.512  37.272 0.0000000000
38594  -17.875  -19.879  64.280 0.0000000000
38608  -18.304  -19.416  62.838 0.0000000000
38001  -17.592  -20.562  63.833 0.0000000000
36725  -17.335  -22.166  63.167 0.0000000000
36105  -17.082  -23.705  62.621 0.0000000000
37389  -17.345  -21.205  66.122 0.0000000000
37990  -16.793  -21.097  67.267 0.0000000000
37982  -16.180  -20.594  68.496 0.0000000000
36711  -15.679  -22.741  68.336 0.0000000000
37380  -15.866  -21.580  68.442 0.0000000000
38574  -15.695  -19.636  69.488 0.0000000000
39255  -15.243  -18.929  70.131 0.0000000000
39248  -14.485  -18.566  70.412 0.0000000000
37371  -12.321  -21.292  70.450 0.0000000000
38566  -12.265  -19.424  70.505 0.0000000000
38591  -17.923  -19.833  65.264 0.0000000000
34895  -34.041  -25.284  47.293 0.0000000000
34915  -34.610  -24.990  46.952 0.0000000000
34896  -34.740  -25.106  47.603 0.0000000000
36909  -28.168  -22.638  52.505 0.0000000000
34868  -34.833  -25.125  48.856 0.0000000000
36858  -29.525  -22.755  54.492 0.0000000000
36832  -29.239  -22.927  55.432 0.0000000000
36884  -27.846  -22.797  53.463 0.0000000000
99902  -34.886  -19.245  43.803 0.0000000000
43813  -32.732  -14.157  38.727 0.0000000000
42972  -32.301  -14.473  38.448 0.0000000000
42987  -32.435  -14.580  37.647 0.0000000000
43832  -32.845  -14.190  37.428 0.0000000000
43844  -33.177  -14.198  37.048 0.0000000000
36803  -18.128  -22.713  56.772 0.0000000000
36787  -18.420  -22.022  57.252 0.0000000000
36220  -36.827  -23.278  52.459 0.0000000000
36915  -37.056  -22.832  53.041 0.0000000000
36814  -33.073  -22.684  56.568 0.0000000000
36203  -36.206  -23.213  53.070 0.0000000000
36219  -35.802  -23.687  52.400 0.0000000000
45204  -46.429  -11.545  36.947 0.0000000000
49013  -49.290  -7.160  36.772 0.0000000000
49838  -48.427  -6.532  36.067 0.0000000000
49839  -48.934  -6.206  36.079 0.0000000000
42853  -35.010  -14.897  45.898 0.0000000000
42854  -35.381  -14.359  46.116 0.0000000000
43770  -37.338  -13.371  43.144 0.0000000000
44477  -36.914  -13.290  43.260 0.0000000000
44486  -36.866  -12.952  42.690 0.0000000000
44493  -36.112  -12.527  42.200 0.0000000000
44487  -37.479  -12.793  42.109 0.0000000000
44495  -37.406  -12.821  41.752 0.0000000000
36826  -23.090  -21.995  55.396 0.0000000000
54268  -53.812  0.969  31.592 0.0000000000
54269  -54.509  0.809  31.637 0.0000000000
39264  -17.007  -18.711  68.676 0.0000000000
39257  -16.574  -18.416  69.276 0.0000000000
38575  -16.167  -19.026  69.320 0.0000000000
37015  -36.544  -22.514  44.638 0.0000000000
36966  -39.277  -21.921  50.086 0.0000000000
40257  -37.982  -17.929  48.024 0.0000000000
40256  -37.424  -17.473  47.894 0.0000000000
36935  -31.745  -23.138  51.771 0.0000000000
36235  -31.607  -23.541  51.120 0.0000000000
36927  -24.391  -22.544  51.169 0.0000000000
36926  -23.124  -22.657  51.051 0.0000000000
51627  -48.439  -3.015  28.930 0.0000000000
50795  -50.011  -4.234  33.506 0.0000000000
51574  -50.729  -3.953  34.249 0.0000000000
52263  -52.247  -1.332  32.353 0.0000000000
53564  -51.817  0.163  32.090 0.0000000000
53565  -52.364  -0.082  32.677 0.0000000000
41225  -32.752  -16.786  43.039 0.0000000000
40386  -31.983  -17.570  42.111 0.0000000000
43028  -35.844  -15.142  35.175 0.0000000000
42181  -35.766  -15.400  34.831 0.0000000000
43019  -36.308  -15.140  35.490 0.0000000000
43029  -36.639  -15.138  34.898 0.0000000000
42164  -36.939  -15.317  35.662 0.0000000000
42948  -39.006  -14.708  40.597 0.0000000000
42071  -39.532  -15.454  40.259 0.0000000000
42991  -44.033  -15.555  38.262 0.0000000000
42130  -42.650  -15.823  37.451 0.0000000000
38031  -18.306  -20.537  60.625 0.0000000000
38020  -18.205  -20.120  61.278 0.0000000000
38030  -18.044  -21.128  61.122 0.0000000000
37376  -13.807  -21.539  70.195 0.0000000000
37976  -14.068  -20.531  70.226 0.0000000000
37975  -13.526  -20.978  70.340 0.0000000000
42856  -37.354  -14.486  46.293 0.0000000000
36902  -20.942  -22.871  52.795 0.0000000000
38588  -17.782  -19.513  66.364 0.0000000000
39271  -18.090  -18.776  67.161 0.0000000000
37987  -16.975  -20.111  67.568 0.0000000000
34932  -33.331  -25.135  45.001 0.0000000000
35657  -35.655  -24.446  45.888 0.0000000000
36317  -36.714  -23.903  47.047 0.0000000000
36948  -27.881  -22.212  50.874 0.0000000000
36947  -27.094  -22.093  50.533 0.0000000000
37532  -27.897  -21.886  50.083 0.0000000000
37543  -27.595  -21.659  49.098 0.0000000000
34879  -31.352  -25.362  47.485 0.0000000000
34893  -31.919  -25.511  46.683 0.0000000000
36810  -28.938  -22.964  56.358 0.0000000000
36792  -28.644  -22.784  57.231 0.0000000000
36830  -27.265  -22.796  55.417 0.0000000000
49063  -44.015  -6.998  32.379 0.0000000000
42941  -31.544  -15.317  40.726 0.0000000000
42058  -31.394  -15.955  41.166 0.0000000000
42069  -31.142  -15.948  40.173 0.0000000000
43016  -33.891  -14.794  36.262 0.0000000000
43017  -34.543  -14.852  35.924 0.0000000000
43004  -35.204  -14.845  36.206 0.0000000000
42952  -42.648  -15.283  40.935 0.0000000000
42113  -44.725  -15.629  39.141 0.0000000000
38067  -20.263  -20.059  56.329 0.0000000000
38662  -20.904  -19.374  56.426 0.0000000000
38660  -19.201  -19.393  57.194 0.0000000000
39355  -19.959  -18.510  57.097 0.0000000000
40193  -19.817  -17.849  58.476 0.0000000000
38651  -19.125  -19.020  57.926 0.0000000000
36756  -18.436  -21.591  58.624 0.0000000000
38048  -18.706  -20.378  58.603 0.0000000000
37437  -18.477  -21.234  59.101 0.0000000000
36140  -17.747  -23.158  59.416 0.0000000000
36258  -37.215  -23.864  50.910 0.0000000000
36242  -37.867  -23.092  51.636 0.0000000000
36860  -31.508  -22.703  54.557 0.0000000000
36913  -31.901  -22.990  52.522 0.0000000000
36838  -35.363  -22.724  55.390 0.0000000000
36201  -34.398  -23.517  53.124 0.0000000000
36237  -33.332  -24.114  51.697 0.0000000000
36238  -34.259  -24.303  51.823 0.0000000000
35553  -35.467  -24.494  51.043 0.0000000000
35552  -34.637  -24.623  51.120 0.0000000000
35574  -35.031  -24.759  50.352 0.0000000000
99992  -42.232  -12.131  34.233 0.0000000000
100006  -45.252  -10.521  35.707 0.0000000000
46697  -44.276  -9.559  34.622 0.0000000000
47469  -45.183  -8.948  34.798 0.0000000000
46681  -47.041  -9.286  36.621 0.0000000000
48276  -46.641  -8.009  35.364 0.0000000000
48285  -45.215  -8.203  34.148 0.0000000000
49043  -45.970  -7.321  34.387 0.0000000000
49054  -44.951  -7.271  33.347 0.0000000000
50792  -47.090  -4.854  33.073 0.0000000000
49852  -49.611  -5.411  35.618 0.0000000000
50768  -49.395  -5.291  35.118 0.0000000000
50769  -50.130  -4.990  35.456 0.0000000000
50762  -52.035  -4.539  36.430 0.0000000000
40340  -34.985  -17.789  44.644 0.0000000000
42043  -34.314  -15.397  45.018 0.0000000000
41218  -34.343  -16.460  44.750 0.0000000000
42042  -33.797  -15.680  44.362 0.0000000000
42888  -33.823  -14.582  44.138 0.0000000000
42871  -36.478  -14.010  45.480 0.0000000000
43716  -35.988  -13.733  45.429 0.0000000000
44483  -34.686  -13.154  43.300 0.0000000000
44474  -34.895  -13.150  43.762 0.0000000000
43750  -34.328  -13.481  43.567 0.0000000000
43767  -33.774  -13.900  43.054 0.0000000000
43783  -33.721  -13.874  42.215 0.0000000000
43801  -34.453  -13.780  41.229 0.0000000000
42944  -34.372  -14.147  40.309 0.0000000000
43774  -41.438  -13.351  42.372 0.0000000000
43791  -41.826  -13.561  41.646 0.0000000000
42930  -41.954  -14.220  41.307 0.0000000000
38070  -22.787  -20.565  57.133 0.0000000000
37472  -22.397  -20.896  56.555 0.0000000000
36850  -21.401  -22.352  54.415 0.0000000000
37470  -20.567  -20.742  56.067 0.0000000000
40082  -14.707  -17.569  70.424 0.0000000000
35689  -34.347  -24.713  42.997 0.0000000000
37023  -36.071  -21.733  43.931 0.0000000000
35620  -36.836  -24.083  48.640 0.0000000000
35621  -37.119  -23.880  48.848 0.0000000000
36978  -38.067  -23.008  48.078 0.0000000000
36991  -37.808  -22.817  47.165 0.0000000000
38719  -38.420  -19.877  47.579 0.0000000000
38123  -38.734  -20.654  48.143 0.0000000000
37569  -38.126  -21.974  46.996 0.0000000000
38729  -36.790  -18.923  46.011 0.0000000000
99890  -36.478  -19.081  45.249 0.0000000000
39457  -36.613  -18.425  46.194 0.0000000000
40288  -36.608  -17.888  46.601 0.0000000000
41199  -36.165  -17.005  46.672 0.0000000000
41185  -36.039  -15.988  47.359 0.0000000000
42025  -36.202  -15.666  47.913 0.0000000000
42831  -36.001  -14.719  47.858 0.0000000000
36960  -24.516  -22.245  49.051 0.0000000000
36975  -25.206  -21.931  48.276 0.0000000000
36911  -30.023  -22.328  52.548 0.0000000000
36950  -30.482  -22.891  50.785 0.0000000000
37545  -29.042  -22.274  49.847 0.0000000000
35570  -31.194  -24.021  50.303 0.0000000000
35593  -30.419  -24.036  49.379 0.0000000000
36806  -25.220  -22.067  56.740 0.0000000000
36880  -23.657  -22.493  53.414 0.0000000000
50805  -48.385  -4.391  32.480 0.0000000000
51593  -48.497  -4.122  31.905 0.0000000000
52244  -51.899  -3.025  33.934 0.0000000000
52261  -51.071  -2.601  31.646 0.0000000000
52271  -50.022  -2.604  30.705 0.0000000000
52284  -50.154  -1.520  29.820 0.0000000000
52931  -50.749  -0.860  30.155 0.0000000000
52935  -50.173  -1.076  29.224 0.0000000000
53570  -51.033  -0.302  29.894 0.0000000000
53571  -51.471  -0.107  30.495 0.0000000000
55003  -51.886  1.215  31.934 0.0000000000
55013  -51.793  1.039  31.374 0.0000000000
55014  -52.290  1.290  31.565 0.0000000000
36720  -17.119  -22.716  63.869 0.0000000000
40339  -34.392  -17.832  44.261 0.0000000000
39491  -33.785  -18.567  43.474 0.0000000000
43030  -37.925  -14.790  34.452 0.0000000000
43034  -38.539  -13.929  33.937 0.0000000000
42962  -35.469  -14.864  39.206 0.0000000000
42104  -36.833  -15.853  37.795 0.0000000000
42126  -36.568  -15.613  36.852 0.0000000000
42088  -40.133  -15.852  39.619 0.0000000000
42108  -40.745  -16.075  38.950 0.0000000000
41282  -40.244  -16.445  37.265 0.0000000000
41268  -39.734  -16.451  38.038 0.0000000000
42129  -39.537  -16.399  37.123 0.0000000000
42165  -38.045  -15.387  35.581 0.0000000000
42167  -40.388  -15.475  35.712 0.0000000000
43834  -46.464  -13.202  37.152 0.0000000000
38618  -17.981  -20.231  62.269 0.0000000000
38607  -18.011  -19.959  62.629 0.0000000000
38597  -17.892  -19.913  63.348 0.0000000000
38008  -17.705  -20.572  62.808 0.0000000000
37397  -17.444  -21.320  63.445 0.0000000000
36118  -17.473  -23.282  61.407 0.0000000000
36106  -17.334  -23.341  62.094 0.0000000000
36117  -17.160  -23.918  61.745 0.0000000000
36718  -17.126  -22.371  64.954 0.0000000000
37390  -17.210  -21.850  65.836 0.0000000000
37388  -16.955  -21.643  66.706 0.0000000000
37986  -16.654  -20.568  67.818 0.0000000000
37381  -16.273  -21.099  68.098 0.0000000000
36080  -15.498  -23.733  68.237 0.0000000000
37981  -15.736  -20.696  69.078 0.0000000000
38573  -14.812  -19.645  70.168 0.0000000000
40081  -13.884  -17.623  70.514 0.0000000000
37969  -11.911  -20.305  70.422 0.0000000000
37970  -12.998  -20.405  70.435 0.0000000000
36931  -28.482  -22.380  51.550 0.0000000000
35596  -33.521  -25.198  49.594 0.0000000000
34894  -33.071  -25.479  46.939 0.0000000000
36856  -27.540  -22.833  54.441 0.0000000000
50801  -44.561  -5.555  32.107 0.0000000000
51602  -46.800  -4.177  30.952 0.0000000000
42958  -31.531  -15.050  39.812 0.0000000000
42971  -31.741  -14.909  38.813 0.0000000000
42101  -31.988  -15.492  38.187 0.0000000000
43002  -33.355  -14.423  36.848 0.0000000000
42989  -34.253  -14.601  37.335 0.0000000000
38065  -18.848  -20.304  57.154 0.0000000000
38659  -18.862  -19.940  57.522 0.0000000000
38650  -18.872  -19.734  57.976 0.0000000000
36771  -18.448  -21.765  58.121 0.0000000000
36150  -17.758  -23.265  58.228 0.0000000000
36936  -37.719  -22.981  52.009 0.0000000000
36862  -33.619  -22.955  54.622 0.0000000000
36218  -34.822  -23.906  52.491 0.0000000000
99962  -44.722  -12.339  35.579 0.0000000000
99987  -44.823  -11.593  35.579 0.0000000000
46680  -46.177  -9.818  36.336 0.0000000000
47451  -48.232  -8.355  36.858 0.0000000000
47450  -47.559  -8.574  36.579 0.0000000000
48267  -47.699  -7.741  36.234 0.0000000000
49022  -47.478  -7.492  35.891 0.0000000000
49034  -47.056  -7.268  35.345 0.0000000000
49044  -46.767  -6.719  34.741 0.0000000000
49849  -47.312  -6.572  35.155 0.0000000000
49861  -48.028  -5.553  34.577 0.0000000000
49851  -48.972  -5.668  35.448 0.0000000000
42040  -35.199  -15.763  45.870 0.0000000000
42869  -34.562  -14.518  45.439 0.0000000000
43751  -36.574  -13.532  44.107 0.0000000000
44467  -35.927  -13.094  44.256 0.0000000000
44476  -36.412  -13.125  43.607 0.0000000000
43769  -34.950  -13.032  42.430 0.0000000000
43784  -34.420  -13.427  41.978 0.0000000000
44492  -35.498  -12.734  42.508 0.0000000000
43786  -36.176  -13.057  41.535 0.0000000000
43803  -36.319  -13.754  40.947 0.0000000000
43787  -37.069  -13.073  41.393 0.0000000000
37460  -24.234  -21.056  57.958 0.0000000000
37485  -23.647  -21.631  56.222 0.0000000000
36876  -20.034  -22.851  53.982 0.0000000000
36822  -19.482  -22.119  55.297 0.0000000000
54276  -52.495  0.517  30.630 0.0000000000
54284  -53.084  0.110  30.327 0.0000000000
53573  -53.926  -0.296  30.305 0.0000000000
53574  -54.755  -0.291  30.320 0.0000000000
35674  -34.389  -24.538  43.909 0.0000000000
36338  -35.257  -23.965  44.409 0.0000000000
36349  -34.813  -23.951  43.533 0.0000000000
36350  -35.546  -23.012  43.697 0.0000000000
37024  -36.438  -22.189  44.349 0.0000000000
36292  -37.471  -23.640  48.741 0.0000000000
36979  -38.553  -22.373  48.465 0.0000000000
40269  -37.136  -17.856  47.231 0.0000000000
41187  -37.105  -17.186  47.832 0.0000000000
41162  -37.389  -15.683  49.875 0.0000000000
37541  -25.970  -21.634  48.371 0.0000000000
50794  -49.342  -4.431  33.203 0.0000000000
51583  -49.857  -4.146  33.108 0.0000000000
52251  -51.950  -2.519  33.094 0.0000000000
52273  -51.343  -1.521  31.106 0.0000000000
52929  -51.522  -0.900  31.156 0.0000000000
53568  -51.606  -0.022  31.440 0.0000000000
54261  -51.983  0.810  32.421 0.0000000000
35382  -16.675  -24.281  63.205 0.0000000000
40361  -33.369  -17.850  43.442 0.0000000000
39489  -32.508  -18.576  42.538 0.0000000000
42182  -36.815  -15.394  34.515 0.0000000000
42964  -37.674  -15.483  39.584 0.0000000000
42086  -38.237  -15.928  39.060 0.0000000000
42110  -42.580  -15.816  38.904 0.0000000000
41285  -42.390  -15.937  38.343 0.0000000000
41283  -41.239  -16.333  37.604 0.0000000000
41296  -41.242  -16.197  36.789 0.0000000000
41295  -40.549  -16.190  36.583 0.0000000000
39319  -18.828  -18.893  60.350 0.0000000000
38019  -17.948  -20.674  61.741 0.0000000000
36090  -16.697  -23.406  65.379 0.0000000000
36087  -16.491  -23.259  66.381 0.0000000000
36713  -16.130  -22.648  67.607 0.0000000000
36706  -15.051  -22.724  69.179 0.0000000000
36815  -34.164  -22.666  56.502 0.0000000000
36865  -36.382  -22.670  54.387 0.0000000000
45914  -47.658  -10.665  37.807 0.0000000000
45926  -46.925  -10.672  37.326 0.0000000000
46659  -47.987  -10.190  37.877 0.0000000000
46671  -48.611  -9.148  37.506 0.0000000000
48257  -49.413  -7.620  37.043 0.0000000000
49014  -49.806  -6.788  36.840 0.0000000000
42838  -36.590  -14.607  47.107 0.0000000000
42872  -37.120  -14.231  45.285 0.0000000000
43733  -36.915  -13.920  44.499 0.0000000000
43734  -37.586  -14.053  44.153 0.0000000000
38582  -17.086  -19.035  68.278 0.0000000000
35655  -34.243  -24.747  44.667 0.0000000000
35642  -34.298  -24.814  45.443 0.0000000000
36326  -37.108  -23.096  46.042 0.0000000000
41180  -38.073  -17.377  48.693 0.0000000000
36962  -26.521  -21.827  49.751 0.0000000000
37542  -26.678  -21.564  48.892 0.0000000000
37556  -27.979  -21.870  48.441 0.0000000000
36236  -32.495  -23.802  51.456 0.0000000000
35549  -31.917  -24.080  50.873 0.0000000000
35595  -32.466  -25.087  49.472 0.0000000000
35618  -30.944  -25.101  48.185 0.0000000000
36808  -27.032  -22.656  56.376 0.0000000000
49052  -43.535  -7.934  32.525 0.0000000000
51626  -47.810  -3.574  29.296 0.0000000000
51568  -51.641  -3.921  35.315 0.0000000000
51575  -51.386  -3.674  34.516 0.0000000000
53560  -52.879  0.008  33.265 0.0000000000
42059  -31.821  -15.775  41.737 0.0000000000
41244  -31.791  -16.530  41.867 0.0000000000
41243  -31.364  -16.864  41.308 0.0000000000
43005  -35.934  -14.973  35.972 0.0000000000
42072  -40.511  -15.372  40.402 0.0000000000
42073  -41.449  -15.402  40.454 0.0000000000
42074  -42.297  -15.483  40.423 0.0000000000
42091  -42.783  -15.641  39.760 0.0000000000
42111  -43.317  -15.694  39.248 0.0000000000
42131  -44.223  -15.637  38.870 0.0000000000
42992  -44.448  -15.526  38.577 0.0000000000
42977  -45.530  -15.284  38.770 0.0000000000
38661  -20.013  -19.294  56.594 0.0000000000
40202  -20.663  -18.093  56.947 0.0000000000
39335  -19.085  -18.928  59.062 0.0000000000
38642  -18.941  -19.360  58.855 0.0000000000
39327  -19.009  -18.925  59.475 0.0000000000
37424  -18.427  -21.128  59.931 0.0000000000
36742  -18.052  -22.477  60.041 0.0000000000
34883  -35.139  -25.026  48.230 0.0000000000
34869  -35.352  -24.903  48.781 0.0000000000
35599  -36.548  -24.313  49.564 0.0000000000
36272  -36.865  -24.115  49.965 0.0000000000
36273  -37.289  -23.853  49.933 0.0000000000
36916  -37.629  -22.709  52.610 0.0000000000
35597  -34.501  -25.067  49.602 0.0000000000
100022  -43.167  -10.089  34.132 0.0000000000
46669  -46.678  -10.170  37.020 0.0000000000
46689  -45.826  -9.402  35.685 0.0000000000
47460  -47.027  -8.627  36.085 0.0000000000
47459  -46.376  -8.796  35.678 0.0000000000
47458  -45.654  -9.147  35.358 0.0000000000
48284  -44.617  -8.264  33.771 0.0000000000
48293  -44.155  -8.113  33.360 0.0000000000
49869  -44.382  -6.826  32.685 0.0000000000
49870  -45.009  -6.238  32.998 0.0000000000
49859  -46.316  -6.482  34.218 0.0000000000
49880  -44.797  -5.679  32.495 0.0000000000
50790  -45.399  -5.542  32.891 0.0000000000
50802  -45.208  -5.107  32.329 0.0000000000
50803  -46.174  -4.665  32.269 0.0000000000
50778  -48.462  -5.186  34.121 0.0000000000
49831  -50.367  -6.316  36.862 0.0000000000
50761  -51.011  -4.882  36.157 0.0000000000
39463  -35.680  -18.479  44.877 0.0000000000
39476  -35.124  -18.617  44.336 0.0000000000
39462  -35.416  -18.246  44.764 0.0000000000
41209  -34.878  -16.375  45.255 0.0000000000
40338  -33.791  -17.214  44.098 0.0000000000
41226  -33.280  -16.658  43.605 0.0000000000
42045  -32.801  -16.041  43.085 0.0000000000
43700  -35.383  -14.051  45.863 0.0000000000
43715  -35.135  -13.885  45.557 0.0000000000
43714  -34.630  -13.934  45.303 0.0000000000
44466  -35.266  -13.184  44.256 0.0000000000
43730  -34.444  -13.746  44.607 0.0000000000
43729  -33.998  -14.056  44.230 0.0000000000
42904  -33.501  -14.603  43.352 0.0000000000
42051  -33.020  -15.226  42.989 0.0000000000
42050  -32.324  -15.549  42.353 0.0000000000
42914  -32.505  -14.831  42.004 0.0000000000
43800  -33.807  -13.943  41.493 0.0000000000
42960  -33.381  -14.153  39.311 0.0000000000
42973  -33.574  -14.241  38.458 0.0000000000
42946  -36.498  -14.482  40.240 0.0000000000
43772  -39.081  -13.272  42.434 0.0000000000
43789  -39.456  -13.249  41.486 0.0000000000
43773  -40.272  -13.343  42.345 0.0000000000
43807  -40.399  -14.059  40.893 0.0000000000
42950  -41.054  -14.490  40.917 0.0000000000
42931  -42.763  -14.676  41.340 0.0000000000
37483  -21.788  -21.403  55.825 0.0000000000
37480  -19.159  -21.609  55.850 0.0000000000
54278  -55.135  0.279  31.018 0.0000000000
36358  -35.209  -22.219  43.140 0.0000000000
38739  -35.994  -18.956  44.805 0.0000000000
35632  -36.376  -24.382  47.710 0.0000000000
36318  -37.161  -23.352  46.665 0.0000000000
37006  -37.396  -22.539  46.149 0.0000000000
37557  -38.584  -21.615  47.989 0.0000000000
99883  -37.718  -22.092  46.358 0.0000000000
99882  -37.391  -22.078  45.907 0.0000000000
99885  -37.096  -21.746  45.512 0.0000000000
40314  -35.720  -17.810  45.542 0.0000000000
40286  -35.711  -17.187  46.033 0.0000000000
41178  -36.780  -16.070  48.660 0.0000000000
42013  -37.195  -15.530  49.774 0.0000000000
41169  -36.811  -15.622  49.036 0.0000000000
42019  -35.844  -15.040  48.105 0.0000000000
37522  -28.928  -22.241  51.002 0.0000000000
37523  -29.414  -22.311  51.166 0.0000000000
37533  -28.650  -22.148  50.259 0.0000000000
36963  -28.460  -22.247  48.563 0.0000000000
36256  -31.058  -23.567  50.600 0.0000000000
36255  -30.442  -23.456  50.096 0.0000000000
36254  -29.781  -23.226  49.676 0.0000000000
36270  -29.424  -23.054  49.223 0.0000000000
36977  -28.638  -22.604  48.370 0.0000000000
37461  -25.119  -21.676  57.595 0.0000000000
36805  -24.652  -21.878  56.563 0.0000000000
36852  -23.408  -22.360  54.530 0.0000000000
50816  -46.979  -4.231  31.410 0.0000000000
51603  -47.572  -4.020  31.258 0.0000000000
51595  -50.580  -3.255  32.189 0.0000000000
52282  -49.278  -2.667  29.892 0.0000000000
52294  -49.105  -2.459  29.282 0.0000000000
52295  -49.667  -1.667  29.209 0.0000000000
53572  -51.998  0.295  30.418 0.0000000000
54267  -51.664  0.560  31.134 0.0000000000
54275  -51.867  0.573  30.787 0.0000000000
55015  -53.178  1.333  31.688 0.0000000000
55005  -53.464  1.703  32.613 0.0000000000
37392  -17.423  -21.245  64.337 0.0000000000
35375  -16.645  -24.047  64.133 0.0000000000
35371  -16.643  -23.821  64.748 0.0000000000
40385  -31.628  -18.105  41.662 0.0000000000
42084  -36.141  -15.495  38.498 0.0000000000
42990  -35.070  -14.901  36.987 0.0000000000
42125  -35.758  -15.177  36.599 0.0000000000
42143  -36.339  -15.218  36.072 0.0000000000
42106  -39.042  -16.331  38.302 0.0000000000
41269  -40.525  -16.369  38.171 0.0000000000
41267  -39.379  -16.459  38.005 0.0000000000
42144  -37.292  -15.607  36.233 0.0000000000
38598  -18.291  -19.322  63.743 0.0000000000
36724  -17.214  -22.977  62.980 0.0000000000
36728  -17.293  -23.156  62.473 0.0000000000
36130  -17.574  -23.347  60.383 0.0000000000
36129  -17.236  -23.884  60.942 0.0000000000
37391  -17.413  -21.371  65.220 0.0000000000
36082  -15.826  -23.564  67.583 0.0000000000
37384  -16.009  -22.161  67.999 0.0000000000
36707  -15.484  -22.156  68.791 0.0000000000
38580  -16.045  -20.114  68.924 0.0000000000
39249  -15.167  -18.224  70.290 0.0000000000
36699  -12.781  -22.374  70.307 0.0000000000
37372  -13.159  -21.437  70.391 0.0000000000
38567  -13.148  -19.365  70.469 0.0000000000
36291  -37.089  -23.845  48.483 0.0000000000
36847  -19.027  -22.649  54.911 0.0000000000
36999  -37.458  -22.859  46.534 0.0000000000
37555  -27.303  -21.577  48.239 0.0000000000
38057  -18.752  -20.428  57.850 0.0000000000
39336  -19.307  -18.504  58.887 0.0000000000
40408  -31.583  -17.345  41.627 0.0000000000
41271  -42.002  -16.001  38.494 0.0000000000
41281  -39.432  -16.442  37.661 0.0000000000
41284  -42.087  -16.118  37.926 0.0000000000
42035  -35.106  -15.263  45.916 0.0000000000
42090  -41.952  -15.740  39.740 0.0000000000
42112  -43.972  -15.667  39.233 0.0000000000
42890  -37.388  -14.165  44.657 0.0000000000
42926  -31.611  -15.464  41.112 0.0000000000
42986  -32.038  -14.862  38.115 0.0000000000
43001  -32.785  -14.465  37.050 0.0000000000
43701  -35.642  -14.001  45.841 0.0000000000
43717  -36.562  -13.857  45.084 0.0000000000
43814  -33.068  -14.043  38.453 0.0000000000
43820  -32.725  -14.175  38.055 0.0000000000
43833  -33.112  -14.113  37.273 0.0000000000
43843  -32.997  -14.152  37.034 0.0000000000
44468  -36.291  -13.310  44.152 0.0000000000
44484  -35.123  -12.848  43.078 0.0000000000
48268  -48.383  -7.737  36.625 0.0000000000
48269  -48.991  -7.415  36.755 0.0000000000
48286  -45.989  -8.257  34.927 0.0000000000
48292  -43.500  -8.185  32.873 0.0000000000
49024  -48.892  -6.872  36.479 0.0000000000
49035  -47.562  -6.716  35.559 0.0000000000
49042  -45.291  -7.678  33.849 0.0000000000
52926  -52.516  -0.954  32.572 0.0000000000
53579  -50.783  -0.433  29.349 0.0000000000
54285  -53.507  -0.070  30.380 0.0000000000
55021  -51.769  0.878  31.037 0.0000000000
99892  -35.240  -19.180  44.168 0.0000000000
99963  -43.689  -15.684  38.592 0.0000000000
