#!ascii label  , from subject 3419 vox2ras=TkReg
1400
9437  47.624  -54.198  5.499 0.2000000030
9424  47.400  -54.043  6.418 0.2000000030
9438  46.985  -54.902  5.938 0.2000000030
10839  47.480  -52.708  3.777 0.1000000015
9411  47.029  -54.049  7.143 0.3000000119
10136  47.795  -53.443  5.038 0.1000000015
10836  47.592  -52.672  4.648 0.1000000015
11574  47.185  -51.812  4.374 0.1000000015
12266  46.220  -50.679  4.030 0.1000000015
11577  47.220  -51.884  3.485 0.1000000015
11578  46.481  -51.221  3.244 0.1000000015
12903  45.977  -49.713  3.992 0.2000000030
12271  45.697  -50.529  3.416 0.1000000015
10832  48.068  -52.453  6.060 0.1000000015
11571  48.007  -51.669  5.628 0.1000000015
10133  47.855  -53.255  5.980 0.2000000030
11572  47.500  -51.812  5.068 0.1000000015
10833  47.852  -52.574  5.407 0.1000000015
12262  47.238  -51.280  4.823 0.1000000015
12894  46.743  -49.850  4.441 0.1000000015
13554  48.007  -48.618  3.300 0.2000000030
12902  46.822  -49.103  4.004 0.2000000030
14238  48.371  -47.570  2.545 0.1000000015
13556  46.297  -48.904  3.433 0.2000000030
14244  48.180  -47.525  1.421 0.1000000015
14890  48.305  -46.419  1.059 0.1000000015
12265  46.862  -50.755  4.534 0.1000000015
14886  48.492  -46.488  1.950 0.2000000030
15551  48.571  -45.460  1.355 0.1000000015
15552  48.247  -45.521  0.520 0.2000000030
12261  47.539  -50.669  5.123 0.1000000015
12264  47.155  -50.153  4.701 0.1000000015
12893  47.512  -49.357  4.463 0.2000000030
13550  48.056  -48.510  4.428 0.2000000030
16243  48.415  -44.522  0.778 0.2000000030
15557  47.588  -45.579  -0.039 0.2000000030
14233  48.228  -47.546  3.612 0.3000000119
12901  47.423  -48.850  3.799 0.2000000030
15550  48.623  -45.377  2.423 0.3000000119
16236  48.582  -44.393  1.669 0.3000000119
16951  48.440  -43.539  1.030 0.3000000119
16244  47.723  -44.578  0.185 0.2000000030
16235  48.756  -44.249  2.581 0.4000000060
14884  48.543  -46.543  2.973 0.2000000030
16955  47.830  -43.639  0.523 0.2000000030
17650  47.989  -43.044  0.765 0.2000000030
16950  48.800  -43.224  1.872 0.3000000119
17645  47.541  -42.050  0.784 0.2000000030
17651  47.317  -42.536  0.518 0.2000000030
18294  47.196  -41.849  0.711 0.2000000030
17652  46.113  -42.407  0.131 0.1000000015
16956  46.916  -43.528  -0.142 0.2000000030
17643  48.878  -42.207  1.621 0.3000000119
18284  48.267  -41.338  1.536 0.3000000119
18841  47.426  -40.789  1.530 0.2000000030
18285  47.324  -41.433  1.025 0.3000000119
18842  46.575  -40.712  1.337 0.2000000030
17644  48.150  -42.413  1.073 0.3000000119
18286  46.661  -41.080  0.999 0.1000000015
18295  46.501  -41.427  0.728 0.1000000015
18296  45.690  -41.322  0.477 0.1000000015
18848  45.508  -40.362  1.694 0.1000000015
17653  45.484  -41.951  0.118 0.1000000015
18276  48.923  -41.001  1.931 0.3000000119
18840  47.931  -40.845  1.637 0.2000000030
18836  47.982  -40.414  1.965 0.2000000030
19338  45.537  -39.647  3.068 0.2000000030
19879  45.768  -38.272  3.323 0.1000000015
18837  46.327  -40.241  2.108 0.1000000015
19880  45.157  -39.262  2.453 0.1000000015
95758  45.638  -40.334  2.149 0.1000000015
18847  46.259  -40.814  1.087 0.1000000015
18852  45.466  -40.357  0.371 0.1000000015
19884  45.649  -38.706  2.180 0.1000000015
19889  45.769  -39.112  1.241 0.1000000015
19341  44.799  -39.542  2.007 0.1000000015
19890  45.289  -39.392  1.522 0.1000000015
95756  44.857  -40.171  1.808 0.1000000015
19353  45.958  -39.406  0.329 0.1000000015
18851  45.630  -39.860  0.131 0.1000000015
19347  45.213  -39.749  1.409 0.1000000015
20491  47.438  -38.249  0.584 0.1000000015
18856  45.763  -39.883  -0.297 0.1000000015
19888  46.529  -38.395  1.589 0.1000000015
11575  46.690  -51.344  3.999 0.1000000015
13564  48.230  -48.515  2.087 0.1000000015
11481  47.092  -51.400  19.563 0.5000000000
11482  46.044  -51.465  19.521 0.5000000000
12196  47.444  -50.759  20.164 0.5000000000
10758  44.313  -52.531  18.946 0.2000000030
10757  45.638  -52.689  18.759 0.2000000030
11494  44.651  -52.067  19.007 0.3000000119
11493  45.754  -52.057  18.961 0.3000000119
11483  44.962  -51.509  19.447 0.5000000000
12198  45.315  -50.910  20.135 0.5000000000
12197  46.395  -50.854  20.193 0.5000000000
12184  45.691  -50.198  20.747 0.5000000000
12195  48.454  -50.603  19.997 0.5000000000
12182  47.772  -49.945  20.582 0.5000000000
11478  49.282  -50.935  19.264 0.5000000000
12214  49.649  -50.911  16.572 0.5000000000
11495  43.539  -51.995  19.026 0.3000000119
11484  43.873  -51.519  19.400 0.3000000119
12183  46.761  -50.110  20.710 0.5000000000
12194  49.406  -50.429  19.434 0.5000000000
11507  49.092  -51.230  13.508 0.4000000060
11506  49.307  -50.971  14.171 0.5000000000
10777  49.214  -51.769  14.297 0.5000000000
11503  49.390  -51.406  15.978 0.5000000000
12210  49.780  -50.797  17.411 0.5000000000
11510  48.562  -51.355  12.594 0.4000000060
11485  42.829  -51.515  19.418 0.4000000060
12200  43.145  -50.944  19.928 0.4000000060
12199  44.225  -50.942  20.030 0.5000000000
12186  43.510  -50.236  20.518 0.5000000000
12185  44.597  -50.228  20.658 0.5000000000
12809  44.977  -49.315  20.888 0.5000000000
12810  43.886  -49.356  20.886 0.5000000000
12808  46.076  -49.242  20.763 0.5000000000
12820  48.683  -49.611  20.213 0.5000000000
12207  49.801  -50.625  18.431 0.6000000238
11504  49.418  -51.034  15.008 0.5000000000
11522  48.131  -51.657  11.867 0.4000000060
11521  48.431  -51.980  12.088 0.4000000060
8694  42.712  -55.070  22.605 0.1000000015
10034  41.749  -53.247  21.710 0.1000000015
10035  41.391  -52.836  21.925 0.1000000015
10033  42.546  -53.839  21.568 0.1000000015
10740  41.504  -52.693  21.158 0.1000000015
10741  41.127  -52.352  21.470 0.1000000015
10043  41.790  -52.821  20.749 0.1000000015
10744  41.370  -52.434  20.640 0.1000000015
10745  40.874  -51.917  20.629 0.1000000015
10759  43.135  -52.473  19.122 0.2000000030
10750  42.496  -52.570  19.480 0.1000000015
11496  42.602  -51.942  19.162 0.3000000119
12201  42.104  -50.872  19.850 0.4000000060
12811  42.800  -49.408  20.851 0.5000000000
13460  44.234  -48.338  20.645 0.5000000000
13459  45.328  -48.329  20.431 0.5000000000
12217  49.596  -50.537  15.868 0.5000000000
11524  45.896  -51.449  11.542 0.5000000000
9315  45.651  -54.884  23.356 0.1000000015
9316  44.456  -54.923  23.268 0.1000000015
9317  43.462  -54.957  23.293 0.1000000015
9318  42.616  -54.893  23.182 0.1000000015
9322  41.982  -54.101  22.507 0.1000000015
10029  41.665  -53.343  22.468 0.1000000015
10736  41.370  -52.596  22.216 0.1000000015
10019  42.889  -54.233  23.310 0.1000000015
10724  41.843  -53.753  23.187 0.1000000015
12815  39.179  -49.559  20.460 0.2000000030
13466  38.291  -48.931  20.717 0.2000000030
10050  42.102  -52.794  20.043 0.1000000015
10051  41.678  -52.545  20.253 0.1000000015
10752  40.907  -51.610  20.258 0.1000000015
11473  40.286  -51.280  20.596 0.1000000015
12823  39.836  -50.053  20.341 0.2000000030
10751  41.536  -52.123  19.797 0.2000000030
11487  40.864  -51.220  20.141 0.1000000015
12202  41.111  -50.625  20.129 0.2000000030
12813  40.773  -49.630  20.355 0.2000000030
13465  39.056  -48.772  20.367 0.2000000030
11486  41.881  -51.562  19.561 0.2000000030
12188  41.493  -50.232  20.298 0.3000000119
12812  41.742  -49.479  20.669 0.3000000119
13462  42.088  -48.500  21.054 0.4000000060
13461  43.172  -48.384  20.863 0.5000000000
12830  50.116  -49.892  17.807 0.5000000000
12833  50.132  -48.973  16.360 0.5000000000
12829  50.347  -49.076  17.253 0.5000000000
12826  50.459  -49.001  18.170 0.5000000000
12838  49.702  -49.546  15.781 0.5000000000
12834  49.970  -50.003  16.706 0.5000000000
13458  46.538  -48.257  20.209 0.5000000000
12220  49.165  -50.167  14.473 0.5000000000
12218  49.408  -50.153  15.226 0.5000000000
12827  50.118  -49.698  18.817 0.5000000000
11523  47.169  -51.154  11.800 0.4000000060
10016  46.072  -53.891  23.023 0.1000000015
10017  44.868  -54.274  23.060 0.1000000015
10027  44.213  -53.637  22.949 0.1000000015
10732  44.563  -52.892  22.468 0.1000000015
11458  45.280  -52.044  22.125 0.1000000015
10018  43.867  -54.328  23.282 0.1000000015
10028  43.456  -53.737  23.215 0.1000000015
10722  42.888  -53.503  23.233 0.1000000015
11462  41.365  -51.867  22.503 0.1000000015
11463  40.582  -51.579  21.981 0.1000000015
12174  39.174  -50.307  21.428 0.1000000015
11468  40.335  -51.548  21.243 0.1000000015
12180  38.808  -50.103  20.976 0.2000000030
12816  38.823  -49.785  20.715 0.2000000030
11474  39.717  -50.743  20.692 0.1000000015
12192  39.050  -50.153  20.760 0.2000000030
13463  41.043  -48.612  20.652 0.3000000119
13464  40.004  -48.695  20.389 0.3000000119
14155  39.258  -47.806  20.501 0.2000000030
14154  40.352  -47.702  20.669 0.2000000030
14153  41.426  -47.571  20.807 0.3000000119
14152  42.471  -47.470  20.658 0.4000000060
13482  50.887  -48.366  17.613 0.5000000000
14151  43.438  -47.268  20.214 0.5000000000
14170  50.924  -47.283  17.771 0.5000000000
14171  50.480  -47.197  17.952 0.5000000000
14172  49.988  -47.503  18.451 0.5000000000
13470  50.132  -48.197  18.761 0.5000000000
12818  50.200  -48.692  18.898 0.6000000238
14150  44.491  -47.444  20.008 0.5000000000
14162  49.085  -46.301  18.063 0.5000000000
14163  48.165  -47.189  19.273 0.5000000000
13471  49.521  -47.888  19.060 0.6000000238
12819  49.539  -49.127  19.574 0.5000000000
13457  47.360  -48.591  20.372 0.5000000000
13472  48.378  -48.362  20.013 0.5000000000
11525  44.740  -51.659  11.584 0.4000000060
11513  44.400  -50.889  12.072 0.4000000060
10787  47.688  -52.447  11.473 0.4000000060
12790  45.005  -50.031  21.973 0.1000000015
12169  44.533  -50.986  22.177 0.1000000015
12791  44.065  -49.935  22.197 0.1000000015
10733  43.516  -52.987  22.893 0.1000000015
11459  44.026  -52.026  22.504 0.1000000015
12170  43.234  -51.123  22.513 0.1000000015
11460  43.084  -52.216  22.748 0.1000000015
12171  41.942  -50.887  22.580 0.1000000015
12172  40.792  -50.759  22.441 0.1000000015
12173  39.808  -50.598  22.108 0.1000000015
12795  39.105  -49.669  22.059 0.2000000030
13451  38.065  -48.992  21.164 0.2000000030
13467  37.737  -48.595  20.946 0.2000000030
14156  38.240  -47.908  20.555 0.2000000030
18761  39.971  -42.184  14.612 0.2000000030
14813  39.701  -46.754  20.742 0.2000000030
95626  41.871  -43.555  15.070 0.2000000030
95641  41.476  -43.803  15.655 0.2000000030
17588  40.520  -43.836  16.269 0.2000000030
95632  41.023  -44.354  17.021 0.2000000030
95592  44.007  -43.812  15.428 0.2000000030
95624  42.359  -43.897  15.536 0.2000000030
14819  42.768  -44.956  17.371 0.2000000030
95600  42.331  -45.518  18.911 0.4000000060
95588  45.460  -44.969  16.863 0.2000000030
14166  44.363  -46.577  19.118 0.4000000060
14820  43.150  -46.324  19.386 0.5000000000
14810  42.758  -46.692  20.086 0.4000000060
95594  49.260  -45.780  17.212 0.5000000000
95582  47.042  -45.439  17.081 0.4000000060
14165  46.274  -46.411  18.572 0.4000000060
13474  47.191  -48.211  20.135 0.5000000000
13436  46.861  -48.871  22.265 0.1000000015
12789  46.031  -49.632  22.009 0.1000000015
12800  45.215  -49.466  22.138 0.1000000015
13438  45.047  -48.635  22.377 0.1000000015
12792  42.865  -49.832  22.363 0.1000000015
13439  43.973  -48.816  22.232 0.1000000015
13440  42.649  -48.624  22.277 0.1000000015
12793  41.486  -49.574  22.490 0.1000000015
13442  40.660  -48.634  22.437 0.1000000015
12794  40.141  -49.709  22.429 0.1000000015
13443  39.478  -48.699  22.308 0.2000000030
13444  38.326  -48.577  21.773 0.2000000030
14157  37.374  -47.949  20.846 0.2000000030
14814  38.557  -46.823  20.642 0.2000000030
18194  39.278  -41.634  15.256 0.1000000015
18195  39.190  -42.486  14.843 0.2000000030
18206  40.190  -43.099  15.241 0.2000000030
18193  39.728  -41.498  16.101 0.1000000015
17573  38.690  -42.752  15.505 0.1000000015
16880  38.468  -42.903  16.190 0.1000000015
16886  39.326  -43.415  16.803 0.1000000015
95631  40.939  -44.439  17.724 0.1000000015
15485  41.582  -45.050  18.452 0.2000000030
14811  41.825  -46.498  20.341 0.3000000119
14812  40.785  -46.691  20.632 0.2000000030
95623  40.975  -44.575  18.365 0.1000000015
15466  41.598  -45.945  20.079 0.2000000030
14149  45.576  -47.408  19.664 0.5000000000
14167  43.880  -46.885  19.704 0.5000000000
14148  46.414  -47.436  19.570 0.5000000000
14164  47.240  -47.696  19.765 0.5000000000
13435  47.792  -48.923  22.272 0.1000000015
14132  45.729  -47.952  22.714 0.1000000015
14133  44.718  -47.824  22.674 0.1000000015
14125  44.424  -47.106  23.123 0.1000000015
14136  41.272  -47.608  22.362 0.1000000015
14135  42.381  -47.603  22.430 0.1000000015
14137  40.115  -47.668  22.361 0.2000000030
13445  37.553  -47.867  21.609 0.2000000030
14144  37.126  -47.735  21.309 0.2000000030
14145  36.827  -47.225  21.364 0.2000000030
14816  36.878  -47.048  20.996 0.2000000030
14815  37.500  -46.908  20.688 0.2000000030
18187  39.818  -41.707  17.225 0.1000000015
18188  38.762  -41.627  16.675 0.1000000015
17561  38.126  -42.347  17.142 0.1000000015
16879  38.724  -43.044  16.870 0.1000000015
16165  40.063  -43.831  17.605 0.1000000015
16142  39.602  -44.942  20.272 0.1000000015
15468  40.208  -45.735  20.434 0.2000000030
15469  39.116  -45.722  20.694 0.2000000030
16161  39.447  -43.401  18.434 0.1000000015
16160  40.292  -44.105  18.447 0.1000000015
16159  41.015  -44.737  18.852 0.1000000015
15482  41.410  -45.157  19.093 0.2000000030
15476  41.476  -45.531  19.673 0.2000000030
15467  41.139  -45.924  20.239 0.2000000030
14114  47.497  -47.231  23.665 0.1000000015
14123  46.514  -47.543  23.208 0.1000000015
14776  47.116  -46.544  24.539 0.1000000015
14124  45.505  -47.206  23.420 0.1000000015
14778  45.491  -46.566  24.446 0.1000000015
14785  44.897  -46.721  23.790 0.1000000015
14796  43.048  -46.877  22.879 0.1000000015
14795  43.613  -46.964  22.939 0.1000000015
14797  41.990  -46.737  22.687 0.1000000015
14799  39.620  -46.689  22.491 0.1000000015
14800  38.438  -46.689  22.562 0.1000000015
14140  37.025  -47.263  21.859 0.2000000030
14807  36.741  -46.590  21.452 0.2000000030
15471  36.945  -45.792  21.161 0.2000000030
15470  37.942  -45.701  20.737 0.2000000030
17559  41.192  -42.365  18.570 0.1000000015
18181  39.086  -41.385  18.285 0.1000000015
18182  38.599  -41.610  17.965 0.1000000015
17562  38.050  -42.046  17.691 0.1000000015
16871  38.643  -42.751  17.705 0.1000000015
16863  38.928  -43.108  18.736 0.1000000015
16153  39.649  -44.034  19.471 0.1000000015
15478  40.201  -44.895  19.943 0.2000000030
14767  46.116  -46.276  25.048 0.1000000015
14779  44.574  -46.420  24.476 0.1000000015
14780  43.527  -46.101  24.589 0.1000000015
14788  41.504  -46.010  23.206 0.1000000015
14789  40.314  -45.910  23.033 0.1000000015
14791  37.995  -45.965  23.077 0.1000000015
14801  37.325  -46.464  22.552 0.2000000030
15447  36.711  -45.563  22.571 0.1000000015
16134  36.688  -44.568  21.808 0.2000000030
15458  36.625  -45.846  21.737 0.2000000030
16145  36.977  -44.976  21.386 0.2000000030
18156  38.268  -40.842  20.428 0.1000000015
18745  37.593  -40.667  19.594 0.1000000015
19249  36.264  -39.779  19.440 0.1000000015
18173  36.543  -40.874  19.419 0.1000000015
17548  36.856  -41.759  20.368 0.1000000015
16856  37.483  -42.847  20.866 0.1000000015
16144  37.489  -44.368  21.175 0.1000000015
18180  40.151  -41.788  18.346 0.1000000015
18171  39.088  -41.219  19.041 0.1000000015
18172  37.985  -41.170  19.259 0.1000000015
17556  37.442  -41.435  19.563 0.1000000015
17547  37.701  -42.078  20.025 0.1000000015
16855  38.228  -43.006  20.087 0.1000000015
16143  38.723  -44.423  20.385 0.1000000015
17555  38.164  -41.846  19.056 0.1000000015
16864  38.504  -42.584  18.915 0.1000000015
16154  38.849  -43.395  19.566 0.1000000015
14769  44.419  -46.057  25.226 0.1000000015
15431  42.056  -45.585  24.025 0.1000000015
15432  40.944  -45.459  23.922 0.1000000015
15434  38.553  -45.213  23.814 0.1000000015
15435  37.370  -45.363  23.337 0.1000000015
18140  37.555  -41.416  22.858 0.1000000015
18141  36.538  -40.996  22.929 0.1000000015
18136  36.145  -42.054  23.548 0.1000000015
16830  35.828  -42.824  23.114 0.1000000015
16126  36.430  -44.426  22.933 0.1000000015
17528  39.263  -42.321  22.021 0.1000000015
17520  38.461  -41.897  22.636 0.1000000015
18723  36.386  -40.145  22.167 0.1000000015
18715  35.851  -40.591  22.580 0.1000000015
17531  35.716  -41.953  22.294 0.1000000015
16848  36.555  -43.124  21.884 0.1000000015
18147  38.818  -41.885  21.467 0.1000000015
18722  37.205  -40.291  21.676 0.1000000015
18734  35.615  -40.042  20.838 0.1000000015
18158  35.655  -40.818  21.026 0.1000000015
17540  36.282  -41.978  21.447 0.1000000015
17539  36.875  -42.650  21.263 0.1000000015
15424  40.381  -44.803  24.768 0.1000000015
16098  39.656  -44.350  25.199 0.1000000015
16112  37.884  -44.651  24.137 0.1000000015
16088  38.400  -43.390  25.180 0.1000000015
16099  38.613  -44.292  24.814 0.1000000015
16113  36.956  -44.361  23.751 0.1000000015
17519  39.256  -42.375  23.274 0.1000000015
17510  38.187  -42.120  23.864 0.1000000015
17500  38.003  -42.508  24.594 0.1000000015
16100  37.610  -43.721  24.558 0.1000000015
16829  36.363  -43.363  23.556 0.1000000015
18135  36.532  -41.833  23.571 0.1000000015
12807  47.079  -49.199  20.651 0.5000000000
12187  42.440  -50.260  20.404 0.4000000060
9330  42.158  -53.980  22.022 0.1000000015
11497  42.182  -51.911  19.258 0.2000000030
10735  41.706  -53.045  22.943 0.1000000015
12814  39.828  -49.495  20.330 0.3000000119
12203  40.350  -50.532  20.334 0.2000000030
12822  40.436  -50.084  20.298 0.2000000030
12189  41.093  -50.153  20.276 0.2000000030
10026  45.123  -53.578  22.584 0.1000000015
10734  42.547  -52.907  23.058 0.1000000015
11461  42.253  -52.030  22.748 0.1000000015
11464  39.843  -51.033  21.600 0.1000000015
11469  39.682  -50.954  21.070 0.1000000015
12796  38.566  -49.564  21.437 0.2000000030
13477  51.024  -47.618  17.810 0.5000000000
14177  51.316  -46.928  16.604 0.5000000000
13452  37.631  -48.313  21.234 0.2000000030
18775  41.158  -43.282  15.121 0.2000000030
18767  41.330  -42.727  14.694 0.2000000030
16893  40.056  -43.820  16.965 0.1000000015
14809  43.146  -46.744  19.922 0.5000000000
15475  41.943  -45.684  19.558 0.3000000119
95598  48.771  -45.286  16.474 0.5000000000
14131  46.631  -48.148  22.636 0.1000000015
13450  44.590  -49.066  22.238 0.1000000015
13441  41.675  -48.411  22.339 0.1000000015
14138  38.935  -47.647  22.248 0.2000000030
17583  39.424  -43.242  15.633 0.1000000015
17567  38.083  -42.266  16.387 0.1000000015
14130  47.483  -48.307  22.548 0.1000000015
14122  47.282  -47.750  22.919 0.1000000015
14134  43.593  -47.572  22.639 0.1000000015
14139  37.843  -47.484  22.152 0.2000000030
14802  36.658  -46.518  22.004 0.2000000030
95638  40.655  -41.916  17.601 0.1000000015
16152  40.552  -44.644  19.355 0.1000000015
14115  46.451  -47.054  23.962 0.1000000015
14113  48.680  -47.201  23.762 0.1000000015
15420  47.816  -46.038  24.797 0.1000000015
14777  46.273  -46.609  24.522 0.1000000015
14784  45.443  -46.797  23.927 0.1000000015
14786  43.850  -46.630  23.525 0.1000000015
14787  42.723  -46.153  23.625 0.1000000015
14798  40.817  -46.708  22.553 0.1000000015
14790  39.111  -45.885  23.014 0.1000000015
16872  38.504  -42.565  18.251 0.1000000015
14768  45.286  -46.211  25.132 0.1000000015
15430  42.623  -45.786  24.182 0.1000000015
15446  37.149  -45.862  22.871 0.1000000015
16839  36.195  -43.370  22.634 0.1000000015
18738  37.540  -40.375  19.973 0.1000000015
18155  38.861  -41.562  20.772 0.1000000015
18162  39.126  -41.338  19.887 0.1000000015
18163  38.244  -40.915  19.654 0.1000000015
18175  35.608  -40.062  19.585 0.1000000015
18740  36.269  -39.598  20.532 0.1000000015
18164  36.299  -41.220  19.981 0.1000000015
14770  43.770  -45.823  25.328 0.1000000015
15422  42.684  -45.591  24.844 0.1000000015
15423  41.571  -45.090  24.781 0.1000000015
15433  39.764  -45.365  23.830 0.1000000015
18149  37.153  -40.715  22.334 0.1000000015
17509  39.400  -42.349  24.584 0.1000000015
16820  36.946  -43.089  24.269 0.1000000015
18143  35.601  -41.587  22.655 0.1000000015
16819  37.634  -42.929  24.670 0.1000000015
18148  38.091  -41.121  21.691 0.1000000015
15425  39.273  -44.816  24.467 0.1000000015
16101  36.911  -43.659  24.090 0.1000000015
16089  37.974  -43.212  24.890 0.1000000015
16087  39.298  -43.485  25.731 0.1000000015
17518  40.226  -42.528  23.791 0.1000000015
17499  38.742  -42.468  24.998 0.1000000015
9352  47.087  -53.893  18.163 0.1000000015
9351  47.457  -54.169  17.549 0.1000000015
10057  47.104  -53.452  17.857 0.1000000015
10765  46.480  -52.971  18.178 0.1000000015
10058  46.352  -53.346  18.468 0.1000000015
10059  45.802  -53.010  18.553 0.1000000015
9347  47.446  -54.524  18.235 0.2000000030
9358  47.613  -54.128  17.048 0.2000000030
9357  47.907  -54.165  16.575 0.2000000030
8721  48.144  -55.091  16.250 0.2000000030
10061  47.507  -53.576  17.108 0.2000000030
10756  46.578  -52.531  18.464 0.2000000030
10764  47.420  -52.852  17.665 0.2000000030
11492  46.783  -51.974  18.963 0.3000000119
10769  47.708  -53.009  16.961 0.2000000030
9363  48.297  -54.323  15.687 0.2000000030
10755  47.496  -52.369  18.444 0.2000000030
10063  48.159  -53.421  16.047 0.2000000030
8744  48.098  -55.864  12.990 0.1000000015
10060  47.810  -53.299  16.599 0.2000000030
8734  48.324  -55.269  14.466 0.1000000015
8728  48.285  -55.131  15.324 0.1000000015
10763  48.254  -52.427  18.007 0.2000000030
8738  48.077  -55.911  13.481 0.1000000015
11491  47.746  -51.930  19.011 0.4000000060
9368  48.471  -54.455  14.756 0.2000000030
8743  48.298  -55.129  12.643 0.1000000015
8747  48.245  -54.943  12.003 0.2000000030
8737  48.287  -55.423  13.576 0.1000000015
9375  48.442  -54.459  13.190 0.1000000015
10768  48.373  -52.598  16.839 0.2000000030
9370  48.555  -54.689  13.982 0.1000000015
11502  48.934  -52.161  17.057 0.4000000060
10066  48.432  -53.533  15.114 0.3000000119
10069  48.679  -53.689  13.975 0.4000000060
11500  48.926  -52.102  17.622 0.4000000060
11479  48.958  -51.124  19.377 0.4000000060
10771  48.569  -52.687  15.677 0.3000000119
10774  48.772  -52.676  14.617 0.4000000060
95613  43.022  -41.720  15.123 0.1000000015
18760  41.392  -41.634  14.711 0.1000000015
11490  48.707  -51.828  18.698 0.4000000060
10767  48.963  -52.172  16.780 0.4000000060
10770  49.043  -52.148  16.251 0.4000000060
95637  42.634  -41.599  14.837 0.1000000015
11499  49.416  -51.438  18.029 0.4000000060
11501  49.286  -51.660  16.962 0.5000000000
95609  43.281  -43.134  14.767 0.1000000015
95636  44.385  -43.114  14.739 0.1000000015
10766  46.028  -52.989  18.369 0.1000000015
10054  45.230  -53.076  19.082 0.1000000015
11480  48.103  -51.343  19.532 0.4000000060
95581  43.041  -43.435  14.969 0.1000000015
8715  47.762  -54.960  17.521 0.1000000015
10754  48.101  -52.203  18.571 0.4000000060
18780  43.936  -42.538  14.756 0.1000000015
95614  43.971  -43.323  14.903 0.1000000015
10053  46.200  -53.646  19.256 0.1000000015
4975  43.947  -62.173  10.925 0.1000000015
5467  43.387  -61.676  10.449 0.1000000015
6510  43.804  -59.908  8.983 0.1000000015
4976  43.433  -62.171  10.954 0.1000000015
5993  44.225  -60.474  9.575 0.1000000015
4969  43.457  -62.497  11.667 0.1000000015
4958  42.572  -62.375  12.452 0.1000000015
5452  42.870  -62.036  10.986 0.1000000015
5896  37.306  -60.544  21.744 0.1000000015
5399  41.298  -61.917  15.099 0.1000000015
4933  41.718  -62.359  14.594 0.1000000015
5465  44.883  -61.309  10.769 0.1000000015
5466  44.237  -61.562  10.511 0.1000000015
4944  42.448  -62.632  13.288 0.1000000015
5479  44.871  -60.767  10.333 0.1000000015
4959  41.779  -61.978  12.638 0.1000000015
6509  44.635  -59.691  9.409 0.1000000015
5332  36.517  -61.102  22.981 0.1000000015
5339  37.981  -61.254  21.382 0.1000000015
4837  35.807  -62.182  24.020 0.1000000015
5323  35.984  -61.409  23.721 0.1000000015
5331  36.879  -61.273  22.280 0.1000000015
5340  37.338  -61.539  21.814 0.1000000015
5347  38.982  -61.319  20.329 0.1000000015
5374  40.180  -61.578  17.200 0.1000000015
4925  41.011  -62.187  16.126 0.1000000015
4974  44.583  -62.050  10.972 0.1000000015
4968  44.310  -62.473  11.491 0.1000000015
6516  44.194  -59.240  8.923 0.1000000015
4862  38.260  -62.057  21.210 0.1000000015
4325  35.750  -63.121  24.526 0.1000000015
4848  36.421  -62.293  23.205 0.1000000015
4856  36.658  -61.761  22.665 0.1000000015
4855  36.990  -62.381  22.286 0.1000000015
4357  38.359  -63.027  21.374 0.1000000015
4870  38.695  -62.244  20.745 0.1000000015
4869  39.299  -62.403  20.170 0.1000000015
4876  39.698  -62.620  19.354 0.1000000015
5365  39.685  -61.851  18.589 0.1000000015
4885  39.932  -62.792  18.501 0.1000000015
4899  39.849  -62.355  18.166 0.1000000015
4404  40.847  -63.354  17.378 0.1000000015
4912  40.732  -62.693  16.815 0.1000000015
4911  41.157  -62.852  16.233 0.1000000015
4447  41.735  -63.107  15.325 0.1000000015
4455  42.913  -63.241  13.454 0.1000000015
4470  44.517  -62.793  12.057 0.1000000015
4471  44.053  -62.817  11.883 0.1000000015
4463  43.118  -62.992  12.637 0.1000000015
5987  45.101  -60.283  10.679 0.1000000015
5992  44.908  -60.368  9.921 0.1000000015
4356  39.130  -63.701  21.308 0.1000000015
4335  36.164  -62.966  23.828 0.1000000015
4847  36.759  -63.000  22.836 0.1000000015
4358  37.655  -63.049  21.947 0.1000000015
4371  39.014  -63.047  20.728 0.1000000015
4370  39.857  -63.620  20.246 0.1000000015
4381  40.096  -63.361  19.017 0.1000000015
3877  41.116  -63.777  17.830 0.1000000015
3796  36.233  -63.905  24.657 0.1000000015
4324  36.387  -63.576  24.150 0.1000000015
4334  36.731  -63.458  23.463 0.1000000015
4345  37.375  -63.573  22.716 0.1000000015
4884  40.191  -63.102  18.248 0.1000000015
4416  41.292  -63.424  16.772 0.1000000015
4432  41.924  -63.635  15.821 0.1000000015
4433  41.510  -63.230  16.006 0.1000000015
3908  42.445  -63.990  15.795 0.1000000015
4446  42.427  -63.472  14.873 0.1000000015
4454  43.736  -63.559  13.672 0.1000000015
4469  44.990  -62.700  12.325 0.1000000015
4462  43.790  -63.182  12.561 0.1000000015
5451  45.236  -60.904  11.567 0.1000000015
6508  45.362  -59.513  9.990 0.1000000015
6507  45.795  -58.964  10.061 0.1000000015
6504  45.365  -59.604  10.583 0.1000000015
4312  35.791  -63.784  25.079 0.1000000015
3781  37.583  -64.824  25.462 0.1000000015
3795  37.033  -64.323  24.292 0.1000000015
3804  37.848  -64.410  23.635 0.1000000015
3816  38.125  -64.215  22.897 0.1000000015
4344  38.185  -63.709  22.146 0.1000000015
4343  38.648  -63.762  21.753 0.1000000015
4380  40.613  -64.010  19.275 0.1000000015
3865  41.250  -64.092  18.540 0.1000000015
3805  37.304  -64.052  23.427 0.1000000015
3864  41.865  -64.278  18.601 0.1000000015
3876  41.629  -64.000  17.685 0.1000000015
3894  41.543  -63.813  17.129 0.1000000015
3893  41.891  -63.974  16.690 0.1000000015
3892  42.738  -64.088  16.631 0.1000000015
4445  43.365  -63.834  14.734 0.1000000015
3907  43.126  -64.044  15.649 0.1000000015
4956  45.170  -62.220  12.629 0.1000000015
4943  45.214  -62.508  13.557 0.1000000015
4460  45.048  -62.778  12.874 0.1000000015
4452  44.937  -63.085  13.288 0.1000000015
4444  44.251  -63.542  14.417 0.1000000015
5428  45.438  -61.570  13.208 0.1000000015
4453  44.401  -63.327  13.426 0.1000000015
5440  45.274  -61.481  12.299 0.1000000015
5439  45.780  -60.630  12.490 0.1000000015
5986  45.461  -59.728  11.005 0.1000000015
7053  46.232  -58.495  10.055 0.1000000015
3771  36.946  -64.772  26.632 0.1000000015
3772  35.796  -64.472  26.340 0.1000000015
3794  38.212  -64.779  24.494 0.1000000015
3830  39.956  -64.230  21.470 0.1000000015
3815  39.080  -64.302  22.358 0.1000000015
3842  40.543  -64.291  20.832 0.1000000015
4369  40.739  -64.279  20.112 0.1000000015
3854  41.451  -64.453  19.581 0.1000000015
3829  40.881  -64.517  21.608 0.1000000015
3875  42.254  -64.081  17.651 0.1000000015
3863  42.343  -64.044  18.586 0.1000000015
3891  43.486  -63.869  16.432 0.1000000015
4430  44.035  -63.733  15.621 0.1000000015
4431  43.546  -63.909  15.460 0.1000000015
5450  45.520  -60.316  11.792 0.1000000015
5981  45.337  -60.130  11.369 0.1000000015
6503  45.941  -59.224  10.627 0.1000000015
3802  39.803  -64.531  23.546 0.1000000015
3801  40.880  -64.245  23.605 0.1000000015
3757  37.709  -64.716  27.540 0.1000000015
3770  38.159  -64.743  26.466 0.1000000015
3780  38.746  -64.846  25.497 0.1000000015
3803  38.733  -64.603  23.571 0.1000000015
3813  41.356  -64.444  22.554 0.1000000015
3814  40.344  -64.468  22.533 0.1000000015
3828  41.676  -64.632  21.483 0.1000000015
3827  42.264  -64.354  21.216 0.1000000015
3852  42.484  -63.995  19.410 0.1000000015
3841  41.249  -64.546  20.678 0.1000000015
3840  41.861  -64.640  20.440 0.1000000015
3874  43.171  -63.826  17.642 0.1000000015
3873  43.640  -63.630  17.048 0.1000000015
4429  44.862  -63.254  15.061 0.1000000015
5414  45.629  -61.851  14.461 0.1000000015
4931  45.254  -62.711  14.497 0.1000000015
5427  45.991  -60.946  13.816 0.1000000015
3768  40.030  -63.884  26.261 0.1000000015
3756  38.580  -64.361  27.203 0.1000000015
3769  39.161  -64.516  26.352 0.1000000015
3792  40.327  -64.255  24.586 0.1000000015
3779  39.765  -64.426  25.494 0.1000000015
3812  42.156  -64.304  22.331 0.1000000015
3838  42.752  -63.817  20.058 0.1000000015
3862  42.973  -63.763  18.756 0.1000000015
4402  43.495  -63.478  17.817 0.1000000015
4401  44.023  -63.307  17.536 0.1000000015
4414  44.003  -63.573  16.611 0.1000000015
4413  44.718  -63.105  16.387 0.1000000015
4923  45.353  -62.523  15.419 0.1000000015
5971  46.278  -60.095  13.345 0.1000000015
3755  39.307  -64.041  26.919 0.1000000015
3778  40.696  -63.768  25.478 0.1000000015
3791  41.323  -63.774  24.618 0.1000000015
4342  42.509  -63.599  22.949 0.1000000015
3811  42.750  -63.850  21.918 0.1000000015
3826  42.784  -63.857  20.875 0.1000000015
4368  43.313  -63.308  20.273 0.1000000015
3851  42.975  -63.653  19.516 0.1000000015
4386  44.007  -63.053  18.682 0.1000000015
4387  43.449  -63.425  18.257 0.1000000015
4897  44.542  -62.878  17.537 0.1000000015
4910  45.327  -62.318  16.321 0.1000000015
4400  44.563  -62.961  17.183 0.1000000015
5387  45.520  -61.794  16.726 0.1000000015
5955  46.003  -61.059  16.099 0.1000000015
5398  45.828  -61.503  15.783 0.1000000015
5413  46.124  -61.096  14.980 0.1000000015
6481  46.371  -59.363  13.975 0.1000000015
7030  46.676  -58.389  13.505 0.1000000015
3767  40.493  -63.704  25.987 0.1000000015
4323  41.513  -63.524  24.790 0.1000000015
4333  42.298  -63.354  23.767 0.1000000015
4283  39.824  -63.445  27.083 0.1000000015
3790  41.697  -63.770  24.249 0.1000000015
4367  43.789  -62.905  20.377 0.1000000015
4379  43.396  -63.327  19.186 0.1000000015
4378  43.927  -62.944  19.715 0.1000000015
5373  45.471  -61.597  17.533 0.1000000015
4896  45.024  -62.472  17.284 0.1000000015
5954  46.103  -60.599  15.786 0.1000000015
5968  46.259  -60.271  14.514 0.1000000015
6472  46.231  -59.355  15.202 0.1000000015
7597  46.508  -57.829  14.494 0.1000000015
7596  46.993  -57.007  14.152 0.1000000015
4802  40.662  -62.474  27.172 0.1000000015
4282  40.362  -63.114  26.955 0.1000000015
4296  41.582  -62.849  25.804 0.1000000015
4322  41.811  -63.448  24.483 0.1000000015
4321  42.339  -62.654  24.233 0.1000000015
4332  42.836  -63.018  23.433 0.1000000015
4310  41.300  -63.398  25.238 0.1000000015
4341  43.120  -63.116  22.528 0.1000000015
4355  43.218  -63.302  21.428 0.1000000015
4354  43.647  -62.850  21.000 0.1000000015
4875  44.564  -62.346  19.254 0.1000000015
4882  45.173  -62.036  18.407 0.1000000015
6990  46.312  -57.386  17.721 0.1000000015
6991  46.055  -58.145  17.384 0.1000000015
6449  45.637  -59.294  18.032 0.1000000015
5928  45.821  -60.187  17.316 0.1000000015
6459  46.000  -59.490  16.620 0.1000000015
5929  45.635  -60.831  17.768 0.1000000015
7570  46.817  -56.813  17.891 0.1000000015
7571  46.394  -57.218  17.188 0.1000000015
6999  46.033  -58.440  15.992 0.1000000015
5942  46.002  -60.336  16.613 0.1000000015
7581  46.964  -56.580  16.618 0.1000000015
7582  46.288  -57.465  16.318 0.1000000015
7594  46.273  -57.795  15.426 0.1000000015
8154  47.469  -56.175  15.635 0.1000000015
4801  41.662  -62.097  26.698 0.1000000015
4817  41.332  -62.641  26.357 0.1000000015
4816  41.872  -62.369  26.094 0.1000000015
4815  42.049  -62.072  25.737 0.1000000015
4309  41.922  -62.610  25.117 0.1000000015
4295  41.835  -62.461  25.676 0.1000000015
4308  42.057  -62.406  24.656 0.1000000015
4846  42.984  -62.359  23.655 0.1000000015
4854  43.092  -62.702  23.118 0.1000000015
4853  43.301  -62.184  22.695 0.1000000015
4340  43.456  -62.780  21.847 0.1000000015
4868  44.064  -62.363  20.415 0.1000000015
5354  44.927  -61.728  19.538 0.1000000015
5919  45.412  -60.648  18.614 0.1000000015
6978  46.250  -57.519  18.446 0.1000000015
8135  47.561  -55.909  17.502 0.1000000015
5283  42.253  -61.568  27.082 0.1000000015
4799  42.492  -61.637  25.992 0.1000000015
4800  42.300  -61.886  26.367 0.1000000015
4827  42.206  -61.875  24.769 0.1000000015
4826  42.684  -61.523  24.364 0.1000000015
4828  41.954  -62.037  25.283 0.1000000015
4836  42.631  -62.065  24.181 0.1000000015
4835  42.937  -61.781  23.992 0.1000000015
4861  43.674  -62.164  21.502 0.1000000015
5346  44.518  -61.755  20.040 0.1000000015
5912  45.157  -60.428  19.491 0.1000000015
5345  44.826  -61.033  20.072 0.1000000015
6979  45.699  -58.299  18.758 0.1000000015
6439  45.326  -59.843  18.874 0.1000000015
5353  45.229  -61.339  19.096 0.1000000015
7559  46.802  -56.946  19.093 0.1000000015
6450  45.555  -60.148  18.120 0.1000000015
8125  47.523  -56.242  18.670 0.1000000015
5295  42.651  -61.078  25.736 0.1000000015
5306  42.296  -61.298  25.246 0.1000000015
5305  42.745  -60.794  24.972 0.1000000015
5314  43.065  -60.978  24.043 0.1000000015
4845  43.119  -61.716  23.530 0.1000000015
5322  43.321  -61.064  23.124 0.1000000015
5330  43.604  -61.218  22.106 0.1000000015
5338  44.165  -61.223  20.991 0.1000000015
5902  44.816  -60.105  20.338 0.1000000015
6432  45.004  -59.581  19.781 0.1000000015
6438  45.189  -58.994  19.174 0.1000000015
8708  47.747  -55.321  18.409 0.1000000015
5294  42.836  -60.409  25.610 0.1000000015
5862  43.484  -59.920  24.633 0.1000000015
5878  43.737  -60.222  22.691 0.1000000015
5887  43.963  -60.464  21.818 0.1000000015
5337  44.491  -60.477  20.759 0.1000000015
6421  44.802  -59.244  20.715 0.1000000015
6431  45.032  -58.811  20.126 0.1000000015
5871  43.582  -60.070  23.705 0.1000000015
5877  44.259  -59.442  23.399 0.1000000015
5894  44.261  -60.270  21.344 0.1000000015
5893  44.579  -59.790  21.155 0.1000000015
8705  47.734  -55.504  19.422 0.1000000015
8120  47.535  -56.422  19.752 0.1000000015
6969  45.489  -58.407  19.724 0.1000000015
9343  47.468  -54.702  19.068 0.1000000015
6402  44.919  -58.946  22.422 0.1000000015
6391  44.859  -58.972  23.191 0.1000000015
6401  45.302  -58.667  22.110 0.1000000015
5886  44.366  -59.571  22.182 0.1000000015
6411  45.167  -58.707  21.269 0.1000000015
6968  46.285  -57.798  19.832 0.1000000015
7552  47.033  -57.104  19.984 0.1000000015
6948  45.855  -58.514  21.676 0.1000000015
6412  44.803  -59.115  21.640 0.1000000015
6957  45.618  -58.440  20.660 0.1000000015
7543  47.178  -57.454  20.862 0.1000000015
6956  46.472  -58.164  21.166 0.1000000015
6420  45.061  -58.724  20.712 0.1000000015
5388  40.600  -61.681  16.417 0.1000000015
4924  41.356  -62.430  15.557 0.1000000015
5481  43.846  -61.152  9.870 0.1000000015
4932  42.283  -62.812  13.895 0.1000000015
5480  44.571  -60.999  10.095 0.1000000015
4957  43.238  -62.809  12.283 0.1000000015
4970  42.755  -62.185  11.605 0.1000000015
5888  36.747  -60.344  22.407 0.1000000015
5415  41.167  -61.604  14.725 0.1000000015
5400  40.747  -61.398  15.543 0.1000000015
4945  41.922  -62.092  13.369 0.1000000015
4898  40.171  -62.732  17.770 0.1000000015
4967  45.066  -62.137  11.654 0.1000000015
4863  37.742  -62.234  21.636 0.1000000015
5355  39.451  -61.549  19.530 0.1000000015
4403  41.299  -63.699  17.356 0.1000000015
4415  41.683  -63.603  16.330 0.1000000015
4461  44.652  -63.076  12.708 0.1000000015
4388  40.548  -63.504  18.304 0.1000000015
3817  37.655  -64.123  23.152 0.1000000015
3920  42.720  -63.928  15.340 0.1000000015
3782  36.390  -64.412  25.416 0.1000000015
4443  44.901  -63.164  14.026 0.1000000015
3853  42.022  -64.413  19.462 0.1000000015
5977  46.272  -59.854  12.452 0.1000000015
5980  46.003  -59.841  11.570 0.1000000015
3793  39.305  -64.713  24.551 0.1000000015
3839  42.292  -64.241  20.235 0.1000000015
3800  41.894  -64.038  23.656 0.1000000015
5397  46.092  -61.093  15.521 0.1000000015
3777  41.101  -63.634  25.090 0.1000000015
4311  40.928  -63.491  25.630 0.1000000015
4883  44.563  -62.702  18.121 0.1000000015
5943  45.864  -61.008  16.711 0.1000000015
7024  46.366  -58.691  14.434 0.1000000015
4297  40.699  -63.338  26.215 0.1000000015
7602  46.869  -57.651  13.725 0.1000000015
7014  46.242  -58.437  15.095 0.1000000015
5363  45.430  -61.315  18.290 0.1000000015
7593  46.788  -56.985  15.327 0.1000000015
8161  47.410  -56.307  14.642 0.1000000015
10773  49.136  -51.995  15.289 0.3000000119
10110  42.997  -53.603  9.014 0.1000000015
10804  42.285  -52.630  9.505 0.1000000015
10798  41.247  -52.327  9.900 0.2000000030
12229  42.659  -50.184  12.556 0.3000000119
11515  41.587  -51.256  12.303 0.2000000030
12228  44.111  -50.016  12.490 0.3000000119
11511  47.928  -50.735  12.158 0.4000000060
12221  49.047  -50.501  13.816 0.4000000060
11527  39.918  -51.453  10.467 0.3000000119
12223  48.481  -50.219  13.338 0.4000000060
10109  43.671  -53.674  8.908 0.1000000015
12840  49.224  -49.356  15.058 0.5000000000
11537  40.593  -51.493  9.921 0.2000000030
12231  39.949  -50.063  12.007 0.3000000119
12227  45.401  -49.852  12.454 0.3000000119
12224  47.969  -50.152  12.721 0.4000000060
13489  49.636  -48.810  15.463 0.4000000060
12236  45.320  -50.709  11.807 0.4000000060
11512  47.455  -50.407  12.105 0.4000000060
12846  48.354  -49.088  13.686 0.4000000060
12222  48.751  -49.839  13.903 0.5000000000
10108  44.725  -53.737  8.821 0.2000000030
10095  43.444  -53.145  9.191 0.2000000030
10803  43.202  -52.596  9.473 0.2000000030
12245  40.114  -50.443  9.854 0.2000000030
13505  43.456  -48.451  12.639 0.3000000119
12226  46.001  -49.649  12.564 0.3000000119
9401  44.057  -54.269  8.504 0.1000000015
12854  40.991  -49.338  12.223 0.3000000119
12235  46.210  -50.177  12.064 0.4000000060
12842  48.861  -49.185  14.328 0.5000000000
13491  49.462  -48.408  14.789 0.5000000000
12837  49.918  -48.849  15.838 0.4000000060
12234  46.951  -49.931  12.075 0.4000000060
12847  47.905  -49.042  13.109 0.4000000060
13494  49.199  -48.453  13.802 0.5000000000
10094  44.427  -53.155  9.180 0.2000000030
11548  42.075  -52.025  9.810 0.2000000030
11536  41.705  -51.325  10.065 0.2000000030
13526  40.620  -49.213  10.672 0.4000000060
12243  42.583  -50.237  10.361 0.2000000030
14205  42.294  -48.191  11.810 0.3000000119
13524  42.980  -48.537  10.989 0.4000000060
14193  45.401  -47.732  12.978 0.3000000119
13488  50.465  -48.206  15.573 0.4000000060
13485  50.877  -48.419  16.702 0.4000000060
12863  44.764  -48.590  11.588 0.4000000060
12225  47.500  -50.000  12.415 0.4000000060
10802  44.268  -52.518  9.507 0.2000000030
13487  51.168  -47.685  15.697 0.4000000060
11546  44.089  -51.891  9.892 0.2000000030
12850  46.115  -49.136  13.067 0.3000000119
12848  47.639  -49.295  12.416 0.4000000060
9400  45.179  -54.260  8.391 0.2000000030
10801  45.376  -52.554  9.409 0.2000000030
11534  44.018  -51.170  10.327 0.3000000119
12242  43.870  -50.216  10.693 0.4000000060
13481  51.180  -47.689  17.118 0.4000000060
12862  45.775  -48.992  11.904 0.3000000119
14175  50.298  -46.521  17.470 0.4000000060
9399  45.667  -54.136  8.218 0.2000000030
10093  45.251  -53.231  9.043 0.2000000030
13493  49.958  -47.891  14.114 0.5000000000
14180  51.153  -47.572  15.261 0.4000000060
9412  45.949  -54.426  7.670 0.2000000030
10814  45.890  -52.922  9.019 0.2000000030
11545  45.221  -51.700  9.853 0.2000000030
12240  46.990  -50.176  10.789 0.4000000060
13499  49.087  -48.580  12.770 0.5000000000
9426  46.132  -55.023  6.786 0.2000000030
12241  45.391  -50.398  10.879 0.4000000060
13500  48.412  -48.809  12.093 0.5000000000
13490  50.132  -47.982  14.765 0.5000000000
9425  46.714  -54.635  6.736 0.2000000030
95597  49.762  -45.914  16.921 0.4000000060
14827  50.807  -46.198  16.751 0.4000000060
14179  51.421  -47.033  15.711 0.4000000060
10107  45.841  -53.625  8.477 0.2000000030
11533  44.863  -51.270  10.281 0.4000000060
14183  50.810  -47.641  14.556 0.4000000060
10120  46.379  -53.801  8.028 0.2000000030
10800  46.231  -52.405  9.214 0.2000000030
10106  46.780  -53.299  8.165 0.2000000030
14182  51.403  -46.995  14.831 0.4000000060
13502  47.835  -49.377  11.530 0.3000000119
13498  50.009  -48.062  13.162 0.5000000000
12250  45.450  -51.062  10.269 0.4000000060
12861  47.656  -49.577  11.223 0.3000000119
13501  48.008  -49.161  11.721 0.4000000060
12249  46.140  -50.959  10.138 0.4000000060
13512  49.386  -48.222  11.542 0.5000000000
10813  46.702  -52.701  8.764 0.2000000030
14830  51.316  -46.120  15.914 0.4000000060
14186  50.606  -47.437  13.567 0.5000000000
13514  48.063  -49.278  11.264 0.4000000060
13513  48.593  -48.910  11.035 0.5000000000
13511  50.016  -47.996  12.247 0.5000000000
10074  48.232  -53.318  11.702 0.3000000119
10781  48.474  -52.493  12.371 0.3000000119
10778  48.843  -52.414  13.412 0.2000000030
10075  47.341  -53.573  10.802 0.2000000030
10786  48.246  -52.386  11.832 0.3000000119
10796  46.371  -53.161  10.746 0.2000000030
10788  46.554  -52.591  11.139 0.2000000030
10783  41.087  -51.860  11.391 0.2000000030
9448  47.264  -54.910  5.013 0.1000000015
12257  48.333  -50.757  6.843 0.1000000015
10072  48.444  -53.449  12.814 0.2000000030
9380  48.076  -54.629  11.283 0.1000000015
9383  47.281  -54.771  10.515 0.1000000015
9439  46.467  -55.051  6.359 0.1000000015
10822  47.509  -52.768  7.490 0.1000000015
10812  47.446  -52.600  8.125 0.1000000015
11558  48.045  -51.990  8.073 0.1000000015
12254  48.263  -50.962  8.031 0.1000000015
10829  47.608  -52.869  7.057 0.1000000015
11566  48.148  -51.866  7.308 0.1000000015
12255  47.883  -50.722  8.858 0.1000000015
12882  48.358  -49.651  7.302 0.1000000015
12878  48.130  -49.697  8.619 0.1000000015
13536  48.370  -48.512  7.724 0.1000000015
9379  48.332  -54.323  12.234 0.2000000030
12867  47.508  -49.779  10.791 0.3000000119
10119  46.811  -53.702  7.671 0.1000000015
11543  47.021  -51.590  9.298 0.1000000015
12248  47.255  -50.795  9.557 0.2000000030
12239  47.533  -50.172  10.078 0.3000000119
12865  48.383  -49.120  10.461 0.3000000119
13523  48.714  -48.648  10.189 0.3000000119
9410  47.346  -53.679  6.842 0.1000000015
11559  47.536  -51.727  8.805 0.1000000015
12875  47.866  -49.979  9.567 0.2000000030
12874  48.336  -49.142  9.645 0.3000000119
10128  47.584  -53.241  6.647 0.1000000015
13534  48.496  -48.354  8.815 0.2000000030
13531  48.672  -48.392  9.577 0.3000000119
13533  48.955  -47.900  9.277 0.4000000060
13540  48.437  -48.368  6.478 0.1000000015
14215  48.526  -47.532  8.061 0.3000000119
8722  47.806  -55.344  16.906 0.1000000015
13522  49.167  -48.197  10.591 0.4000000060
14201  49.626  -47.613  10.778 0.4000000060
13530  49.097  -48.030  9.862 0.4000000060
14209  49.403  -47.595  10.177 0.4000000060
14214  49.000  -47.428  8.707 0.5000000000
13545  48.302  -48.519  5.393 0.1000000015
14218  48.340  -47.475  7.112 0.2000000030
12888  48.133  -49.589  5.207 0.1000000015
14222  48.336  -47.319  6.233 0.2000000030
14192  50.538  -47.377  12.597 0.4000000060
14200  50.393  -47.141  11.380 0.4000000060
14212  49.402  -47.226  9.439 0.4000000060
14211  49.709  -46.724  9.586 0.4000000060
14857  49.378  -46.384  8.575 0.5000000000
14858  48.870  -46.976  8.240 0.4000000060
14868  48.135  -46.572  6.541 0.3000000119
14862  48.499  -46.522  7.621 0.4000000060
14230  48.112  -47.516  4.618 0.2000000030
14878  48.113  -46.576  4.789 0.2000000030
12904  45.400  -49.722  3.186 0.1000000015
14199  51.094  -46.827  12.215 0.4000000060
14191  51.081  -46.808  13.076 0.4000000060
14843  50.916  -46.441  10.998 0.4000000060
14847  50.468  -46.310  10.488 0.4000000060
14851  50.040  -46.087  9.460 0.4000000060
14852  49.651  -46.625  9.245 0.4000000060
14861  49.017  -46.044  7.921 0.3000000119
15528  48.171  -45.815  7.344 0.4000000060
15527  48.638  -45.669  7.669 0.4000000060
15539  48.075  -45.746  5.755 0.3000000119
15533  47.966  -46.073  6.284 0.3000000119
14869  48.098  -46.369  7.080 0.4000000060
14882  48.300  -46.560  3.924 0.2000000030
14874  48.130  -46.614  5.596 0.2000000030
12923  46.406  -49.377  1.339 0.1000000015
12914  46.133  -49.126  1.973 0.1000000015
13566  46.684  -48.750  2.600 0.1000000015
14834  51.530  -46.283  15.140 0.3000000119
14840  51.366  -46.070  12.610 0.4000000060
14838  51.469  -46.137  13.530 0.3000000119
14842  51.221  -46.139  11.594 0.4000000060
14850  50.747  -45.559  10.005 0.4000000060
14856  49.833  -45.789  8.859 0.4000000060
15526  49.228  -45.484  8.012 0.4000000060
15521  49.720  -45.383  8.546 0.3000000119
16221  49.132  -44.489  5.171 0.3000000119
16215  48.943  -44.282  5.556 0.3000000119
16934  48.536  -44.183  6.274 0.3000000119
16209  48.068  -44.512  6.660 0.3000000119
16206  48.566  -44.748  7.512 0.3000000119
15548  48.623  -45.589  3.435 0.2000000030
15542  48.869  -45.114  4.630 0.3000000119
16217  47.874  -45.280  6.354 0.3000000119
15543  48.360  -45.792  4.967 0.2000000030
15492  51.579  -45.791  14.662 0.3000000119
15494  51.469  -45.387  14.557 0.3000000119
14835  51.533  -46.263  14.372 0.3000000119
15509  51.482  -45.160  11.192 0.3000000119
15515  51.030  -44.999  9.661 0.4000000060
15513  51.245  -45.033  10.310 0.4000000060
14846  51.107  -45.826  10.731 0.4000000060
16194  50.912  -44.731  9.299 0.4000000060
16204  50.300  -43.945  8.115 0.3000000119
15520  50.153  -45.265  8.927 0.4000000060
15516  50.568  -45.130  9.369 0.4000000060
17620  49.918  -42.893  5.176 0.3000000119
16933  49.126  -43.779  5.825 0.2000000030
16927  49.299  -43.336  6.794 0.2000000030
16923  49.136  -43.914  7.420 0.2000000030
16205  49.729  -44.527  8.068 0.3000000119
16940  49.597  -43.705  4.780 0.3000000119
16928  48.618  -43.927  6.795 0.2000000030
15549  48.747  -44.906  3.073 0.2000000030
16230  49.001  -44.337  3.447 0.3000000119
16226  49.203  -44.376  4.297 0.3000000119
15484  50.144  -45.196  15.562 0.3000000119
15488  51.329  -45.588  15.149 0.3000000119
16199  50.667  -44.378  8.729 0.3000000119
17616  50.255  -42.116  6.428 0.2000000030
17614  49.913  -42.781  6.868 0.2000000030
16921  50.653  -43.409  8.077 0.2000000030
17619  50.203  -42.027  5.527 0.2000000030
17617  49.776  -42.816  6.101 0.2000000030
16922  49.916  -43.434  7.574 0.2000000030
16946  49.236  -43.349  2.900 0.3000000119
9350  47.718  -54.486  17.095 0.1000000015
11544  46.298  -51.704  9.502 0.1000000015
11560  46.806  -52.057  9.176 0.1000000015
14185  51.225  -46.911  13.975 0.3000000119
12860  48.184  -49.251  10.832 0.2000000030
10118  47.315  -53.355  7.214 0.1000000015
10821  47.786  -52.473  7.255 0.1000000015
12866  47.856  -49.667  10.410 0.3000000119
12879  47.853  -50.317  9.164 0.2000000030
14208  49.897  -46.991  10.168 0.4000000060
14227  48.248  -47.490  5.524 0.2000000030
16222  48.641  -45.155  5.198 0.3000000119
15546  48.498  -45.738  4.264 0.2000000030
15547  48.794  -44.968  3.474 0.2000000030
15545  48.845  -45.025  3.929 0.2000000030
15501  51.644  -45.333  13.079 0.4000000060
15505  51.644  -45.268  12.127 0.3000000119
15493  51.648  -45.486  14.018 0.2000000030
16187  51.734  -44.385  11.673 0.3000000119
16171  51.504  -44.983  14.244 0.2000000030
10789  45.171  -52.612  11.129 0.1000000015
10077  44.244  -53.362  11.172 0.1000000015
10790  44.009  -52.647  11.564 0.1000000015
11526  43.798  -51.853  11.895 0.1000000015
10792  41.678  -52.573  11.110 0.1000000015
11514  43.031  -51.316  12.249 0.1000000015
10782  41.960  -52.081  11.967 0.1000000015
95621  48.180  -45.030  15.733 0.1000000015
17598  48.801  -44.291  14.745 0.1000000015
95620  48.337  -44.774  15.421 0.1000000015
95605  50.243  -44.911  15.002 0.1000000015
95618  50.013  -44.678  14.824 0.1000000015
16172  51.098  -45.061  14.754 0.1000000015
16900  50.231  -44.336  14.144 0.1000000015
16180  51.083  -44.609  14.187 0.1000000015
16179  51.502  -44.638  13.508 0.1000000015
16184  51.689  -44.516  12.587 0.2000000030
16898  51.325  -44.255  13.321 0.1000000015
16903  51.288  -43.908  12.964 0.2000000030
16191  51.557  -44.282  10.724 0.2000000030
16907  51.604  -43.700  12.120 0.2000000030
17604  51.525  -42.582  10.809 0.2000000030
16910  51.669  -43.492  11.240 0.2000000030
16193  51.242  -44.266  9.645 0.2000000030
17611  51.036  -42.758  8.137 0.1000000015
17600  51.156  -42.780  11.813 0.2000000030
16917  51.317  -43.281  9.388 0.2000000030
16198  51.162  -43.864  9.054 0.1000000015
17610  51.244  -42.363  8.843 0.1000000015
16918  51.091  -43.380  8.654 0.1000000015
95602  49.193  -45.098  15.787 0.1000000015
95630  46.953  -44.536  15.673 0.1000000015
16905  49.711  -43.921  13.888 0.1000000015
16943  49.495  -43.507  3.842 0.2000000030
17638  49.310  -42.376  2.345 0.2000000030
17630  49.912  -42.895  4.306 0.2000000030
17635  49.901  -42.335  3.367 0.2000000030
18275  49.551  -41.368  2.529 0.2000000030
17634  50.169  -41.652  3.745 0.2000000030
18835  49.068  -40.460  2.394 0.1000000015
18833  49.737  -40.437  2.886 0.1000000015
18271  50.083  -41.229  3.274 0.1000000015
19337  47.057  -39.547  2.799 0.1000000015
17595  51.212  -43.395  12.361 0.1000000015
17629  50.225  -41.902  4.448 0.1000000015
19336  48.500  -39.671  2.674 0.1000000015
19335  49.275  -39.958  2.779 0.1000000015
19331  46.461  -39.013  3.961 0.1000000015
19330  47.831  -38.699  3.319 0.1000000015
19878  46.088  -37.845  3.037 0.1000000015
18234  51.150  -42.100  11.159 0.1000000015
18235  50.554  -41.682  11.625 0.1000000015
18832  50.163  -40.372  3.503 0.1000000015
18270  50.300  -41.088  3.920 0.1000000015
20473  45.956  -37.600  3.605 0.1000000015
19870  46.541  -37.985  5.054 0.1000000015
18815  50.670  -40.323  4.893 0.1000000015
18255  50.490  -41.219  5.109 0.1000000015
19325  49.873  -38.877  3.980 0.1000000015
18824  50.419  -40.324  4.133 0.1000000015
18262  50.435  -40.976  4.496 0.1000000015
19872  49.386  -38.575  4.035 0.1000000015
19328  50.230  -39.840  3.788 0.1000000015
19873  48.528  -38.133  4.045 0.1000000015
19329  49.479  -39.351  3.445 0.1000000015
20471  47.774  -36.788  3.590 0.1000000015
19874  47.062  -37.980  4.581 0.1000000015
20467  46.730  -36.975  4.376 0.1000000015
18241  51.217  -41.503  10.497 0.1000000015
18253  50.649  -41.295  5.902 0.1000000015
20466  47.839  -37.040  4.336 0.1000000015
21158  45.870  -37.033  4.542 0.1000000015
14899  46.637  -46.764  -0.590 0.1000000015
15558  46.924  -45.678  -0.586 0.1000000015
15570  46.192  -45.809  -1.092 0.1000000015
14280  46.205  -47.363  -0.710 0.1000000015
14281  45.723  -48.034  -1.047 0.1000000015
14295  45.141  -47.732  -1.757 0.1000000015
14282  44.984  -48.570  -1.715 0.1000000015
14898  47.278  -46.540  -0.061 0.1000000015
14909  45.924  -46.822  -1.111 0.1000000015
16255  47.068  -44.678  -0.385 0.1000000015
14891  47.860  -46.448  0.453 0.1000000015
14270  46.993  -47.186  -0.054 0.1000000015
14256  47.990  -47.001  0.851 0.1000000015
16256  46.337  -44.692  -0.877 0.1000000015
16957  46.231  -43.051  -0.266 0.1000000015
16966  45.952  -43.529  -0.595 0.1000000015
16965  46.607  -44.082  -0.556 0.1000000015
17660  45.868  -42.864  -0.257 0.1000000015
14296  44.415  -48.014  -2.157 0.1000000015
3906  43.559  -63.907  15.794 0.1000000015
3919  42.893  -63.937  15.100 0.1000000015
4298  40.182  -63.567  26.499 0.1000000015
4389  40.220  -63.208  18.508 0.1000000015
4417  40.926  -63.218  16.974 0.1000000015
4814  42.162  -61.639  25.514 0.1000000015
4874  45.077  -61.926  19.099 0.1000000015
5315  35.722  -61.663  24.041 0.1000000015
8165  48.059  -55.921  13.730 0.1000000015
8714  47.896  -54.835  16.869 0.1000000015
9319  42.044  -54.482  23.011 0.1000000015
9321  42.427  -54.807  22.782 0.1000000015
9329  42.618  -54.575  22.168 0.1000000015
10020  42.113  -54.219  23.239 0.1000000015
10021  41.731  -53.902  22.983 0.1000000015
10030  41.468  -53.045  22.129 0.1000000015
10076  46.683  -53.245  10.734 0.2000000030
10105  47.206  -53.157  7.738 0.1000000015
10723  42.241  -53.644  23.248 0.1000000015
10760  42.286  -52.160  19.257 0.1000000015
10761  41.938  -51.946  19.340 0.2000000030
10784  40.445  -51.721  10.920 0.2000000030
10791  42.818  -52.566  11.691 0.1000000015
10793  41.047  -52.046  10.386 0.2000000030
10805  41.644  -52.565  9.702 0.2000000030
10811  47.830  -52.352  7.670 0.1000000015
11489  49.366  -51.148  18.925 0.5000000000
11516  40.093  -51.159  11.584 0.3000000119
11517  39.083  -50.429  11.275 0.3000000119
11518  38.666  -50.159  11.216 0.3000000119
11528  38.855  -51.012  10.672 0.3000000119
11529  38.321  -50.313  10.873 0.3000000119
11530  38.431  -49.873  10.883 0.4000000060
11535  42.844  -51.200  10.222 0.2000000030
11538  39.119  -50.886  9.798 0.2000000030
11539  38.324  -50.502  10.153 0.3000000119
11540  38.237  -50.039  10.459 0.4000000060
11547  43.040  -51.958  9.852 0.2000000030
11549  41.357  -52.073  9.871 0.2000000030
11550  38.831  -50.401  9.648 0.2000000030
11551  38.595  -50.378  9.763 0.3000000119
11552  38.467  -49.992  10.002 0.4000000060
12175  38.671  -49.943  21.208 0.2000000030
12179  39.271  -50.435  20.896 0.2000000030
12190  39.937  -50.854  20.607 0.1000000015
12191  39.462  -50.230  20.569 0.2000000030
12204  39.904  -50.395  20.421 0.2000000030
12230  41.177  -50.200  12.474 0.3000000119
12232  39.186  -49.951  11.451 0.4000000060
12237  38.590  -49.928  11.164 0.4000000060
12244  41.298  -50.426  10.117 0.2000000030
12246  39.260  -50.221  9.745 0.2000000030
12251  38.783  -50.111  9.721 0.3000000119
12801  44.683  -49.487  22.190 0.1000000015
12802  44.316  -49.320  22.222 0.1000000015
12803  38.417  -49.631  21.003 0.2000000030
12806  47.892  -49.038  20.508 0.5000000000
12821  40.996  -49.933  20.346 0.2000000030
12843  46.281  -48.792  13.588 0.3000000119
12844  46.036  -48.772  13.589 0.3000000119
12849  47.568  -49.502  11.938 0.3000000119
12851  45.227  -49.101  13.237 0.3000000119
12852  43.800  -49.158  12.775 0.3000000119
12853  42.338  -49.236  12.569 0.3000000119
12855  39.988  -49.527  11.698 0.3000000119
12856  39.222  -49.674  11.175 0.4000000060
12859  48.424  -49.079  10.743 0.2000000030
12868  44.705  -49.423  11.297 0.4000000060
12869  43.632  -49.072  10.937 0.4000000060
12870  42.228  -49.300  10.461 0.2000000030
12871  40.989  -49.591  10.279 0.4000000060
12872  40.002  -49.806  10.085 0.4000000060
12895  46.419  -50.233  4.293 0.1000000015
12915  45.499  -49.676  2.267 0.1000000015
12924  45.810  -49.843  1.521 0.1000000015
13437  45.949  -48.700  22.355 0.1000000015
13448  45.434  -49.093  22.207 0.1000000015
13449  44.982  -49.135  22.225 0.1000000015
13456  47.827  -48.557  20.332 0.5000000000
13473  47.610  -48.264  20.175 0.5000000000
13478  50.552  -48.088  18.378 0.5000000000
13479  50.089  -47.953  18.679 0.5000000000
13484  51.214  -47.692  16.261 0.4000000060
13495  46.189  -48.504  13.578 0.3000000119
13496  45.705  -48.421  13.546 0.3000000119
13503  46.116  -48.204  12.922 0.3000000119
13504  44.715  -48.412  13.233 0.3000000119
13506  42.112  -48.549  12.184 0.3000000119
13507  40.758  -49.007  11.711 0.3000000119
13508  39.971  -49.368  11.420 0.4000000060
13515  47.867  -49.424  11.287 0.4000000060
13516  45.256  -48.052  12.236 0.3000000119
13517  44.023  -48.008  11.591 0.4000000060
13518  42.831  -48.096  11.492 0.3000000119
13519  41.746  -48.481  11.518 0.3000000119
13520  39.923  -49.258  11.004 0.4000000060
13525  41.879  -48.652  10.794 0.4000000060
13527  39.324  -49.720  10.263 0.4000000060
13528  39.314  -49.566  10.629 0.4000000060
13555  47.158  -48.682  3.278 0.2000000030
13557  45.783  -49.270  3.415 0.1000000015
13567  45.807  -49.042  2.808 0.1000000015
14116  45.835  -46.843  24.074 0.1000000015
14126  43.892  -47.006  22.989 0.1000000015
14141  36.765  -46.928  21.656 0.2000000030
14158  36.911  -47.548  21.076 0.2000000030
14174  51.061  -46.999  17.473 0.5000000000
14187  45.897  -48.047  13.451 0.3000000119
14188  45.324  -47.981  13.363 0.3000000119
14194  44.373  -47.894  12.803 0.3000000119
14195  43.115  -47.978  12.316 0.3000000119
14196  42.440  -48.126  11.986 0.3000000119
14202  44.594  -47.791  12.397 0.3000000119
14203  43.610  -47.740  12.117 0.3000000119
14204  42.674  -47.967  11.899 0.3000000119
14766  46.625  -46.313  24.895 0.1000000015
14781  42.914  -45.910  24.310 0.1000000015
14792  37.421  -45.919  22.946 0.1000000015
14821  42.320  -46.010  19.674 0.3000000119
14822  41.865  -45.904  19.904 0.2000000030
14825  42.127  -45.637  19.333 0.3000000119
14863  48.145  -46.176  7.230 0.4000000060
15421  43.324  -45.774  25.149 0.1000000015
15426  38.707  -44.785  24.356 0.1000000015
15436  36.783  -44.971  23.171 0.1000000015
15477  40.802  -45.279  19.873 0.2000000030
15534  47.877  -45.951  6.802 0.3000000119
15540  47.915  -45.784  6.260 0.3000000119
16111  38.427  -44.751  24.292 0.1000000015
16133  37.032  -44.216  21.501 0.1000000015
16151  41.067  -45.069  19.367 0.2000000030
16181  50.508  -44.797  14.725 0.1000000015
16200  50.078  -44.879  8.596 0.4000000060
16207  48.276  -45.351  7.437 0.4000000060
16210  47.880  -45.227  7.134 0.4000000060
16216  48.471  -44.621  5.774 0.3000000119
16808  38.238  -42.846  25.070 0.1000000015
16840  35.813  -42.592  22.718 0.1000000015
16847  37.020  -43.642  21.459 0.1000000015
16870  39.455  -43.397  17.707 0.1000000015
16878  39.507  -43.490  17.185 0.1000000015
16887  39.177  -43.366  16.264 0.1000000015
16899  51.044  -44.215  13.587 0.1000000015
17511  37.249  -42.317  24.147 0.1000000015
17512  36.487  -42.505  23.813 0.1000000015
17521  35.957  -42.412  23.416 0.1000000015
17522  35.589  -42.174  22.976 0.1000000015
17529  38.628  -41.860  21.957 0.1000000015
17530  36.107  -42.593  22.262 0.1000000015
17541  35.749  -41.447  21.573 0.1000000015
17546  39.537  -41.793  20.369 0.1000000015
17549  36.226  -41.393  20.520 0.1000000015
17566  38.271  -42.569  16.991 0.1000000015
17574  39.229  -42.903  15.225 0.2000000030
18134  37.190  -41.698  23.525 0.1000000015
18142  35.825  -41.534  23.164 0.1000000015
18150  35.502  -41.244  22.036 0.1000000015
18157  35.920  -41.290  20.907 0.1000000015
18165  35.836  -40.944  20.021 0.1000000015
18166  35.617  -40.316  20.022 0.1000000015
18174  35.756  -40.324  19.424 0.1000000015
18196  39.407  -42.521  14.804 0.2000000030
18207  39.901  -42.569  14.843 0.2000000030
18283  49.101  -41.658  1.909 0.3000000119
18714  36.204  -40.499  22.642 0.1000000015
18716  35.560  -41.079  22.534 0.1000000015
18724  35.771  -40.103  21.802 0.1000000015
18725  35.549  -40.600  21.863 0.1000000015
18731  37.508  -40.226  20.826 0.1000000015
18732  36.701  -39.837  21.098 0.1000000015
18733  36.012  -39.688  21.129 0.1000000015
18739  36.766  -39.792  20.174 0.1000000015
18741  35.592  -39.881  19.890 0.1000000015
18746  36.802  -40.263  19.607 0.1000000015
18747  36.116  -40.000  19.150 0.1000000015
18748  35.726  -39.855  19.449 0.1000000015
18762  39.532  -42.359  14.669 0.2000000030
18768  39.881  -42.399  14.707 0.2000000030
19240  35.960  -39.511  20.474 0.1000000015
19241  35.837  -39.677  20.662 0.1000000015
19244  36.331  -39.687  19.691 0.1000000015
19245  36.085  -39.442  19.989 0.1000000015
19246  35.781  -39.639  20.215 0.1000000015
19250  35.984  -39.569  19.485 0.1000000015
19251  35.780  -39.626  19.751 0.1000000015
19342  44.763  -39.997  2.256 0.1000000015
19346  45.604  -39.436  1.013 0.1000000015
19354  45.477  -39.854  0.731 0.1000000015
19869  46.709  -37.709  5.083 0.1000000015
19875  46.042  -38.252  4.534 0.1000000015
19885  45.149  -39.273  1.817 0.1000000015
20463  46.733  -37.303  5.066 0.1000000015
20464  46.140  -37.494  5.122 0.1000000015
20468  45.935  -37.338  4.266 0.1000000015
20485  47.440  -38.085  1.017 0.1000000015
21153  46.275  -36.755  5.068 0.1000000015
21154  45.835  -37.015  4.819 0.1000000015
21157  46.037  -36.862  4.568 0.1000000015
95470  38.872  -49.722  10.607 0.4000000060
95583  42.611  -43.593  15.120 0.1000000015
95606  48.712  -45.038  15.732 0.1000000015
95607  41.825  -45.419  19.165 0.2000000030
95608  44.207  -43.388  14.947 0.1000000015
95610  42.386  -43.307  14.787 0.2000000030
95619  49.062  -44.800  15.484 0.1000000015
95625  42.237  -43.690  15.182 0.2000000030
95633  41.856  -43.766  15.366 0.2000000030
95754  45.446  -40.266  2.417 0.1000000015
95755  44.981  -40.315  2.573 0.1000000015
95757  44.898  -40.323  2.252 0.1000000015
