#!ascii label  , from subject 3629 vox2ras=TkReg
1066
107072  47.246  10.755  57.663 0.0000000000
111533  47.146  14.292  48.140 0.0000000000
119823  48.869  23.244  41.176 0.0000000000
109443  46.927  12.360  34.801 0.0000000000
107106  48.088  10.981  52.129 0.0000000000
118079  48.759  22.157  48.705 0.0000000000
110583  46.535  13.603  39.384 0.0000000000
116412  43.260  19.010  44.202 0.0000000000
112509  43.883  15.321  52.181 0.0000000000
110377  52.953  14.519  54.844 0.0000000000
111496  52.038  14.949  49.361 0.0000000000
146745  43.243  25.226  39.704 0.0000000000
116444  45.975  19.505  39.922 0.0000000000
114518  46.220  17.746  43.819 0.0000000000
115541  46.593  18.859  36.143 0.0000000000
118127  41.348  21.877  43.472 0.0000000000
111412  51.838  14.690  57.467 0.0000000000
108182  50.459  12.030  56.182 0.0000000000
109282  50.744  12.709  50.795 0.0000000000
120673  47.787  24.229  44.323 0.0000000000
119813  44.307  23.947  42.724 0.0000000000
120730  46.827  24.326  40.899 0.0000000000
118156  45.787  22.194  40.836 0.0000000000
118164  47.858  21.984  39.068 0.0000000000
110421  44.540  13.553  50.311 0.0000000000
114465  44.086  17.531  48.098 0.0000000000
111564  43.868  14.771  45.903 0.0000000000
111695  47.760  14.020  35.121 0.0000000000
113630  45.671  16.208  38.159 0.0000000000
112707  45.417  15.435  34.164 0.0000000000
113653  43.539  16.546  34.809 0.0000000000
108355  44.368  12.093  35.066 0.0000000000
106197  43.317  9.764  37.841 0.0000000000
106021  45.430  9.595  55.831 0.0000000000
107091  47.625  10.449  54.678 0.0000000000
118929  49.419  22.752  45.255 0.0000000000
112583  49.263  15.311  46.729 0.0000000000
109357  46.399  12.477  43.726 0.0000000000
110539  49.694  13.318  42.549 0.0000000000
111650  49.141  14.463  37.756 0.0000000000
114432  46.051  17.534  52.650 0.0000000000
111448  46.603  14.693  55.909 0.0000000000
110389  48.682  13.851  54.234 0.0000000000
112515  50.130  15.298  51.391 0.0000000000
108202  50.375  11.807  53.204 0.0000000000
110406  52.695  14.435  51.843 0.0000000000
112527  51.374  16.583  49.662 0.0000000000
114462  52.379  17.372  48.486 0.0000000000
103869  42.852  7.910  56.813 0.0000000000
120712  41.304  24.797  42.574 0.0000000000
120723  40.198  24.694  39.940 0.0000000000
118961  42.945  22.627  41.381 0.0000000000
116428  44.867  19.945  42.527 0.0000000000
113595  43.600  16.487  40.996 0.0000000000
116365  45.500  19.303  49.670 0.0000000000
117271  47.275  20.881  46.454 0.0000000000
117306  48.149  20.421  42.195 0.0000000000
112640  46.222  15.179  41.887 0.0000000000
114556  47.860  17.655  39.772 0.0000000000
117335  49.472  20.567  38.270 0.0000000000
116467  46.211  19.908  36.517 0.0000000000
113631  43.079  16.616  38.233 0.0000000000
118940  39.883  22.613  43.756 0.0000000000
118965  39.952  23.156  42.639 0.0000000000
109241  50.486  12.148  58.057 0.0000000000
108174  49.646  11.667  56.787 0.0000000000
120704  48.972  24.138  42.846 0.0000000000
120706  47.045  24.152  42.314 0.0000000000
119824  47.833  23.586  41.385 0.0000000000
118987  47.689  22.942  40.393 0.0000000000
118986  48.521  22.904  40.042 0.0000000000
110435  45.706  13.775  48.813 0.0000000000
111515  43.473  14.324  47.666 0.0000000000
110452  44.661  13.437  47.349 0.0000000000
110651  47.127  13.750  33.919 0.0000000000
111707  46.646  14.310  34.409 0.0000000000
110653  45.850  13.796  33.344 0.0000000000
110655  44.770  13.874  33.497 0.0000000000
108353  45.561  12.055  34.340 0.0000000000
107267  44.718  11.129  35.956 0.0000000000
107258  46.222  11.290  35.992 0.0000000000
106028  44.894  9.633  54.604 0.0000000000
119744  49.997  24.464  46.799 0.0000000000
118910  49.674  22.823  46.984 0.0000000000
112581  50.386  15.568  45.712 0.0000000000
110511  49.518  13.765  44.290 0.0000000000
111590  50.849  14.948  43.877 0.0000000000
111636  50.565  14.487  39.339 0.0000000000
111663  50.745  15.103  37.384 0.0000000000
111693  49.772  14.828  35.045 0.0000000000
111426  52.814  15.185  56.249 0.0000000000
111459  49.817  14.580  55.455 0.0000000000
112485  50.990  15.434  54.223 0.0000000000
111485  48.872  14.030  52.443 0.0000000000
112499  51.786  16.192  53.725 0.0000000000
107100  48.188  10.808  53.095 0.0000000000
108199  49.551  11.516  53.730 0.0000000000
108204  48.755  11.342  52.508 0.0000000000
109285  51.322  13.211  50.430 0.0000000000
109281  51.483  13.022  51.190 0.0000000000
110415  52.425  14.392  50.969 0.0000000000
112512  52.328  15.938  51.491 0.0000000000
113488  52.153  16.729  50.268 0.0000000000
113509  51.700  17.287  48.979 0.0000000000
113508  52.405  16.747  49.006 0.0000000000
112569  52.868  15.639  46.651 0.0000000000
121549  43.871  24.978  41.254 0.0000000000
120710  42.958  24.357  42.023 0.0000000000
146740  41.989  25.404  40.409 0.0000000000
121550  40.773  25.532  40.555 0.0000000000
146746  41.474  24.734  39.066 0.0000000000
119839  41.419  23.964  39.954 0.0000000000
119838  42.972  23.719  40.087 0.0000000000
116435  46.368  20.681  40.468 0.0000000000
117307  45.140  21.080  42.111 0.0000000000
115505  45.638  18.822  40.951 0.0000000000
113584  44.439  17.303  41.793 0.0000000000
114559  44.670  17.471  40.520 0.0000000000
114433  45.236  17.021  52.337 0.0000000000
115424  45.985  18.507  51.105 0.0000000000
114447  44.825  17.530  50.641 0.0000000000
114494  45.167  17.664  45.857 0.0000000000
116385  45.666  19.226  47.134 0.0000000000
116403  46.118  19.130  45.313 0.0000000000
117290  47.362  20.295  44.029 0.0000000000
116418  47.104  19.354  43.260 0.0000000000
109377  46.444  13.140  42.027 0.0000000000
110543  45.515  14.019  42.533 0.0000000000
110569  46.010  14.004  40.376 0.0000000000
114581  45.780  16.892  36.396 0.0000000000
113629  46.421  16.646  38.628 0.0000000000
114572  47.554  18.138  37.622 0.0000000000
116442  48.411  19.310  39.701 0.0000000000
115531  48.601  19.170  37.671 0.0000000000
117344  47.849  20.585  36.870 0.0000000000
116474  46.217  19.493  35.770 0.0000000000
112696  43.129  15.409  36.226 0.0000000000
114590  43.539  17.211  36.552 0.0000000000
112685  42.718  15.155  37.507 0.0000000000
113621  42.688  16.008  38.820 0.0000000000
118069  48.124  21.321  50.279 0.0000000000
117293  41.117  21.159  44.483 0.0000000000
117300  42.396  21.114  43.768 0.0000000000
111413  50.708  14.968  58.099 0.0000000000
109233  51.613  13.513  59.046 0.0000000000
109246  52.141  13.056  57.247 0.0000000000
109251  52.129  13.136  56.164 0.0000000000
108209  48.647  11.415  51.526 0.0000000000
119795  46.358  23.918  43.453 0.0000000000
120721  45.160  24.910  41.180 0.0000000000
121564  44.971  25.398  39.710 0.0000000000
119836  44.577  23.788  39.824 0.0000000000
119835  45.566  24.143  40.002 0.0000000000
118155  46.443  22.015  40.547 0.0000000000
117329  46.847  20.848  39.193 0.0000000000
111487  43.594  14.360  50.775 0.0000000000
113497  43.376  16.257  49.652 0.0000000000
112530  42.951  15.226  49.189 0.0000000000
113537  43.944  16.325  46.582 0.0000000000
113561  45.123  16.509  44.679 0.0000000000
111667  46.934  13.793  37.092 0.0000000000
111653  45.822  14.238  38.176 0.0000000000
111668  46.064  14.518  36.798 0.0000000000
112695  45.585  15.290  35.414 0.0000000000
114596  45.351  17.679  34.816 0.0000000000
115557  45.128  18.212  34.375 0.0000000000
113664  44.405  16.483  33.862 0.0000000000
111698  43.895  14.588  34.501 0.0000000000
109433  43.530  12.581  36.114 0.0000000000
107250  44.425  10.136  37.573 0.0000000000
106013  46.045  10.027  56.839 0.0000000000
107084  48.133  10.961  55.692 0.0000000000
106026  46.285  10.047  55.184 0.0000000000
106033  46.504  10.233  54.298 0.0000000000
107102  46.734  10.810  52.375 0.0000000000
120650  48.504  24.582  46.076 0.0000000000
120660  49.147  24.344  44.988 0.0000000000
118948  49.218  23.414  43.153 0.0000000000
111546  47.767  14.228  47.109 0.0000000000
110493  45.894  12.678  45.966 0.0000000000
110513  47.461  12.772  45.249 0.0000000000
110526  47.913  12.573  42.896 0.0000000000
110555  48.292  13.063  41.307 0.0000000000
111614  50.938  13.927  41.377 0.0000000000
110580  49.831  13.847  39.658 0.0000000000
110595  48.165  14.109  38.217 0.0000000000
111666  48.193  14.196  36.851 0.0000000000
110643  49.060  14.056  34.483 0.0000000000
109441  48.504  12.891  35.154 0.0000000000
108335  47.180  11.767  36.086 0.0000000000
112487  45.720  15.507  54.737 0.0000000000
111461  45.359  14.447  54.318 0.0000000000
110359  49.474  14.589  56.951 0.0000000000
110381  47.772  13.522  55.023 0.0000000000
110393  44.717  13.731  52.957 0.0000000000
110410  45.992  13.090  51.877 0.0000000000
111492  47.199  13.717  50.779 0.0000000000
111500  47.575  14.227  50.016 0.0000000000
108184  48.760  11.314  55.181 0.0000000000
109258  51.181  12.527  54.579 0.0000000000
109264  51.958  13.030  54.001 0.0000000000
109277  50.823  12.257  51.701 0.0000000000
109271  51.792  12.988  52.970 0.0000000000
111466  53.080  15.378  53.173 0.0000000000
112506  52.481  15.958  52.490 0.0000000000
112522  50.275  15.503  50.804 0.0000000000
111511  48.765  15.088  48.748 0.0000000000
112561  49.617  15.877  48.057 0.0000000000
113525  50.519  16.547  47.208 0.0000000000
113534  51.729  17.497  46.935 0.0000000000
112559  52.815  16.005  47.658 0.0000000000
114479  53.162  17.686  46.899 0.0000000000
105999  45.282  9.686  57.262 0.0000000000
104939  43.907  8.791  56.271 0.0000000000
103889  41.570  6.735  56.322 0.0000000000
119800  42.354  23.710  44.057 0.0000000000
121541  40.611  25.222  41.923 0.0000000000
118979  40.913  23.199  41.528 0.0000000000
118963  41.484  22.591  42.330 0.0000000000
117309  43.489  21.060  43.176 0.0000000000
118146  44.333  22.259  41.544 0.0000000000
117308  44.332  21.092  42.685 0.0000000000
115491  43.699  18.583  43.652 0.0000000000
117246  47.169  20.996  48.804 0.0000000000
115434  44.680  18.558  48.529 0.0000000000
117247  46.288  20.283  48.309 0.0000000000
118090  48.004  21.617  47.041 0.0000000000
118096  48.101  21.586  45.917 0.0000000000
118114  48.660  21.847  44.259 0.0000000000
118132  48.841  21.800  42.007 0.0000000000
109346  44.872  13.147  44.789 0.0000000000
112614  45.190  15.304  43.740 0.0000000000
113572  46.135  16.508  43.170 0.0000000000
112651  45.872  15.531  40.035 0.0000000000
114549  47.179  17.061  41.293 0.0000000000
115497  46.776  17.933  42.776 0.0000000000
116434  48.170  19.355  40.800 0.0000000000
117313  48.824  20.809  40.653 0.0000000000
118142  49.349  22.177  40.457 0.0000000000
118170  48.849  22.104  37.809 0.0000000000
117337  46.938  20.678  38.078 0.0000000000
116461  45.597  19.312  38.166 0.0000000000
115542  44.650  18.541  35.671 0.0000000000
115527  44.368  18.381  37.540 0.0000000000
115520  44.449  18.261  38.328 0.0000000000
113620  43.065  16.761  39.192 0.0000000000
107239  42.146  10.146  38.140 0.0000000000
118952  39.474  23.150  43.163 0.0000000000
119801  39.235  23.660  42.568 0.0000000000
108160  47.845  11.256  58.202 0.0000000000
108167  48.777  11.478  57.485 0.0000000000
119810  48.585  23.412  42.304 0.0000000000
119811  48.034  23.362  41.992 0.0000000000
119833  48.181  23.388  40.642 0.0000000000
119822  49.135  23.229  40.622 0.0000000000
110434  46.490  13.984  48.495 0.0000000000
110451  45.610  13.533  47.633 0.0000000000
109453  47.513  13.217  34.211 0.0000000000
109462  46.980  13.508  33.657 0.0000000000
109463  46.638  13.285  33.456 0.0000000000
109464  45.973  13.011  33.150 0.0000000000
108352  46.068  12.252  34.267 0.0000000000
107265  45.862  11.500  35.430 0.0000000000
108344  46.390  11.878  35.079 0.0000000000
118886  49.373  22.640  49.231 0.0000000000
118896  49.602  22.753  48.123 0.0000000000
118909  50.180  23.593  47.511 0.0000000000
113560  51.209  16.056  45.198 0.0000000000
111577  50.545  15.110  44.580 0.0000000000
112611  50.964  15.501  44.470 0.0000000000
112694  51.423  15.395  37.187 0.0000000000
111680  51.153  14.729  36.600 0.0000000000
115483  43.383  18.251  44.197 0.0000000000
112468  52.508  15.446  55.568 0.0000000000
111444  51.595  15.538  55.565 0.0000000000
112484  51.548  15.715  54.484 0.0000000000
112500  51.096  15.597  53.700 0.0000000000
112483  52.410  15.697  54.594 0.0000000000
110425  51.602  13.757  49.673 0.0000000000
110416  51.961  13.640  50.636 0.0000000000
110424  52.141  14.364  50.217 0.0000000000
111489  52.416  15.190  50.351 0.0000000000
112525  52.458  16.011  49.646 0.0000000000
121558  43.638  25.269  40.380 0.0000000000
146739  43.029  24.902  41.288 0.0000000000
146743  42.697  25.488  39.737 0.0000000000
146744  41.908  25.255  39.513 0.0000000000
146741  42.723  25.251  39.529 0.0000000000
119846  42.425  24.107  39.730 0.0000000000
120743  43.197  24.725  39.485 0.0000000000
116436  46.168  20.104  40.846 0.0000000000
114550  45.189  17.982  40.896 0.0000000000
114558  45.189  17.978  40.124 0.0000000000
113485  44.263  16.248  51.812 0.0000000000
114444  44.795  17.022  51.617 0.0000000000
113490  44.248  16.613  51.041 0.0000000000
115482  45.640  17.905  44.860 0.0000000000
116404  45.827  18.797  45.625 0.0000000000
115481  46.048  18.383  44.535 0.0000000000
116411  46.677  19.247  44.108 0.0000000000
115490  46.684  18.492  43.409 0.0000000000
110568  46.825  13.436  40.377 0.0000000000
110557  46.145  13.713  41.535 0.0000000000
114580  46.643  17.598  36.717 0.0000000000
114579  47.317  18.353  37.084 0.0000000000
115532  47.987  18.875  37.048 0.0000000000
115540  47.297  19.206  36.566 0.0000000000
116473  47.019  19.688  36.282 0.0000000000
111669  42.563  14.288  37.002 0.0000000000
112684  42.916  15.552  37.019 0.0000000000
111654  42.464  14.288  37.882 0.0000000000
118128  40.726  22.062  43.758 0.0000000000
118117  40.283  22.003  44.337 0.0000000000
118116  40.881  21.775  44.012 0.0000000000
117301  41.722  21.248  44.070 0.0000000000
110320  51.494  14.245  59.447 0.0000000000
109228  51.344  13.180  59.676 0.0000000000
108173  50.477  12.090  57.201 0.0000000000
109240  51.091  12.520  57.851 0.0000000000
109247  51.308  12.523  56.715 0.0000000000
110358  52.745  13.761  56.620 0.0000000000
119770  47.372  24.026  44.841 0.0000000000
119783  46.736  23.694  44.059 0.0000000000
120674  47.240  23.907  43.995 0.0000000000
120719  47.109  24.178  41.429 0.0000000000
120707  46.047  24.364  42.189 0.0000000000
120720  46.206  24.769  41.332 0.0000000000
120732  45.619  25.183  40.751 0.0000000000
120731  45.968  24.902  40.422 0.0000000000
120741  45.294  25.022  39.664 0.0000000000
118154  47.362  22.339  40.012 0.0000000000
118988  46.591  23.009  40.724 0.0000000000
117321  46.594  21.115  40.120 0.0000000000
118165  47.129  21.615  39.590 0.0000000000
110413  43.996  13.729  50.687 0.0000000000
112523  43.240  15.261  50.245 0.0000000000
111494  43.353  14.367  49.661 0.0000000000
111534  43.633  14.202  46.975 0.0000000000
112562  43.384  14.988  47.071 0.0000000000
112573  43.735  15.280  46.295 0.0000000000
113550  44.588  16.419  45.554 0.0000000000
112584  44.400  15.421  45.204 0.0000000000
111684  46.930  14.286  35.911 0.0000000000
111708  45.849  14.547  34.272 0.0000000000
112702  45.590  15.189  34.683 0.0000000000
113652  45.365  16.240  34.933 0.0000000000
113657  45.200  16.610  34.040 0.0000000000
114610  45.002  17.028  33.898 0.0000000000
112713  45.105  15.557  33.760 0.0000000000
110646  44.426  13.595  34.014 0.0000000000
110637  43.824  13.566  34.869 0.0000000000
110628  43.462  13.517  35.767 0.0000000000
109444  43.890  12.661  35.312 0.0000000000
108347  44.087  11.773  35.729 0.0000000000
107259  45.481  10.905  36.442 0.0000000000
107260  44.625  10.705  36.704 0.0000000000
106014  45.523  9.695  56.531 0.0000000000
106020  46.150  10.039  56.002 0.0000000000
106034  45.719  10.182  53.826 0.0000000000
107097  46.725  10.532  53.347 0.0000000000
107098  46.116  10.543  52.915 0.0000000000
118919  50.098  23.591  46.293 0.0000000000
119758  49.681  24.157  45.661 0.0000000000
119769  49.423  24.122  44.818 0.0000000000
119781  49.502  24.011  44.154 0.0000000000
118938  49.469  23.371  43.993 0.0000000000
111545  48.656  15.034  47.202 0.0000000000
111562  48.022  13.964  46.441 0.0000000000
111561  48.792  14.487  46.065 0.0000000000
110524  49.486  13.399  43.684 0.0000000000
110525  48.640  12.790  43.449 0.0000000000
110540  48.625  12.795  42.264 0.0000000000
110554  49.369  13.103  41.416 0.0000000000
111613  51.661  14.696  41.911 0.0000000000
111624  51.933  14.725  40.564 0.0000000000
111649  50.045  14.434  37.908 0.0000000000
110579  50.377  14.007  39.920 0.0000000000
111638  49.313  14.311  38.438 0.0000000000
110581  48.816  13.864  39.185 0.0000000000
110594  48.831  14.250  38.424 0.0000000000
110612  48.131  14.133  37.527 0.0000000000
111665  49.168  14.534  36.773 0.0000000000
110641  50.102  14.333  34.257 0.0000000000
111704  49.790  14.606  34.391 0.0000000000
109451  49.671  13.908  34.309 0.0000000000
109452  48.751  13.619  34.794 0.0000000000
109440  49.636  13.282  34.697 0.0000000000
109432  48.867  12.464  36.041 0.0000000000
111432  46.851  15.273  56.393 0.0000000000
112486  46.210  15.913  55.363 0.0000000000
112471  46.056  15.242  55.525 0.0000000000
112501  45.076  15.272  53.923 0.0000000000
111449  45.849  14.535  55.165 0.0000000000
111429  50.059  14.844  57.455 0.0000000000
111428  50.986  15.133  57.021 0.0000000000
111469  49.257  14.121  54.897 0.0000000000
110380  48.696  13.857  55.311 0.0000000000
110390  47.541  13.307  54.035 0.0000000000
110391  46.437  13.312  53.850 0.0000000000
110402  46.145  13.112  52.866 0.0000000000
110401  47.200  13.204  53.042 0.0000000000
111484  49.801  14.936  52.048 0.0000000000
110417  47.403  13.629  51.507 0.0000000000
111491  48.409  14.222  51.192 0.0000000000
111490  49.508  15.060  50.926 0.0000000000
107085  47.608  10.496  55.521 0.0000000000
107090  48.206  10.820  54.842 0.0000000000
108198  50.325  11.995  54.120 0.0000000000
109265  51.132  12.398  53.555 0.0000000000
108212  49.191  12.045  50.943 0.0000000000
108208  49.602  11.872  51.902 0.0000000000
109278  50.081  12.275  51.159 0.0000000000
110407  52.192  13.606  51.498 0.0000000000
109276  51.744  12.825  52.028 0.0000000000
110398  52.375  13.666  52.404 0.0000000000
110387  52.513  13.755  53.404 0.0000000000
110397  52.999  14.489  52.788 0.0000000000
111475  52.818  15.286  52.183 0.0000000000
112520  52.003  16.689  50.660 0.0000000000
112521  51.207  16.034  50.715 0.0000000000
112528  50.136  15.638  49.704 0.0000000000
112529  49.353  15.249  49.204 0.0000000000
112544  49.547  15.572  48.679 0.0000000000
112543  50.493  16.297  48.628 0.0000000000
114463  51.986  17.479  48.882 0.0000000000
114482  51.662  17.495  48.406 0.0000000000
113524  51.330  17.286  47.672 0.0000000000
113535  51.113  16.797  46.690 0.0000000000
113523  51.839  17.674  47.492 0.0000000000
111529  52.414  15.070  47.341 0.0000000000
112558  53.165  16.436  46.932 0.0000000000
114491  53.555  17.766  46.315 0.0000000000
104922  43.735  8.743  57.075 0.0000000000
103868  43.471  8.291  56.529 0.0000000000
103886  43.540  8.323  56.280 0.0000000000
103887  43.049  8.061  56.179 0.0000000000
120711  41.918  24.776  41.862 0.0000000000
120692  42.775  24.184  42.789 0.0000000000
120693  41.874  24.156  43.353 0.0000000000
120675  41.315  24.194  44.332 0.0000000000
120694  40.909  24.827  43.259 0.0000000000
121559  40.298  25.451  39.921 0.0000000000
120724  39.780  24.859  40.567 0.0000000000
119814  40.045  23.809  41.613 0.0000000000
119826  40.452  23.985  40.773 0.0000000000
118962  42.398  22.614  41.732 0.0000000000
118978  41.498  23.252  41.105 0.0000000000
118137  42.529  21.838  42.877 0.0000000000
118136  43.442  22.080  42.158 0.0000000000
118974  44.793  22.645  40.720 0.0000000000
118990  44.366  23.217  40.400 0.0000000000
116429  44.118  20.157  43.035 0.0000000000
115500  44.307  18.963  42.929 0.0000000000
114544  44.038  17.755  43.081 0.0000000000
114543  44.562  17.815  42.296 0.0000000000
113594  44.298  17.037  41.194 0.0000000000
115418  46.419  18.240  52.154 0.0000000000
116362  46.017  19.200  50.535 0.0000000000
116361  46.809  19.375  51.107 0.0000000000
116364  46.387  19.676  50.057 0.0000000000
117238  47.413  20.830  49.915 0.0000000000
117239  46.697  20.304  49.452 0.0000000000
114452  43.461  16.676  49.013 0.0000000000
114451  43.972  17.428  49.331 0.0000000000
116394  46.091  19.530  46.401 0.0000000000
117261  45.975  19.711  47.184 0.0000000000
117260  46.345  20.175  47.038 0.0000000000
117259  47.132  20.965  47.634 0.0000000000
118125  48.050  21.128  43.564 0.0000000000
118115  48.037  21.041  44.459 0.0000000000
118124  48.597  21.932  43.065 0.0000000000
118133  48.340  21.069  42.579 0.0000000000
109325  46.373  12.613  45.375 0.0000000000
109326  45.837  12.611  45.491 0.0000000000
109345  45.596  12.733  44.566 0.0000000000
111606  45.777  14.805  42.605 0.0000000000
111592  45.352  14.718  43.263 0.0000000000
112627  46.114  15.334  42.460 0.0000000000
112613  45.742  15.614  43.235 0.0000000000
112612  46.280  15.908  42.742 0.0000000000
112672  45.526  15.290  37.565 0.0000000000
112652  45.487  15.110  39.585 0.0000000000
112662  45.536  15.386  38.927 0.0000000000
114565  47.044  17.241  39.214 0.0000000000
114557  47.157  17.042  40.270 0.0000000000
114541  47.357  17.824  41.656 0.0000000000
115504  47.705  18.569  41.348 0.0000000000
115511  48.011  18.499  40.294 0.0000000000
116450  49.232  19.940  39.154 0.0000000000
116441  48.698  20.042  40.200 0.0000000000
117320  49.095  20.715  39.714 0.0000000000
118153  49.084  21.449  40.121 0.0000000000
118163  49.469  21.295  39.360 0.0000000000
118998  49.248  22.242  39.169 0.0000000000
118175  49.397  21.517  37.573 0.0000000000
117345  46.936  20.629  36.995 0.0000000000
117336  47.719  21.109  37.557 0.0000000000
116460  46.183  20.060  37.544 0.0000000000
114604  44.506  17.545  34.261 0.0000000000
115551  44.886  18.564  34.721 0.0000000000
114597  44.257  17.899  35.086 0.0000000000
114583  43.405  17.253  37.625 0.0000000000
114582  43.983  17.833  37.112 0.0000000000
114574  43.929  17.805  38.092 0.0000000000
114568  43.571  17.161  39.158 0.0000000000
114575  43.478  17.256  38.609 0.0000000000
112663  42.246  15.222  39.349 0.0000000000
107262  42.822  10.803  37.068 0.0000000000
106198  42.676  9.755  38.055 0.0000000000
118941  39.339  22.515  44.197 0.0000000000
118951  40.374  22.587  43.243 0.0000000000
109235  50.476  12.256  58.668 0.0000000000
108166  49.896  11.738  58.001 0.0000000000
108165  50.483  12.116  57.763 0.0000000000
120687  47.945  23.962  43.404 0.0000000000
120705  47.993  23.623  42.542 0.0000000000
120718  47.739  23.659  41.806 0.0000000000
119825  47.222  24.059  41.082 0.0000000000
119834  46.942  23.801  40.810 0.0000000000
119000  48.170  22.513  39.579 0.0000000000
110429  44.635  13.568  49.406 0.0000000000
110430  43.816  13.667  49.026 0.0000000000
110436  44.684  13.569  48.382 0.0000000000
110453  43.934  13.747  47.174 0.0000000000
111548  44.142  13.850  45.828 0.0000000000
111706  47.366  14.068  34.633 0.0000000000
111696  46.810  14.360  35.051 0.0000000000
111715  47.177  14.069  34.171 0.0000000000
111716  46.520  14.168  33.924 0.0000000000
111717  45.668  14.460  33.788 0.0000000000
111718  45.048  14.647  33.448 0.0000000000
110654  45.258  13.677  33.343 0.0000000000
110645  44.933  13.326  33.530 0.0000000000
108354  44.850  12.013  34.604 0.0000000000
108346  44.773  11.566  35.277 0.0000000000
107266  45.409  11.293  35.668 0.0000000000
104943  44.625  9.285  56.033 0.0000000000
106022  44.875  9.432  55.413 0.0000000000
106023  44.257  9.401  55.224 0.0000000000
120637  49.232  24.736  46.700 0.0000000000
118920  49.573  22.795  45.912 0.0000000000
112582  49.841  15.380  46.141 0.0000000000
111560  49.657  14.814  45.689 0.0000000000
111578  49.783  14.485  44.900 0.0000000000
111591  50.133  13.981  43.817 0.0000000000
111605  49.965  13.742  43.172 0.0000000000
111635  51.507  14.718  39.459 0.0000000000
112671  51.180  15.081  38.391 0.0000000000
111664  50.093  14.632  36.989 0.0000000000
111681  49.962  14.672  35.983 0.0000000000
111692  50.317  14.578  35.428 0.0000000000
111431  47.554  14.917  56.843 0.0000000000
111411  52.439  14.985  56.768 0.0000000000
111445  50.888  15.217  55.974 0.0000000000
111458  50.830  15.211  54.853 0.0000000000
111468  49.703  14.468  54.312 0.0000000000
111478  48.957  13.953  53.060 0.0000000000
111477  49.576  14.440  53.229 0.0000000000
111476  50.498  15.160  53.013 0.0000000000
111483  50.625  15.379  52.439 0.0000000000
107095  48.245  10.695  53.990 0.0000000000
108192  48.816  11.184  54.262 0.0000000000
108200  48.787  11.223  53.400 0.0000000000
108203  49.556  11.566  52.861 0.0000000000
111482  52.611  15.252  51.246 0.0000000000
112519  52.247  16.112  50.506 0.0000000000
113489  52.108  16.971  50.119 0.0000000000
113495  51.508  17.047  49.150 0.0000000000
113493  52.257  16.852  49.734 0.0000000000
114449  52.235  17.189  49.140 0.0000000000
112580  53.276  15.694  45.702 0.0000000000
120709  43.918  24.441  42.182 0.0000000000
120691  43.343  24.169  42.533 0.0000000000
121540  41.260  25.354  41.109 0.0000000000
146742  41.040  25.664  39.732 0.0000000000
120744  40.583  25.012  38.963 0.0000000000
120734  40.581  24.594  39.464 0.0000000000
118977  42.520  23.309  40.686 0.0000000000
117314  46.156  21.206  40.872 0.0000000000
118145  45.267  21.977  41.242 0.0000000000
117315  45.767  20.816  41.454 0.0000000000
116427  45.672  19.752  41.797 0.0000000000
115499  45.161  18.751  41.936 0.0000000000
115506  45.253  18.280  41.342 0.0000000000
113606  44.047  16.858  40.215 0.0000000000
113482  45.558  16.595  53.060 0.0000000000
114442  46.156  17.938  52.070 0.0000000000
114443  45.654  17.730  51.647 0.0000000000
114446  45.535  17.953  50.945 0.0000000000
115428  44.884  18.479  49.772 0.0000000000
115464  44.675  17.666  46.933 0.0000000000
115451  44.635  18.000  47.523 0.0000000000
115463  45.198  18.198  46.655 0.0000000000
116395  45.766  18.870  46.104 0.0000000000
117272  46.615  20.140  45.843 0.0000000000
117282  47.568  20.700  45.243 0.0000000000
117283  46.826  19.940  44.765 0.0000000000
117298  47.738  20.338  42.929 0.0000000000
109366  46.188  12.837  42.760 0.0000000000
109358  45.594  13.023  43.603 0.0000000000
110542  45.927  13.399  42.330 0.0000000000
110558  45.875  14.383  42.024 0.0000000000
111615  45.988  14.628  41.401 0.0000000000
113641  45.777  16.341  36.995 0.0000000000
113640  46.300  16.814  37.714 0.0000000000
114573  46.981  17.375  38.093 0.0000000000
114564  47.727  17.921  38.671 0.0000000000
115518  48.182  18.539  39.208 0.0000000000
116459  48.849  19.070  38.255 0.0000000000
116458  48.943  19.692  38.066 0.0000000000
117343  49.124  20.807  37.135 0.0000000000
116465  48.262  19.885  37.343 0.0000000000
117352  46.959  20.243  36.277 0.0000000000
113647  43.348  16.423  35.864 0.0000000000
114598  43.697  17.263  35.483 0.0000000000
113642  43.132  16.297  37.121 0.0000000000
113632  42.901  15.854  37.944 0.0000000000
112673  42.554  15.174  38.393 0.0000000000
111640  42.287  14.338  38.740 0.0000000000
118071  48.671  22.015  49.827 0.0000000000
117292  41.888  20.690  44.360 0.0000000000
116413  42.638  19.892  44.456 0.0000000000
111400  51.229  14.771  58.790 0.0000000000
110334  51.803  14.045  58.415 0.0000000000
109234  51.286  12.766  58.942 0.0000000000
109239  51.939  13.216  58.239 0.0000000000
110345  52.327  13.870  57.500 0.0000000000
110344  52.634  14.499  56.784 0.0000000000
110357  53.100  14.472  56.079 0.0000000000
110368  53.062  14.469  55.486 0.0000000000
108213  48.550  11.310  50.495 0.0000000000
109283  49.858  12.565  50.385 0.0000000000
109286  50.637  13.070  49.820 0.0000000000
110426  50.931  13.418  49.105 0.0000000000
111497  51.623  14.275  49.154 0.0000000000
119784  45.794  23.436  44.190 0.0000000000
120690  45.436  24.143  43.035 0.0000000000
120688  46.911  23.920  43.299 0.0000000000
120689  45.945  24.222  42.997 0.0000000000
120708  45.053  24.394  42.362 0.0000000000
120722  44.465  24.766  41.544 0.0000000000
121547  44.532  25.202  40.625 0.0000000000
121565  44.114  25.067  39.848 0.0000000000
119845  43.956  24.288  39.680 0.0000000000
119844  44.467  24.524  39.632 0.0000000000
118989  45.410  22.894  40.532 0.0000000000
116443  46.402  20.363  39.921 0.0000000000
112510  43.636  14.884  51.675 0.0000000000
113491  43.672  16.059  50.644 0.0000000000
114466  43.597  16.816  48.385 0.0000000000
111503  43.309  14.343  48.617 0.0000000000
113527  43.439  16.103  47.549 0.0000000000
113526  43.812  16.652  47.243 0.0000000000
114495  44.638  17.260  46.329 0.0000000000
114505  45.313  17.409  45.157 0.0000000000
114519  45.686  17.390  44.340 0.0000000000
110596  47.059  13.592  38.295 0.0000000000
110597  46.311  13.795  38.641 0.0000000000
111652  46.475  13.782  38.044 0.0000000000
111685  45.970  14.492  35.727 0.0000000000
112683  45.621  15.314  36.405 0.0000000000
113646  45.546  16.206  35.977 0.0000000000
114588  45.645  17.201  35.755 0.0000000000
114587  46.076  18.116  35.546 0.0000000000
114595  45.663  18.381  35.193 0.0000000000
114603  45.022  17.573  33.966 0.0000000000
113659  43.973  16.714  34.166 0.0000000000
112708  44.455  15.262  33.840 0.0000000000
112709  44.027  15.664  34.183 0.0000000000
112703  43.435  15.548  35.098 0.0000000000
111686  43.448  14.509  35.444 0.0000000000
111687  42.998  14.366  36.270 0.0000000000
109434  43.060  12.501  36.830 0.0000000000
107251  43.402  10.224  37.374 0.0000000000
107268  44.114  11.192  36.320 0.0000000000
107261  43.613  10.775  36.772 0.0000000000
106196  43.853  9.856  37.718 0.0000000000
106012  46.677  10.374  57.194 0.0000000000
107078  47.564  10.776  56.461 0.0000000000
106019  46.846  10.286  56.220 0.0000000000
106027  45.644  9.818  54.873 0.0000000000
106032  47.012  10.228  54.664 0.0000000000
107096  47.459  10.484  53.824 0.0000000000
107101  47.490  10.753  52.758 0.0000000000
107107  47.373  10.852  51.719 0.0000000000
119760  47.585  24.136  45.841 0.0000000000
120662  47.963  24.473  45.356 0.0000000000
120649  49.273  24.536  45.904 0.0000000000
120661  48.598  24.499  45.149 0.0000000000
120672  48.640  24.566  44.200 0.0000000000
120671  49.248  24.503  44.146 0.0000000000
120703  49.252  24.084  43.196 0.0000000000
118959  49.077  23.484  42.632 0.0000000000
111547  47.008  13.995  47.495 0.0000000000
110469  46.824  13.480  46.916 0.0000000000
110468  47.609  13.782  46.599 0.0000000000
110514  46.916  12.666  45.286 0.0000000000
110512  48.614  13.293  44.708 0.0000000000
109355  48.235  12.645  44.225 0.0000000000
109356  47.553  12.379  43.800 0.0000000000
110541  47.648  12.730  42.132 0.0000000000
110556  47.135  13.079  41.383 0.0000000000
110567  47.941  13.373  40.323 0.0000000000
111589  51.497  15.442  43.514 0.0000000000
111604  50.740  14.046  42.754 0.0000000000
110538  50.400  13.647  42.068 0.0000000000
111625  50.916  14.226  40.196 0.0000000000
110565  50.125  13.629  40.618 0.0000000000
110566  49.057  13.471  40.410 0.0000000000
110582  47.546  13.541  39.285 0.0000000000
110613  47.665  13.915  37.585 0.0000000000
111683  47.967  14.201  35.890 0.0000000000
111682  49.021  14.611  35.827 0.0000000000
111694  48.991  14.353  34.889 0.0000000000
110635  48.386  13.892  34.818 0.0000000000
110644  47.800  13.635  34.721 0.0000000000
109442  47.436  12.691  34.802 0.0000000000
108343  47.281  12.280  35.336 0.0000000000
108342  47.828  12.546  35.284 0.0000000000
108334  48.077  12.163  35.694 0.0000000000
113469  45.768  16.103  53.850 0.0000000000
113470  45.051  15.924  53.397 0.0000000000
112502  44.507  15.253  53.132 0.0000000000
111414  49.730  15.741  58.227 0.0000000000
110346  49.154  14.888  57.512 0.0000000000
110361  48.145  14.337  56.462 0.0000000000
111446  50.113  14.816  56.512 0.0000000000
110371  48.642  14.116  56.106 0.0000000000
110373  47.031  13.926  55.561 0.0000000000
110383  45.889  13.762  54.596 0.0000000000
111470  44.760  14.386  53.520 0.0000000000
111471  44.287  14.398  52.650 0.0000000000
110404  44.554  13.671  52.115 0.0000000000
110411  45.170  13.254  51.556 0.0000000000
110420  45.157  13.366  50.689 0.0000000000
110408  47.830  13.672  52.235 0.0000000000
110418  46.653  13.421  51.323 0.0000000000
110427  45.699  13.669  50.380 0.0000000000
111514  45.953  13.963  49.643 0.0000000000
111513  46.733  14.050  49.177 0.0000000000
111512  47.841  14.605  48.973 0.0000000000
108175  48.615  11.317  56.274 0.0000000000
108183  49.563  11.643  55.680 0.0000000000
108191  49.545  11.598  54.658 0.0000000000
108190  50.343  12.113  55.133 0.0000000000
109252  51.296  12.501  55.641 0.0000000000
109257  52.055  13.124  55.077 0.0000000000
110378  52.638  13.787  54.460 0.0000000000
108207  50.319  11.914  52.447 0.0000000000
109272  51.111  12.230  52.617 0.0000000000
110386  53.048  14.537  53.818 0.0000000000
111456  53.003  15.278  54.231 0.0000000000
112498  52.541  15.965  53.518 0.0000000000
112507  51.848  16.336  52.740 0.0000000000
112514  50.913  15.698  51.840 0.0000000000
112513  51.873  16.293  51.698 0.0000000000
111499  48.962  14.803  49.832 0.0000000000
111532  48.092  14.889  48.004 0.0000000000
112571  49.355  15.647  47.412 0.0000000000
113510  51.280  17.092  48.567 0.0000000000
113511  50.698  16.725  47.940 0.0000000000
112570  49.801  15.961  46.891 0.0000000000
113536  50.401  16.124  46.447 0.0000000000
113547  50.972  16.191  45.794 0.0000000000
113546  51.600  17.260  46.038 0.0000000000
112541  52.517  15.970  48.698 0.0000000000
113522  52.699  16.854  48.140 0.0000000000
113521  53.013  17.004  47.308 0.0000000000
114480  52.762  17.754  47.473 0.0000000000
114492  52.739  18.081  46.723 0.0000000000
114504  52.212  17.893  46.413 0.0000000000
104921  44.505  9.536  57.407 0.0000000000
104938  44.688  9.367  56.662 0.0000000000
103888  42.194  7.065  56.498 0.0000000000
104947  41.770  7.925  55.517 0.0000000000
121542  39.520  25.532  42.366 0.0000000000
121551  39.930  25.442  41.027 0.0000000000
119815  39.617  23.631  42.123 0.0000000000
118964  40.426  23.176  42.102 0.0000000000
118950  40.880  22.526  42.763 0.0000000000
118138  41.872  22.055  43.029 0.0000000000
118126  42.050  21.728  43.301 0.0000000000
117310  42.885  21.181  43.348 0.0000000000
116421  42.966  20.428  43.919 0.0000000000
119837  43.637  23.868  39.878 0.0000000000
118991  43.612  23.262  40.521 0.0000000000
118976  43.487  22.707  41.184 0.0000000000
118134  44.787  21.809  41.794 0.0000000000
118135  44.343  21.821  42.083 0.0000000000
116420  43.486  19.850  43.652 0.0000000000
115423  46.439  18.662  51.677 0.0000000000
118072  47.965  21.560  49.296 0.0000000000
113496  44.040  16.763  50.250 0.0000000000
116366  44.895  19.093  49.057 0.0000000000
115450  45.051  18.735  47.736 0.0000000000
116372  45.336  19.328  48.405 0.0000000000
116371  45.998  19.848  49.198 0.0000000000
118080  47.879  21.721  48.180 0.0000000000
118089  48.845  22.204  47.586 0.0000000000
118095  48.910  22.183  46.472 0.0000000000
118104  49.005  22.115  45.364 0.0000000000
118105  48.337  21.406  45.067 0.0000000000
118939  49.305  22.675  44.595 0.0000000000
118949  49.145  22.667  43.566 0.0000000000
118960  48.922  22.851  42.383 0.0000000000
110470  45.573  12.965  46.539 0.0000000000
110494  44.460  13.515  45.371 0.0000000000
110527  45.065  13.877  43.590 0.0000000000
110528  44.762  14.287  44.155 0.0000000000
111580  44.554  14.707  44.586 0.0000000000
112600  45.287  15.900  43.967 0.0000000000
113573  45.629  16.525  43.814 0.0000000000
114532  45.995  17.133  43.618 0.0000000000
110570  45.626  14.416  39.925 0.0000000000
111626  45.751  14.808  40.540 0.0000000000
112639  46.262  15.488  41.244 0.0000000000
113617  46.450  16.352  39.620 0.0000000000
113605  46.582  16.334  40.748 0.0000000000
113593  46.996  16.255  41.762 0.0000000000
113583  46.635  16.487  42.559 0.0000000000
114542  47.046  17.312  42.282 0.0000000000
115489  46.862  18.838  43.007 0.0000000000
116426  47.859  19.598  42.015 0.0000000000
116433  48.383  20.157  41.180 0.0000000000
116425  48.226  20.265  41.760 0.0000000000
117305  48.607  20.856  41.652 0.0000000000
118143  49.229  21.545  41.071 0.0000000000
118972  49.333  22.875  40.643 0.0000000000
118985  49.187  22.709  39.953 0.0000000000
118999  48.826  22.555  39.300 0.0000000000
119006  48.531  22.220  38.695 0.0000000000
118177  48.518  21.483  37.240 0.0000000000
118171  48.189  21.780  38.064 0.0000000000
117328  47.475  21.374  38.548 0.0000000000
116452  46.225  20.022  38.844 0.0000000000
116453  45.688  19.197  39.112 0.0000000000
116482  45.802  19.111  35.252 0.0000000000
116475  45.497  19.482  35.938 0.0000000000
116476  44.909  19.116  36.204 0.0000000000
114589  44.231  17.792  36.106 0.0000000000
115535  44.515  18.537  36.658 0.0000000000
116468  45.291  19.425  36.982 0.0000000000
115526  44.868  18.834  37.838 0.0000000000
115519  45.012  18.599  38.867 0.0000000000
114566  44.976  18.201  39.512 0.0000000000
113619  43.629  16.965  39.562 0.0000000000
113607  43.275  16.532  40.058 0.0000000000
113608  42.645  16.073  39.747 0.0000000000
107257  46.693  11.481  36.117 0.0000000000
107248  46.434  10.828  37.045 0.0000000000
102819  41.589  6.192  56.742 0.0000000000
104940  43.548  8.408  56.046 0.0000000000
104944  44.189  9.229  55.762 0.0000000000
106025  46.960  10.188  55.372 0.0000000000
106186  42.315  9.473  38.553 0.0000000000
107077  48.075  11.061  56.159 0.0000000000
107247  46.761  11.330  36.488 0.0000000000
108168  47.915  11.289  57.044 0.0000000000
108176  48.030  11.129  56.438 0.0000000000
108336  46.616  11.598  35.834 0.0000000000
108345  45.457  11.648  35.020 0.0000000000
109227  51.483  13.671  59.542 0.0000000000
109309  45.598  12.639  46.022 0.0000000000
109310  45.168  12.595  46.033 0.0000000000
109327  44.904  12.749  45.397 0.0000000000
109342  48.271  12.772  44.543 0.0000000000
109343  47.844  12.575  44.608 0.0000000000
109344  46.715  12.552  44.867 0.0000000000
109365  47.078  12.543  42.899 0.0000000000
109367  45.556  13.370  42.911 0.0000000000
109376  46.858  12.731  42.182 0.0000000000
109439  50.155  13.859  34.371 0.0000000000
109450  50.013  14.128  34.120 0.0000000000
109454  46.627  12.585  34.070 0.0000000000
109455  45.745  12.533  33.761 0.0000000000
109456  44.931  12.616  33.858 0.0000000000
109457  44.350  12.714  34.577 0.0000000000
109465  45.353  13.001  33.427 0.0000000000
110347  48.620  14.880  57.352 0.0000000000
110360  48.630  14.513  56.885 0.0000000000
110369  52.860  13.840  55.567 0.0000000000
110370  49.326  14.401  56.264 0.0000000000
110372  47.847  14.040  55.951 0.0000000000
110374  46.333  14.000  55.273 0.0000000000
110379  49.172  14.150  55.678 0.0000000000
110382  46.774  13.527  54.765 0.0000000000
110388  49.227  14.171  53.795 0.0000000000
110392  45.379  13.552  53.614 0.0000000000
110399  48.953  13.984  53.484 0.0000000000
110400  48.303  13.642  53.198 0.0000000000
110403  45.261  13.268  52.526 0.0000000000
110409  46.858  13.338  52.133 0.0000000000
110412  44.393  13.566  51.181 0.0000000000
110419  45.937  13.384  50.953 0.0000000000
110422  43.900  13.748  49.990 0.0000000000
110428  45.328  13.685  49.902 0.0000000000
110437  43.870  13.702  48.036 0.0000000000
110450  46.425  13.877  47.894 0.0000000000
110471  44.427  13.359  46.303 0.0000000000
110472  43.900  13.858  46.684 0.0000000000
110490  48.547  13.819  45.500 0.0000000000
110491  47.834  13.499  45.930 0.0000000000
110492  46.605  12.788  45.761 0.0000000000
110515  45.171  13.327  44.231 0.0000000000
110516  44.672  13.869  44.573 0.0000000000
110553  50.140  13.445  41.594 0.0000000000
110584  45.879  14.023  39.313 0.0000000000
110634  50.372  14.211  34.866 0.0000000000
110636  47.820  13.811  34.873 0.0000000000
110642  49.780  14.283  34.193 0.0000000000
110652  46.474  13.805  33.586 0.0000000000
111427  51.992  15.442  56.466 0.0000000000
111430  48.289  14.883  57.216 0.0000000000
111443  52.995  15.070  55.328 0.0000000000
111447  47.224  14.363  56.077 0.0000000000
111457  51.539  15.549  55.022 0.0000000000
111460  49.244  14.153  55.311 0.0000000000
111467  50.456  15.058  53.874 0.0000000000
111479  43.872  14.284  51.686 0.0000000000
111480  43.612  14.690  51.372 0.0000000000
111486  43.900  13.915  51.108 0.0000000000
111493  46.542  13.584  50.801 0.0000000000
111498  49.723  15.237  50.300 0.0000000000
111501  46.398  13.894  50.240 0.0000000000
111502  45.804  13.893  50.060 0.0000000000
111531  48.906  15.462  48.003 0.0000000000
111549  43.790  14.290  46.278 0.0000000000
111563  44.192  14.427  45.416 0.0000000000
111579  48.901  14.048  45.269 0.0000000000
111593  44.881  14.739  43.914 0.0000000000
111603  51.535  15.023  42.951 0.0000000000
111616  46.006  14.855  42.082 0.0000000000
111627  45.449  14.890  39.947 0.0000000000
111637  49.853  14.332  38.825 0.0000000000
111639  45.526  14.625  39.323 0.0000000000
111647  51.126  14.855  38.806 0.0000000000
111648  50.664  14.846  38.350 0.0000000000
111651  48.549  14.320  37.434 0.0000000000
111697  45.931  14.519  34.897 0.0000000000
111703  50.130  14.620  34.650 0.0000000000
111705  49.530  14.335  34.404 0.0000000000
111709  44.654  15.056  33.695 0.0000000000
111710  44.511  14.617  33.765 0.0000000000
111719  44.883  14.202  33.415 0.0000000000
112454  52.470  15.501  56.061 0.0000000000
112455  52.188  15.635  55.805 0.0000000000
112469  52.012  15.737  55.202 0.0000000000
112470  46.528  15.722  55.988 0.0000000000
112508  51.187  15.741  52.906 0.0000000000
112516  43.866  15.731  51.659 0.0000000000
112517  43.600  15.297  51.257 0.0000000000
112526  51.883  16.997  50.062 0.0000000000
112542  51.171  16.787  48.993 0.0000000000
112545  43.034  15.154  48.095 0.0000000000
112560  50.002  16.248  47.673 0.0000000000
112572  44.153  15.710  45.885 0.0000000000
112585  44.018  15.127  45.714 0.0000000000
112597  51.277  15.928  44.793 0.0000000000
112598  50.606  15.518  45.087 0.0000000000
112599  50.068  15.131  45.510 0.0000000000
112601  44.818  15.527  44.403 0.0000000000
112626  46.553  15.695  42.158 0.0000000000
112661  45.881  15.874  39.423 0.0000000000
112682  51.247  15.323  37.903 0.0000000000
112697  42.822  14.978  36.800 0.0000000000
112714  44.571  15.675  33.796 0.0000000000
112715  44.078  16.121  33.994 0.0000000000
113481  46.154  16.839  53.426 0.0000000000
113483  44.676  16.196  52.639 0.0000000000
113486  43.871  16.022  51.304 0.0000000000
113494  51.907  17.200  49.553 0.0000000000
113512  43.134  16.088  48.648 0.0000000000
113533  53.443  17.096  46.653 0.0000000000
113538  43.563  15.687  46.857 0.0000000000
113548  50.410  15.775  46.037 0.0000000000
113549  44.978  16.880  45.249 0.0000000000
113562  44.693  15.988  44.940 0.0000000000
113618  45.903  16.140  38.979 0.0000000000
113643  42.933  15.742  37.416 0.0000000000
113658  44.296  16.904  33.953 0.0000000000
113663  44.824  16.443  33.768 0.0000000000
113665  44.035  16.497  34.003 0.0000000000
114434  44.708  16.671  52.127 0.0000000000
114450  52.136  17.239  49.350 0.0000000000
114464  51.679  17.392  48.718 0.0000000000
114481  52.040  17.813  48.032 0.0000000000
114483  44.192  17.218  47.188 0.0000000000
114484  43.807  16.878  47.690 0.0000000000
114493  52.284  17.757  47.211 0.0000000000
114506  44.920  17.143  45.621 0.0000000000
114531  46.507  17.371  43.090 0.0000000000
114548  47.617  17.740  40.811 0.0000000000
114551  44.840  17.744  41.447 0.0000000000
114567  44.277  17.635  39.289 0.0000000000
114605  43.880  17.284  34.666 0.0000000000
114611  44.679  17.036  33.861 0.0000000000
115419  46.217  18.195  51.748 0.0000000000
115425  45.362  18.246  50.576 0.0000000000
115427  45.513  18.780  50.377 0.0000000000
115433  44.989  18.906  48.221 0.0000000000
115448  53.033  17.977  47.010 0.0000000000
115472  45.879  18.660  45.078 0.0000000000
115473  45.643  18.351  45.461 0.0000000000
115496  47.119  18.507  42.443 0.0000000000
115498  45.501  19.088  41.578 0.0000000000
115512  45.498  18.648  39.743 0.0000000000
115524  48.866  19.050  37.972 0.0000000000
115525  48.521  18.596  38.084 0.0000000000
115533  47.160  18.622  36.746 0.0000000000
115534  44.669  18.934  37.162 0.0000000000
115549  46.044  18.843  35.324 0.0000000000
115550  45.415  18.611  35.029 0.0000000000
115558  44.882  18.102  34.143 0.0000000000
116373  44.939  19.022  48.661 0.0000000000
116384  46.025  19.656  46.945 0.0000000000
116410  46.970  19.719  43.864 0.0000000000
116419  46.769  19.059  43.563 0.0000000000
116451  48.727  19.176  38.726 0.0000000000
116466  47.663  19.776  36.676 0.0000000000
116469  44.781  19.077  36.744 0.0000000000
116483  45.498  19.121  35.273 0.0000000000
116484  45.058  19.080  35.471 0.0000000000
117248  45.859  19.800  47.604 0.0000000000
117291  46.895  19.849  44.171 0.0000000000
117299  43.072  20.729  43.583 0.0000000000
117326  49.614  21.219  38.574 0.0000000000
117327  49.662  20.691  39.069 0.0000000000
117334  49.479  21.213  37.794 0.0000000000
117342  49.399  21.331  37.316 0.0000000000
117351  47.381  20.148  36.458 0.0000000000
118144  45.924  21.832  40.891 0.0000000000
118147  43.884  22.255  41.756 0.0000000000
118152  49.316  21.945  39.664 0.0000000000
118162  49.521  21.797  38.917 0.0000000000
118169  49.335  21.743  38.112 0.0000000000
118176  49.241  21.714  37.215 0.0000000000
118928  49.522  23.469  45.113 0.0000000000
118973  49.256  22.458  41.306 0.0000000000
118975  44.295  22.722  40.978 0.0000000000
118992  43.122  23.244  40.601 0.0000000000
119004  49.342  22.042  38.668 0.0000000000
119005  49.103  22.308  38.550 0.0000000000
119759  48.056  24.468  46.062 0.0000000000
119782  47.318  23.949  44.319 0.0000000000
119794  49.385  23.902  43.460 0.0000000000
119796  45.866  23.877  43.480 0.0000000000
119797  44.936  23.864  43.225 0.0000000000
119809  49.176  23.839  42.888 0.0000000000
119812  44.548  24.173  42.616 0.0000000000
119827  39.765  24.188  41.405 0.0000000000
119828  39.432  24.055  41.759 0.0000000000
119831  49.219  23.106  40.322 0.0000000000
119832  48.858  23.228  40.391 0.0000000000
119843  45.007  24.732  39.486 0.0000000000
120651  48.031  24.492  45.851 0.0000000000
120685  49.259  24.238  43.512 0.0000000000
120686  48.761  24.347  43.395 0.0000000000
120733  42.942  24.096  39.743 0.0000000000
120735  40.208  25.092  39.459 0.0000000000
120742  44.534  24.959  39.565 0.0000000000
121548  44.336  25.093  40.955 0.0000000000
121556  45.361  25.374  40.006 0.0000000000
121557  44.956  25.407  40.297 0.0000000000
121563  45.425  25.244  39.823 0.0000000000
121566  40.776  25.372  39.183 0.0000000000
146738  42.731  23.963  39.764 0.0000000000
